2
2
3
3
3
4
4
4
4
4
4
4
4
4
4
4
4
4
4
4
4
4
4
4
4
4
4
4
4
4
4
4
4
4
4
4
5
5
5
5
5
5
5
5
5
5
5
5
5
5
5
5
5
5
5
5
5
5
5
5
5
5
5
5
5
5
5
5
5
5
5
5
5
5
5
5
5
5
5
5
5
5
5
5
5
5
5
5
8
8
8
8
8
8
8
8
8
8
8
8
8
8
8
8
8
8
8
8
8
8
8
8
8
8
8
8
8
8
8
8
8
8
8
8
8
8
8
8
8
8
8
10
10
10
10
10
10
10
10
10
10
10
10
10
10
10
10
11
11
11
11
11
11
11
11
11
11
11
11
11
11
11
11
11
11
11
11
11
11
11
11
11
11
11
11
11
11
11
11
11
11
11
11
11
12
12
12
12
12
12
12
12
12
12
12
12
12
12
12
12
12
12
12
12
13
13
13
13
13
13
14
14
16
16
16
16
16
16
16
16
16
16
16
16
16
16
16
16
16
16
16
16
16
16
16
16
16
16
16
16
16
16
16
16
16
16
16
16
16
16
16
16
16
16
16
16
16
16
16
16
16
16
16
16
16
16
16
16
16
16
16
18
18
18
18
18
18
18
18
18
18
18
18
18
19
19
19
19
19
19
19
19
21
21
26
26
26
26
26
26
26
26
26
26
26
26
26
26
27
27
27
27
27
27
27
27
27
27
27
27
27
27
27
27
27
27
27
27
29
29
29
29
29
29
29
29
29
29
29
29
29
29
29
29
29
29
29
29
29
29
29
29
29
29
29
29
29
29
29
29
29
33
33
33
33
33
33
33
33
33
33
33
42
42
42
42
51
51
51
53
53
53
53
53
54
54
54
54
54
54
56
56
56
56
56
56
56
56
56
56
56
56
56
56
57
57
59
59
59
59
61
61
61
61
61
67
67
67
67
67
67
67
67
67
67
67
67
67
67
68
68
68
69
69
69
71
71
71
97
97
97
111
111
111
111
111
111
111
111
111
111
111
111
111
111
111
111
111
111
111
111
111
111
111
111
111
111
111
113
113
113
113
113
113
115
117
117
152
152
152
152
159
159
159
159
159
159
160
160
160
160
160
161
161
161
161
164
164
165
165
165
165
165
166
169
169
169
169
169
169
169
178
178
178
181
181
181
181
181
181
181
181
181
181
181
181
181
182
182
182
182
186
186
186
186
187
187
199
200
200
200
200
200
202
248
251
251
251
251
251
251
251
251
254
254
254
254
254
261
261
265
265
268
268
268
277
277
291
291
291
291
291
291
292
292
292
292
292
292
294
294
294
295
295
296
296
307
307
366
366
366
366
366
381
381
381
381
381
383
388
388
392
392
400
400
400
412
414
490
490
491
492
492
503
510
513
513
515
575
576
576
581
581
582
582
583
583
640
650
650
700
700
700
700
710
1086
1094
2085
2479
2482
2493
2494
2519
2523
2535
2538
2608
2653
3348
3646
3654
4624
4644
4693
4743
4764
4768
4852
4927
4961
4972
4988
4993
5008
5182
5347
5353
5446
5499
5526
6052
6999
7115
7323
7509
7565
7855
7941
8197
8314
8384
8465
8623
8672
8915
9017
9045
9071
9107
9135
9238
9663
9725
9793
9915
10053
10073
10240
10526
10894
11096
11212
11464
11664
11742
11796
11975
12014
12144
12572
12715
13104
13222
13368
13492
13610
13758
13860
14107
14300
14377
14501
14609
14738
14824
14946
15004
15106
15230
15395
15511
15587
15664
15792
15846
15888
16065
16258
16670
16763
16797
16957
17082
17375
17454
17495
17680
17752
17830
17921
17958
18081
18166
18313
18405
18701
18785
18913
19019
19137
19331
19485
19800
19878
19973
20088
20200
20329
20402
20488
20620
20776
20852
20967
21044
21205
21269
21402
21453
21539
21624
21717
21872
21976
22077
22182
22247
22313
22437
22522
22598
22760
22895
23018
23136
23211
23302
23426
23541
23594
23664
23796
23923
24015
24139
24207
24317
24391
24576
24638
24708
24985
25119
25418
25589
25712
25775
25876
25927
25979
26027
26137
26215
26312
26387
26485
26612
26765
26958
27035
27173
27282
27377
27501
27596
27704
27792
27881
27942
28065
28109
28145
28248
28318
28386
28441
28507
28588
28637
28738
28831
28878
28988
29108
29200
29335
29391
29495
29587
29654
29716
29846
29896
29956
30063
30155
30212
30268
30489
30562
30618
30673
30759
30850
30905
30981
31081
31192
31265
31323
31427
31471
31595
31681
31730
31788
31857
31958
32029
32092
32170
32287
32384
32461
32531
32563
32636
32686
32761
32847
32908
32950
33002
33120
33186
33245
33358
33421
33519
33598
33677
33734
33794
33846
33922
33987
34060
34113
34186
34233
34287
34412
34459
34524
34584
34651
34724
34792
34839
34895
35024
35071
35145
35195
35245
35302
35362
35434
35499
35588
35626
35731
35794
35846
35909
35978
36066
36119
36223
36268
36319
36352
36412
36504
36572
36646
36688
36773
36835
36907
36962
37036
37082
37136
37200
37249
37308
37367
37440
37511
37610
37678
37735
37816
37913
37945
37981
38034
38076
38138
38196
38258
38301
38370
38408
38473
38531
38614
38654
38687
38726
38790
38867
38977
39016
39065
39118
39171
39265
39332
39375
39468
39532
39594
39650
39707
39750
39826
39881
39965
40007
40047
40112
40166
40230
40297
40341
40410
40447
40509
40559
40615
40648
40692
40719
40790
40841
40884
40929
40975
41032
41083
41146
41210
41259
41298
41344
41396
41433
41498
41575
41617
41664
41721
41761
41803
41838
41869
41909
41953
42011
42029
42111
42134
42164
42232
42272
42317
42386
42444
42486
42550
42577
42613
42656
42688
42728
42756
42818
42863
42914
42961
43031
43067
43145
43203
43263
43309
43355
43414
43463
43523
43569
43597
43651
43684
43734
43772
43813
43860
43892
43935
43987
44039
44078
44121
44146
44181
44234
44258
44300
44339
44382
44428
44463
44498
44530
44579
44635
44673
44731
44761
44796
44839
44904
44933
44980
45029
45062
45093
45121
45156
45182
45213
45253
45292
45334
45377
45414
45446
45483
45524
45565
45598
45631
45674
45704
45751
45790
45850
45885
45920
45959
46007
46036
46071
46114
46156
46192
46289
46335
46373
46407
46431
46456
46504
46543
46591
46620
46652
46679
46714
46746
46785
46823
46868
46898
46950
46981
47011
47048
47095
47135
47171
47197
47230
47269
47304
47340
47365
47406
47461
47483
47517
47554
47581
47630
47655
47707
47764
47785
47831
47882
47906
47938
47981
48009
48043
48075
48109
48154
48189
48226
48249
48274
48308
48332
48356
48402
48425
48445
48465
48486
48511
48543
48582
48622
48647
48673
48716
48757
48795
48824
48845
48884
48912
48932
48978
49024
49068
49095
49128
49165
49185
49222
49250
49295
49338
49358
49387
49404
49447
49479
49506
49536
49562
49584
49608
49629
49658
49688
49723
49766
49791
49819
49849
49875
49897
49928
49956
49973
50019
50050
50077
50095
50124
50173
50194
50215
50240
50255
50296
50334
50370
50398
50441
50457
50480
50499
50524
50557
50601
50625
50654
50680
50710
50738
50772
50800
50835
50870
50890
50910
50941
50976
50999
51028
51050
51068
51093
51117
51138
51168
51186
51205
51234
51268
51292
51314
51328
51347
51376
51394
51421
51434
51466
51484
51513
51545
51581
51594
51623
51644
51682
51701
51729
51752
51768
51792
51817
51852
51885
