51801
51773
51743
51711
51682
51654
51625
51595
51570
51540
51515
51484
51447
51435
51404
51372
51341
51307
51281
51244
51193
51156
51129
51097
51058
51032
51000
50978
50948
50917
50893
50865
50835
50802
50775
50750
50728
50691
50671
50636
50602
50574
50550
50518
50483
50442
50403
50384
50350
50320
50288
50256
50211
50183
50139
50112
50077
50052
50017
49980
49945
49905
49859
49822
49789
49760
49737
49700
49656
49623
49589
49560
49528
49492
49468
49431
49396
49371
49338
49310
49258
49228
49182
49155
49115
49070
49041
49006
48976
48946
48895
48859
48814
48791
48765
48737
48706
48668
48639
48605
48576
48543
48516
48489
48453
48404
48379
48351
48322
48288
48256
48215
48184
48153
48126
48092
48063
48037
48003
47973
47941
47915
47875
47849
47812
47791
47766
47741
47710
47679
47643
47601
47564
47534
47503
47469
47440
47405
47381
47347
47320
47293
47260
47227
47194
47160
47132
47109
47080
47048
47021
46987
46940
46905
46858
46821
46786
46747
46712
46683
46648
46605
46572
46530
46504
46483
46456
46430
46389
46349
46322
46296
46269
46227
46180
46152
46120
46093
46059
46026
45997
45951
45910
45865
45832
45809
45760
45725
45679
45627
45597
45570
45537
45502
45466
45432
45400
45372
45334
45303
45270
45240
45204
45156
45117
45085
45031
44992
44960
44925
44901
44870
44822
44786
44741
44703
44661
44617
44583
44532
44502
44473
44451
44416
44386
44359
44317
44287
44255
44203
44167
44130
44086
44059
44031
43989
43953
43905
43862
43830
43775
43752
43711
43668
43630
43602
43572
43538
43511
43468
43432
43398
43351
43301
43251
43217
43182
43140
43103
43055
43017
42985
42950
42913
42873
42848
42816
42764
42741
42697
42650
42599
42558
42525
42482
42453
42411
42344
42295
42242
42210
42166
42136
42080
42052
42018
41955
41918
41874
41823
41795
41762
41725
41687
41645
41602
41562
41527
41499
41445
41408
41367
41316
41291
41245
41185
41129
41095
41054
41015
40967
40934
40890
40845
40800
40764
40734
40698
40641
40602
40564
40530
40492
40441
40405
40370
40321
40279
40240
40206
40160
40127
40093
40051
40022
39988
39949
39912
39859
39828
39799
39754
39720
39665
39636
39607
39571
39540
39504
39473
39433
39376
39310
39273
39225
39165
39121
39072
39039
39003
38963
38929
38872
38821
38771
38736
38690
38641
38573
38523
38498
38460
38406
38363
38334
38290
38261
38221
38177
38117
38078
38039
37985
37934
37898
37875
37826
37782
37754
37710
37679
37642
37603
37569
37519
37468
37417
37366
37337
37298
37260
37184
37124
37081
37051
36990
36936
36880
36847
36818
36779
36749
36708
36648
36603
36565
36530
36498
36451
36393
36353
36314
36273
36233
36172
36135
36055
36010
35976
35942
35903
35851
35805
35761
35715
35655
35595
35562
35521
35481
35406
35356
35297
35258
35227
35191
35136
35100
35060
35009
34956
34910
34859
34803
34768
34741
34711
34655
34603
34556
34522
34451
34387
34351
34278
34198
34154
34100
34041
33999
33958
33890
33825
33768
33724
33668
33596
33562
33513
33450
33393
33330
33265
33183
33124
33076
32999
32955
32912
32841
32735
32697
32663
32574
32527
32463
32420
32359
32306
32254
32198
32141
32101
32066
31986
31946
31916
31868
31801
31743
31672
31621
31572
31532
31484
31426
31386
31318
31260
31192
31156
31066
30983
30925
30879
30840
30799
30697
30648
30600
30533
30459
30409
30351
30306
30278
30227
30163
30128
30084
30050
30012
29959
29887
29822
29750
29713
29668
29607
29552
29515
29435
29392
29343
29300
29251
29208
29156
29118
29054
29000
28933
28856
28793
28753
28685
28608
28550
28497
28444
28406
28359
28299
28233
28189
28130
28071
28025
27973
27934
27893
27818
27779
27728
27650
27565
27513
27415
27324
27264
27213
27150
27071
27004
26955
26887
26804
26755
26692
26633
26589
26533
26478
26432
26341
26305
26262
26195
26152
26085
26054
26004
25974
25923
25876
25819
25770
25714
25668
25602
25557
25520
25473
25412
25345
25281
25207
25145
25104
25043
24980
24917
24865
24819
24782
24697
24606
24566
24498
24455
24400
24337
24306
24222
24178
24142
24058
24000
23939
23805
23740
23701
23603
23559
23497
23425
23359
23324
23280
23215
23139
23073
23016
22920
22858
22811
22689
22619
22516
22472
22402
22319
22253
22208
22139
22099
22062
22006
21947
21905
21840
21793
21734
21601
21543
21475
21397
21339
21272
21204
21140
21100
21034
20922
20878
20828
20736
20702
20657
20596
20525
20459
20389
20314
20236
20129
20053
20010
19889
19772
19720
19657
19574
19489
19453
19419
19365
19326
19293
19234
19130
19045
18957
18871
18816
18789
18693
18626
18550
18389
18345
18281
18238
18188
18141
18094
18042
17971
17940
17853
17810
17731
17662
17614
17533
17496
17444
17358
17294
17239
17154
17014
16957
16779
16724
16665
16593
16549
16424
16382
16249
16206
16173
16081
16038
15846
15670
15580
15512
15474
15420
15381
15266
15166
15059
14932
14900
14848
14797
14737
14685
14633
14450
14429
14278
14243
14091
14011
13981
13896
13751
13723
13628
13584
13541
13505
13452
13342
13287
13251
13196
13089
13051
12989
12923
12869
12742
12690
12635
12496
12440
12394
12207
12103
12074
11943
11837
11764
11725
11441
11349
11295
11237
11181
11118
11068
10990
10955
10927
10865
10795
10762
10694
10534
10483
10439
10376
10335
10262
10093
10069
9956
9830
9794
9762
9646
9547
9358
9273
9220
9127
9073
8929
8876
8839
8785
8763
8742
8635
8487
8374
8213
8010
7983
7914
7892
7836
7747
7602
7517
7380
7144
7121
7079
7027
7019
6734
6639
6548
6532
6486
6279
6223
6146
6135
6051
5943
5745
5470
5384
5295
5251
5245
4624
4613
4559
4516
4450
4437
3904
3797
3740
3720
3695
3375
3290
3280
3144
3141
3137
3113
3069
2887
2719
2707
2617
2598
2590
2444
1421
1421
1418
1413
1411
1389
1384
1383
1082
996
994
993
978
976
975
967
961
680
603
603
602
524
524
518
417
410
407
406
406
406
405
337
332
332
332
332
328
328
322
322
322
321
307
307
307
241
241
240
240
240
240
240
240
239
239
235
235
235
235
235
235
226
225
225
225
225
225
204
184
184
184
184
184
184
184
184
184
184
183
183
183
183
183
182
182
182
182
167
167
167
167
167
167
165
165
165
164
162
162
162
162
162
162
162
161
161
161
161
159
159
159
159
159
159
148
147
147
147
109
109
109
109
109
109
109
109
109
109
109
109
109
109
109
109
109
109
107
107
107
107
107
107
107
107
107
106
106
106
106
106
106
102
102
102
102
102
102
102
102
102
101
101
101
101
101
100
91
91
91
91
91
91
91
91
91
91
91
91
91
91
91
73
73
73
64
64
64
64
64
64
64
45
45
45
45
44
44
44
43
43
43
43
43
43
43
43
43
43
43
42
42
42
42
42
42
42
41
40
40
40
40
40
40
40
40
40
40
40
40
35
34
34
34
34
34
33
33
33
33
33
33
30
30
30
30
30
30
30
29
29
29
29
29
29
29
29
29
29
29
29
29
29
29
29
28
28
28
28
28
27
27
27
27
27
23
19
19
19
19
19
19
19
18
18
18
18
18
16
16
16
16
16
16
16
16
16
16
16
16
16
16
16
16
16
16
15
15
15
15
15
15
15
15
15
15
15
15
15
15
14
14
14
14
14
14
14
14
14
14
14
14
14
14
14
14
14
14
13
12
12
12
12
12
11
11
11
11
11
11
11
11
11
11
11
10
9
9
9
9
9
9
9
9
9
9
9
9
9
9
9
9
9
9
9
9
9
9
9
9
9
9
8
8
7
7
7
7
7
7
7
7
7
7
7
7
6
6
6
6
6
6
6
6
6
6
6
6
4
4
3
3
3
3
