51684
51654
51623
51597
51566
51526
51497
51457
51432
51400
51353
51330
51315
51288
51251
51225
51204
51183
51157
51128
51101
51065
51036
51002
50972
50942
50914
50880
50832
50800
50774
50730
50696
50675
50649
50622
50590
50570
50536
50518
50487
50447
50418
50398
50380
50353
50322
50294
50265
50243
50208
50183
50141
50112
50090
50058
50024
49998
49970
49951
49912
49858
49828
49800
49779
49740
49709
49682
49642
49614
49576
49541
49502
49464
49433
49409
49354
49330
49305
49280
49250
49216
49178
49148
49104
49079
49052
49021
48988
48967
48943
48913
48888
48857
48823
48800
48772
48739
48710
48680
48659
48639
48613
48586
48559
48533
48505
48471
48448
48416
48391
48370
48343
48312
48284
48252
48227
48201
48157
48135
48099
48077
48042
48018
47986
47940
47911
47879
47840
47798
47763
47738
47696
47666
47633
47591
47550
47520
47486
47439
47406
47356
47315
47272
47233
47187
47155
47117
47085
47048
47024
46994
46962
46922
46899
46861
46825
46784
46749
46724
46697
46653
46632
46600
46560
46527
46490
46463
46421
46377
46339
46302
46270
46241
46202
46170
46136
46094
46054
46018
45987
45955
45925
45894
45856
45809
45776
45718
45684
45664
45636
45594
45542
45479
45448
45385
45354
45320
45273
45209
45171
45143
45103
45063
45027
44975
44936
44899
44843
44799
44748
44724
44689
44661
44627
44598
44560
44532
44490
44455
44415
44370
44348
44311
44272
44232
44186
44147
44074
44044
43999
43979
43954
43902
43862
43812
43777
43736
43691
43665
43622
43589
43553
43518
43492
43468
43427
43395
43353
43326
43283
43243
43213
43163
43110
43073
43047
43015
42984
42950
42910
42873
42843
42813
42772
42718
42695
42665
42630
42591
42567
42534
42497
42469
42428
42372
42325
42293
42249
42221
42161
42127
42073
42032
41978
41944
41892
41854
41829
41783
41728
41682
41641
41606
41564
41525
41489
41441
41407
41375
41344
41304
41268
41238
41191
41167
41148
41125
41095
41044
40995
40960
40922
40866
40834
40803
40757
40714
40678
40652
40614
40560
40524
40479
40430
40403
40369
40322
40291
40229
40191
40150
40112
40077
40033
39999
39959
39930
39871
39798
39756
39719
39698
39645
39604
39561
39527
39469
39439
39405
39347
39318
39272
39212
39179
39136
39077
39036
38994
38911
38881
38822
38777
38736
38706
38659
38617
38591
38540
38481
38433
38394
38356
38297
38259
38210
38166
38123
38084
38031
37986
37941
37882
37840
37804
37763
37720
37665
37623
37583
37508
37471
37428
37392
37335
37289
37238
37205
37159
37114
37076
37035
36985
36950
36912
36854
36804
36757
36724
36683
36633
36583
36540
36497
36445
36388
36340
36252
36200
36160
36116
36079
36042
36007
35961
35932
35877
35847
35805
35755
35701
35665
35621
35589
35548
35503
35453
35416
35324
35270
35235
35196
35146
35100
35067
35011
34955
34916
34867
34832
34800
34727
34695
34656
34595
34532
34454
34375
34316
34287
34253
34206
34145
34112
34075
34020
33965
33924
33862
33823
33772
33713
33642
33593
33538
33503
33439
33397
33325
33270
33200
33159
33119
33066
32997
32962
32941
32905
32841
32801
32747
32697
32645
32593
32548
32477
32401
32359
32320
32263
32211
32167
32131
32075
32027
31980
31932
31894
31788
31731
31654
31617
31564
31538
31483
31438
31397
31331
31281
31223
31169
31120
31068
30994
30936
30894
30861
30804
30749
30695
30637
30600
30533
30479
30431
30392
30332
30283
30215
30171
30137
30095
30032
29968
29872
29810
29709
29595
29543
29486
29435
29365
29304
29278
29230
29156
29122
29045
28997
28920
28868
28838
28792
28744
28666
28594
28553
28487
28443
28386
28337
28297
28245
28187
28135
28090
28010
27958
27881
27819
27725
27662
27591
27527
27463
27388
27332
27271
27205
27134
27034
26987
26927
26874
26805
26742
26700
26633
26590
26552
26503
26419
26381
26334
26295
26247
26178
26122
26058
25986
25957
25901
25850
25777
25731
25688
25635
25599
25550
25515
25473
25431
25392
25346
25295
25220
25155
25098
25058
24999
24937
24894
24846
24789
24746
24693
24652
24617
24551
24497
24437
24394
24338
24246
24199
24114
24044
23962
23904
23825
23755
23678
23600
23560
23452
23386
23279
23227
23189
23079
23033
22974
22891
22824
22788
22727
22682
22654
22561
22522
22389
22301
22185
22045
21937
21895
21781
21713
21650
21630
21527
21477
21430
21362
21308
21262
21232
21194
21133
21083
20992
20955
20895
20833
20726
20685
20642
20559
20462
20297
20235
20194
20094
20018
19944
19861
19769
19687
19634
19499
19446
19339
19301
19248
19198
19120
19086
19034
18939
18871
18731
18686
18556
18510
18463
18417
18345
18244
18174
18139
18037
17958
17903
17790
17695
17622
17539
17506
17460
17423
17343
17289
17182
17122
17087
17032
16913
16802
16738
16650
16626
16482
16386
16224
16198
16087
15987
15800
15726
15505
15451
15328
15296
15227
15126
15028
14987
14862
14762
14705
14622
14415
14321
14283
14222
14147
14073
14028
13933
13802
13699
13506
13464
13407
13383
13334
13287
13200
13057
13008
12958
12920
12871
12685
12603
12559
12488
12323
12134
12081
12052
11980
11953
11846
11798
11752
11730
11687
11544
11489
11465
11406
11267
11230
11191
11145
11040
10903
10880
10852
10701
10548
10501
10326
10184
10171
10096
10063
9974
9759
9457
9404
9293
9230
9179
9142
9093
9039
9023
8944
8818
8633
8591
8560
8505
8147
8120
8015
7921
7867
7800
7741
7529
7444
7270
7126
6992
6939
6878
6862
6847
6819
6755
6736
6706
6665
6540
6306
6279
6114
5556
5467
5438
5430
5415
5018
4990
4977
4917
4875
4873
4740
4726
4703
4679
4667
4609
4566
4554
4540
4487
4474
4432
3568
3554
3551
3521
3507
3414
3388
3385
3262
3070
3008
2986
2602
2591
2529
1858
1853
1804
1771
1710
1707
1695
1692
1689
1681
1676
1440
1436
1436
823
627
611
610
608
607
601
601
599
599
598
540
539
526
524
518
518
512
511
507
505
456
456
431
431
431
428
425
423
422
419
412
412
412
412
324
324
323
309
309
309
309
306
304
304
304
298
298
295
285
285
285
283
281
281
271
271
270
270
245
244
244
244
244
244
244
195
195
195
193
190
190
184
184
180
180
180
177
177
177
177
175
171
154
154
154
154
154
154
153
153
153
153
153
153
153
153
152
151
151
151
151
151
151
151
150
150
150
116
116
116
115
103
103
101
100
100
100
100
100
100
100
100
100
99
99
99
99
99
98
98
98
98
75
75
73
73
73
73
72
72
72
72
72
72
72
72
72
72
72
72
72
72
72
72
72
72
72
72
72
64
64
63
63
63
63
63
63
63
63
63
63
58
58
58
58
57
57
57
56
56
56
56
56
55
55
55
55
55
54
54
54
54
54
54
54
54
54
54
54
54
54
54
54
54
54
54
54
54
52
52
52
52
52
52
52
47
46
46
42
42
42
42
41
41
33
32
32
32
32
32
32
32
32
32
32
32
32
31
31
30
30
30
30
30
30
30
30
30
30
29
29
29
29
29
29
29
29
29
29
29
29
29
28
27
27
26
25
25
25
25
25
25
25
25
25
25
25
25
25
25
25
25
25
25
25
25
25
25
24
24
24
24
24
24
24
24
24
23
23
23
23
23
23
23
23
23
23
23
23
22
22
22
22
22
22
22
22
19
19
19
19
19
16
16
16
16
16
16
16
16
16
16
16
16
16
16
16
16
16
16
14
14
14
14
14
14
14
14
14
14
14
14
14
14
14
14
13
11
11
11
11
11
11
11
11
11
11
11
11
11
11
11
11
11
11
11
11
11
10
10
10
10
10
10
10
10
10
10
10
10
10
10
10
10
10
10
10
10
9
9
6
6
4
4
4
4
4
4
3
