2
2
2
3
3
3
3
3
3
3
3
3
3
3
3
3
3
3
3
3
3
4
4
4
4
4
4
4
4
4
4
4
5
5
5
5
5
5
5
5
5
5
6
6
6
6
6
6
6
6
6
6
6
6
6
6
6
6
6
6
6
6
6
6
6
6
6
6
6
6
6
6
6
6
6
6
6
6
6
6
6
6
6
6
6
6
6
6
6
7
7
7
7
7
7
7
7
7
7
7
7
7
7
7
7
7
7
7
7
7
7
7
7
7
7
7
7
7
7
7
7
7
8
8
8
8
8
8
8
8
8
8
8
8
8
8
8
8
8
9
9
9
9
9
9
10
10
10
10
10
10
10
10
10
10
10
10
10
10
10
10
10
10
10
10
10
10
10
10
10
10
10
10
10
10
10
10
10
10
10
10
10
10
10
10
10
10
10
10
10
10
10
10
10
10
10
10
10
10
10
10
10
10
10
10
11
11
11
11
11
11
11
11
11
11
11
11
12
12
12
12
12
12
12
12
12
12
12
12
12
12
12
12
12
12
12
12
12
12
12
15
15
15
15
15
15
15
15
15
15
15
15
15
15
15
15
15
15
15
15
15
15
15
15
15
15
15
15
15
15
16
16
16
16
16
16
16
16
16
16
16
16
16
17
18
18
18
18
19
19
19
19
19
19
19
23
23
23
24
24
24
24
24
24
24
24
24
24
25
25
25
25
25
25
25
25
25
25
25
25
25
25
25
25
25
25
25
25
25
28
28
28
28
28
28
28
28
28
28
28
28
28
28
28
28
28
28
28
28
28
28
28
28
28
28
28
28
28
28
32
32
32
32
32
32
32
36
36
36
36
36
36
36
36
36
36
36
36
36
36
36
36
36
36
36
36
36
36
36
36
36
36
36
36
39
39
40
41
41
41
42
44
44
44
44
44
44
44
44
44
44
44
46
46
46
46
46
46
46
46
46
46
46
46
46
46
46
47
47
47
47
47
47
47
47
47
47
47
47
47
47
47
47
47
47
47
47
47
47
51
51
51
51
51
51
51
51
51
51
51
51
51
51
51
51
51
51
51
51
52
52
52
52
52
67
67
67
67
67
67
67
67
67
67
67
67
67
67
67
68
68
68
68
68
68
68
68
68
68
68
68
70
70
70
70
70
70
70
70
70
70
70
70
70
71
71
71
71
71
71
71
72
72
72
72
72
72
73
86
86
87
87
88
88
88
88
88
88
88
88
88
94
126
127
158
158
159
159
159
159
159
159
173
174
174
174
174
174
174
174
174
174
174
175
176
176
176
176
178
181
181
181
181
204
206
206
221
221
221
221
221
222
222
222
222
224
224
290
290
290
290
291
291
291
301
301
301
304
304
304
304
309
309
309
312
312
353
353
367
367
367
367
367
370
370
370
370
403
403
404
404
405
406
408
408
408
420
446
476
476
544
589
589
892
895
896
902
907
911
937
954
954
1775
1776
1807
1816
1823
1848
1981
1986
1995
2054
2055
2367
2403
2411
2457
2459
2568
2585
2604
2650
2956
2999
4043
4278
4505
4756
4765
4951
4997
5068
5480
5577
5926
6053
6112
6117
6199
6216
6325
6487
6978
7849
8021
8485
8659
8705
8938
8986
9410
9779
9951
10106
10259
10746
10852
11042
11057
11152
11245
11288
11360
11395
11524
11778
12012
12060
12417
12583
12760
12928
12999
13103
13151
13312
13552
13876
13989
14100
14183
14344
14474
14788
14927
14973
15015
15121
15182
15254
15372
15474
15550
15600
15742
15850
15893
15999
16093
16360
16501
16559
16708
16851
16892
16986
17066
17225
17306
17373
17468
17536
17593
17749
17815
17979
18232
18498
18604
18868
18987
19053
19133
19269
19358
19382
19535
19616
19668
19788
19868
20011
20162
20215
20325
20372
20442
20545
20604
20685
20872
21083
21282
21395
21509
21872
21949
22024
22182
22244
22359
22494
22571
22709
22837
23119
23254
23372
23445
23556
23668
23807
23946
24003
24135
24240
24281
24369
24483
24578
24679
24866
24986
25118
25209
25330
25418
25599
25748
25870
25970
26084
26248
26405
26599
26692
26769
26826
26871
27018
27146
27274
27343
27407
27476
27546
27736
27784
27875
28001
28103
28166
28271
28312
28399
28467
28514
28624
28678
28773
28873
28936
29006
29163
29256
29374
29443
29558
29616
29684
29806
29864
29909
29949
30024
30187
30278
30331
30402
30456
30569
30670
30733
30777
30832
30937
30999
31071
31154
31203
31288
31383
31468
31524
31644
31726
31820
31910
31991
32109
32157
32220
32304
32404
32454
32522
32614
32683
32723
32800
32890
32938
33027
33104
33179
33248
33372
33461
33519
33577
33651
33736
33819
33909
33977
34020
34125
34159
34222
34311
34360
34426
34514
34666
34708
34761
34819
34894
34988
35054
35113
35160
35222
35268
35351
35424
35512
35568
35683
35744
35809
35882
35976
36048
36082
36145
36236
36324
36363
36442
36505
36556
36616
36688
36790
36830
36880
36945
37009
37051
37155
37203
37292
37394
37446
37511
37586
37632
37689
37742
37815
37877
37916
37990
38034
38085
38133
38193
38215
38272
38322
38392
38431
38494
38522
38561
38628
38689
38767
38805
38847
38884
38967
38990
39042
39133
39188
39261
39300
39339
39424
39465
39544
39595
39642
39709
39747
39810
39870
39917
39972
40048
40091
40131
40161
40226
40279
40326
40357
40412
40473
40524
40574
40614
40676
40732
40797
40835
40930
40969
41031
41079
41143
41192
41236
41274
41317
41367
41423
41456
41513
41551
41621
41682
41723
41764
41812
41859
41913
41947
42030
42085
42123
42215
42266
42308
42347
42391
42434
42493
42522
42561
42613
42668
42709
42771
42819
42869
42918
42954
42990
43049
43071
43133
43180
43212
43244
43278
43325
43400
43433
43462
43504
43551
43613
43664
43711
43759
43785
43820
43872
43906
43928
43950
43982
44026
44054
44088
44131
44215
44252
44304
44364
44419
44474
44519
44546
44578
44618
44660
44692
44738
44778
44792
44829
44870
44916
44964
44994
45020
45050
45092
45145
45201
45260
45289
45334
45377
45417
45473
45492
45532
45569
45624
45663
45693
45734
45797
45847
45874
45894
45942
45980
46010
46046
46076
46112
46144
46178
46198
46220
46265
46290
46310
46329
46360
46392
46430
46464
46501
46534
46575
46607
46645
46665
46702
46741
46778
46811
46830
46896
46939
46992
47011
47048
47076
47120
47167
47198
47238
47302
47333
47362
47398
47429
47467
47504
47537
47563
47595
47636
47676
47731
47774
47805
47855
47885
47928
47946
47979
48012
48037
48082
48111
48140
48185
48224
48254
48277
48300
48329
48354
48389
48421
48449
48475
48506
48537
48555
48593
48630
48664
48694
48720
48765
48802
48848
48870
48904
48932
48955
48979
48999
49034
49060
49079
49148
49179
49214
49246
49271
49301
49325
49356
49395
49429
49450
49481
49506
49533
49554
49586
49614
49642
49659
49694
49724
49759
49795
49816
49840
49874
49902
49932
49957
49987
50009
50033
50082
50108
50146
50171
50210
50246
50267
50282
50306
50318
50341
50364
50387
50419
50436
50467
50508
50537
50568
50589
50629
50649
50675
50706
50743
50766
50791
50817
50853
50867
50901
50930
50963
50986
51005
51044
51069
51083
51112
51135
51158
51171
51185
51219
51254
51271
51296
51315
51329
51353
51372
51401
51428
51450
51476
51499
51524
51575
51609
51630
51649
51669
51692
51706
