0.0
0.0
0.0
0.0
0.0
0.0
0.0
0.0
0.0
0.0
0.0
0.0
0.0
0.0
0.0
0.0
0.0
0.0
0.0
0.0
0.0
0.0
0.0
0.0
0.0
0.0
0.0
0.0
0.0
0.0
0.0
0.0
0.0
0.0
0.0
0.0
0.0
0.0
0.0
0.0
0.0
0.0
0.0
0.0
0.0
0.0
0.0
0.0006525995214270176
0.0006399317406143345
0.0006278777731268313
0.000615637184485943
0.0006036217303822937
0.0005931198102016608
0.000582977069568597
0.0005729564553093965
0.0005634861006761833
0.0005537098560354374
0.0005445634416409512
0.0005357142857142857
0.0005273334505185445
0.0005197505197505198
0.0005117707267144319
0.0005037783375314861
0.0004964421644878371
0.0004897159647404506
0.0004829362524146813
0.0004764173415912339
0.00046985121378230227
0.0004635352286773795
0.00045738679676779996
0.00045139933794763765
0.00044569900460555636
0.00044014084507042255
0.00043446777697320784
0.0004288164665523156
0.00042396834369700395
0.00041893590280687055
0.00041356492969396195
0.0004084967320261438
0.0004044216770018873
0.0003997867803837953
0.0003952048478461336
0.00039072675175827037
0.00038679731820526046
0.0003827018752391887
0.0003786444528587656
0.0003746721618583739
0.00037064492216456633
0.0003672420124862284
0.00036332808526099065
0.00035979851283281364
0.00035612535612535614
0.0003527751646284102
0.0003492026539401699
0.00034578146611341634
0.0003424266636228741
0.0003391746749576032
0.00033609679587721263
0.0003329633740288568
0.00033006931455605677
0.0003270111183780249
0.00032397408207343413
0.0003211303789338471
0.0003181673560292714
0.00031522538615109805
0.0003127606338615513
0.0003099493749354272
0.0003074085459575776
0.0003048160942897785
0.0003022365504735039
0.0002997002997002997
0.0002973535533749628
0.0002950432730133753
0.000292654375182909
0.0005802707930367504
0.0005757052389176742
0.0005711022272986865
0.0005670541536716756
0.0005626406601650412
0.0005582953382339258
0.0005541189508681197
0.0005497022446174989
0.0005455041367397036
0.0005414185165132648
0.0005375380756136893
0.0005334281650071124
0.0005297077778758718
0.0005263619615755768
0.0005228302544440571
0.0005195255000432938
0.0005161290322580645
0.0005124263387138099
0.0005089921954530031
0.0005058168942842691
0.0005025967498743508
0.0004991265285749938
0.0004961548002976929
0.0004929346040092015
0.0004897159647404506
0.00048665747424770864
0.00048344210780759005
0.0004803458490112881
0.00047740292807129216
0.0004743083003952569
0.0004713275726630008
0.00046864016246192297
0.00046573003182488553
0.000462962962962963
0.00045998160073597056
0.0004572473708276177
0.0004547176960970064
0.00045211363122598145
0.000449707690001499
0.0004471938585376761
0.00044474093840338
0.0004425105096246036
0.0004399794676248442
0.0004374772147283996
0.00043506634761801175
0.0004326507066628209
0.00043020004302000433
0.00042777698559817484
0.000425501737465428
0.0004232207096000564
0.00042087542087542086
0.0004185851820845542
0.00041629084853951295
0.00041393583994480857
0.00041191816559110257
0.0004099200655872105
0.000407691785010532
0.0004057618178129438
0.00040382285637367073
0.0004019561867756415
0.0003998667110963012
0.00039782522211908233
0.00039577836411609497
0.00039380414807035967
0.00039179835444691133
0.00038981288981288983
0.0003878975950349108
0.0003862495171881035
0.0003843443725578118
0.0003825066938671427
0.0003806140573458513
0.00037883571157974494
0.00037700282752120643
0.00037535189239912417
0.00037397157816005983
0.0003722315280104225
0.00037057624606262737
0.00036895830771122864
0.0003672420124862284
0.000365742151782993
0.0003238210888484113
0.00032237266279819477
0.00032107238175506196
0.000319744204636291
0.0003183699458771092
0.00031706398747597254
0.00031578739613555176
0.0003145210434235616
0.00031322801041483135
0.000311781441209712
0.0003105650342592054
0.0003092325235306624
0.00030801809606314373
0.0003067955207853966
0.0003055651044650701
0.00030430978736353614
0.00030318534098876325
0.0002641310089804543
0.0002631183280709668
0.0002620545073375262
0.00026098465783047186
0.00025989455706541917
0.00025881352485534174
0.00025774144850694065
0.0002567205779880442
0.0002556657353129166
0.0002547307132459971
0.00025370591859664386
0.0002527851506780059
0.00025188463683632897
0.00025101751743675254
0.0002500893176134334
0.00024912805181863477
0.0002482137474957006
0.000247411020393737
0.00024652227504842403
0.0002456269628226047
0.0002447638029301724
0.000243842965130456
0.00024299227631693137
0.0002421349383420675
0.00024129610479145123
0.00024045067326188514
0.0002395619438740589
0.00023881411732596422
0.00023801023444008093
0.00020336570237429458
0.00020268558398783886
0.00020197939810139365
0.0001677570877369569
0.0001672856234735187
0.000166725020423815
0.00016619301656944376
0.00016560678325384207
0.00016501650165016502
0.00016441419223307358
0.00016390486961367624
0.00016339869281045753
0.000162903593653276
0.00016238774946818012
0.00016189874852267394
0.00016145177435500016
0.00016095284081764043
0.00016044925792218213
0.0001599488163787588
0.00015944385981695846
0.00015893450309127608
0.00015842086085895792
0.00015794045644791914
0.00015744064487688142
0.000156958766931927
0.00015647248431363344
0.00015603301658630967
0.00015558148580318944
0.00015514700178419054
0.00015471493772723757
0.00015422102957959348
0.00015375153751537516
0.00015330604485734874
0.00015288415967221636
0.00015246459009894952
0.0001520403819254394
0.00015161852778409522
0.00015120586678763138
0.0001507954459775315
0.0001503872471614407
0.00015000150001500016
0.00014963115919259027
0.00014918915693207417
0.00014880288082377274
0.00014847809948032666
0.00014801657785671997
0.00014764288139847338
0.00014723203769140167
0.00014692054536906443
0.00014652014652014652
0.00014615395857996814
0.00014579597311522257
0.00014547782190605044
0.00014515473494745398
0.00014481420337706722
0.00014443770401825694
0.00014406938381524543
0.00014371532867695668
0.00014332602370612432
0.00014295721290617718
0.00014262690228630925
0.00014227382019434603
0.00014188019636219177
0.00014150676402332031
0.0001411412682954369
0.00014083118565775206
0.00014046916701783958
0.00014010900480573887
0.00013974482594781928
0.00013938253536831835
0.00013905111518994383
0.0001387097221644265
0.00013835851458298743
0.00013803765667274033
0.00013773535528834897
0.00013741171297441395
0.00013710650433256555
0.00023259313987056873
0.0002320977541129087
0.0002315476920143287
0.00023096257047754905
0.00023043660959971802
0.00022988505747126433
0.00022932685822204233
0.0002288637587506731
0.00022837491100095378
0.000227897312152289
0.00022736695689389984
0.00022680274831565604
0.00022624133296070053
0.00022568269013766641
0.00022516258062807112
0.0002246893999471319
0.00022411179223518553
0.00022358124547905566
0.00022304442520139597
0.00022250143971519812
0.0002220132685576973
0.00022160520381160948
0.0002211641037649936
0.00022063881426105463
0.00022020154918266365
0.0002197745371806805
0.00021935766913121457
0.00021884091552740658
0.0002184612616780395
0.00021797386877973098
0.00021750534167530288
0.00021699726838732733
0.00021660741816699155
0.00021616947686986597
0.0001903819061036439
0.00018997682282761503
0.00018956627236882013
0.0001891145656038428
0.0001886721255801668
0.00018830264000301285
0.00018793459875963165
0.00018758206715438003
0.00018718179095537587
0.00018681811388432222
0.0001864210879534693
0.00018604651162790697
0.0001856596487319446
0.00018528125694804713
0.0001848975667480216
0.0001845427031815162
0.0002699949682755912
0.00026949885462986776
0.00026902429778544087
0.00026848258524322076
0.0002679038955661905
0.0002672497570456754
0.00026673456273718153
0.00026619236027925993
0.00026565235766467426
0.00026513371175144914
0.0002645979914607011
0.0002640549234240722
0.000263485675960525
0.0002630037418259632
0.0002624953765018911
0.0002619328261361336
0.00026142858840445376
0.00026094485760713563
0.00026044441287542463
0.0002599090318388564
0.00025948598185957086
0.0002590551551975884
0.00025862575677423145
0.00025818868898825237
0.0002577712163286348
0.0002573099415204678
0.00025686830828867323
0.00025644612300088586
0.00025603426203942925
0.0002555613637683684
0.0002551345834927924
0.0002546296296296296
0.00025419714143760035
0.0002537749016622256
0.00025331905535021357
0.0002528910039772858
0.00032480574779924023
0.0003241472521934346
0.00030077423634221936
0.00030026944330273554
0.00029973559445660105
0.00029923427882263263
0.0002987142792240244
0.0002981859410430839
0.0002976594685137399
0.00029705430559320503
0.00029650173053291396
0.0002960511504345086
0.0002956418125203746
0.00029520378040430575
0.0002947075895608521
0.0002941538323882384
0.00029365132533887143
0.0002931995540691193
0.00029263190689187086
0.00029226119038093973
0.000291765123528694
0.00029131913291020065
0.0002907973153768756
0.0002903735108696853
0.0002899509398599857
0.00028941489771439267
0.0002889379607351988
0.0002884625930922532
0.00028796040818114137
0.0002874599687400947
0.00028707402798698893
0.0002865953992175837
0.0002861370411471593
0.000285670837678137
0.00028520615090984016
0.00028476147166460946
0.0002843181769042832
0.00028394981753794996
0.00028350904426190635
0.0003584460877708528
0.00035781058603571655
0.00035724630684561166
0.00035662650602409635
0.0003562030678390347
0.0003556666346246275
0.00035517726865480606
0.00035475726293585606
0.0003541686608595769
0.0003536158012105766
0.0004484732824427481
0.00044776119402985075
0.00044715060412900767
0.0004464285714285714
0.000445722956312828
0.00044507575757575757
0.00044438841438431716
0.00044380095055239054
0.00044322897019992457
0.0004426445658316067
0.000441950852557673
0.0004411902750398949
0.0004405836952785676
0.0004398964215518048
0.00043934814445517715
0.00043862377900827474
0.0004380922790119621
0.00043754848719937937
0.0004368300390358758
0.0004361814019674565
0.0004355346883301415
0.0005068574836016697
0.000506108202443281
0.0005054077605207853
0.000504802277241916
0.0005040899795501023
0.0005032101336109665
0.0004974211567080505
0.0004967224461544725
0.0004961013347972389
0.0004952856519400379
0.0004946230019967362
0.0005142377033415328
0.0005134736288839024
0.0005127894534956494
0.0005122310282937061
0.000582074521651561
0.0005814421374537261
0.0005807060903811762
0.0005798846250313519
0.0005791525135018687
0.0005785090879974377
0.00057776311712198
0.0005770536320434487
0.0005761218427924965
0.0005752789306579877
0.0005744213549586078
0.0005686724030130705
0.0005678946273005678
0.0005671189762166335
0.0005467236129236366
0.0005461566570867035
0.000525718794693495
0.0005053639507048498
0.0005028884099475461
0.000502176754424757
0.0005016591074198426
0.0005009656578728077
0.0005003182062955893
0.0004997164036065638
0.0004991891839087198
0.0004985754985754986
0.0004980652455724827
0.0004973526434633653
0.0004967724373930628
0.0004962803255443545
0.0004956304982492895
0.0004951406451362848
0.0004946086687186636
0.0004939488845068245
0.0004934194644805578
0.0004926345827548974
0.000491980051219841
0.0004913414294093327
0.0004715939105796475
0.0004710238773611151
0.00046853890597602695
0.0004632820277203461
0.0004627903196504212
0.00046227316141356255
0.00046173072703509726
0.00046109729724580105
0.0005032631238464905
0.000502617602067478
0.0005020594878803408
0.0005014883491648181
0.000500932738653258
0.0005003925574883888
0.0004997827031725337
0.0004992025969859109
0.000498581540230535
0.000497990153162567
0.0004975545522949586
0.0004970356381129558
0.0004965737350980944
0.0005381031395599553
0.0005374531835205992
0.000597794055737981
0.0005971571953236704
0.0006617200989313547
0.0006608689167901718
0.0006602227436957575
0.0007061319043233133
0.0007053837789611619
0.0007045587457183434
0.0007039118579934337
0.0007029535161568168
0.0007022900763358777
0.0007384609697036912
0.0007376428663749329
0.0007369489024165281
0.0007775505315718679
0.0007765418127282929
0.0007757067754861951
0.0007748095106949415
0.0007741485741540774
0.0007735525676629361
0.0007728937728937727
0.0007720877472235942
0.0007711354146680187
0.0007702908669422919
0.0007693850389250485
0.0007683973816221923
0.0007677892400342046
0.0007670356435283637
0.0007663461451154511
0.0007654912204324479
0.0007648252863563866
0.0007639322598455841
0.0007629999276777317
0.0008479167795416372
0.0008289136630948513
0.0008279726832081012
0.0008270338372930163
0.0008260080174009957
0.0008251847462040602
0.0008242078546380748
0.0008233660350311336
0.0008224817648901417
0.0008218198077353005
0.0008211589152481792
0.0008204990848622827
0.0008197086867713822
0.0008188541388220616
0.0008181761527024739
0.000817390221558111
0.0008165404982762908
0.0008777768902379491
0.0008767730496453898
0.0008757482378776606
0.0009369359804650176
0.0009360912224874039
0.0009352975464999206
0.0009342331613073973
0.0009332205361391637
0.0009147012474799495
0.0009975720468700516
0.0009923617154057784
0.0009915511759849643
0.0009905594160174072
0.0009898038803117576
0.0009889195462707485
0.0009879589765130036
0.0009860743227295377
0.0009852216748768474
0.0009842674275542525
0.0009833150269365552
0.0009823131384382267
0.0009814669799008092
0.0009805967035259754
0.0009623819822636824
0.0009572658473929042
0.0009564689559486646
0.0009556485500654138
0.000954829550373102
0.0009537644729219088
0.0009528993019559057
0.0009519124551228942
0.0009509276501827712
0.0009498467155798974
0.00094893964812664
0.000948083204400894
0.0009470331161081489
0.0009288562974398561
0.000927853599609325
0.0009271625231148554
0.0009263773768893225
0.0009255460978361196
0.0009246689377833562
0.0009239352989352991
0.0009231320002045724
0.0009759587133696127
0.0009753357503957516
0.000974191574007957
0.0009732980024459848
0.0009725546107235605
0.0009715898974998095
0.0009709478179091582
0.0009700355510411379
0.0009691987618612679
0.0009682897771919599
0.0009675540133228644
0.0010090017126032414
0.0010085167383421876
0.0010077774126410343
0.001006835707310503
0.0010058957602671176
0.0010052363061768242
0.0010043499437362492
0.0010036419784166626
0.0009988677821109577
0.0009979136817233494
0.000997186777855923
0.0009963859050296157
0.0009956362542007326
0.000993217054263566
0.0009922969713660986
0.000991403390282746
0.0009906104459829874
0.00098971989844758
0.0009890777203796597
0.0009883131348394929
0.0009874021109976168
0.0009865664335084096
0.0009857321693569115
0.0009833648142625181
0.0009825589576762939
0.00101889757267502
0.0010179630823128917
0.001016929566071532
0.0010158227587173591
0.0010149440627419968
0.0010142923005993548
0.0010134912800263247
0.0009962271595196411
0.0009913106325662381
0.0009905540373078598
0.0010429221497970731
0.0010423324647229463
0.0010947889030821134
0.0011349502487562192
0.0011340593929879646
0.0011331421615483283
0.0011322264126299982
0.0011313398260983053
0.0011452092757875865
0.001144202031060403
0.0011434756777433247
0.0011426944817209553
0.0011417751556227352
0.0011412465173705035
0.0011403572848945275
0.001155689642587772
0.0011546502017599303
0.0011522733713915548
0.0011514062853998773
0.0011504009830552327
0.001149676022427974
0.0011488128395779349
0.001147923170623493
0.0011469516716639267
0.0011461202661125344
0.0011452900650312282
0.0011442954099520734
0.0011436884152320333
0.0011387637426618807
0.001194058595536725
0.0011932255581216325
0.0011923076923076928
0.0012317204042733816
0.001230921910890218
0.0012300949364557594
0.0012291217134180457
0.0012282088753663468
0.0012272386332806695
0.0012265339649425017
0.0012256542666794178
0.0012246880549118915
0.0012238110015675607
0.0012229935510548126
0.001204723533431873
0.001239685829779462
0.0012386824418152537
0.0012575025966715036
0.001256396850293899
0.0013110081938012118
0.0013498223709716988
0.0013487338819976448
0.001387243051934715
0.0013825066717198043
0.0014013492721032083
0.0014003879453091742
0.0013993948562783668
0.00141678085967648
0.0014119091467157774
0.0014109763578877834
0.0014099450640133928
0.001408948472068422
0.0014076881429344892
0.0014070257170419526
0.001406033246337966
0.001404745125675359
0.0013998763664248778
0.0013832848518970325
0.0013827009957948391
0.0014101452332403663
0.0014091544292729398
0.0014081979746914457
0.001407506179770901
0.0014064533221128757
0.001405434867242857
0.0014042212212445845
0.0014172652921603393
0.001416505435247132
0.0014154495974160095
0.0014132054386291684
0.0014123505049094896
0.0014113653273809534
0.0014101849270513904
0.0014093336429068968
0.0014084833859290896
0.00140769944341373
0.001402988303280336
0.0014022083236815699
0.0014513888888888899
0.0014466936572199737
0.0014419705132058614
0.001479479063176298
0.0015463957202786443
0.0015416570505423503
0.0015390883861097669
0.0015377761391218864
0.0015368199648419817
0.001558915817011516
0.001611765427554902
0.0016105798700502645
0.0016187697656076519
0.001616161616161617
0.001615160483630441
0.0016140495678290583
0.001613051049399689
0.0016310237975301865
0.0016298296191217079
0.0016287861465526447
0.001627855603037852
0.001626666057713534
0.0016254040692146802
0.0016205656777567485
0.00167297260336418
0.0016720579525263117
0.001655815082942525
0.0016398540666408786
0.0016388471975864532
0.0016340537715051936
0.0016181670869206371
0.001615955192249471
0.0016134888576226577
0.0016126837234621675
0.001610295006649741
0.001624671440224781
0.0016238251613633797
0.0016227593699076595
0.001674659186874171
0.001672243323084344
0.0016674574662780461
0.0016856385701809868
0.0016844972088054296
0.0016832055330025567
0.0016822570344490785
0.0016811202462739805
0.0016799849934346284
0.0016790401199850028
0.0016780585784093303
0.0016771912477433959
0.0016608485097389966
0.0016592832887766253
0.001658092718229945
0.0016570152384793753
0.0016562729645355587
0.001651652131829429
0.0016652713069301459
0.0017317178867164345
0.0017306730513434437
0.0017297840003488508
0.0017288958623006318
0.0017280086357932818
0.0017267372480072036
0.0017259676200663912
0.0017247376413597698
0.0017219108654165077
0.0017208386679332052
0.001720035395682236
0.0017190419065391308
0.0017515477380027184
0.001764048126352815
0.0017629525414992555
0.0017618583166552676
0.0017608434662801282
0.0017806529166139455
0.0017797464912530328
0.0017783409594593468
0.0017774759693839964
0.001776376289169609
0.0017814550731953575
0.0017653283398274147
0.001764199339455709
0.0017631106395349465
0.001850045570724822
0.0018483640319710232
0.0018640075245301368
0.0019091061353096973
0.0019083090838128312
0.0019059228092633913
0.0019013853346045134
0.0019006342936560192
0.00189930057370082
0.0018980935057724966
0.0019300776474613331
0.0019292324566891046
0.001928134814694402
0.0019269962769142652
0.001925901177283661
0.0019250175819694308
0.0019421205750303097
0.001957150027903613
0.0019853388761813355
0.001984343284899265
0.0019988274237566026
0.0019982178127437803
0.001993718400172542
0.002057923432708521
0.002053089810832982
0.002052063243610887
0.0020509931369718875
0.00204992414582616
0.0020485894729009523
0.002047567400061978
0.0020759998485990255
0.0020747854716700186
0.0020734827223806572
0.0020727646642109223
0.0020720919362112
0.002107059529044348
0.002091421133739799
0.0021532152227595872
0.002173833312081563
0.0021997138410958304
0.0021986699959565086
0.002219282457957778
0.002230538271787383
0.002229817441166976
0.0022283508921607034
0.0022274874877337425
0.002226241528552101
0.002225092648908931
0.002223992751405763
0.002222989446405129
0.0022219393354410105
0.0022209378818740743
0.0022444606525179726
0.0022874695976769174
0.002286146227650406
0.0022851669403393545
0.0022662993965256815
0.0022649901816746785
0.0022642634934894254
0.0022488978203447163
0.002329703151301903
0.0023284592896330465
0.0023268690835277824
0.0023258763072313716
0.0023250826959348666
0.002323942828045993
0.0023085025801259287
0.002307322866687486
0.0023063897816467892
0.0023050160837061774
0.0023027885246753492
0.0023014675854124323
0.002300392384484886
0.002327415655230224
0.0023258358719923282
0.002324603157777488
0.002339963825118634
0.0023383158853226213
0.002337127666367556
0.0023358912217234084
0.0023982600351659298
0.0023971445417987625
0.002395827568569248
0.0023931546571462087
0.0023918917786991656
0.002390781547690212
0.0024528863984789743
0.002451645582494582
0.002450819069023872
0.0024495803431866096
0.0024484459440043986
0.002462793913969034
0.002461809749489048
0.0024568702868328638
0.0024522837202770784
0.0024508416548739962
0.0024779593283960084
0.0024771792291258354
0.0024743260002829995
0.0024728736570759076
0.002468655309361975
0.0024674659697701165
0.002466329412437196
0.002464599473933532
0.0024633621734404055
0.002462177592328755
0.002459703770048597
0.002458624749782235
0.002501134212932445
0.002545201111531793
0.0025441392616344103
0.00254297224960889
0.00254191225825831
0.0026036230532438527
0.002602375977498323
0.0026220543726788504
0.0026209632139719513
0.0026613042460639307
0.0026914367814954055
0.0026872456696835773
0.0026858501328796284
0.002684846243548846
0.0027148662334846884
0.002739451793550696
0.002738088656151351
0.0027351753123111815
0.002730307321890454
0.0027291563968582584
0.0027110050632279275
0.00270654723317445
0.002703937201207445
0.0026889827941980805
0.002687482865773914
0.0026716413850156003
0.002670538517511621
0.002669381486175377
0.0027048814589804944
0.002703933434388653
0.002702707565049401
0.0027014828067394585
0.0027000367954376258
0.002699036617171288
0.0026842673599580453
0.002683218602404288
0.0026820604023539197
0.002687365269793009
0.002685687427047262
0.002684639967052314
0.002682547496306365
0.002681392529675459
0.00266657623510644
0.0026518270096195346
0.00266149840567826
0.0026603544951887136
0.0026588851971878114
0.002658015267671115
0.002657091591065424
0.0026524918059796054
0.002656908981330458
0.0026523672771273914
0.002651338829171933
0.0026505274597734183
0.0026493383492037577
0.002648420221552418
0.002647233000555329
0.002632147180563837
0.0026651111285600202
0.0026634023978454394
0.002656108547614526
0.0026515807985014813
0.0026505029858483902
0.0026493184035083464
0.002634811683813571
0.0026338489219876102
0.002633154031457395
0.0026800346371870574
0.002678730351852119
0.002677752970660354
0.0026991203100625574
0.002697753666867589
0.002689913026991677
0.002688769911936496
0.0027001467523417744
0.00269894552228937
0.002698072571526116
0.00269676420367441
0.002712670167072396
0.0027114652904562248
0.0027086974723030165
0.0027075501358449433
0.0027029344966483324
0.002702062881033798
0.0027343859918396575
0.002733119639065715
0.0027190935694378134
0.002717944541065579
0.0027150034995223277
0.002713857076151729
0.002708870079639433
0.0027079992703234676
0.002737091837531675
0.002746479434224089
0.0027452119470258237
0.0027440556973840832
0.0027415638802968383
0.0027406847512667608
0.0027866667938797767
0.002785494776442283
0.002828264914284697
0.002840419370651742
0.0028380058090753933
0.002836376264502014
0.002835412301436571
0.002862579016993866
0.0028609783737092763
0.002859893241974927
0.002855654068984741
0.0028544008895879953
0.0028531488096029305
0.002852295748307229
0.0028680487551840965
0.002867077522960871
0.0028661069483085486
0.002864851885552522
0.002858671203708703
0.002857603740605948
0.002901354819615067
0.002900547606429959
0.002899856066827377
0.0028933507216826982
0.0029332004673001755
0.00293197800937739
0.0029596016283052516
0.0029581915931128576
0.002957253192195101
0.002956256793339342
0.002968293277357171
0.0029806744011818386
0.0029861527515364535
0.0029826271171796977
0.0029809053344400883
0.0029799619539912676
0.00297866578042145
0.002974018217486856
0.0029730194164497496
0.0029724909109834457
0.0029718452149779793
0.0030024927419064233
0.0030149394380550765
0.003000597191415351
0.00299965031341873
0.002998467555966127
0.002996806001338915
0.0029959203331284905
0.0030180146380658504
0.003059304822343037
0.0030382430175757615
0.003064773848096032
0.003063039690500698
0.0030608856267074413
0.003060344047447418
0.003100592738585782
0.003163453327519819
0.0031621470866005238
0.003161043954005878
0.003156779179080364
0.0031557879423643343
0.003187933468131255
0.0031864329110740035
0.0031855582383012683
0.003182940528843357
0.0031818803801562426
0.0031808832380753414
0.0031800112512859724
0.003178641951835407
0.003176528870687955
0.0032493431914390855
0.003279744482099126
0.003278718540013971
0.003278141729605821
0.0032769246849790844
0.0032757085436982305
0.0032744933047578755
0.0032735345423223618
0.003271403078205958
0.0032700103458409317
0.003268339872923003
0.003291173632734049
0.003290339725913819
0.0033163983228278126
0.0033151229586757436
0.003314090129652089
0.0033131224367525
0.0033116014075715186
0.0033103775128673005
0.003309347566143739
0.003305399639750398
0.0033018445917847297
0.0033005616245047388
0.0032994718859660883
0.0033178624975537894
0.003316185140101601
0.003315219935640612
0.003313998149610602
0.0033410873043576766
0.0033395977424743248
0.0033386270044281053
0.0033828598242864306
0.003380258614674463
0.0033664357914643473
0.003365458464359138
0.003364351512750468
0.0033594583435024392
0.0033581593745924338
0.003382802289837464
0.003377378698126852
0.003376204456904448
0.0033751613721877093
0.0033741840654567708
0.003373402627479631
0.0033710750415039343
0.0033700347267188154
0.003407046858773589
0.0034223895449604874
0.0034477853430577607
0.0034333787459690543
0.003432519045601213
0.0034304894294497476
0.0034297630505522704
0.0034605795213080316
0.0034584315816280713
0.003463003663003661
0.0035362455786629434
0.0035333331502922683
0.003534507842566716
0.003530219956129516
0.0035404533762734094
0.003526365245115243
0.003525485497889495
0.003521138340614224
0.003507541341750554
0.0035738707377350725
0.0035692837337334567
0.003568052757583717
0.003566457422336054
0.0035653647158376935
0.0035611503249384415
0.0035602642971063994
0.003569651945268978
0.0035778276342960597
0.0035732041105095494
0.0035715423554010493
0.0035635114770568035
0.0035561220265956307
0.0035541014740311807
0.003549765364510164
0.003548681197716262
0.00354766539263314
0.003569952145632821
0.0035692711299815296
0.0035685223128006137
0.0035671616316777584
0.003565734032831395
0.0035646471051984565
0.003562654565339817
0.003584640724615213
0.00361538433652171
0.003639791025627084
0.0036812263659624558
0.0036788387656406887
0.0036682154375617198
0.0036671001182716568
0.0036660551222274665
0.003664377645917157
0.0036790166987622826
0.003684226224369714
0.003683387279538934
0.003709600777630825
0.0037008188319610853
0.003699766346702489
0.0036990650223769966
0.0037368169803880134
0.00377433296617944
0.0037696045677639697
0.0038151768583834598
0.0038140936373034923
0.0038127224399693623
0.0038113522281938528
0.003806759709688482
0.0038061120323209597
0.003849130603425386
0.003904941853926263
0.003910835381962525
0.003909949090398937
0.003908841790690521
0.003920614246793529
0.003959207807974576
0.003958386116606558
0.003985483815918759
0.003984356550683174
0.003968268932068469
0.003966922640588199
0.0039659508869405394
0.003965353121296371
0.003964008807214379
0.003946030430852663
0.00394476760603151
0.003942589775719208
0.003950898360111583
0.003950006392013426
0.003948817727523362
0.003963372876955908
0.003962255025304877
0.0040248077259014215
0.004025779099051558
0.00402472047945376
0.004034056069775049
0.004032768588958276
0.004045700489757022
0.004085167468105463
0.00411062792680743
0.0041630031341540925
0.004161761365564387
0.004185744388035393
0.00418335312054032
0.004180849601068844
0.004189230712712849
0.004212523749933619
0.004211577239457479
0.00421055233297839
0.004224627908838435
0.004223451720691667
0.004297094496510839
0.00428342123279566
0.004282219959219548
0.004277904152672848
0.0043303525504777484
0.004381823362638934
0.004414503350117332
0.004413184800729603
0.004408299119209498
0.00444927329512575
0.0044439664672053635
0.004427515789117935
0.004426690345255539
0.004425947708889903
0.004410587962581998
0.004404837447538094
0.004403934934603437
0.004402487328589829
0.004401503679078713
0.004400274735140619
0.004413559621524633
0.004412820524386464
0.004411203688560879
0.004430593251398844
0.004425478930070518
0.0044465877867357236
0.0044711945163424995
0.004498060786720578
0.004496974863562293
0.004495722526652848
0.004494554308018307
0.0044914126216900625
0.004497029189486744
0.004508230605832295
0.00450714380173268
0.004505973983170867
0.004513519355314382
0.004511846721263236
0.004509692275531473
0.004508856992650285
0.004567894969569073
