0.005414590292037631
0.005358968814731194
0.005358968814731194
0.005339192289466683
0.005340428322295715
0.005325076641476005
0.005325297365716383
0.005325396103013184
0.005326632181677231
0.005286459625095731
0.005286459625095731
0.005246287068514231
0.005247523147178278
0.005236398439201863
0.005253085501166485
0.005239585783964917
0.005246481620434001
0.005247099682685231
0.0052483358071876915
0.005252044180695071
0.005252485653731665
0.005240124408707065
0.0052413605332095265
0.005235850908098779
0.005238941276656133
0.005239038420013758
0.005240371760240475
0.005240371760240475
0.005241802349930003
0.005241802349930003
0.005244892947713426
0.005257450322818889
0.005273001668855091
0.0052742379767452075
0.005274335787289442
0.005286797138916865
0.005301113517763799
0.005301113517763799
0.005301211832183639
0.005318620065740744
0.005304499585630189
0.005304852855763495
0.005277228582926332
0.005281556302589018
0.005250997302521894
0.005224412738879685
0.005227600925458662
0.005229455696858087
0.005220535129651327
0.005234233869653239
0.005241255634474462
0.005244444251733772
0.005244894839048273
0.005235533649557021
0.005195439581163669
0.005186710445767709
0.005186902884704571
0.005189994743839468
0.005190091026021567
0.005190091026021567
0.0052026517259718226
0.005202992019318548
0.005206084165267837
0.005206180754892232
0.005206277348100791
0.005206373944893712
0.005210278068613719
0.0052103747450168185
0.005222841615323012
0.0052254126124088255
0.0052281777327705045
0.00522951188591034
0.005230059461214119
0.0052332495275800445
0.005234681021107164
0.005214466297017053
0.005219512252603692
0.005231982300467823
0.005232698076848857
0.005232892322930742
0.005234544985821086
0.0051974220159834985
0.005198233706020536
0.005173676210040859
0.0051738682936588965
0.0051741564458306
0.005147547205617232
0.00516011518722049
0.0051726841021705675
0.005182778396666253
0.005186258004885455
0.005186450609260428
0.005192833032096196
0.00518673954264751
0.005156791980570466
0.005156887749838017
0.005157602583547427
0.005158177364199023
0.005158273173429756
0.00515856062247815
0.005171040193516696
0.005172566819201659
0.005173997494122335
0.005174093615053711
0.005190121726739718
0.0051909338844535035
0.005178120943049783
0.005179552063610035
0.0051809832905377155
0.005196853831038244
0.005197046979549024
0.005187159639017135
0.005187256040289047
0.0051905464015637596
0.005192074909376918
0.00519536575557839
0.005195558895441792
0.005198753479358706
0.005199236697758809
0.005199784114472444
0.005200074129946964
0.005203559682586901
0.00520394670822339
0.005204430571236707
0.005180971980912474
0.005181164682392088
0.005184553440983727
0.00519704881407009
0.005197338800984295
0.005201968936577023
0.005192958462178499
0.005205746826061215
0.005157858988556665
0.005170646881657936
0.005170935513491756
0.005133196642630608
0.005133578733266108
0.005108431884276311
0.005109767632565121
0.005113154801416703
0.0051133451327015364
0.005117973680680754
0.0051183547516521
0.005100120145356382
0.005078779969869821
0.005079536500606777
0.005095337702454627
0.005095717250505983
0.005096191765093321
0.005096191765093321
0.005113524821839531
0.005126228691470381
0.005126419672924154
0.005129619871991619
0.0051337959722676865
0.005134799540224584
0.005160216285404935
0.005160408583241132
0.005160793221913133
0.0051613702874442
0.0051627089142464305
0.005163382507700415
0.005163863753506971
0.005176676887276789
0.005189395183615806
0.0051925991819351
0.00519279280559018
0.005148911813651807
0.005162681246921999
0.005162970046708323
0.00514045179959696
0.00514045179959696
0.005144231381245762
0.005144327327071286
0.005144999048075026
0.005104342019741704
0.005091568485658261
0.0051041962805022534
0.005104837365038499
0.0050423992235422875
0.005042681500042953
0.005047072795239195
0.00504816594349612
0.005048637091830495
0.005064381255790792
0.005066098549838239
0.005072510795571064
0.005072984339774239
0.005073079059224924
0.005073985651896215
0.005074364654017698
0.005074743712762653
0.005087668900189915
0.005052348694010383
0.005056028513902606
0.005053103790213344
0.005038628994685273
0.005051273450593347
0.005052368257764779
0.005021694100575082
0.005021787946474925
0.005024902629088766
0.005029031156538029
0.005001275775107555
0.005001836728759378
0.005002117252776246
0.005002771931199128
0.004977324263038553
0.004993466636508118
0.004978534452789604
0.004955745328706578
0.004968586511796391
0.004969144215973269
0.004969516088318711
0.004969981007028442
0.00497328558627513
0.004973750918584187
0.004958527683758815
0.004935376611276893
0.004905705223908316
0.0049062562306913604
0.004908239281308504
0.0049093312336950376
0.004926645489962474
0.004927106846834157
0.004875875929444018
0.004891942478343157
0.004851629435758922
0.004841024497230591
0.00485378755164411
0.0048543332684921
0.004855559779475679
0.004840215289249196
0.00485298212545383
0.004839066702012105
0.004840951452566633
0.004844439087971149
0.004846415803252228
0.00487508996772771
0.004878398362570596
0.0048824395271857505
0.004882714279461671
0.004883905230072068
0.004909106017069093
0.004909658740583869
0.004913062866222176
0.004914498407038524
0.004908887613756417
0.0049119433777415475
0.004927793170100215
0.004946846556872845
0.004947403906167569
0.00496038825678819
0.004951370349999332
0.004951928366154781
0.004964823536252111
0.00498094522422909
0.0049847318067824265
0.0049853874953469084
0.0049738601747547125
0.0049660899542496315
0.004966836734693879
0.004967490351845438
0.004980678767953617
0.00494184510713592
0.004942588647051609
0.004942960500919388
0.004943332410743959
0.004944958475875162
0.004958338932939124
0.004971443266453054
0.004972191752340806
0.004919239773000223
0.004920443675879588
0.004817265322772247
0.0048180817161723325
0.0048199723965745974
0.004820335517199633
0.004820335517199633
0.004820698692541383
0.004821152738682789
0.004822238251342593
0.00482241996203109
0.00482260168641448
0.004783845508428571
0.0047877080982986
0.004745523400214174
0.004745791771692847
0.004762667858893495
0.0047760468998188955
0.004776857559559737
0.0047207245560666085
0.004721882338567247
0.004727176175021301
0.004727443786376104
0.004701199193348364
0.004714403456405311
0.004714937414323922
0.004708815898069386
0.004705935770074891
0.004706646703625275
0.00472129735058002
0.0047251591709259215
0.004725516231353694
0.004717591442895657
0.004674121287874906
0.00468751687565478
0.004691199000487879
0.004665264094143409
0.00466544049464608
0.004666322697296153
0.004643976091864592
0.004607023735213347
0.004611504640827939
0.00461194089017906
0.004612726347043694
0.004625954625008341
0.004628635606886192
0.004629511927075307
0.004593604687335165
0.004594126638440628
0.004540986075674237
0.0044977303644046125
0.004498241644427849
0.004498838284721756
0.004500202628484063
0.004501055763638945
0.004508315139169557
0.004508807606429639
0.004465407157729444
0.0044258289293474555
0.004426584591442692
0.00442717250705108
0.004427818439203642
0.004389269055632074
0.004389935560689493
0.004390852335719729
0.004362871723837796
0.004370196532384361
0.004371192721020811
0.004372023225214191
0.004375138367841597
0.004377320125680862
0.004378235465225051
0.0043819869019024885
0.004382653503192021
0.004385839359015939
0.004386340025609435
0.004374904654664863
0.004388260306946188
0.004356868350929229
0.0043576149013663315
0.0043581127438090785
0.004358942734047482
0.004372555226889762
0.004374356745600769
0.004374940259916251
0.0043753571511761765
0.004379034246564983
0.004379535098763451
0.004380922117814399
0.0043815904252195795
0.004385437535683562
0.004387629445333128
0.004401102092558576
0.004401521972931466
0.004401689947513981
0.00440512235222563
0.004419108942959372
0.0044193620129939016
0.004423556823602651
0.0044275581283620725
0.004405700123014209
0.004407646722465078
0.0044080677091813915
0.00438008323318119
0.004393743611209695
0.004407325493908066
0.00430621174742758
0.004307611659456078
0.004309073118246275
0.004312920832289559
0.004297308319615147
0.004301402025282625
0.0043020957872840935
0.0043026721556454215
0.004284763132448551
0.0042887749717942765
0.004289514203332075
0.004293692906416315
0.004294433283397535
0.004286787978774338
0.004290886135639373
0.004267820326515315
0.004282616310262549
0.004283273266610118
0.004261310885980087
0.004274915300885843
0.004279507488509967
0.00422731603836233
0.004227721707521338
0.00423069656607764
0.004231346417706392
0.004231996469005344
0.004232646720066536
0.004246184966357088
0.004247245615126642
0.004247898585472576
0.0042242870841483135
0.004225099181555728
0.004238404391256676
0.004219989053934558
0.0042212878867683165
0.004222262536194773
0.004222831289567235
0.004224214674001042
0.004231770355865539
0.004232829704128161
0.004235255234927792
0.0042363976269530895
0.004204529467535251
0.004205096628930291
0.004209525155783689
0.004210580276327895
0.004211635925938175
0.004213416400422076
0.004226847755816909
0.004208122607898776
0.004211988820024951
0.004182078849092982
0.004165866074856947
0.004138913102379546
0.004139952327301437
0.00414236004738507
0.0041460605753910786
0.00414726556413192
0.0041676369655494075
0.004168926282656251
0.004169490609775267
0.00417052731373261
0.004171495515082287
0.004174801890596868
0.004175771478215888
0.0041770649624985326
0.0041773884587879085
0.004153748592921299
0.004122350769454033
0.004123881718605107
0.004126132227155249
0.004130241723505425
0.004143723491903517
0.004144928553117937
0.004145571539067888
0.004146134315438485
0.004147340779477197
0.004135130057714462
0.00413617332999405
0.0041371368179094125
0.004139877465508089
0.004140601107855618
0.0041449651573209146
0.00414665999186316
0.004147788400514512
0.004103471176807884
0.004110751202576036
0.004088005463063814
0.004043980175635401
0.0040597458983074345
0.00406175458628796
0.004062703465043492
0.004066581427900773
0.004027025740242993
0.004028616576833998
0.004029558612745803
0.0040304225327711446
0.0040316798052073295
0.004046668660313006
0.004047536993326359
0.004051894779518738
0.00405276465817471
0.0040343502177798635
0.004035453145002065
0.004036635522132156
0.003978890972873471
0.003922577675289175
0.003907208680562346
0.003908650630715351
0.003923373103585536
0.003924217467025422
0.003925753604764021
0.003927137157352142
0.003928060067655073
0.0039291373447461865
0.003930600309130168
0.0038860169726206524
0.0038873886156025957
0.003850258021747127
0.0038508623511272207
0.0038519959801900402
0.003853054636329079
0.0038082209798588167
0.003809342980854611
0.0037639558501539423
0.003745047479329153
0.003746446066158314
0.0037477720070771456
0.0037485090465483404
0.0037530414537024553
0.003757429006853413
0.003759135366056763
0.0037403334999176457
0.0037407754368822487
0.0037455326752227915
0.003747095932224916
0.0037613459145946137
0.0037374812945179517
0.0037187157571772957
0.003694460884241906
0.0036957732519383923
0.003696648681844102
0.0036984756853274017
0.0037000096557293586
0.0037016180377176227
0.0037158185539480503
0.0037164061744990027
0.003681330028913672
0.0036826533325672946
0.003668809614878542
0.00368631726682071
0.0036888045528872203
0.0036698079555222414
0.003670752808239935
0.0036610601715593794
0.0036633098269602464
0.003664399362737785
0.003652493487892596
0.003653435375049277
0.0036543777481097667
0.0036559736412843983
0.003671101880670708
0.0036723417728305088
0.0036133860068286302
0.003554621087862993
0.0035554690919395392
0.0035697871666133204
0.0035713496231958744
0.0035427053846063933
0.0035434811183278417
0.003544257191843055
0.0035580975392194695
0.003558947995757078
0.003560437273373667
0.003561004945132815
0.0035631857665587028
0.0035777592920734945
0.0035622777603627393
0.003563201790350263
0.003564055166689634
0.0035800486655016865
0.0035527079996601446
0.0035544118001555455
0.0035555485753374937
0.0035839196356354987
0.003551512288084871
0.003556197819985541
0.003557123190222331
0.0035613146760963446
0.0035623131822038355
0.0035768821779319413
0.003578553647689153
0.0035795578922182512
0.0035802755548936228
0.003581568073144487
0.00358322098294408
0.0035879330923290938
0.0035893740871852445
0.003590671972552246
0.0035919707968660986
0.0035938882795416944
0.0036115083992129555
0.003613198825772231
0.003589312940043293
0.0035699831306681648
0.0035710611109193934
0.003572355546861166
0.0035668640521483944
0.003571444564713951
0.003574012372165859
0.0035888982679472122
0.0035902015052290425
0.0036078137081002417
0.003608906036090503
0.0036100719152387948
0.003594116902205361
0.003548139660990426
0.003549932592459981
0.0035512246255128823
0.003552445742821762
0.0035572089211083208
0.0035241994989429885
0.003542354553590509
0.0035436458912976327
0.003544938170842262
0.0035498250808964666
0.0035513366555400745
0.003551768770482648
0.003553209913397372
0.003554219409486573
0.00355515731246488
0.0035310223625076805
0.0035117842479656133
0.0035127832721964366
0.003517813983355761
0.003458724444018263
0.0034598504454243363
0.0034616112910970617
0.003416441377669691
0.0033717264552312535
0.003356860172819094
0.003357886505396748
0.0033627915844111123
0.0033647127483205103
0.003365399410378085
0.0033321345140083663
0.0033335634756942118
0.003334516797901539
0.0033631953891895858
0.003364020342067029
0.0033707190352177474
0.0033242885560021106
0.003325377170523407
0.0033266708266708263
0.0033112354523367298
0.0033123889801280723
0.003329807008537999
0.003324067673489472
0.0033385581468026093
0.0033398595687018163
0.0033419851208806245
0.0032951649464977592
0.003297000539024492
0.003298491321305009
0.0032788145067656595
0.0032803656027087192
0.003282479466440954
0.0032545480379619694
0.0032564914117852385
0.0032576317103289853
0.0032620053275250545
0.0032647242139151847
0.003265935939090979
0.0032676203836873906
0.0032689017241057353
0.003269981527305473
0.003271264720519129
0.0032862554112554104
0.00329126296734871
0.003247751393869926
0.0032492968222770638
0.003254226162139146
0.00325550645155565
0.0032703265444208713
0.0032752711918428807
0.0032277885036777333
0.0032295289844337916
0.0031680342807357546
0.003125509505331463
0.003126872089919629
0.0031422122923151015
0.003134123406078197
0.0031362084344350814
0.0031376435014197853
0.003116968714845705
0.0030241877517595273
0.003039396554289284
0.003042686436808987
0.003043701426863798
0.003044717094312489
0.00304737860759393
0.0030490963008029453
0.0030158133391418682
0.00301682152980705
0.0030178303947767837
0.0030218171825247475
0.003022954914897686
0.0030237138792248005
0.0029937084726300617
0.0029951504381359254
0.0029960915990327754
0.0029975358617447775
0.002987870619946091
0.002988998543924931
0.0029940009072578623
0.0029952562864699207
0.0029302029302029297
0.0029311262358905407
0.0029320501236280087
0.0029088624199548386
0.0029102087472062006
0.002911433762990178
0.0029126598105184416
0.002914132431290997
0.002915667995551647
0.002916590111133533
0.0029179436028635504
0.0029190519399217613
0.002917505030181086
0.002933006979780968
0.002949022663417098
0.0029541073166014994
0.0029559830196894195
0.0028828210300909465
0.0028840422280788274
0.002885875966222701
0.0029017888701054497
0.00291882634657937
0.0029197556131653553
0.0029206854716408858
0.002923404328489398
0.0029248332280889236
0.0029258902693712107
0.002930928832236925
0.0029352229796882263
0.0029370976031823748
0.002937723009907495
0.0029388494134473466
0.00296870591721621
0.0029702884842872468
0.0029081788688761602
0.00284513925097904
0.0028502175226217414
0.0028514963297571983
0.0028530202162096122
0.0028041603913553943
0.00280566032737713
0.002806741275277232
0.002808364259759542
0.0028095676811208258
0.002814585929979612
0.0028162763357203603
0.002832094723029565
0.00282281812493098
0.002760061140303489
0.0027768902924810174
0.00277868291403323
0.002762118001412709
0.002745654956795744
0.002746719943849623
0.0027480227171931184
0.002749563952592554
0.0027508694258089952
0.0027528958640501565
0.0027689643891087067
0.0027699218870604193
0.0027401879474356692
0.0027248482675929224
0.002726086647353986
0.0027272671036067645
0.0026776754322183254
0.002678835829796804
0.002681558651772615
0.002682605431407234
0.002684526651495702
0.002685459143059766
0.0026875012285749443
0.002689137134451161
0.0026251167742750653
0.002641397386429704
0.002642835366802091
0.0026441596922435265
0.0026042396554462454
0.0026053755635244286
0.0026071950789874868
0.0025578353106577925
0.0025594002486824495
0.0025343623828472293
0.0025359148253482075
0.0024863370035534717
0.002487425997707843
0.002442827822454001
0.0024135695967885855
0.002414839924434431
0.0024161115900007816
0.002417703056631587
0.0023532291777821
0.0023583932902669284
0.0023602612012617935
0.0023614041597356935
0.002362496198655633
0.0023676263507033395
0.0023691925173667965
0.0023063949181128906
0.002308987092507723
0.0023107216770355573
0.002311436675454797
0.0023128168512749855
0.0023142498867216705
0.002316402772679904
0.0023176347925926845
0.0023195557906539907
0.0023205333772744253
0.0023221817028698257
0.0023232646897396263
0.0023244519778315258
0.0023297599195320133
0.002331107530333318
0.0023323528632376695
0.002287339386089691
0.0022885119100684746
0.0022906561455617795
0.002307175493316493
0.0022749585438052887
0.0022759753077748993
0.002293182938344227
0.002295029921045088
0.00231512426323145
0.002316368814296912
0.0023176147041591546
0.0023191739524631794
0.0022685253463116005
0.0022699517714114595
0.00227156753564769
0.002273099514742388
0.002274940619485806
0.0022767334439855362
0.0022259994677517646
0.0022270533734855664
0.002228309325083517
0.002229466052338283
0.002230875863975074
0.002232035258065625
0.0022338523831061125
0.0022353183313559843
0.0022367355564828543
0.002238611076937685
0.0022444226976277948
0.002245645205565316
0.0022659464603372835
0.002267439721423267
0.0022688317692751607
0.0022703288368817356
0.0022718278814451466
0.002277229871214832
0.0023096085100098585
0.0023111896394722355
0.00231647301108871
0.002317584333895757
0.0023193328543122766
0.0023209247093941656
0.0023376207154793775
0.0023396023854255978
0.0022767205352570074
0.0022781833539308456
0.0022799621628419413
0.0022816388753005385
0.00228253063226394
0.0022840009289811433
0.0022164123476278155
0.002218352895741033
0.002219938493024194
0.0022212188525112422
0.002154294512262179
0.002121759539056161
0.002122888291181763
0.0020551146384479705
0.0020568763149213984
0.002004071287268616
0.0019668929190087316
0.0019684456090307027
0.001986994579415054
0.0019880108267879967
0.0019898612149921043
0.001991019457841343
0.0019940108665381846
0.001995684825710709
0.001996895545207372
0.0019990411899033504
0.002015743544712623
0.0020054638783735764
0.001952353088690127
0.001969155071101252
0.0019711401064551846
0.0019396380787048667
0.0019405485573016723
0.0019462417554881367
0.0019474769997794834
0.001964302514683547
0.00196582834814598
0.0019674029002870663
0.001968979976760242
0.001987170195480915
0.0019892710691038944
0.001991057572084679
0.0019929415713959035
0.001994687447855361
0.0019966256439772254
0.0019984253871864464
0.001980161085205595
0.001981807691002273
0.001983221248556483
0.0019871212868285055
0.0019171717377963356
0.0018472916191248215
0.0018350937826995377
0.001835882222563211
0.0018374172411439495
0.001838998797682807
0.0018402748107258218
0.0018419495106038683
0.0017882118680545803
0.0017897137737798133
0.0017230042277471495
0.0017245780123457215
0.001726030096411159
0.001727734222255859
0.0016926321393575985
0.0016938157125749055
0.001695573715848879
0.0016975404535213149
0.0016985255343009587
0.0016997996236750564
0.0017050702403149315
0.0017065992659788106
0.001707509717112511
0.0016685100368327326
0.001669928562174968
0.0016754828648534133
0.0016769098139547823
0.0016782983223974902
0.0016795663209350428
0.0016807952419278978
0.0016823544592506833
0.0016272197957072226
0.0016284535631011208
0.0016298088803718895
0.0016314862136964574
0.0016370142504443783
0.001638460873082112
0.0015663190507781291
0.0015842175532288676
0.001585855672713717
0.0015873015873015882
0.0015889852906972655
0.001590515462462919
0.0015920879338165983
0.00154128829369987
0.0015430057128707625
0.0015442293191159455
0.0015460300132557373
0.0014735736289944784
0.0014239771898415232
0.0014250756915930496
0.0013895464248041933
0.0013907246232241874
0.001392704327123188
0.0013954147089206576
0.0013970557571208147
0.0013984554372782306
0.0013995070393115266
0.0014010170965907196
0.0014027418368799678
0.0014209546803480716
0.001422528828239086
0.0014239629013559157
0.0014251122433536806
0.001443128939152972
0.0014448432155554436
0.0014461956200932653
0.0013716552713767202
0.0013413118993889303
0.0013421967371171953
0.0013434238260913737
0.0013447215231703912
0.0013462272553760027
0.0013471185922738042
0.001348664083214359
0.001349903031540268
0.0013517657280114484
0.0013529757794316995
0.001354951078325906
0.0013562016100087172
0.0013574544521426743
0.0013587445097988857
0.0013659656880388028
0.0013675477655093135
0.0013736405339930936
0.0013749516316264676
0.001410948408701566
0.001334642989462438
0.0013361972292669463
0.0013373393077607122
0.0012958496503194241
0.001298094397424581
0.0013167355354002618
0.0013181057432989066
0.0013195475340955457
0.001320923603688158
0.0013218540742673277
0.0013251144891953544
0.0013270208295188025
0.0013331238050339176
0.0013348368824084762
0.0013368351936966516
0.001338065194532072
0.00133972047482431
0.0013409911215322605
0.0012983131598147026
0.001299203940713375
0.001300576762206666
0.001301883632581467
0.001303607205585123
0.0012429438422600905
0.0012445930525701245
0.0012461473057710703
0.0012254054389558339
0.0011642352607106096
0.0011033821060206284
0.0011091839003780299
0.0011109626263976124
0.0011363230939384211
0.0011372055449928146
0.0011384554894286279
0.0011394023950703409
0.00114056526916087
0.0011418226141822617
0.001143513656640727
0.0011446540880503148
0.0010698122205126822
0.0010711132731564062
0.00107276582307033
0.0010741905174906044
0.0010754146994446556
0.0010766709226408774
0.0010781060152693907
0.0010802511197725024
0.001081961544411382
0.0010836477643499027
0.0010848045253409975
0.0010860827944024264
0.0010879909227334288
0.0010893066549399004
0.001090835695740328
0.0010095164609053497
0.0010104074727861135
0.00101219422340112
0.0010136506179671647
0.0009917721694323628
0.0009935337052146642
0.0010137796187669698
0.0010151624816732551
0.0010170594524241158
0.0010186788833640614
0.0009783348721822743
0.0009799250810376557
0.0009816858043927867
0.0009834528664510384
0.000984671416368637
0.000986616254244143
0.0009880938924682566
0.0009897160109444288
0.000990809743749587
0.0009920184596761991
0.0009933147737817927
0.0009948408633966845
0.0009962297121475447
0.000997423244050166
0.000998676681994307
0.001000476871721507
0.0010069454396071575
0.0010087089673652982
0.0010103624459590296
0.0009688136113991625
0.0009707430176734876
0.0009721740470960032
0.0009738348244877472
0.0009756144727427431
0.0009791388227090474
0.000980648916048305
0.0009823927238805969
0.0010034649225258896
0.0010051966031959596
0.0010067277929128708
0.001008500357034559
0.0010097745391863039
0.0010113197182822279
0.001013676272502925
0.0010153234066020641
0.0010164344937052044
0.0010177589559826655
0.0010195706134235223
0.0010415427914536016
0.0010438703654042888
0.0010454278694558008
0.0010478355366792288
0.0010494049045450917
0.000911391898516362
0.0008430317064124541
0.0008444538161078813
0.0008462126700474926
0.0008479275682324592
0.0008496236803556095
0.0008513524457402009
0.0008528027906222114
0.0008749199768313873
0.0008761753571864696
0.0008775953276457817
0.0008789122312733509
0.0008807463327809488
0.0008824252859426884
0.0008845738942826321
0.0008859938875683018
0.0008876654707410614
0.0008890954151177199
0.0008906405163853028
0.0009330599395219752
0.000934918856099282
0.0009369020880126446
0.0009382191538325368
0.0009400398551858692
0.0009003639101518383
0.0009022887323943661
0.0008096018145161289
0.0008110325675334511
0.0008125711394966484
0.0008138835228172403
0.0008157176410842378
0.0008172740571137822
0.000818758163687916
0.0008205357427923756
0.0008219791466769013
0.0008235331816579612
0.0008254641228239223
0.0008278305685295537
0.00083169254274125
0.0008340886529414303
0.0008359829558973028
0.00083715087126504
0.0008385403106829819
0.0008402904600400034
0.0008421029696930082
0.0008436469997598934
0.0008451689791277156
0.0008526774950132613
0.0008545318746979481
0.0008560551044211174
0.0008029736496696559
0.0007273048822274542
0.0007296760814841923
0.0007310623736195366
0.0007326741492962766
0.0007344159830347677
0.0007362155388471179
0.000738073605455912
0.0007400159699495036
0.0007421192127671574
0.0007438558411901695
0.0007454992465699105
0.0007471244791134427
0.0006468953578424674
0.0006485350871183578
0.0006504288478935496
0.0006521988747272937
0.0006539559731049094
0.0006788819230369576
0.0006803901829416463
0.000681810275854872
0.0006838799720865319
0.0006851948959972035
0.0006871406534847849
0.0006884439761152091
0.0006908706379978852
0.0006933389932434824
0.0006210078069552876
0.0006224213970692845
0.0006246876561719142
0.0006267908309455589
0.0006285693760999966
0.0006304034582132566
0.0006321569194090237
0.0006342647964916097
0.0006364099207215072
0.0006625334305859471
0.0006643991759012057
0.0006661288745477658
0.0006682606829746797
0.0006700352844269047
0.0006711987979999508
0.0006736628719051681
0.0006762457812189796
0.0007031823669242928
0.0007065591196148315
0.0006206740896780018
0.000622876557191393
0.0006243142003102653
0.0006260909159899826
0.0005453876691653032
0.0005463647683667506
0.0005477846569339346
0.0005499494813848495
0.0005519401337492139
0.0005537526399835162
0.0005558787408700149
0.0005575003241280954
0.0005854343923191008
0.0005877512636652169
0.0005900169138181962
0.0005920195761139836
0.0005947188962017288
0.0005969436485195798
0.0006007208650380458
0.0006022645145748013
0.0006050094784818297
0.0006065752759917507
0.000608815650620992
0.0006112967642024615
0.0006136977334097047
0.0006168270416975081
0.0006199884268826983
0.0006228201295465871
0.0006257039169065199
0.0006281407035175881
0.0006304905216258249
0.0005913410770855334
0.0005943284088979454
0.0006255242319557584
0.0006282034808183779
0.0006310686574014314
0.0006336314281188347
0.0006379307845098808
0.0006412498542613968
0.0006445753127655212
0.0006478781988986071
0.0006497437942084201
0.0006531290820567629
0.0006560505755352777
0.000658939108036062
0.0006615248146978786
0.0005966406863633617
0.0005991929856497072
0.000601877247516304
0.0006047522812174658
0.000608525519557548
0.0006117770963045565
0.0006460551715548914
0.0006486604770389822
0.0006527620485717882
0.0005775225075552602
0.0005808309861396222
0.000583841195194907
0.0005862041275194732
0.0005886716986000902
0.000591533774147543
0.0005961130164951821
0.0005998159468875304
0.0006033556492272089
0.0006070585104613644
0.0005013033888109083
0.0005042355788624445
0.0002703022316828004
0.0002726374263026957
0.0002748149293210354
0.00027613820717268996
0.0002783576896311761
0.00028028869735827904
0.000282890432999169
0.0002852507532402703
0.0002877439079219495
0.0002900600061637752
0.0002919654750825715
0.0002942204078630404
0.00029670839128419105
0.0002989871809246179
0.0003015397372835039
0.00030406689471683775
0.00030693677102516884
0.0003100234455230677
0.0003129523138911709
0.00031569393473027905
0.00031829394445770674
0.00014057071711147257
0.0
0.0
0.0
0.0
0.0
0.0
0.0
0.0
0.0
0.0
0.0
0.0
0.0
0.0
0.0
0.0
0.0
0.0
0.0
0.0
0.0
0.0
0.0
0.0
0.0
0.0
0.0
0.0
0.0
0.0
0.0
0.0
0.0
0.0
0.0
0.0
0.0
0.0
0.0
0.0
0.0
0.0
0.0
0.0
0.0
0.0
0.0
0.0
0.0
0.0
0.0
0.0
