0.004300194079117625
0.004300194079117625
0.0043014305245841974
0.00430452163825063
0.00430452163825063
0.004308045922008119
0.004308045922008119
0.004308399198693536
0.004320763882683125
0.004320763882683125
0.004333128566672714
0.0043015986224992624
0.0043015986224992624
0.0043015986224992624
0.0043015986224992624
0.004290470406908633
0.004290470406908633
0.004293561577906031
0.004293641212181161
0.004262728928876266
0.004264123596764467
0.004254319623240494
0.004268000695578457
0.004271312910231164
0.004274625124883872
0.004288227286390991
0.004288306827630166
0.004288306827630166
0.004288545469053359
0.004300911987940125
0.004301680211083091
0.004283086022845593
0.004270956054781955
0.004270956054781955
0.004277219585197319
0.004277838014387176
0.004282325917637058
0.004284178272043789
0.004288587169188337
0.004288746321106737
0.004290062943480889
0.0042901425497777375
0.00428507216627241
0.004288164943400704
0.0042883240973689484
0.0042883240973689484
0.0042883240973689484
0.0042883240973689484
0.004303788556947945
0.004303788556947945
0.004303868425347101
0.00426505556321457
0.00426505556321457
0.004261962499101537
0.004262041595708985
0.004262041595708985
0.004248510707996249
0.0042487472664350465
0.0042611206710391905
0.0042611206710391905
0.004261199759362273
0.004261357944816255
0.004262753597312009
0.00422439248310726
0.00422439248310726
0.004225786815072527
0.004226572414465713
0.0041999656439707655
0.004212575478447608
0.004212731887888756
0.004228280872669621
0.004212888308945043
0.00421628641802419
0.004216364698903083
0.004218840206846369
0.004207778544020651
0.0042080910647087095
0.004208169202134477
0.004209022612238833
0.004221402220548026
0.004224575570511577
0.004224575570511577
0.004224732475024958
0.004244619776301545
0.004244845993689938
0.004244845993689938
0.004245003662776898
0.004245161343577105
0.004245319036091865
0.0041854988834817185
0.004199353993168423
0.004171723551460508
0.004172025984212494
0.004172103489385992
0.0041735745809984995
0.004173884757103512
0.004174427676239436
0.004187127019819217
0.004160722545535209
0.004160877201987856
0.004160954534525761
0.004162270935187444
0.0041623482965043816
0.004175248409556319
0.004175403626136908
0.004178656920445493
0.004181754986632579
0.004181910456657178
0.004184002695863193
0.0041871788901961205
0.004174862855844449
0.004175095711154608
0.004187568134505997
0.004187801715831016
0.0042003534026739215
0.004200978304152757
0.004201368962007257
0.004201603391596879
0.004214623014027828
0.0042149365962167035
0.00421517181348276
0.004199904623121065
0.004201535622000736
0.004198669191133883
0.004198825435219516
0.004202161059925933
0.004202708470876329
0.004179291552972528
0.004178284130824608
0.004197208173867517
0.004197364424637149
0.004197520687040806
0.004197833246755393
0.004197911393957336
0.004172924087657673
0.004176260190856825
0.004177579180371953
0.004177968118010941
0.0041781237133452056
0.004192169375230193
0.00419868969427579
0.004201485896401147
0.004214138328542185
0.0042094064856899194
0.004209798576310618
0.004210112301402471
0.004210582976723577
0.0042111322309600395
0.004180451283507561
0.004138518510629735
0.004139992467765376
0.004140069631570412
0.0041403783155572575
0.004141231227632568
0.0041271705480720785
0.004100832432953914
0.004101061811655835
0.004115432958682448
0.004118770884573604
0.00412226292226292
0.004122925660196503
0.004110646042610456
0.0040876324540124855
0.00408778495200551
0.004091275467478733
0.004091428121315063
0.004093053656462054
0.004082163656175185
0.004082392178118991
0.004082620725649817
0.004083941019894438
0.004084093451255289
0.0040853759694745116
0.004087001607300252
0.004087383070955964
0.004044203822977274
0.004028872044442782
0.004041771437581428
0.004032396946628237
0.00403247224815852
0.00400904293839472
0.003988574724950923
0.003988798203728258
0.003989021707549909
0.0039644884447350105
0.003938705191273843
0.003939367517215463
0.003949004781450544
0.003921196114827686
0.003921415949783946
0.003921489233580429
0.0039220756025735255
0.0039006340957852235
0.003901071623679163
0.003901217488123205
0.0039015092497377227
0.0039019469739939435
0.003905282535883177
0.0039057207572262727
0.0039062321397768324
0.003911108616847915
0.003911904019481193
0.0039136638382563935
0.003913810304970649
0.003914800318909907
0.003843759143656213
0.0038452946137623556
0.0038454385541173597
0.0038220172174313486
0.0038476945272789124
0.0038478386006141406
0.003848342942264972
0.0038499516833255887
0.003850376061882109
0.0038505923953999596
0.003828509233914637
0.003829011248837412
0.0038292264383944924
0.003815846132617713
0.0038159891178214684
0.0038170604360714703
0.003817489616638838
0.003778348920777705
0.0037786321765630546
0.003780522055375855
0.0037396369561252286
0.003739777161841083
0.0037524151128560303
0.003696521792438398
0.0036970069821507055
0.0036974922992476047
0.0037011037011036993
0.0037011731193590277
0.003703951818822765
0.003704438220900089
0.0037046467180420857
0.0037082605503658108
0.0037085388908398393
0.0037087476736178105
0.003709026087225919
0.003691228572024515
0.003692688018818642
0.003692965336132261
0.003696372056649191
0.003638507518028303
0.0036386441704551803
0.003641695077349797
0.0036421739147287145
0.0036427213116611732
0.0036429950718349004
0.0036436796523238294
0.0036232130477789333
0.0036236897415358065
0.0036366299999075033
0.003636971826993256
0.0036543032143543518
0.003627695805647405
0.00362663380473841
0.0036397880572290853
0.0036287748353665042
0.003632183454962549
0.0036452056754237485
0.0036462445073498673
0.003650420238356626
0.003651107376283846
0.0036515885267720794
0.0036519322833407884
0.0036377031199098598
0.003638045620909757
0.0036383881864107846
0.003610411569579868
0.0036107515906351863
0.0036122160203769784
0.0035642654961693253
0.0035648700302036906
0.0035683471875940496
0.0035293000014960437
0.0035183878493206602
0.0035082624013828183
0.003524796050063813
0.003524995457711519
0.003516956471111902
0.0035172217866520344
0.003517752537841193
0.0035182170765478953
0.0035188145209089005
0.003519279340157964
0.0035354720039064667
0.0035359391469474903
0.0035363396535336433
0.0035491259188138494
0.0035621826490751384
0.0035627208041001147
0.0035632591217526818
0.0035639322476257646
0.003564134234982289
0.0035674850581330834
0.0035677546787398276
0.003568226612879762
0.003570161046204819
0.003545228569328371
0.003545228569328371
0.0035489155174581563
0.003552805105200824
0.003553275417342438
0.0035536114308289666
0.0035667596841129925
0.003579776468539238
0.00358038606889149
0.0035490523285709474
0.0035494553094189744
0.0035088509878425838
0.003509183070425522
0.0035095816525064034
0.0035110767273912004
0.0035243674632334143
0.003497112138280584
0.003497575937469079
0.0034538916154515024
0.0034544807486585954
0.0034642851877826
0.003465942958483666
0.00346660009648463
0.0034386166734088454
0.003439138387363239
0.0034397907524733274
0.003440769764318708
0.003441990022056064
0.003455428588301296
0.0034317758034441152
0.0034335628633874243
0.0034342149130025612
0.0034377717001359024
0.003438359431558907
0.003438751364165046
0.00343920873181751
0.0034522037476906833
0.003453217398440062
0.0034664815156792944
0.003467206541760189
0.0034677999705384453
0.003467997825275168
0.0034682616667134603
0.0034449562823956428
0.0034297553734334244
0.003430146979976662
0.003387022852562737
0.003391539629355651
0.003347819950063033
0.0033482662410485677
0.0033272521699109115
0.00331340397080979
0.0033170855072476913
0.0033178442907945945
0.0033184768756466974
0.003321907909571175
0.003335255592335786
0.003335764529424284
0.003336146334181472
0.0033369102059594142
0.003337547033037404
0.003309994406172482
0.003269193292678676
0.0032697551813738505
0.003282925434691197
0.0032836780396241663
0.003284054471505512
0.003284870370067022
0.0032853098680044913
0.0032854354604454957
0.003285812295389631
0.00324263255334001
0.0031986297419458634
0.0032023070248463313
0.0032156734492593078
0.0032164118358148207
0.0032054214678803217
0.0031797376149096863
0.003120880803793626
0.003124549839081717
0.003134783088439804
0.00313532346476227
0.0031486351748415704
0.0031184025896061765
0.0031189403997682243
0.0031192392633557836
0.003106657684351968
0.003097027598523112
0.00309756211150347
0.0030982156557574697
0.003127826473054976
0.003131384567028132
0.003144659260802656
0.00314544399197437
0.0031458667017720938
0.0031470504060223535
0.003147654806031192
0.0031032596665880067
0.003103796222348468
0.003104913787976523
0.003107396597815772
0.0031080536789879357
0.003109992867534832
0.0031231714653824926
0.0031238923220227688
0.0031245533996592106
0.0031250944895092605
0.0031383448614608653
0.00313876768060035
0.003139311472644806
0.003139976363304627
0.003140399622202049
0.003140702019854644
0.0030872164326212446
0.0030879897238278746
0.003088584826877369
0.003082458000064245
0.0030852772958036125
0.0030856342228392218
0.003098906608558151
0.003074489835281411
0.003075082953931631
0.0030756169564126815
0.003079189260467122
0.0030797835723430683
0.003080794429213166
0.003094442620523617
0.003108097666512132
0.003121699255480847
0.0031257046041654603
0.003125946255886921
0.003126369236320525
0.0031273763033419695
0.0031408112097247205
0.0031458341392961698
0.003136185114245362
0.0031370348150871834
0.0031373991135541066
0.003138310230000775
0.003139282671004726
0.00314025571483921
0.0031415709146337535
0.0031551610527539835
0.003155650319829425
0.003133118771569275
0.0030884786430861537
0.0030899265622834986
0.003093819844241857
0.0030944803010476063
0.0030689021916240843
0.0030697363105291835
0.0030713883518574524
0.0030660396987224853
0.0030669926433247417
0.0030221363671267512
0.0030244305130611364
0.003025548749220173
0.00302707927681193
0.0030402189653959133
0.003040810240623537
0.003041579242337925
0.0030452361496371002
0.003045828746381406
0.0030465994670374245
0.0030189350856653432
0.0030199344605233154
0.002981094660259461
0.002994779707748985
0.0029953049029432517
0.0029962974410667536
0.0029974075270854
0.0030144210363047532
0.003015126728035682
0.00301583275025623
0.0030200278663123437
0.003037005426743611
0.003040971890933811
0.003041981785877079
0.0030424572626909395
0.003043051817772369
0.0030570356221306266
0.003057752899376551
0.003058889276982187
0.0030597271484751683
0.0030604456894599568
0.0030644269765768397
0.0030649669319938334
0.003045866084832211
0.003062903252883277
0.003016249308445779
0.0030169586108366024
0.003017668246905561
0.0030180823554671827
0.0030189109136477565
0.0030197399268836254
0.0030219959898569173
0.0030262161783260904
0.002994936292273919
0.0029628528224392415
0.0029768803700637517
0.002967288517057605
0.0029090180683363715
0.002880382165843646
0.0028383379783631516
0.002819725147530141
0.002820224508536197
0.0028245600714646604
0.002825728164444195
0.002826396080020411
0.0028274542590095613
0.002766805466791672
0.002767459957627318
0.002768654095703826
0.002743336564545339
0.002744202653437066
0.002744635902987656
0.0027451776573406204
0.002746099130737299
0.002746749955092341
0.002747618200924403
0.002748052529711919
0.002762044059431102
0.002720025909491893
0.0027237518962025093
0.0027388394623497894
0.0027398693253944694
0.0027402489438830046
0.0027091694312695674
0.002709920532761493
0.002655815515335363
0.002656657495367173
0.002631124400762267
0.002631959098698466
0.002632481053899001
0.0026334733393416883
0.002590746026392144
0.0025926860454237454
0.002583532321095349
0.0025840452931232055
0.002561716574227744
0.0025624798985943195
0.002563141814438334
0.0025673207068555902
0.00258715200263572
0.002588786250203573
0.002589713133930821
0.0025903829628387436
0.0025910531383386026
0.0025917236606994745
0.002592342912514945
0.002592962460322202
0.0025969024235921977
0.002597782168146043
0.002599654860150016
0.0026016579742179405
0.00253947990813192
0.0025401385789247154
0.0025423309991408336
0.0025430923432480652
0.0025438541434866864
0.0025443622639212274
0.0025483021467197914
0.0025494227273159904
0.002563619173300655
0.0025784919936452056
0.002579111029815255
0.0025796787408057494
0.0025850721401072686
0.002589237444972983
0.00258985972070028
0.002590637986102366
0.0025925448828965506
0.0025935842914894727
0.0025665487291878534
0.0025675270308741388
0.0024614690639135207
0.002462111435492412
0.002476140754488578
0.002476886789745826
0.002466960183840482
0.0024677038563973583
0.0024683487353852804
0.0024693662824706868
0.002469813181657138
0.0024704589883502524
0.0024712045697116714
0.002439274524293544
0.002409616608763008
0.0024102959480944894
0.002411072805093996
0.0023798008179935545
0.00238018454852413
0.0023843608052330346
0.002385274574552076
0.0023861890445154832
0.0023869596685130658
0.0023875861671137253
0.002388405930909919
0.0023420844012406964
0.0023430311570015665
0.002296612943600408
0.002297937336160852
0.0022990067281186796
0.0022998908898836023
0.002301939221091259
0.0023161409417333583
0.00231670400018522
0.002320879714739275
0.0023214913144370694
0.0022917819316627024
0.0022928047372717214
0.0022935491695003857
0.002308154868249069
0.002309373881585947
0.002310077744396549
0.0023108759744395334
0.0023117687669630565
0.002312897491414427
0.0022662123581981934
0.0022670889647008865
0.0022818228199741213
0.002286242178645178
0.0022871743494755803
0.00228834063251833
0.002272501997003037
0.002212453913286974
0.0022134029794125794
0.002196963947607566
0.0021536619553790435
0.0021546309226786946
0.0021073004054860903
0.0020873582569267647
0.002088640234278655
0.002089581352254162
0.0020904852630007804
0.0021046602284691663
0.0021053504931746185
0.002106257153012956
0.0020589987789987776
0.0020770301225070545
0.0020439172342584925
0.0020443789846759587
0.00204492495876694
0.0020458075331988637
0.002029556785293276
0.002034029139005378
0.0020352852036020345
0.0020394295598150296
0.0019956778624351692
0.001996335864079593
0.0019970766347727313
0.0020114832479503656
0.0020256904378846527
0.0020266937102134575
0.0020273631107205264
0.0020279073243206287
0.002028409934723831
0.00198229043683589
0.001986801252935952
0.0019877463508412184
0.0019367621254530807
0.0019377243124370977
0.0019384867220858097
0.0019394506238247162
0.001953991677918057
0.001954842525477231
0.001955937561746689
0.0019566682677387907
0.0019572776065810704
0.0019284008130201911
0.0018948064273195705
0.0018955548955548942
0.0018527817974538848
0.0018537457436982939
0.0018820809752799668
0.0018860609377850746
0.0018869253463645352
0.0018878298938325188
0.0018888140817489765
0.0019031925481385235
0.0019039073771566874
0.0018789955495381034
0.0017820972904603796
0.0017826928987708544
0.0017836988910850879
0.001784482114853259
0.0017863990255280956
0.0017873710120230987
0.0017884938500580835
0.001682438593235928
0.0016833202081268479
0.0016839908536280936
0.0016844146946080746
0.0016435697395274275
0.001644467110657787
0.0016453654622331346
0.0016461955814488923
0.0016470611801351102
0.0016478236603228713
0.0016484480330391288
0.0016492812663912683
0.0016195030541235433
0.0016202539776211452
0.001576592179387937
0.00157702443217881
0.001577823060351757
0.0016067369758602419
0.0016094014720736596
0.0016101158393648507
0.00161106931616417
0.0016119215894915243
0.001612774765020017
0.0016138339578024334
0.0016145180466319879
0.0016153397191609156
0.0016162308087115007
0.0016170885532126957
0.0016178441218262813
0.0016187035800295465
0.0016339114850703192
0.0016343632546282644
0.0016350935641939125
0.0016358245267239406
0.00163627735494351
0.0016372535292721079
0.0016385103233156448
0.0016390695179995972
0.0016396290945004293
0.0016410406539766563
0.00165594330499193
0.0016564031516823408
0.001657217352543376
0.0016578551117708315
0.0016589546263073274
0.0016634099751594445
0.0016644788444218684
0.0016655490882294998
0.0016665492249356361
0.001668372527268232
0.0016692318855687522
0.0016703073291854315
0.001671577956494157
0.0016728359981773586
0.0016736997503332127
0.0016748167512430153
0.0016757186450239755
0.0016264393120655376
0.0016138204872360251
0.0016148648509837513
0.0016158059347284699
0.0016168877918337956
0.0015865470685919238
0.0015227799227799227
0.001523537573897753
0.0015239991220775849
0.0015389245875414106
0.0015395577664141296
0.0015405252024970333
0.001541193108502885
0.0015421960541266396
0.0015428654100529098
0.0015472209987820735
0.001548397643828189
0.0015491718426501031
0.0015499468160581323
0.0015507900583631778
0.0015517355796948163
0.0015524116582847844
0.001553528476856941
0.0015541044349872365
0.001555155811751844
0.0015560726867391201
0.001557024662688008
0.001557603216583348
0.0015582162718803653
0.0015595120858278748
0.001560126644961463
0.0015612203913222642
0.001520811739789842
0.0015217457149332657
0.0015229482270771204
0.0015240856793478546
0.0015247220547853458
0.001540286717409219
0.0015558356408942754
0.0015566918882200878
0.0015575490785287925
0.0015587163734495494
0.0015610116750314795
0.0015249610722008233
0.0015257353520891348
0.0014604759485362109
0.001461186061270045
0.0014620261762076409
0.0014348088115678172
0.0014508755556258603
0.0014513898339415078
0.001401001228040721
0.0014165066124066884
0.0014173870942507452
0.0014181111664620099
0.0014196562246546686
0.001420698672651233
0.0014230053593295277
0.0014234173469842265
0.0014244324875035822
0.0014406387164484782
0.0014418287687471228
0.0014427306565903174
0.001443246527833204
0.00144450551089184
0.0014457019628159743
0.00144660870418548
0.0013950609378668548
0.0013955926517861816
0.0013963126749129444
0.0013969080372437572
0.0013677538556288334
0.0013211646273173334
0.0013220555603723724
0.001255579729473505
0.0012039836195621878
0.0012046344801547974
0.0012053132086487207
0.0012062103022453061
0.0012072177237749122
0.0012077629769190485
0.0011744719126268643
0.0011754811601038509
0.0011762791604840893
0.0011809057960465376
0.0011814944161954609
0.0011864816662132342
0.0011873430740841576
0.0011498948451424506
0.0011368969223549358
0.001137697790503026
0.0011382409554555237
0.0011388623508181307
0.0011394844250231385
0.0011403668610301262
0.0011408605825832668
0.0011417191158137978
0.0011426571724179903
0.0011435967717374751
0.0010761292879407976
0.0010765723522190962
0.0010772622889534838
0.0010780024888726017
0.0010785706647111844
0.0010792136720780211
0.0010800061190148385
0.0010815900062001976
0.0010831016231204664
0.0010836494616239414
0.0010844722592916417
0.0010853212980872556
0.0010860715547567476
0.001088309891630159
0.0010765347738430522
0.0010270861243282365
0.001027703306523682
0.0010284163621505774
0.0010289875194767128
0.0010296069895958755
0.0009762577814850861
0.0009923026986923865
0.0009931316131427514
0.0009977629674353082
0.0009999148019920845
0.0010005890376984128
0.0010011244232484202
0.001001776970769219
0.0010024537209591255
0.0010031313861239967
0.0010038333838749058
0.001004559814494919
0.0010051933693053967
0.001005921770297647
0.0010065570447298047
0.0010071224071083653
0.0010118280829136902
0.0010129431626336523
0.0010135848525374817
0.0010145131745808089
0.0010149660503254
0.0010156580617858655
0.0010008314116742752
0.0010013733568765943
0.0010020339089531261
0.001003168313718091
0.0010039260115970766
0.0010050172097382706
0.001005968007694552
0.0010225336110585117
0.0009680373949845242
0.0009136534281762498
0.0009144339764430419
0.0009152593366745051
0.0009164565793020344
0.0009173074328881696
0.0008861362553596953
0.0008867699642431468
0.0008874257496600589
0.0008883369949374346
0.0008888676495185302
0.0008892713711990823
0.000889973444340774
0.0008907832666842271
0.0008195935582822088
0.0008201832222168932
0.0008209707619184792
0.0008219375615852342
0.0008025270381861768
0.0008031838496658083
0.0008198235091015667
0.000822182037371911
0.0008231148015834703
0.0008279572490556618
0.0008324267698134495
0.0008332325065537407
0.0008500847662872367
0.0008507028599127485
0.0008513012054037012
0.0008517970247773436
0.0007813891722942883
0.0007819970502909192
0.0007828725337487021
0.0007834636399801902
0.0007879452499898462
0.0007884832670844816
0.0007890605298907518
0.000789870119294817
0.000790623369848722
0.0007912424954320021
0.0007922894715347547
0.0007356547327121138
0.0007378323108384459
0.0007383577679002645
0.0007389566129243676
0.0007397747869661854
0.0006995590807202504
0.0007004044589128934
0.0007010268562401264
0.0007016156924749247
0.0007021881567560885
0.0007031095266389385
0.0007035624040033692
0.0007040333176330599
0.0007046621839565294
0.0007051520794537554
0.0007058180281830157
0.0007060988041073072
0.0007070656774386297
0.0007075765503151706
0.0007082824151432776
0.0006674489634567531
0.0006680160257211158
0.0006686676671669168
0.0006150893006175931
0.0006156442127773323
0.0006163237999665496
0.0006167880157335342
0.0006174701318721828
0.0006180915479964441
0.0006186830529532252
0.0006191820412003898
0.0006197443659603095
0.0006205897707943886
0.0006212489041742532
0.0006216419106421383
0.0006222244735997838
0.0006228870858688303
0.0006233137966322449
0.0006244764298225573
0.0006249841213383806
0.0006273312987453375
0.0006277463904582549
0.0006285782240116882
0.0006292517006802721
0.0006298622814633234
0.0006305707517425908
0.0006311515957900483
0.0006317982343800693
0.0006323651310448553
0.0006372423231545634
0.0006380773743758405
0.0006388981793545843
0.0006396387114499623
0.0006401498552144288
0.0006408271401045968
0.0006586083991941732
0.0006633413451184106
0.0006642168279764677
0.0006653015025445621
0.0006703166489357102
0.0006712048777108017
0.0006720255282987782
0.0006728306637148935
0.0006737958615892889
0.00069217709285621
0.0006929191507164523
0.0006936264886794922
0.000694590060809394
0.0006954650430401008
0.0006172839506172839
0.0006179332106231923
0.0005792217366120793
0.0005800464037122967
0.0005805362043487438
0.0005830184857371836
0.0005835735505425822
0.0005842998111175836
0.0005895715662096822
0.0005905110975361432
0.0005913435111796725
0.0005920205920205919
0.0005928414615719629
0.0005934110906486595
0.0005942834741081291
0.0005953815529907433
0.000596083898585306
0.0005969481362151517
0.0006021991020781245
0.000603058367434848
0.0006082659478885893
0.0006090210683506953
0.0006098275007881817
0.0006106856457301616
0.0006116622395692163
0.0006122098333378547
0.0006128748992875442
0.0006135747754606342
0.0006145606390704429
0.0006154993090406574
0.0006209596649367203
0.0006220811441914769
0.0006230529595015575
0.0006238223295464939
0.0006245764419290437
0.0006299342557698125
0.000631080001102323
0.0006320554221523004
0.0006327539996131634
0.0006337696842221791
0.0006347886347886347
0.0005707730876326329
0.0005713121660786873
0.0005769837294298806
0.0005779004190242588
0.0005786100335817076
0.0005794023399657202
0.0005802455315496847
0.0005814660048050406
0.0005825770134966796
0.0005837251424120423
0.0005848448092672515
0.0005854723783168139
0.0005862172962376535
0.0005917662381788323
0.0005925211918464548
0.000593311758360302
0.0005940200090950432
0.0005951194510094251
0.0005961549432369216
0.0005973818098668038
0.0005981340507126094
0.0005988881884348673
0.0005998507548361173
0.00060126582278481
0.00060207991242474
0.0006041540400396355
0.000605062095942808
0.0006060430599384305
0.0006068864213995109
0.0006079969019266143
0.0005799968963376784
0.0005808927096993539
0.0005819611506870644
0.0005827608049505432
0.0005838190356246765
0.0005849154415720335
0.000585654405139656
0.0005865505335844318
0.0005875186669810578
0.0005886290259075517
0.0006093052145878315
0.0006103522858581967
0.0006113122440500919
0.0006125118934348239
0.0006140089418777943
0.0006147785603437984
0.0006158445440956651
0.0006167110738556417
0.0006180061800618006
0.0006192136587711914
0.0006205566935775394
0.0006214927894768599
0.0006228080783649776
0.0006239588066030592
0.0006251137949869514
0.0006465801181680906
0.0006677830212614806
0.0006695361071257771
0.0006710314303779394
0.000672100672100672
0.0006736281736281735
0.0006745397137819329
0.0006759533201840893
0.0006770592169573493
0.0006785253931425624
0.0006795976121129494
0.000681138266927528
0.0006827284234991387
0.0006837073981712385
0.000684838833900563
0.0006860383889566586
0.0005936330762316841
0.0005946958989016972
0.0005956875576810135
0.0005969270866174833
0.0005982095839915745
0.0005995735427618385
0.0006007149353808406
0.0005540195548775967
0.0005549012742570371
0.000555803523985632
0.0005566376108219718
0.0005573316283034953
0.0005584921779059213
0.0005059418755147666
0.000506966773847803
0.0005079467353951892
0.0005088647904294691
0.0005098521105505973
0.0005105785837651125
0.0004436653248495867
0.0004447481749053555
0.00044560373872405186
0.0004465793113964863
0.0004477644540549987
0.000448793730023206
0.00044973893203457515
0.0004508367970794573
0.00045213440522270384
0.0004531538402024825
0.0004541929766256786
0.0004549489569462939
0.00045585946186346466
0.00045709444017079734
0.0004587053321697882
0.00046007967233350176
0.0004610264021949356
0.0004620707531753278
0.00046332395384841407
0.00046450501892008255
0.00046589850230676586
0.000467012939675597
0.0004680044745793668
0.00046919344502426084
0.0004700487245629121
0.0004712318690665013
0.00047225773753988286
0.0004732225300092337
0.00047433939562219456
0.00047551117451260117
0.0004766721309569485
0.00047777195129056703
0.00047912868695367656
0.00048040869891263603
0.00048201836372400346
0.0004242531377054977
0.00042533583808882435
0.0003199317478937827
0.0003212679374598415
0.0003458062054327348
0.00034684846310249973
0.0003474593532463487
0.00034857445069474497
0.00034967142943268827
0.0003505209466482946
0.0003515535028063668
0.0003528109298392886
0.00035390886236606387
0.0003549745397571485
0.0003561122367532388
0.0003818533436803272
0.0003027719077101793
0.0003036048428070436
0.00030504507196573534
0.0003059134951553291
0.0003073063656318595
0.00030816447178093906
0.0003091443641089702
0.000310177624166002
0.0003110281702657069
0.00031210986267166043
0.00031349968010236723
0.00031462290197891384
0.00031548584820623757
0.0003165374677002584
0.0003176208255548641
0.0003185872929182596
0.0003198099415204678
0.0003205757278377494
0.00032145903037459814
0.00032253817798841495
0.0003234964019277745
0.0003250932155036291
0.0003262099727048798
0.0003270198481026175
0.00032820265509249955
0.0003295136647299333
0.0003306476645478224
0.0003322078943443301
0.0003334013744301558
0.00033505648094964575
0.00033643679107961877
0.00033775866109709527
0.0003389361554956076
0.0003402494236591395
0.0003417301308338215
0.0003431660923887161
0.00034422198805760445
0.0003459279340336609
0.00034726651642074524
0.0003488239649182755
0.00035011003458229725
0.0003518295134700442
0.00035333650615093957
0.0003554124234775292
0.00035702835825245544
0.00035902170249556715
0.00036075036075036075
0.00028859388180970557
0.0002899197145405887
0.0002918331612265972
0.0002933212996389891
0.00029499863846782243
0.00029635708749373087
0.00029770083356233393
0.0002991807051459081
0.0003314525329140073
0.00033361263693634975
0.00033559665964255045
0.00033703285678454974
0.00033843344666918516
0.0003404753986729377
0.0003419700656900637
0.00034342853491789655
0.0003456313801141387
0.00034759271833672835
0.00035039684479864396
0.00038566950585068843
0.0003880192853840565
0.0003905146484537281
0.00039280580349680737
0.00039562289562289555
0.0003977522764970718
0.0004353170132131517
0.00043884557798544064
0.00044185683838436347
0.0004449562895880228
0.00044779264566431354
0.00045119167684059663
0.00045491035590045493
0.000458963282937365
0.0004614298897996851
0.0004640751255732693
0.0004675210384467301
0.00047159343098091434
0.00047547127594115343
0.0003578154425612053
0.00036036036036036037
0.0003633998928926631
0.00036642752449278715
0.0003706738460337898
0.0003740672927371882
0.00037725359383686757
0.0003803118557216918
0.0003836756123664708
0.0003871703957288992
0.00039094650205761313
0.0003949939711446509
0.00020998698080718997
0.00021149250259078317
0.00021360674997329918
0.00015163330733905205
0.00015376166941241074
0.0001553794588355419
0.0001573175116864437
0.0001591632560254661
0.00016080863772111186
0.00016212710765239945
0.000164261410301537
0.00016714422158548231
0.00016900864358491475
0.00017255830005423258
0.00017509630296663162
0.0001771030993042378
0.00018012454325562244
0.00018343815513626832
0.00018616031062177542
0.00018927103612372917
0.0001922495949026393
0.0001960949099364092
0.00020025174505092114
0.00020437359493153483
0.00020930510704461185
0.0002141262121073078
0.00022012578616352197
0.00022660321776569225
0.00023152741946153333
0.00023909553574478256
0.000244995100097998
0.00025315540125131096
0.0002601553499089456
0.0002678605594459113
0.0002742194539115446
0.00028675597066896066
0.0003007648019248947
0.0
0.0
0.0
0.0
0.0
0.0
0.0
0.0
0.0
0.0
0.0
