0.004351023237188055
0.004351023237188055
0.004352261450940895
0.004317547243941626
0.0043243574195822474
0.004314266507802911
0.0043155047445537775
0.004327887112062445
0.004303741495420542
0.004303741495420542
0.004304175221168477
0.004304175221168477
0.004316557818665954
0.004316557818665954
0.0043177960784157015
0.004332816149967921
0.004326005468342521
0.004326005468342521
0.004326005468342521
0.00432105224534223
0.004309907493591575
0.004311145799341648
0.00430062020046603
0.004272758321089393
0.004272758321089393
0.004275668152999305
0.004276906481750822
0.0042496632492174495
0.004250980539640331
0.004251059504245222
0.004250396089196845
0.004241265846816447
0.004243821522898633
0.004243979200786868
0.004244058044124923
0.004215572249866668
0.004146215533411786
0.004146215533411786
0.004146292561957561
0.004148304500371383
0.004148304500371383
0.0041328222275737354
0.0041360723680549764
0.004151632351067525
0.0041446313524127
0.004144734575235679
0.0041448115862831566
0.004117017402288401
0.004132578187727021
0.004132681416303995
0.004133112140804875
0.004133188941610227
0.004133188941610227
0.004137524702969922
0.004140621675369704
0.004132380879570323
0.004132457669641301
0.004132457669641301
0.004132688056978627
0.004132764858466399
0.004132764858466399
0.004132841662808767
0.004152081720985395
0.004152158888619506
0.004156849461276477
0.004157081242931474
0.004157081242931474
0.004171555802536063
0.004185164587580944
0.004185164587580944
0.004185242380190242
0.0041604587720686535
0.00416053610689099
0.004120338584156269
0.004120692648863364
0.00412092245289256
0.004136567440590343
0.004114362569151385
0.004114745037272785
0.004114821539430173
0.004127293074025433
0.004101339766221514
0.004101416023398805
0.00407670084141766
0.004065695884215779
0.004062596838721792
0.00406267238116101
0.00406297457901363
0.004063276821826969
0.004063503533448481
0.004066413207708053
0.004041690019817461
0.004041840369122565
0.0040544664770404614
0.004068258442409746
0.004068258442409746
0.004068334119675315
0.004025229234515984
0.004029399647841263
0.004041953614014789
0.0040016405364524275
0.004004816056169669
0.004004965091990377
0.004005188666521006
0.004006107121337133
0.004006107121337133
0.003979581623159245
0.003982831564161124
0.003989257922887805
0.003981340957163168
0.0039822578586236595
0.003938971828623919
0.003939339553100303
0.0038991506338293134
0.003899368410752991
0.003900206828897947
0.003913604110978655
0.003916926286670429
0.003917291011542086
0.003932956677160046
0.003933322942449407
0.003933689275963652
0.003934676641457564
0.003935043169323559
0.00393533644078631
0.003897552177751174
0.0038990849621614535
0.003900545286442195
0.003920166883992664
0.003923419274271942
0.003923565525899037
0.003930399564380887
0.003930653482377619
0.0038935925462665064
0.003893810292475566
0.003906529194560513
0.003889346769261752
0.003889781892243154
0.003890072028323281
0.003882014688012113
0.0038964573633826338
0.0039002599828784077
0.003901794370124718
0.0039052670835327363
0.003909108369596391
0.0038860582576531514
0.003886203276060348
0.003889603378313957
0.003889966316018381
0.0039026261003790755
0.003846852530105296
0.0038469961309985936
0.0038472833649508455
0.0038475706417986457
0.0038510479052230482
0.003851263593814559
0.00383606396321346
0.0038377386229047185
0.003841209440858352
0.003839922826531718
0.003840760575911863
0.0038533562684632933
0.0038538560131506916
0.00379831559565909
0.0037549359598457207
0.0037552165873230084
0.0037287149903465883
0.0036895447961090627
0.003690314448850074
0.0036904523813268107
0.0036763306882545825
0.0036767429870233586
0.0036896868089734422
0.003669548046277275
0.003669753857642954
0.003669959692096324
0.0036736939386676636
0.0036645497018762507
0.0036674546287772864
0.0036407835027518543
0.003640851599329106
0.0036410559043457157
0.0036300366777929005
0.003602112553232143
0.003605432660320974
0.0036055675638853053
0.0035777727403232553
0.0035782413769352623
0.0035789990598276665
0.0035800247804065656
0.003553598943570304
0.0035552460160760252
0.0035566937004654613
0.003570756134738684
0.0035710904251197825
0.0035400166789898266
0.0035657399196725023
0.0035394287229768184
0.003539693908316069
0.003540091760840326
0.003541672350335256
0.0035419377783494454
0.003542269619319535
0.0035371377405631413
0.0035386497547747957
0.0035527263124586596
0.003553192497068325
0.003553392327926942
0.00357879033845061
0.0035560002802933854
0.0035561336386387933
0.0035565774876404224
0.0035569110064130587
0.0035571111477030884
0.003569883039796004
0.0035703518359929565
0.0035740819439408445
0.003574283138203352
0.003574350207991279
0.0035778133118947943
0.003578014750224043
0.0035795717079852127
0.003580265512915585
0.0035811608259323485
0.0035253030014478766
0.0035287636463134995
0.0034850793564081316
0.0034890316416730043
0.0034895204144175904
0.003490044769933572
0.0034821015886460304
0.0034824940855374804
0.003489411753222349
0.003446021840023304
0.0034194716266624085
0.003420178713433844
0.0034212555260140277
0.0034215771693208506
0.003425853019654733
0.0033857843773023094
0.003389110137530239
0.0033896839254351613
0.003381541348389265
0.0033851559423108946
0.00338679273642295
0.003388557450216367
0.0033890039508968793
0.0033897058326105814
0.003390088799733478
0.0033902164746717977
0.003391163450485483
0.003391482799148303
0.003395133382700959
0.003371654249557829
0.0033857247499691477
0.0033862351382937766
0.003395976793195245
0.0033961687973108777
0.0033968729981925065
0.0033995785979875543
0.0034127894216134484
0.003416382787493478
0.0034168982539470247
0.003417349414708651
0.0034303774126065085
0.003430830472773076
0.0034310894180320734
0.0034489826149415054
0.003461826621002896
0.0034623494469447893
0.003463436407511626
0.0034767456528263263
0.003480024536284095
0.003480353175325409
0.003483830035085204
0.0034973109435165223
0.0034980378703216067
0.0034993950881006485
0.003499659657634971
0.003500422017575404
0.003504396028688061
0.0035046610414326963
0.003471851649028541
0.003476460946866755
0.0034931739970228406
0.003462564773754906
0.0034521727444944052
0.00345249929608021
0.0034529565721028504
0.003454610170477328
0.0034551332297230045
0.0034679475550884104
0.003441404785465362
0.0034192708230878477
0.0034493907186061924
0.003450044024676119
0.0034232860630299673
0.0034376977258477677
0.003438720093071254
0.00341826706444977
0.003431354934216624
0.003431615072568788
0.0034320053540616118
0.003449849735683194
0.003450808847194822
0.0034512014827946017
0.0034201794462776166
0.0034156772837753845
0.0033874183785030164
0.0033879967762226945
0.0033898403936354587
0.003390162040887915
0.0033904194026416023
0.0033909986094793035
0.0034045900053760155
0.0034055461494416407
0.0034058694955753487
0.0034314493199351804
0.0034318403608635502
0.0034321011043331393
0.0033886818822125558
0.003382826316557477
0.0033969258959279667
0.003370065226803434
0.0033468125966699823
0.0033504914443258345
0.003351001276782079
0.0033643217371624634
0.0033647058067698106
0.0033651539988241463
0.0033670633307107665
0.0033631610581776167
0.003363801367571071
0.0033646341343776145
0.0033681287795103336
0.0033688987255109074
0.003304252539301216
0.0033046932742054674
0.003305134126699501
0.0033058901475439455
0.003265274287199928
0.003278860001340737
0.003247322939495656
0.003250749657249998
0.003251617946165202
0.003255046168612279
0.003257561297263527
0.0032609292960143334
0.0032612405603127574
0.0032623751549172527
0.003262935861045282
0.003222503877584088
0.0032358542444502294
0.0032395330014832486
0.0032405235707609254
0.0032207540656198773
0.0032211234887587364
0.003221739382351233
0.00322241713738969
0.003222663664472975
0.0032038441028494555
0.0032167805414166114
0.0032057938044277906
0.003209657909416795
0.0032102066912132895
0.0031712643126778715
0.0031579547515916866
0.0031617504630581626
0.003161992626808325
0.003166581741156159
0.0031671275571378958
0.003168312069758288
0.0031690405150447652
0.003172780895837768
0.003173084924364171
0.0031475565787787816
0.003151053395479518
0.0031517180217134166
0.003164804589622888
0.0031662938689198416
0.003153745672448911
0.0031541087004980763
0.003154592867924663
0.003156538308635033
0.003149526405563567
0.003150375843613947
0.003152018872064952
0.0031566470673774693
0.0031583520845910366
0.0031592623599540656
0.003161393711258212
0.0031616975395086307
0.0031635870281671538
0.003167765567765564
0.0031683139297918744
0.003168557707192362
0.003170388937444227
0.003139825681826718
0.0031401882692372878
0.003141142875477265
0.003141808192449388
0.003143082769038582
0.003133293154675903
0.0031341988005314627
0.003134440394519016
0.003106192651498252
0.0031097647733792284
0.0031103643616899154
0.003110844198836174
0.003111384192621653
0.003111984405629991
0.003101187604805547
0.0031015466840164318
0.003085524610863293
0.0030877049775569136
0.003088420400308563
0.003077726764376947
0.0030944791709787336
0.0031077781396572665
0.003121321962993941
0.0031218045887830737
0.0031226495431425317
0.0031230118064743606
0.0031269598755625763
0.00312762523765309
0.003083145611925719
0.0030835632368199388
0.0030843391261469234
0.0030399183840283416
0.0030408013967270333
0.003041684922556591
0.003042451060353871
0.003043627646848387
0.003047625201143322
0.0030511515129136506
0.0030522118757412846
0.0030549206657031706
0.0030557503079859556
0.003056817653289814
0.0030572922683548566
0.003058301314882814
0.0030620126367699157
0.003062666798610395
0.00306443770440196
0.003006884745761759
0.003007702850286803
0.0029631628733529872
0.0029636813822064506
0.0029642000725541456
0.0029667079975427713
0.002970354849878546
0.002970932897372003
0.0029717425419364197
0.002972205394135148
0.0029731315312058453
0.0029737685853158105
0.0029746377355589757
0.0029753914101689326
0.002988908860253887
0.0029790467975299305
0.0029796277348929433
0.002980615848571292
0.0029811973981095767
0.002981604617829882
0.002936416411240764
0.0029082207866300298
0.0028829214884128146
0.002899987828885744
0.00290038441229173
0.002900837783309107
0.0029016882361030567
0.0029152880239794233
0.002916029087789512
0.0029165993932965015
0.0028750680200324125
0.0028902394510518462
0.002904192917306514
0.0029056715726907224
0.0029061268465475423
0.0029070378224016384
0.0028676157392618575
0.002882383785433807
0.0028976429146993954
0.0028853647654267325
0.0028863836289044703
0.0028903903329946246
0.0028946593086649195
0.002895487781536893
0.0028958857007781126
0.002843284182522549
0.0028443455680282254
0.0028449604166388394
0.0028457433357871684
0.0028466386283402603
0.002847254468817618
0.0028478705758139197
0.002848374861714489
0.0028374631120153637
0.002838256013452862
0.002839038425617402
0.0028404926218164967
0.0028411642918618543
0.002842014905203503
0.0028428553733155265
0.0028247996919107663
0.0028256913584801826
0.0028158875968230597
0.00280350516946379
0.0027974265073109723
0.0027985318818075883
0.002799693465582699
0.002813426337663249
0.002819488334144766
0.002820269294034724
0.002778171868811091
0.002779051837728638
0.0027797121803299755
0.0027810881155173957
0.0027819697237009447
0.002796119877339155
0.0027967295972053607
0.002800699763997603
0.0028013107611298857
0.002803300096495889
0.002803633796213748
0.002804134494778406
0.002805136428615395
0.0028058047823758116
0.00280983922249413
0.002811110778569455
0.0028126670406082147
0.0028148309740596766
0.002815838529840158
0.0028198257347934108
0.00282133052427521
0.002822937793587478
0.0028236682221396184
0.0027854110795896233
0.0027857993211132318
0.002786409633651217
0.0027871867819273966
0.0028008028366665523
0.0027686437923427408
0.002769361372176475
0.002737006123388795
0.0027379890080392816
0.0027385353601580586
0.0027528271260305734
0.0027537066235149284
0.00268600779746513
0.0027003489067631324
0.002701158525663821
0.0027022387730246144
0.002664325700168566
0.002665231951532196
0.0026664056629827175
0.0026704367766357175
0.0026712909991834888
0.002688680720653153
0.002689273332670048
0.00268986620597972
0.002690304366024462
0.0027048601516686597
0.002705782571379359
0.002706868576826431
0.002707574947974809
0.002708118561311885
0.0027105999246761683
0.002711471325093987
0.0027119617340874928
0.0027128885463558964
0.002715211247970768
0.0026556283093939976
0.0026561626195443725
0.002657231885121259
0.002625518751173199
0.0026262062397176275
0.0025967775061101917
0.00259808618104826
0.002570228645611304
0.0025382112714921502
0.002537217593020937
0.0025378322166581427
0.002542069086899456
0.002508868625489172
0.002481322094118406
0.002395581317417468
0.002396307867616855
0.0023969379010333586
0.002411201140691923
0.002413331063686231
0.002414357139818751
0.002367643314566218
0.002371755322047007
0.002385887618386856
0.0023866613309042194
0.0023873871422731997
0.0023882586988496998
0.0023890339502025417
0.002328736624974295
0.0023293984127452766
0.0023302025180312164
0.002334392648225675
0.0023351515843489656
0.0023361055069016597
0.002337793167602891
0.002338696469621976
0.0023261323004975334
0.002313274887913143
0.0023177516560258737
0.0023187430964507114
0.0023208101695407603
0.0023215670274493788
0.002336114898806029
0.0023029341284393993
0.002303638849397549
0.002304626183639183
0.0023051907547161185
0.0023059910374074715
0.002306744752405807
0.002307121794699433
0.002283798304888365
0.0022686406072203857
0.0022694292155492424
0.002222581157245477
0.0021940242100261733
0.002208750860608777
0.002209655622866067
0.002210244115923046
0.0022113313885880896
0.0022122382666181868
0.0022130550930550916
0.0022138725229097047
0.0022287876491756987
0.0022359571606742072
0.002236646306671785
0.00223772737697881
0.0022386476275810673
0.002239246196465447
0.0022400294235366135
0.0022409515689057907
0.002241920639021252
0.0022319032722609073
0.0022326391909081237
0.0022331914484533364
0.002203134753553361
0.002203816430595035
0.0022043620760273316
0.0022049534969004973
0.0021783801004580214
0.002180747145734441
0.002182009178268194
0.0021834532909795045
0.0021845308298576514
0.002185525710066666
0.0022004195502114015
0.0022011489660193734
0.002202198348869436
0.002174731527831257
0.0021759836802047075
0.0021768415754969527
0.002177700147517264
0.002148704540929808
0.002153104446653838
0.002154268069169646
0.0021555674405092035
0.002156060715631332
0.0021323667361623066
0.0021331213362687776
0.0021355760187375295
0.002137000240495227
0.0021379359188458047
0.0021162365448258538
0.0021168548109282656
0.002118402057840294
0.0021193314921377753
0.0021199072650452963
0.0021086818962939946
0.002110181701420744
0.002112548555695412
0.0021133446923284234
0.0021144514336520694
0.0021184752379488987
0.002119585526641981
0.0021206080206038246
0.0021219877265378543
0.0021226559709092447
0.0021236814301150864
0.002054875178601035
0.00205569605720987
0.0020425811237952327
0.0020307720467646387
0.0020316698428738166
0.0020324400144546293
0.002034872539940071
0.0020390717817103153
0.0020398887175202955
0.002041007691035117
0.0020455597839817022
0.00204694244447529
0.002002064253495964
0.001921788241894788
0.001922357191024322
0.0019375611669632227
0.00193854557502468
0.0019396131465096974
0.0019408052873495928
0.0019450384289463277
0.0019457397302102375
0.0019483934125586104
0.001949469118687473
0.0019506289005917171
0.0019514166816806777
0.0019659215075686857
0.0019351020138053225
0.0019362140230502463
0.0019369560728387128
0.001937492351514585
0.0019098279047997805
0.0019108456980171495
0.0019152967477734473
0.0019316780640413582
0.0019328327079752045
0.0019334105477307332
0.001948895258581362
0.0019027395187128388
0.0019036755257480307
0.0019046124541288447
0.0018603919425942796
0.0018614279730626538
0.0018630198118476517
0.0018334837723292987
0.0018343884582916604
0.0018388318746757062
0.0018400957037955246
0.0017984141313032677
0.0017994970939183583
0.0018001165154902076
0.0018014729879866477
0.0017377811833146463
0.0017388299573879906
0.0017396548826475713
0.0017411191754006957
0.0017416830215033967
0.0017433059554238938
0.0017442101792991109
0.001745304035429894
0.001761091976648397
0.0017631453245222453
0.0017639090868460583
0.0017647499900251909
0.0017657448189515308
0.001741965449911047
0.0017427214948970114
0.0017436296156143297
0.0017447281916735287
0.0017460559042973753
0.0016963931745064805
0.0017008703019020597
0.0017017222557533544
0.0017044733170531396
0.001709409698853077
0.00171077107648424
0.0017115179587074982
0.0017129934384416705
0.0017139666238322417
0.0017221909897904653
0.0017229443541779501
0.0017276477838501828
0.0017282908054665036
0.001700253027919315
0.0017012966767438883
0.0017029019201358086
0.0016719641755309793
0.001674309488079116
0.0016752292362048461
0.0016762236998369181
0.0016771824480208228
0.0016618908572071406
0.001662915676482166
0.0016640884472682424
0.0016654465272591752
0.0016665125189006186
0.0016672852961412596
0.001682563524320019
0.0016835675958230942
0.001684163166840211
0.001684908223429315
0.0016860270451540737
0.0016878108836205009
0.0016887085161067484
0.0016901317218467747
0.001691257000962055
0.0016918953245048894
0.0016926845073709875
0.0016971781305114644
0.0016983858715756961
0.0016992549977309134
0.0017005288178144182
0.0017015895647155678
0.001702423937524014
0.0017037218740940622
0.001652609814509052
0.0016576230563681161
0.001659067882472138
0.001661077576570535
0.0016769940868994631
0.001645482754505311
0.0016613304077200373
0.0016619257732882395
0.0016629686904681869
0.0016640502354788077
0.0016340456096247086
0.0016352935891100233
0.0016214839125417737
0.001637758430631482
0.00163875382676031
0.0016399351234456661
0.0016417102651993508
0.001642969984202212
0.001643823243841308
0.0016448631916672319
0.0016457928290455309
0.0016467980184133738
0.0016479163365552213
0.0016492229622581671
0.00165023234727417
0.00165090595732136
0.001655661697412509
0.0016416148222151582
0.0016428084526244034
0.0016437048151684626
0.0016449763378230797
0.001645687751803883
0.0016467372736590365
0.0016482764909720954
0.0016495174648080125
0.0016547545650370302
0.0016718865494669624
0.0016736816421142526
0.0016742561192344952
0.0016757899880137119
0.0016769038014912603
0.0016776728117643463
0.0016789817492006672
0.0016800226554307977
0.0016811421043763308
0.0016823404075939083
0.0016988801963491336
0.00169989716197756
0.0016633246517774143
0.0016106216461398899
0.0016119600510902854
0.00161322614427401
0.0016142329889122615
0.0016153531802024783
0.001616587187678442
0.0016213461805716404
0.0016221727845754542
0.0015849821012996858
0.0015861225879330893
0.0015876333348814893
0.0015887401623597948
0.0015561910519014523
0.0015570961088106213
0.001557929691439922
0.001559018315359592
0.0015606541068208676
0.0015632291180587966
0.0015691036028673505
0.001570386988222098
0.001571268237934905
0.0015894928129655198
0.0016061060123618658
0.0016092115644504856
0.0016102304349185506
0.0016110237821520463
0.0016123099078791865
0.0016289195877580427
0.0016306435554301214
0.001632025359163273
0.0016332940714566156
0.0016345262231442625
0.0016356058818903828
0.0016370347633776433
0.0016385435868349323
0.0016059602649006624
0.0016227644585394333
0.001627826196791714
0.0016449785489108533
0.001646305301862175
0.0016638961450170188
0.0016689637691491217
0.0016856470364470652
0.0016864489426987941
0.0016872917658257974
0.0016885776888634848
0.0016897850231183567
0.0017068129422052633
0.0017078312055045148
0.0016774943473137802
0.0016788577074468936
0.0016805851339602629
0.0016104949657061189
0.0016117303927444169
0.001613006413639781
0.001614633365353827
0.0016160305098868702
0.0016177803444099557
0.001619338937193414
0.0016244486756163993
0.001630233717769307
0.0016332608870643166
0.0016342080252581394
0.0016354330391327133
0.001640375495983742
0.0016054434946848445
0.0016270014379655216
0.0015719761292513712
0.0015368553947751778
0.0015389992858821097
0.00154807940638619
0.0015496246214914055
0.001551097325642249
0.0015359372387269388
0.0015373618326998855
0.0015401167794914746
0.0015413968843783546
0.0015117250443031564
0.0015126132711267488
0.0015135766954683693
0.0015155072306339205
0.0015181851440166168
0.001519453188699265
0.0015391317484129137
0.0015408748623904846
0.0015417858814503562
0.0015063180106456811
0.0015076563981961722
0.0015091090045386212
0.0015102283001808324
0.0015164476242320558
0.0015174614179244387
0.0015188528943175788
0.0015203600666265022
0.0015303377031925405
0.0014960778116710409
0.0014975668537588471
0.0015006072163872527
0.001501804111475099
0.0014455612584355103
0.0014633995531441036
0.0014648626966471349
0.0014323228353489705
0.0013769434977535715
0.0013784618175265498
0.0013802258833875822
0.0013812656798945788
0.0013829326169045588
0.0013847430115493157
0.0013860689926610704
0.0013868727945528837
0.0013122905423998063
0.001313649638899715
0.0013148453151487136
0.001349716464347772
0.0013511182520985702
0.0013142200395014516
0.0013159214895563998
0.0013177948302640072
0.001276724141064931
0.0012778622732267484
0.0012790024363685368
0.001280242633683651
0.0012814197780867008
0.0012834193331481784
0.0012843721314652892
0.0012600950379639327
0.0012615498517440692
0.0012632027069678
0.0012642095017721708
0.0012486102377213665
0.0012507561841444909
0.0012136670856386011
0.0012151406674785652
0.0011574886869187148
0.001158657806850079
0.0011600398080717535
0.0011611538124035206
0.0011625719878929175
0.0011640239173152742
0.0011652669819523156
0.0011667256549248988
0.0011677915749959606
0.0011692565793240094
0.0011703883646329693
0.0011720748031987228
0.0011732120535519169
0.0011746906981251214
0.0011761112342095021
0.001177411249259027
0.0011786520335668059
0.0011800199202937052
0.0011810479207522504
0.0011826089145676778
0.0011840800158297447
0.0011856804632167722
0.0011916450894239288
0.0011931966281756368
0.0011943708781222415
0.0011957384540864332
0.001198854461810316
0.001200708235461599
0.0012023771338964327
0.0012044637998121393
0.001205851579645792
0.0012067893312697692
0.001208669216887733
0.0012104572852864855
0.0011847068265677927
0.0011863038108589712
0.0011875845015756493
0.0011889322062248301
0.0012082185393699828
0.0012098875303100658
0.001191153972772517
0.0011927384701301523
0.0011947493959241391
0.0011965063803299099
0.001200086754824114
0.0012014630011025818
0.001203237105616105
0.001204323862177545
0.0011651191357323653
0.001166686273740899
0.001168289745804864
0.0011705420256783517
0.0011725441666403926
0.0011741637922642399
0.0011753651987605695
0.0011770252271498464
0.0011785918959675268
0.0011799006427289144
0.0011816063650926037
0.001201075277364855
0.0012027484570112453
0.0012043255019960279
0.0012057046033696686
0.0012258652167486308
0.0012271005874566606
0.0012291197804456763
0.0012314325567337617
0.0012517022105639492
0.0012541708425403805
0.0012557983951895994
0.0012150241713543223
0.001216536164779844
0.0012185695264536026
0.001224922057782605
0.0012262787147062843
0.0012321315212080115
0.0012338500241266949
0.0012353972596790654
0.0012380081980813116
0.0012392469495302624
0.0011739162434680208
0.0011762392300979584
0.001178097481308833
0.001199072304621627
0.001201353289550436
0.0012027052279822363
0.0012043733350945555
0.0012063253178094576
0.0012076534849902178
0.0012150876610806923
0.0012367792207792208
0.001238797334254661
0.0012408944781029658
0.0012437623812031394
0.0012460589617012724
0.001249060895915789
0.001250861648649103
0.001252815256056747
0.0012556273284587765
0.0012628247938029581
0.0012651831148940975
0.0012873873376976939
0.0012904917846864854
0.0012929167252548408
0.001294731751720999
0.001297095037183011
0.0012991943368086032
0.0013015739565103005
0.0013029432519047477
0.0013056511761331039
0.0013279714492603705
0.0013303396014594444
0.0013330794958441325
0.001336276814447924
0.0013402539489496014
0.0013426624952317136
0.0013454492073666144
0.001348412479916564
0.0012847290640394088
0.0012360303128683447
0.0012375125003111348
0.0011747126639040167
0.0011768145066516239
0.0011786689030625378
0.001180711846470613
0.0011831287115845002
0.001185297633843495
0.0011875854258022239
0.001189882066363663
0.0011923739270346338
0.0011955877722010543
0.001197614637479014
0.0011320460728968152
0.0011346520885797476
0.001136300406788327
0.0011389881988167175
0.0011406844106463877
0.001143365305215016
0.0010503198701422704
0.0010530682579698118
0.0010553245922609528
0.0010567101091933776
0.0010582349923037454
0.001060615799961432
0.0010618102255542325
0.0010644817909099705
0.0010664770707429789
0.0010687912942090943
0.0010766999956715578
0.0010792576442896966
0.001081192680488547
0.0009860965829846583
0.0009887468589533485
0.0009230668155837331
0.0009473002491739937
0.0009491443403281862
0.0009514674428347776
0.0009545615432262632
0.0009569112722595524
0.0009812746568872589
0.0009891064626077657
0.001013415478024063
0.0010172222781750428
0.001019309695216309
0.001021819040232017
0.0009456504587362772
0.000948376230684888
0.0009504712706180894
0.0009549764378583999
0.0009575861087389694
0.0009600785415025627
0.0009623526719304266
0.0009642062782325558
0.0009653019294560562
0.0009676677022206879
0.000969910851238049
0.0009725354148597859
0.0009748012147344506
0.001000871839581517
0.001026304140164488
0.001028965195047886
0.0010310243537080598
0.001033673589111815
0.0010362267701717243
0.0009564919977827311
0.0009585948488824271
0.000960672826344468
0.000987909697207461
0.0009913392026340275
0.0009950784926536622
0.0009975870637807468
0.0009154997353351619
0.000918649428409324
0.0009210510390569211
0.0009299389348192931
0.0009320435602603881
0.0009341577336308979
0.0008856594125778316
0.0008880711438209138
0.000891812325240506
0.0008935293173880311
0.0008966499473651619
0.0009022780656947914
0.0009070294784580498
0.0009100568785549096
0.0008320783132530121
0.0008338678640153946
0.000835538752362949
0.0008387096774193549
0.0008414559853792264
0.0008443816146410423
0.000848433660933661
0.0008518347209374037
0.000860980073724641
0.0008895439794163661
0.000892417049316419
0.0008954485702757929
0.0008986063764481538
0.0009045502811971526
0.0009092346616065781
0.0009123363744545815
0.0009158603113925059
0.0009193013309884488
0.0009492866979530169
0.0009521127516058521
0.0008888170652876535
0.0008980539912760468
0.0008067906005505159
0.0008098212948974453
0.000813208140281821
0.0007198683669271905
0.0007228418009087154
0.00072535853436127
0.0007277112441783101
0.0007308109913973106
0.0007413624283116518
0.0007435465768799101
0.0007456806798356687
0.0006217850884630603
0.000624086918287165
0.0006264593655675152
0.0006284457394235438
0.0006320476908712202
0.0006345635212506669
0.0006383194788991889
0.0006418110741583521
0.0006439809732894255
0.0005441096454463904
0.0005467145411291872
0.00044527562561225397
0.00044764761179999106
0.00044935741889098586
0.00045132463781197816
0.0004536381781890764
0.00045566390230565937
0.0004578964238289299
0.00046010858562620777
0.0003854634041044144
0.00038707479833403007
0.000388790395322074
0.00039079597323829176
0.00039256328120092964
0.00039473891967852463
0.00039691990156386444
0.00039906777767135973
0.00040160642570281126
0.0004041579772701554
0.00040640494188409336
0.00040865698966915134
0.00041154295685383644
0.00041463495538527885
0.000417062876399246
0.0004199845445687599
0.00042342021916230547
0.00042601775642008764
0.0004289121073309658
0.00043263074100993325
0.00043522919169234524
0.0004385734084171009
0.00044161808867691223
0.00044572814149194126
0.00044824556685134386
0.0003248686989008609
0.0003273858241938124
0.0003297428006155199
0.0003331852509995558
0.0003359650596337981
0.00033928975344944584
0.00034236804564907275
0.00034526412705719877
0.0003487358326068004
0.00035213334115851867
0.00035433768381267346
0.00035722791140747797
0.0003600576092174748
0.0003628666465074085
0.0003668827198238963
0.0001850709438618137
0.0001863932898415657
0.00018820577164366375
0.00019036740909956216
0.00019249278152069297
0.00019423761735189383
0.00019609124779397345
0.00019818986589152407
0.0002007628990162618
0.00020312817387771684
0.0002059025394646534
0.0002086521073862846
0.00021216407355021216
0.00021531615588889685
0.00021781746896101068
0.0002215002953337271
0.00022473593527605064
0.00022955084551228098
0.00023349937733499379
0.0
0.0
0.0
0.0
0.0
0.0
0.0
0.0
0.0
0.0
0.0
0.0
0.0
0.0
0.0
0.0
0.0
0.0
0.0
0.0
0.0
0.0
0.0
0.0
0.0
0.0
0.0
0.0
0.0
0.0
0.0
