0.0
0.0
0.0
0.0
0.0
0.0
0.0
0.0
0.0
0.0
0.0
0.0
0.0
0.0
0.0
0.0
0.0
0.0
0.0
0.0
0.0
0.0
0.0
0.0
0.0
0.0
0.0
0.0
0.0
0.0
0.0
0.0
0.0
0.0
0.0
0.0
0.0
0.0
0.0
0.0
0.0
0.0
0.0
0.0
0.0
0.0
0.0
0.0
0.0
0.0
0.0
0.0
0.0
0.0
0.0
0.0
0.0
0.0
0.0
0.0
0.0
0.0
0.0
0.0
0.0
0.0
0.0
0.0
0.0
0.0
0.0
0.0
0.0
0.0
0.0
0.0
0.0
0.0
0.0
0.0
0.0
0.0
0.0
0.0
0.0
0.0
0.0
0.0
0.0
0.0
0.0
0.0
0.0
0.0
0.0
0.0
0.0
0.0
0.0
0.0
0.0
0.0
0.0
0.0
0.0
0.0
0.0
0.0
0.0
0.0
0.0
0.0
0.0
0.0
0.0
0.0
0.0
0.0
0.0
0.0
0.0
0.0
0.0
0.0
0.0
0.0
0.0
0.0
0.0
0.0
0.0
0.0
0.0
0.0
0.0
0.0
0.0
0.0
0.0
0.0
0.0
0.0
0.0
0.0
0.0
0.0
0.0
0.0
0.0
0.0
0.0
0.0
0.0
0.0
0.0
0.0
0.0
0.0
0.0
0.0
0.0
0.0
0.0
0.0
0.0
0.0
0.0
0.0
0.0
0.0
0.0
0.0
0.0
0.0
0.0
0.0
0.0
0.0
0.0
0.0
0.0
0.0
0.0
0.0
0.0
0.0
0.0
0.0
0.0
0.0
0.0
0.0
0.0
0.0
0.0
0.0
0.0
0.0
0.0
0.0
0.0
0.0
0.0
0.0
0.0
0.0
0.0
0.0
0.0
0.0
0.0
0.0
0.0
0.0
0.0
0.0
0.0
0.0
0.0
0.0
0.0
0.0
0.0
8.154389779831477e-05
8.124796880077999e-05
8.096728921515707e-05
8.067118425298483e-05
8.037293039704228e-05
8.009397693293465e-05
7.986795165326659e-05
7.960515841426525e-05
7.92895654931811e-05
7.900558306120299e-05
7.873189166491708e-05
7.85175879396985e-05
7.820646506777894e-05
7.795042353063451e-05
7.77000777000777e-05
7.741935483870968e-05
7.716049382716049e-05
7.689941556444171e-05
7.665576451349142e-05
7.640976007335337e-05
7.614986293024673e-05
7.583417593528817e-05
7.55629439322956e-05
7.529364521634374e-05
7.505629221916437e-05
7.477940076773518e-05
7.453416149068323e-05
7.09992734958061e-05
7.078888449888055e-05
7.054152927473465e-05
7.035455423027209e-05
7.013080210066217e-05
6.989824116518743e-05
6.969092883421663e-05
6.946127130280268e-05
6.925653910578534e-05
6.904635740321467e-05
6.88572892646682e-05
6.865280837883577e-05
6.845934629284679e-05
6.826697148663238e-05
0.00021056964630632342
0.00021005085441738527
0.0002094356261022928
0.0002088239912074109
0.00020818658527040778
0.0002076016545695778
0.000206952354277534
0.0002063935443823712
0.000205809077263513
0.00020523741184821692
0.00020465946511556335
0.00020403780068728523
0.0002034665809965273
0.00020289855072463768
0.0002023336832336878
0.00020173522630748697
0.00020111292566382387
0.00020053979885707393
0.00019992484028560692
0.00033435288473071843
0.0003336026089818388
0.00033270671082863363
0.00033174156885497087
0.00033082617532303766
0.00032993046308625536
0.0003290395880365337
0.0003870834805133639
0.0003860947179893713
0.00038495879623530785
0.00038387996088219407
0.00038287403007672036
0.00038192326682350204
0.00038104345054403726
0.0003800687881152634
0.0003790499250547676
0.0003780854214286741
0.0003771582630643033
0.0003761065110758362
0.0003750927035198813
0.0003740683848210729
0.0003730655205186036
0.000372036439766876
0.00037104442657411713
0.00036996398829619625
0.0003688587817842667
0.0003679608254634487
0.00036702112813642577
0.00036616267089911725
0.0003652473404994028
0.000364351717163321
0.00036350568755096676
0.0003628136682807046
0.0003619448687777823
0.0003610504784262043
0.0003601900927181341
0.0003593043430741697
0.0003585402096710427
0.00035766254606775185
0.0003568327363508086
0.0003560212259042668
0.00035514144892309765
0.0003543949010254544
0.0003536800204408224
0.00035289697555215626
0.0003520608275437398
0.00035122863247863243
0.000350456392830968
0.0003497433442378786
0.0003489637236950349
0.00034817374266915546
0.0003473735652679267
0.000346604462367717
0.00034596158905551166
0.0004371283424565826
0.0004361664505481552
0.0004353453347452642
0.0004343402723430897
0.00043323835915850287
0.0004323103287116374
0.00043143656716417917
0.0004304995345950978
0.0004295665634674923
0.0004287038467480303
0.00042779512082321663
0.0004270051933064051
0.0004260872903151511
0.00042505935513517657
0.0004240201696080679
0.0004230182926829269
0.00042218165221360115
0.0004212523719165086
0.00042037492899072153
0.00041948528022372556
0.0004186625429034814
0.000417905952336132
0.0004169797145003757
0.00041611996251171514
0.00041529482190960794
0.00041459679527882574
0.00041394741749021076
0.00041305399471588586
0.000412332838038633
0.000411522633744856
0.0004106092553545667
0.00040973016869070916
0.00040891508565113287
0.0004080882352941177
0.0004071302816901409
0.0004063701263042285
0.00040550907828882483
0.00040472544301028225
0.0004040477577169482
0.00040332836742850917
0.00040246555474981874
0.000401708164447018
0.00040095361941915915
0.0004002019036631094
0.00039940988089669325
0.0003985494237190766
0.00039786372271407585
0.0004806545489241925
0.0004796591206646194
0.0004787189812670016
0.0004778165089753622
0.0004770529256484013
0.0004762748921586007
0.0004753647805418922
0.0004745922392981216
0.00047345481032436934
0.00047277163839421876
0.0004719080072132836
0.0004709979780980096
0.0004701408089221759
0.0004693359420492395
0.0004685665120280907
0.00046775073412491143
0.00046680798322734586
0.0004659013398998832
0.00046527200517225447
0.00046441947565543067
0.0004634900918929487
0.000462707816662074
0.00046178526412283714
0.00046105619622917803
0.00046028210838901256
0.00045947918091850224
0.0004587103750497979
0.0004580065916581429
0.00045724270170303044
0.00045651238134076437
0.00045569162228479025
0.0004550124761485395
0.0004543660860251423
0.00045358364847829995
0.00045283442890049996
0.00045211811164961403
0.00045140405703596664
0.0004505713199615393
0.0004499224079222069
0.0004490650977245882
0.0004482409601032177
0.0004475092722144491
0.0004468245520667021
0.00044615674161657085
0.0004453727648476007
0.0004446945621468926
0.00044400374593731056
0.00044330044330044327
0.00044261394838001093
0.00044191503827006157
0.00044120384055353014
0.0004405671618947667
0.0004180309975987775
0.0004174159446351697
0.0004168435258649775
0.00041617768505237534
0.00041547340102403887
0.0004149197785650059
0.0004143272861021863
0.00041372307559357915
0.00041308052373864834
0.0004124666149737227
0.00041178810652732527
0.0004110985885257339
0.00041050375133976416
0.0004099369574757302
0.0004093848538292982
0.00040871643829769067
0.000408258983296558
0.00040758122359501535
0.0004070224659397649
0.00040631000498604966
0.00040558714828816805
0.0004050723947922285
0.0004043155138924077
0.0004565054664684611
0.00045591425021584856
0.00045528147540638866
0.0004546074941992924
0.0004540068992272446
0.0004533509229303431
0.0004527252386478885
0.0004520304833489926
0.00045125319160022926
0.00045053481499979193
0.00044987480389406645
0.0004491747839707881
0.00044850481132759497
0.0004479063224097981
0.00044724012559907455
0.00044650683165764374
0.00044588610853671097
0.000445267108848784
0.0004241509278943423
0.0004236158122551132
0.0004229780522526398
0.0004224329272658464
0.0004219538609289115
0.0004214371721871875
0.0004208445422678732
0.00042034339918374
0.0004198306445874376
0.00041919145783218137
0.0004186815080644344
0.0004179950407368048
0.000416451870495598
0.00041595993861562075
0.00041536863966770514
0.00041477901943018223
0.00041429102939254076
0.00041371692523974496
0.0005034549849063795
0.0005028800400701227
0.0005022461005892888
0.0005015987210231815
0.0005010280056690022
0.000500293997468632
0.000499621800230901
0.0005684924018803981
0.0005676799555383533
0.0005670215507841156
0.0005661628609040791
0.0005655247417074498
0.0005648211235200601
0.0005642194142771186
0.000563502384048548
0.000562870244632068
0.0005622561017565589
0.000561527511903009
0.0006294302773610989
0.0006288014574089855
0.0006281185793953625
0.00062736360704758
0.0006266838467845848
0.0006239641220629814
0.0006232349790631999
0.0006225983754073642
0.0006217817934518606
0.0006211843267429559
0.0006204616622555721
0.0006197046719922537
0.0006188777039637184
0.0006181066620308668
0.0006174626145682586
0.0006166772658071728
0.0006158761319129691
0.0006151302826715878
0.0006145101202135423
0.0006616420228985675
0.0006608435811975636
0.0006600470642254493
0.0006593091586641824
0.0006586294779645487
0.0006578571019964534
0.0006571616331895198
0.0006562615915770252
0.0006554387164800093
0.0006547856288788933
0.0006778729012012097
0.0006771410442177837
0.0006762572236567072
0.0006755671457051881
0.0006747638326585695
0.0006740767976166907
0.0006732009528382717
0.0006725170951023824
0.0006717020836856246
0.0006944248941940448
0.000693877933744034
0.0006928449712562964
0.0006921256675739124
0.0006913303437967115
0.0006905561776782381
0.00068997668997669
0.0006892825872315058
0.0006886283268192815
0.0007111978803514154
0.0007103261929301651
0.0007094763786099827
0.0007087467689485533
0.000707940033314825
0.000688571560608161
0.000664709466570653
0.0006640657425085083
0.0006634049257815738
0.0006627088223111969
0.000744704324801412
0.0007439246156389484
0.0007430033847931972
0.0007422680412371133
0.000741513786663737
0.0007406391441503221
0.0007397868317943939
0.0007388960345912809
0.0007382495283405789
0.0007193327505827504
0.000718430003091977
0.0007177055226985726
0.0007168263646922181
0.000715929893244884
0.000710703098122295
0.0007101052041213237
0.0007091621948795777
0.0007718138980664028
0.0007709995942107396
0.0008331757054971579
0.0008324109320302724
0.000831044141273651
0.0008347960870056146
0.0008163704983245551
0.0008158431981668517
0.0008376618719777065
0.0008325303625333182
0.0008315917965629411
0.000830922686896939
0.0008506636758827212
0.000906203824465718
0.0009052585998293403
0.000904267025930887
0.0009024603195784702
0.0009012576485057091
0.0009004176842489669
0.0008995553528674036
0.0008985513848396499
0.0008975258318324008
0.0008966690279834982
0.0008959325344254597
0.0008949603185105921
0.0008942502767377808
0.0008934705309487318
0.0008927392801511656
0.0008918445394774021
0.0008909046427159979
0.000890294771445873
0.0008894283159105082
0.0008885168487869696
0.0008872811785433141
0.0008864438136183532
0.000885724014833164
0.0008849359010307425
0.000923273437587537
0.0009050629289906232
0.000904141829483026
0.0010816979342065393
0.00113695282749724
0.0011361537612936733
0.0011350605671092487
0.0011342346823870653
0.0011332040150483953
0.0011323808288395134
0.0011311482895176885
0.0011299476816718195
0.0011286328717094367
0.0011276997557839825
0.0011265355283938327
0.001125576848925139
0.0011247647025619503
0.0011194889902407924
0.001118538635581313
0.00111747500336552
0.0011362733121290942
0.0011350490995464446
0.0011339437494584724
0.0011329275667661576
0.0011318552950047081
0.0011309295603225318
0.001130005338703656
0.0011290250069561647
0.0011112203875915342
0.0011105973950957515
0.0011098055051300614
0.0011088172293138708
0.0011061079235964847
0.001105180852723585
0.0011042273127689424
0.0011032194740330532
0.0010980196323932077
0.0011353252758751215
0.0011343489237054594
0.001116554686268351
0.0011155679320511156
0.0011145829203802412
0.0011137961625772652
0.0011883772198114045
0.0011873603880851718
0.0011864049582818443
0.0011856595979431654
0.0011848556599937817
0.0011840528115279038
0.001183191703805607
0.00117791911693648
0.0011769754841478464
0.0011757980671323178
0.0011747110517786648
0.0011736260444415918
0.0011727185261732533
0.001178220983051612
0.001235549767159392
0.0012720895387927152
0.0012710770309516703
0.0013284204918760545
0.0013270678559011149
0.0013255158099776847
0.001324266749798665
0.0013190870282401082
0.0013177809368214834
0.001316835636720862
0.0013158266420909162
0.0013149490993136787
0.001313910563114601
0.0013126470629676074
0.0013114506019686716
0.0013104175824175824
0.0013085663219711478
0.0013074086686255856
0.0013063172085442324
0.0013051315119316299
0.0013039479657944893
0.0013010703791800757
0.0012998927094873473
0.0012989711603606877
0.0012977338938994821
0.001329421254003896
0.001312221188565668
0.0013094454829961815
0.0013082340666029043
0.0013054350948396485
0.0012883730997929207
0.0012875280802696633
0.0012867466425282455
0.001285623037145098
0.0012847193366390577
0.0012839102018405348
0.0013394586145844866
0.0013382600373821449
0.0013370312969220844
0.001336062831342548
0.0013349669316956
0.001333808525217883
0.0013166601868704426
0.0013157728854857552
0.0013146970545426652
0.0013136545467860353
0.0013128343407868893
0.0013597851858199797
0.00135874188071661
0.0013577001753527313
0.0013566275883138861
0.0013557188425609486
0.0013546817656111985
0.0013537756239619602
0.0013730272433710837
0.0013720444035404673
0.0013713245481346225
0.001370213528865772
0.0014207930951984106
0.0014197788949734135
0.0014188336135785911
0.0014179569786613353
0.0014170477728471468
0.0014162069546210252
0.0014153671336175257
0.0014145618419953454
0.0014133556212764142
0.0014124523048656091
0.001411316436506248
0.0014099824575024848
0.001408950357002306
0.0014077204713484712
0.0014069570294517248
0.001405995608262392
0.0014048700967449358
0.001478522183715248
0.001477652955641857
0.001460944861095259
0.0014600184969598565
0.0014591275522577898
0.0014423635307781657
0.0014414507922371148
0.0014367364148348436
0.00143592916506413
0.001434887809051474
0.0014341161655805445
0.0014629458999902078
0.0014620234230687539
0.0014612044196807175
0.00146031820085332
0.0014591949315272243
0.001458345119677149
0.0014574962970846754
0.001456479013363291
0.0014556662082588702
0.0014548881208575838
0.0014540095448236205
0.0014531994928475818
0.0014522555722360864
0.0014505686383583663
0.0014497285860995937
0.001448889506258586
0.0014627054459072789
0.0014615218631032203
0.0014602727279727124
0.0014591604345551355
0.0014857270260088724
0.0015133353311357512
0.001496966904707057
0.0014805521665400586
0.0014797346524023165
0.0014786800318803267
0.0014777627154990854
0.0014616391485062121
0.0015296169646340629
0.0015284944387111575
0.001565675085178226
0.0015645993648467091
0.0015636324796105996
0.0015612132857535008
0.001560285309313704
0.0015593228083803615
0.001558041319484078
0.0015570460611867782
0.0015546384544058867
0.0015494604794556964
0.0015486843203776658
0.0015479441662873625
0.0015468176718517854
0.0015307513977908095
0.0015299516140024087
0.0015251954263055545
0.0015243302929920897
0.0015231552855113214
0.001522326958518385
0.0015488863722159314
0.0015477645496657772
0.0015468192751098954
0.0015457004437814102
0.0015784282724247496
0.001577181460500877
0.0016289228733402511
0.0016282617845117852
0.0016271978248950383
0.001675149385941207
0.0016745460003001656
0.0016736040799490012
0.0016891917215738307
0.0016881667265971475
0.001687294563369947
0.0016991835237945565
0.0016983065553660653
0.0017345382786922014
0.0017332944920001798
0.0017808883911907432
0.0017798519712298926
0.0017788565505618818
0.0017631143508787623
0.0017622080679405522
0.0017780308782586692
0.001776880100579523
0.0017758892457768265
0.0017747412377491962
0.0017697636602588378
0.0018133446133980456
0.0018122149293581047
0.0018111671966378336
0.0018581068568846624
0.0018570339277914738
0.0018561682353637607
0.0018401437508318921
0.0018354285376434684
0.001843632837273009
0.0018553677035968226
0.0018541356379194224
0.001853110165795446
0.001851840154627943
0.0018509808130615138
0.0018971801245893647
0.0019422673955489427
0.0019594900442257146
0.0019576323045805274
0.0019564248212777793
0.0019515925783813596
0.0019357221436429363
0.0019346154329442223
0.001933764977768847
0.0019181419794350666
0.0019024094433030658
0.0019014492208400222
0.0019002288463366315
0.0018989376470416328
0.0018977729098211033
0.0019481609623287427
0.0019472228909949156
0.001982790053234158
0.001979945491379185
0.001978561337586112
0.0019994031632348556
0.0019982250931098702
0.0019970048562040193
0.0020616234285299037
0.0020457070652055514
0.002044326395541235
0.0020419858402971223
0.0020773514313060133
0.0021022653158833
0.0021010320478001094
0.0020997090372171807
0.0020812535266287605
0.002065619758227775
0.0020631892352830656
0.002062295034600327
0.0020610444550324142
0.002059849808523908
0.002055129710906431
0.0020901490367139226
0.002085417464297036
0.0020842912586804757
0.002083166268796046
0.002082132350145557
0.002066542196588781
0.002065428589904266
0.002064494087375115
0.0020728478315264437
0.0020680562003765417
0.0020668995942716615
0.0020658775205988833
0.0020648120860859392
0.0020991435261192314
0.0021661426782199735
0.002186815230900053
0.002185548708425648
0.0022162507017812493
0.0022138250427766407
0.0022094018270847936
0.0022085503651435956
0.002206272771280797
0.0022202293104695093
0.002219279946815063
0.0022182365840876365
0.002216720715663633
0.0022152731826364136
0.0022141861523581954
0.002213052996701922
0.0022117795821523204
0.002210790161326971
0.0022061119627547836
0.0021896127297621327
0.0023021393976783598
0.002418977543382102
0.0024173325399523965
0.0024659231722428737
0.002464980641142702
0.0024606055460032394
0.002455764416344888
0.002454202357730471
0.0024533180729530944
0.0024482488293747474
0.002447056332062684
0.0024458649958724035
0.0024444162382856287
0.0024363339042664913
0.002433997759411528
0.0024327122153209105
0.0024315820592955483
0.0024446273781380157
0.002443338044907631
0.0024425135851417557
0.0024645165823496346
0.0025093419869633617
0.002507967931707453
0.0025032452724274633
0.002518429672649734
0.0025453079538682644
0.002589789410981463
0.002588537726597741
0.0025862129328151798
0.0025848554832388544
0.0025833910373432366
0.002580638396040434
0.0025795023373791997
0.00257852936862178
0.002577719121836768
0.0025763158996691925
0.0025857558443732856
0.0025829762054187804
0.002578141257130112
0.0025765789431787416
0.0025750185215571027
0.0025741046700505587
0.0025729230011009487
0.002620352050937733
0.0026190410008788915
0.002666461597488893
0.0026514095810715316
0.002649919342954022
0.0027056359626741844
0.0027045667192927875
0.00271915565666345
0.0027176302311875435
0.0027167835118981657
0.0027152043800719354
0.002748889600387897
0.002744235005845906
0.002742983255516686
0.0027419599452180414
0.002770518525972334
0.0027552799946886143
0.002753740445427287
0.0028071333346467785
0.0028025839808548275
0.0028014832926156227
0.002799978487938158
0.002798879844911687
0.002797955340328219
0.0027965120239798326
0.002792093646242692
0.002790769669789954
0.002789561917846305
0.002788412649366401
0.0027869773947599742
0.002782342931753314
0.002781255408286881
0.0027803402582327417
0.0028394967464983483
0.0028382131735464507
0.0028355615539842264
0.0028458734265000424
0.00291243096316363
0.0029305632489679415
0.0029293612871325466
0.0029405199549925047
0.00293961605107782
0.00293733870356768
0.002935715000656446
0.002942378528771749
0.0029409940500139137
0.0029397310980886285
0.0029670249807605695
0.00296240731227655
0.0029607135402283644
0.0029599278042679077
0.0029559219680660633
0.002953975507835471
0.0029511102307334023
0.0029500274531767214
0.0029469265433248472
0.0029457863473380595
0.0029535280100165583
0.002951527665141924
0.002950027051141506
0.002964157029420828
0.0029855503646686737
0.0030150570634549737
0.003010630800369598
0.0030092250203097386
0.0030078815890216275
0.0030070273025662223
0.0029921672951177146
0.0029910755510252794
0.0029899846033257706
0.0030120791818178884
0.0030227628701127492
0.0030215394262020708
0.0030325157123045157
0.003031289288948074
0.0030169543845327686
0.0030161617328149245
0.0030137789335316443
0.0030129267409871705
0.0030114669601900837
0.003025295237070386
0.0030243189023293083
0.003023099369726248
0.0030204154750708544
0.0030275313257122636
0.0030227124911510277
0.003021678190753508
0.0030205230452710367
0.0030197331913146353
0.003060011712871872
0.003058351403474188
0.00312525312826675
0.0031104219639673586
0.003136126708817117
0.003211725678867246
0.003207385372166306
0.0031796168116960673
0.0031651680205237675
0.0031789446699477556
0.0031646350440044475
0.0032073302230716315
0.0032057289159249077
0.0032035605318368908
0.0032010730212082695
0.0032097964662569822
0.003208033578278075
0.003193684292671042
0.003192408273615697
0.003190559856095135
0.0031975246687234223
0.0032165209600012153
0.003222964662079052
0.00322180793438744
0.0032198592868674376
0.0032175275735904425
0.0032127994265347157
0.0032535132768024195
0.003252347978350843
0.0032515068929161103
0.0032743362831858403
0.003259911602356386
0.0032551591639338826
0.003254124363381083
0.0032534779470676646
0.003252315044646107
0.0032513465941424805
0.003249862756381001
0.003260668332870498
0.0032429806472081208
0.0032418235877106037
0.0032492536524794577
0.0032482882026292664
0.0032592695275626927
0.0032711112870659953
0.0032700755926702804
0.003268911220129766
0.0032675538330729824
0.0032661975728347226
0.0032936162925492653
0.0032978429203539806
0.0033385997827589586
0.0033375451619908764
0.0033361619829491607
0.003331623628125963
0.0033305723733080875
0.003326104813537044
0.003298973813184068
0.0032976739298895396
0.003319873941303917
0.003318498388504885
0.0033160101576802676
0.0033005995722963466
0.003299106293972236
0.0032978088889762777
0.003296901312470102
0.0033165922253508458
0.003315354350595774
0.0033140523224173997
0.0033134016917588443
0.0033111177779584665
0.0033315490086721898
0.003341440133892962
0.0033401954056791797
0.003338689869614066
0.0033377087292413565
0.0033335944844876193
0.0033317669786323096
0.0033352902804957584
0.0033497003723338336
0.003348455812376965
0.0033475393598164926
0.003369483797427127
0.003394410584987236
0.0033921143593649288
0.003391121002694153
0.003432214415820972
0.0034606104358118864
0.0034586779008685693
0.003457329278120044
0.0034696237397359936
0.0034686097635422547
0.0034661628752467016
0.0034654204394249173
0.003463734267548981
0.0034625886076359836
0.0034610398029301173
0.0034592478825229566
0.003458306608877054
0.0034575673960074095
0.003475270989548933
0.0034979760679397505
0.0034970931522655658
0.0034953660060406426
0.003494552120755163
0.003583991014158611
0.0035795553191410754
0.0036051678842358467
0.00361344049257074
0.003607799940403538
0.003663337114818809
0.0036784801442844945
0.0037193537474224264
0.0037053726936453237
0.003698421910842106
0.0037208454105612746
0.003714808686869243
0.0037091487027711497
0.0036946225164588187
0.0037351779564775583
0.003747465164978
0.003746018881482582
0.003731858098177541
0.0037794840994331835
0.0037656828855132125
0.0037610915926003415
0.0038033859864967873
0.0038012782061088986
0.003838987115191161
0.0038510620157810324
0.003847458108674112
0.003846347667058817
0.0038456817097089484
0.0038433640597310154
0.0038421078652179142
0.003850614483615904
0.0038494305443457963
0.0038487648983931166
0.0038472901357538888
0.0038589094380407384
0.003856518515877736
0.0038679053905873047
0.0039085074797304995
0.003906104444079126
0.003962273969751248
0.003973988966897038
0.0039730751261105365
0.003968664477285164
0.003999290506558252
0.003997274223176394
0.003993242590455772
0.003992402020417404
0.003991180004609497
0.00399003504400536
0.004020756343758846
0.004019680391605386
0.004026325607636518
0.0040340592229096885
0.00403274946342173
0.004035762928534149
0.0040339144169443016
0.004031336585283123
0.004056980600319971
0.004055152912181374
0.0040637558926638825
0.00407108449223742
0.004068883572379674
0.004068108502647617
0.004067101353332545
0.004062302743081709
0.004089689517695452
0.004085196026295275
0.004096347859899152
0.004095257411351111
0.004094167543203772
0.004093078254993873
0.0040919118035105465
0.004090850432313844
0.004114841132674872
0.004112403423180364
0.004097945513582434
0.004096701331942985
0.004095380216481967
0.004094215233772607
0.0041249617033622165
0.004123788884105048
0.004119729197421911
0.004118480510842409
0.004172186166997459
0.004158459102515441
0.004157278527026424
0.004173443492610142
0.004172417106582825
0.004171166067597137
0.004168801346746776
0.00423490935426974
0.004296918696941367
0.004295701255581877
0.004320884414543537
0.004325790092661254
0.004320243764279314
0.004319265614335514
0.004314899844551266
0.004323352382868106
0.004318137878981043
0.004316672889501594
0.004316103439786604
0.00431105619815084
0.00431927974224217
0.004313514483006003
0.004367492699476653
0.004393459787951397
0.0044177289956431245
0.00441634696297172
0.004415266765219724
0.004459790499478259
0.004491584155756239
0.00449048648503484
0.004487256931300451
0.004481608522866549
0.004504390884420182
0.0045033758104180595
0.004501650837756572
0.00448862869407651
0.004488038927561409
0.004487365098430328
0.004496902800747289
0.004494957615385297
0.004493152373093858
0.004476013719199196
0.004471174656724272
0.004454804558807252
0.004452928251613122
0.00443805242643976
0.004435666890489829
0.0044504567478223555
0.0044695461928321665
0.004490017842625484
0.004489429770086877
0.004572311725458468
0.004598438826833883
0.0046153122330329895
0.004614017954143956
0.004613241735190214
0.004611898517824398
0.0046112091329677555
0.00461051995417829
0.004609056133036406
0.004615942248042022
0.00462402475114339
0.004610011644892105
0.004674736436863297
0.0046728068578297
0.00467158700856886
0.00466983345790996
0.004668876043263304
0.004691610104091696
0.0047295093432172565
0.004760455954480238
0.00477526727992346
0.004772781144136294
0.004771714958244607
0.004770738039550034
0.0047693177807606995
0.004768120384051622
0.004762539446378011
0.0047615653489475026
0.004791218914016141
0.004789794333948047
0.004784569123501153
