0.004475930261636422
0.004476547980277935
0.0044499860786928695
0.004454310109183461
0.004454310109183461
0.004455775194795521
0.004455775194795521
0.004455802347766467
0.004455802347766467
0.004437270445096019
0.004437270445096019
0.004439741365452079
0.0044398236438317204
0.004455267182255244
0.004467925435665309
0.004467925435665309
0.004459482811532994
0.004460938943569752
0.004460938943569752
0.004473294003275579
0.004473294003275579
0.0044733769065337286
0.004485732195215049
0.00448696772408318
0.004487050882296648
0.004487050882296648
0.004490139761712974
0.004514850797043577
0.0045272902202303155
0.004539950746943163
0.004552391096452255
0.004526880003651931
0.0045393205720584825
0.0045393205720584825
0.004542493932834719
0.004542846986884647
0.004546076640576655
0.004546223749157498
0.0045229128901976045
0.004535438610222204
0.004536842613334452
0.004485554858131525
0.004485554858131525
0.004488810906783465
0.004490216329328751
0.004506322967023463
0.0045188501619471836
0.004531210261075178
0.0045314623030298495
0.004535863492212438
0.004535947594033071
0.004525524640701604
0.004516960063791703
0.004519516113065723
0.004519599916442564
0.004519767532520166
0.004524796301674748
0.004537242829564233
0.004537326969440534
0.004549774191338689
0.004550296189176868
0.004540489563981784
0.004540573771874291
0.0045438333106964
0.0045504375156170465
0.004550690739741455
0.0045513934799902645
0.004557745829783303
0.004558533304507222
0.004559151676334202
0.004571603921405867
0.004571688733084649
0.004573095201315903
0.004573180045382718
0.004529006531821449
0.004541459372749824
0.004542065577239321
0.00454231841520959
0.004543808369225405
0.004544061332372503
0.00451644622598144
0.004519539117897238
0.004509931748949751
0.004513192207159323
0.004516285271272355
0.004516452907413229
0.0045289937309559445
0.004529077789563768
0.0045291618512919235
0.004529329984109924
0.004529329984109924
0.004529414055200116
0.0045185287760600365
0.0045185287760600365
0.004519526063617023
0.004509877018634055
0.004510044466635341
0.004510128195298975
0.0045102119270715
0.0045102119270715
0.00451029566195309
0.0044857080616112965
0.004457941364768771
0.004437317113745443
0.004430325839697748
0.004434987863368471
0.004435070221546064
0.004435234947077989
0.004369942762367621
0.0043701862539128585
0.004359904369223514
0.004359985352643267
0.004363700269893486
0.0043380181567116
0.004327113717820093
0.004306999060495961
0.004270778952168053
0.004270861693614895
0.004283328017070121
0.00428348719533825
0.004283646385437675
0.004221942291739553
0.004178659912511098
0.004178978565129323
0.004168137659513766
0.0041407974168165265
0.004119570410771542
0.004135600648875973
0.004099187063189891
0.004111735687972208
0.004111812144129592
0.0041255249104183616
0.0041290079649479354
0.004121102675527924
0.004121332613558473
0.004121332613558473
0.004121485919834319
0.004100047698128128
0.0041003527725504
0.004063375766845213
0.004075853536730869
0.004075929362331984
0.004045374892491943
0.004046220930338229
0.004046597400027872
0.004046823315470034
0.004019283052243543
0.004019657106058478
0.004019881571768104
0.004020255736998731
0.004020555119337562
0.004005693762163695
0.0040059175147711115
0.004005992104528583
0.004007531910030888
0.004010784828661926
0.004010859518783319
0.004011008907371835
0.0040111583070890295
0.004015182159005148
0.003999913716429206
0.004000907176341199
0.0040074149438903564
0.004007564257014686
0.003992188330998975
0.004004683139662182
0.0040050562236140785
0.004005354740829717
0.004005653302548686
0.003979313681123326
0.003979832883281162
0.0039799070660782926
0.003983533441234499
0.0039839790598609325
0.003984201906563142
0.0039842761943373545
0.003984647674766461
0.003984796286334751
0.0039850192244731825
0.003985316514131467
0.003997899274868839
0.0040012316823911055
0.003987776550171629
0.003944473063617954
0.0039313066079857155
0.0039316000109716085
0.003932102134699443
0.003932835954894781
0.003905206924486869
0.003907656788319836
0.003908094498405339
0.003908313390222209
0.0039146097933275194
0.003894363297802627
0.003908347776478417
0.0038817279815580525
0.0038831904423523187
0.0038833354836417654
0.0038538144936979503
0.0038327401905515544
0.0038329549981395766
0.003834558634737999
0.0038349168841713428
0.003838246257567945
0.0038374307463619564
0.003837645905264492
0.003837789357937386
0.0038270044077737845
0.003827147484056414
0.0038277198961838526
0.0038279345948786
0.003817430234821541
0.0038157742707787606
0.0038159883634831747
0.0038161311053001266
0.0038164880065669426
0.003789890354734442
0.0037900321468422944
0.0037622537270826438
0.0037623945010149215
0.003762605681667201
0.0037630985287279164
0.003763239365889118
0.003724290685214443
0.0037278981627344833
0.003728107501130863
0.00372894083738134
0.0036980190165505715
0.0036579369994460815
0.0036582109714342064
0.0036711064008816824
0.0036711751494799875
0.0036614046892740346
0.003647455372252136
0.00364779701584932
0.0035990054741108653
0.0035997473702207416
0.003600306729675722
0.003601826135421863
0.0036132778687326195
0.003613752043290298
0.003614023056061417
0.0035736688555768684
0.003586437918227377
0.0035785135657618134
0.0035787874472616734
0.003549247008588332
0.0035216407650568767
0.0035224838893584817
0.003491831351570214
0.003492290044323948
0.0034925583901865235
0.003492689487307134
0.0034695345586373307
0.0034701858942532047
0.0034705116537761616
0.003474162592840979
0.003474626376895008
0.003475083212503623
0.0034752790359687705
0.0034786056538662915
0.003455071392927155
0.0034618536845017886
0.0034619837780244392
0.003462374117264656
0.0034628947065280637
0.003464473240045588
0.003441778563959016
0.003443246525202643
0.003443829270298864
0.003444282652873803
0.003413579245486095
0.0033733301902549168
0.0033736475427602088
0.0033742189277671687
0.0033745364475217298
0.003374854027040215
0.003354322764360037
0.0033577762402808996
0.0033580923436323344
0.0033587247289179416
0.0033592308086601223
0.0033596104685616438
0.0033597370409335896
0.0033756256030807205
0.00336556293149296
0.003365943414555703
0.0033672322116465037
0.0033807423826082293
0.003381124725817768
0.0033553052197950765
0.003328848434910469
0.0033294134338904824
0.0033331222704442607
0.003333310887919104
0.0033337510783885784
0.003302994126829887
0.003274937287618446
0.003275369948956812
0.0032791343730465953
0.0032798154106967632
0.003280063130893946
0.003280434781360112
0.0032578114354918446
0.0032706492466620897
0.0032709581481776416
0.0032714525119875376
0.0032735159589408532
0.0032737634136103372
0.0032739490291652366
0.0032741346657693586
0.003274444106895339
0.003264041368731438
0.0032662895643437587
0.003266721972751173
0.0032670309060012295
0.0032677725842560584
0.003236915765299052
0.0032374058358161295
0.0032379573425550204
0.0032132061986481445
0.0032181108466254717
0.0032084987034141483
0.00320967696436464
0.0032111829191042718
0.00321281082249484
0.003216333681264906
0.003216821244637971
0.0032331019538691143
0.003233592207776217
0.0032339599957889307
0.003235591786382367
0.003237223948259215
0.003238416818663732
0.003239153953317727
0.0032394611918078165
0.0032319151458479385
0.0032322217908008636
0.003193792488658199
0.003194034989179348
0.003194762711746136
0.003195308721324672
0.0031959156175680385
0.003196340582127865
0.003181356741181171
0.0031847656170696536
0.0031854920000435353
0.0031860370047580135
0.003186703374941352
0.0031874306422146883
0.003171823368867703
0.003172125033572191
0.0031726681746657766
0.0031732115017878222
0.0031750237688005305
0.0031755072412133142
0.0031759304003735746
0.003176474627894059
0.0031453401623461217
0.003091618716202104
0.0030714295716010188
0.0030716051119548853
0.0030719562528650833
0.0030723074740681773
0.003072893021243475
0.0030764212987875374
0.0030771251377150212
0.0030776532282958424
0.0030814776995471615
0.0030817715878563544
0.003082359532680045
0.0030959642741860624
0.0030964370036383458
0.0030998547519191155
0.0031003873730105105
0.0031011570377965235
0.0030619258623765613
0.00306221826524359
0.0030624522277500075
0.003077105960012939
0.003077282332154323
0.003084358098881872
0.003084652840974153
0.0030852775046378927
0.003085513431725364
0.003086622730606593
0.003086976870321358
0.003087331091308983
0.0030881579231650962
0.0030883942421888887
0.0030917601993594944
0.0030922926596399104
0.003105287317324442
0.0031187017730927064
0.0030617477493195384
0.0030049488833596046
0.0030056970702799233
0.0030074275059619035
0.003008003785017216
0.003008810946824861
0.002995924151429432
0.0029995795762511623
0.0030010039187254364
0.0030015795956712878
0.0029792575046522873
0.0029667897555675548
0.0029547336612866936
0.0029551874502920746
0.0029219449214456677
0.0029257632336357805
0.0029264939156590114
0.002941319096569359
0.0029416582251955703
0.002897321142564269
0.002897710994129883
0.0028981566672617305
0.002899159933219588
0.0028998291631743564
0.0029138551043312927
0.002898435180399615
0.002899606986779462
0.002900109479614233
0.002900779741040129
0.0029011708699660135
0.002901729808578857
0.002918515745155687
0.002920171037146784
0.0029211283410330766
0.0029218044629366817
0.00293539934881191
0.002935965787650398
0.002923834707887669
0.002924229805431301
0.0029260816158406494
0.002894404580286045
0.0028946840816746933
0.002895914529348332
0.0028962502875546333
0.0028970340262283955
0.0029103699939610835
0.002896164750100591
0.0028967248608689784
0.0028973972798327164
0.0028979578674848076
0.0028982943242120062
0.002898967472099256
0.00289964093274518
0.002885301586072215
0.002886251635985311
0.002886754856921457
0.0028879041105116924
0.002888575729134653
0.0029152634999409176
0.0029157722226069278
0.002932612255188519
0.0029334087123762944
0.0029343227288392876
0.002907075070212841
0.002907931324662018
0.0029085524241469077
0.0028479877910386445
0.0028029990485585604
0.00280332574477044
0.002803761458200491
0.0028176991172857587
0.0028182468495558995
0.002819452610445229
0.0028202204501664003
0.0027787217825671266
0.0027792625477286656
0.0027797494163624547
0.002780669522674458
0.0027813735444832603
0.002781752780830119
0.0027822947264711465
0.0027828368833187995
0.002783542003177747
0.0027875511323735506
0.0027883121939565538
0.0027886928806090026
0.002789236899040287
0.002789835564521057
0.002803773726862975
0.0028047043765302014
0.0028053616777667916
0.002809384762942713
0.00279566398945357
0.002796265136999977
0.0028003990225857938
0.0028038286425109207
0.0028046515231534104
0.0028053101755131475
0.0027658393242307
0.0027664892433951625
0.0027672478685647384
0.002712229196755232
0.0026811994621440626
0.0026819351170675318
0.002683114234670276
0.002683956012504248
0.002684166539498071
0.002685166993912903
0.002626934162971983
0.002627655989827363
0.002628223417846918
0.0026321670531432046
0.0026364233998278715
0.0025944737076013524
0.002595340605927333
0.002596361228289961
0.0025969739871055902
0.002578067308303414
0.0025459300382089847
0.002546581491619017
0.0025221459989179544
0.0024800279487313093
0.002480614105183385
0.0024812494207602756
0.002482807384935916
0.0024812281956220687
0.0024854431108030073
0.00248583514425963
0.002486717671874404
0.002487355442741954
0.0024883203153514832
0.0024887623167101224
0.0024896467906721114
0.0024926186631860233
0.002493258932749774
0.0024938009562731687
0.002394956448341273
0.0023988200623883855
0.0024004283726696794
0.0024012801097561807
0.00240218307890308
0.002402801291280356
0.0023782436243603203
0.0023787617397027106
0.00237970434619332
0.002380458969420272
0.0023809780505713004
0.00238149735815262
0.0023822531191453303
0.0023841901483530586
0.002385845462072667
0.0023879743567759826
0.002388495997055682
0.002392565973269817
0.002393374224398438
0.0023477068808354386
0.002348547181568289
0.0023492946206999494
0.0023499022653960177
0.002354061350391814
0.0023546706037773425
0.0023550925793539737
0.0023424242702571154
0.002343264350688768
0.002347473728403578
0.0023482694187449836
0.002348749386228812
0.0023627983540082235
0.0023669258756837995
0.0023674928153534177
0.002368438318584454
0.0023725717954348117
0.0023262882007736335
0.002326753040058432
0.0023284364017988252
0.002342467704800578
0.00235927525568055
0.0023631285543618164
0.002363837875961789
0.0023644529658814746
0.002381657360683333
0.0023744573321471565
0.0023689696042168908
0.0023696817193283788
0.0023685320916259594
0.0023827090035325937
0.0023839989929087322
0.0023844773041709023
0.0023850515310954467
0.0023860091908148185
0.0023876379040160237
0.0023883575200131352
0.002402573405696261
0.0024038231888527085
0.0024056471361391593
0.00242036695464795
0.002374536600476426
0.0023759720815230844
0.002376655941648316
0.002377326325932624
0.002378092942640908
0.0023807320871482274
0.0023817406887708167
0.0023825578019389853
0.002383231139765041
0.0023842418604051257
0.0023849161505702806
0.0023855908222368727
0.002399886215805855
0.0024007597134376845
0.002401731012427626
0.0024028489783316925
0.0024036759701248586
0.0024043087598134357
0.002405477862681023
0.002406599320313521
0.002407477712473584
0.002408161349810297
0.0024086987658669384
0.002376381814648982
0.0023297367831600435
0.0023306830805191127
0.0023324633530031943
0.002337130612666177
0.0023377482727183147
0.002338508918026069
0.0023395080164997847
0.002344970712449576
0.002345973305950023
0.002347359250088561
0.0023483160281313133
0.0023494172875593287
0.00235008812523398
0.002350807305131942
0.0023529354598982436
0.0023332415542515863
0.002325392210638032
0.002326437501566765
0.002327103176129836
0.002329664461724252
0.002330760482887312
0.0023318098163834754
0.0023329556219523137
0.0023341503674415656
0.0023485765692109087
0.0023492505207137466
0.002349780325448203
0.002353921203845865
0.0023547421594602045
0.002355145453344392
0.002355918900127099
0.0023567412441572854
0.0023580066572369764
0.0022997443254201776
0.0023009392138825645
0.002305217071958231
0.0023061388006854104
0.0023068029565154443
0.0023079899010461395
0.002308607595053501
0.0023097012486278093
0.002310843557650973
0.0023121776804084365
0.0023130838556544714
0.002314086244498004
0.002315424115176824
0.002319727593596667
0.0023205424412925746
0.0023280554186827763
0.0023290181610348564
0.002330367338825463
0.002334684934677141
0.0023367901671869093
0.0023377097250680797
0.002338533101053787
0.002321989291872267
0.0023231448218244705
0.0023035081180426678
0.002307587972625499
0.0023084981314621653
0.002309792750831767
0.0022628790874514074
0.002263678940751889
0.0022818597663913187
0.0022831894938249585
0.0022844256291526025
0.002285139393201038
0.002287671695887423
0.0022884347618300142
0.002289389310408403
0.0022905358203710482
0.0022915399589892513
0.0022928801807929424
0.0022940781328205247
0.002232361928024046
0.0022328287637855683
0.0022373902695231565
0.0022385611630932737
0.0022408479642485224
0.0022415051319451054
0.0022421157043225866
0.0022432908173751665
0.0022095545857727227
0.0022109458761256145
0.002211827933273045
0.002213315095121736
0.002218589559010485
0.0022200829930188225
0.00222115764121075
0.0022219526153128295
0.002191387339332058
0.0021924032815385168
0.002193281444547882
0.002194067765872217
0.0022093851572829322
0.0022101313348558403
0.0022111114581407154
0.0022259419209823424
0.0022414455339927453
0.0022422512808384005
0.0022436746010903027
0.002244672000891803
0.0022458129727661977
0.0022494944416174864
0.0022521953175071293
0.002253389583891079
0.002254537271807835
0.0021770297537049162
0.002128709020997929
0.0021300873991023208
0.002145810034360918
0.00214695183566903
0.002162291936664779
0.0021650487210162447
0.002180462616362238
0.0021814393177602928
0.002182603198993492
0.002184001496897902
0.0021528882025175305
0.002168520956066116
0.0021700054500353987
0.002106773922650131
0.0021082177838153155
0.002109301979127126
0.0021246343965820856
0.0021256825410443866
0.0021268686459904582
0.0021275535396099565
0.002143015682086907
0.002143982767706845
0.0021459903117503035
0.0021473755067790814
0.002148392453526453
0.002149456655508515
0.0021508463305153092
0.0021445870832486314
0.0021456047906651863
0.0021118309610150387
0.002112834292789373
0.0021139756003955125
0.0021149809715278046
0.0021173375598211763
0.0021185287998738748
0.0021203512689580793
0.0020848544286044277
0.0020857578233650677
0.002087114384408751
0.0020881103178734613
0.00208906186869861
0.002089878174215523
0.0020908117835037143
0.0021064798287249867
0.002111064870315271
0.002111845368842823
0.002112764341610536
0.0021139602025636627
0.0021151113462156796
0.002116448244475095
0.002117417398708283
0.002118433655586235
0.0021190808725724914
0.0021206080213308693
0.0021218127806131725
0.00212292608173765
0.002124226410534462
0.0021248306762529944
0.0021260402396278376
0.002127157982579668
0.002128650136015648
0.00210034274686233
0.002101494932776612
0.002087690964872393
0.002089433879753979
0.0020903523727885767
0.0020912256894490056
0.0020467146828802595
0.001996420471881202
0.0019684498234680014
0.00196905722241289
0.0019703165991375596
0.001985851817063343
0.0019703273329821653
0.0019712413350584327
0.001972330539022991
0.0019732464009838855
0.0019747747292061173
0.001975736605001334
0.0019472943579097496
0.001930287943855382
0.0018985075005308848
0.0018995189365230876
0.0019007847480270235
0.0019058415817479548
0.0019085962565287254
0.001909913232977828
0.0019114449076578727
0.0019131069966056922
0.0019143447839177615
0.001914985647438166
0.0018842581810176783
0.0018855635938727167
0.0018872084588862723
0.0018880530931015414
0.0018895330236367593
0.0018423299395957395
0.0018434040881006837
0.0018443967221171617
0.0017937752054130883
0.0017946215919522892
0.001795905424910484
0.0017969154954531783
0.0017981695619643345
0.0017993443066657755
0.0018153441923896775
0.0018187460065758588
0.0018194846669575908
0.0018210460331412408
0.0017695522712245122
0.0017740401901906629
0.0017751638640205805
0.0017766509038668248
0.0017777778884233203
0.0017787046958813587
0.0017799957758221155
0.001796380897504493
0.0017980134145077914
0.001746667889528281
0.0017474626784571496
0.0017486960317432516
0.0017495325187632878
0.0017316548622818993
0.0017329583433598032
0.001735785615074313
0.0017370148126727072
0.001703800325483107
0.0017048524870673905
0.0017061402284227253
0.0017067262087182408
0.0017117573747502948
0.0017134062775217796
0.0016459217533449735
0.001646904618884408
0.0016480401541307083
0.0016492531189619376
0.0016509618747548435
0.0016518746597762473
0.001653169501008118
0.0016544282014264943
0.0016552684004207553
0.0016565685696582524
0.0016578324533842073
0.0016589831133014164
0.0016601738077937377
0.0016612507438195515
0.001617832277422525
0.0016189579086745005
0.0016202731264356501
0.0016212891839982142
0.001623969083179793
0.001574709905717442
0.001576029495023909
0.0015769471784378044
0.0015786059620973751
0.001580300021919059
0.001581813012319271
0.0015828849267335078
0.0015842546526862917
0.0015853298799307371
0.0016022069822280622
0.001603446324743967
0.0016045370278006971
0.0016057422855385347
0.001607062611150381
0.001608952561535119
0.0016105320729394154
0.0016115939538832611
0.0016129612886700867
0.0016156808216630826
0.001616786851543597
0.0015624818869823837
0.0015652762940574052
0.0015667946135439282
0.0015679816915729415
0.0015692077512327266
0.0014995795912260983
0.0015005761315155161
0.0015036215378315021
0.0015052307218403117
0.001505982853687901
0.001507345766556513
0.0014527790290421374
0.0013981701580079832
0.0014017920589424184
0.0014025620904054154
0.001403869731186793
0.001405112569394524
0.001406424972464968
0.0014079085786788794
0.0013729343040060156
0.0013582758899761782
0.0013589285934312364
0.0013601050418095436
0.0013611852436429463
0.001362628184610019
0.001368027848191842
0.0013695141169791098
0.0013710367555777717
0.0013760628239149913
0.0013769953865800514
0.0013779625885131253
0.0013795664635888698
0.0013807718222445307
0.0013085332376336386
0.001309550734866022
0.001315006642307234
0.001316255370309425
0.0013173138401590778
0.0013183740137208096
0.0013196291482633488
0.0013209512280961803
0.0013223213927439285
0.0012702111434616092
0.0012713621760669354
0.0012722346153711502
0.0012733893198005456
0.0012756150964937593
0.001276681061378877
0.0012779688614949164
0.0012791962554318805
0.0012970511565255421
0.0012992182217256263
0.001279473230873439
0.0012809916681745795
0.0012821011361012853
0.0012827677398115633
0.0012497766018194428
0.001250924067867417
0.0012521980478659904
0.0012535993089545431
0.0012549412250681862
0.0012560981987638363
0.0012572573077361592
0.0012585128073444437
0.0012595819551993663
0.0011856304143990455
0.0011867284676475942
0.001188096454353816
0.001189199082246138
0.001190512982397274
0.0011915901530860822
0.001192999396366197
0.001194261543388726
0.0011957374277676931
0.001196673035942074
0.001197882437933981
0.001198942671732476
0.001200278202809849
0.001218266158464821
0.001219440361123515
0.0012211438794456756
0.0012228832679042527
0.0012237548216370733
0.0012423366893751242
0.0012440638502961455
0.0012449852849301187
0.00124613103548632
0.0012471193452082243
0.0012484288748182623
0.0012492607341402836
0.0012502860840810984
0.0011916306070199629
0.0011970468539136306
0.0011987103602729733
0.0012004094317317525
0.0011414827368596528
0.0011431047057677904
0.0011443464075043025
0.0011453832214898747
0.0011464219159516482
0.0011477006081695854
0.0011490418325539216
0.0011502665690779873
0.0011511044759392752
0.0011567043575586137
0.0011576993590913258
0.0011371627268086317
0.0011382022351516712
0.001140048322594234
0.001141302304093002
0.001142499139562898
0.001144269060771621
0.001084283749898892
0.00108585372768603
0.00108708433519988
0.00108851878618584
0.0010894675994123947
0.001090706416494443
0.0010923239895697524
0.0010939173543602666
0.0010956317761821668
0.0010971472534487912
0.0010986376647085703
0.0011005465541217942
0.0011018989380906356
0.001103343181716861
0.0011070512195914125
0.0011082985008624795
0.0011111599318462538
0.0011169848334135776
0.0011181872823017155
0.0011196336427412446
0.0010997443082225867
0.0011008724033423722
0.0011021517264423054
0.0011038521635354766
0.00110534810087595
0.0011064276888091966
0.0011082919309133403
0.0011097697339125445
0.0011107974664111289
0.0010664472303602026
0.0010875975012550792
0.0011072436258957536
0.0010264625017826286
0.0009634630896543482
0.0009643610049289562
0.000965578498787413
0.0009075581811850983
0.0009089574229159052
0.0009101351210241629
0.0009122107937973682
0.0009141789950066348
0.0009152930137780722
0.0009160287390787974
0.0009171727263476495
0.0009187791172778663
0.0009199555964949576
0.0009216231587184488
0.0009227038794004203
0.0009245365872680818
0.0009256500811832298
0.0009272342979766807
0.000928771740676302
0.0009300786550104087
0.000949963413686611
0.0009510889310037381
0.0009522978057606912
0.0009535906639651406
0.0009572360710044537
0.0009607585605996095
0.0009619326147688088
0.0009634933491356592
0.0009647290899072235
0.0008993023489085583
0.0009006130230375081
0.0009017468744499562
0.000922273691231105
0.0009237561909931161
0.0009251104775294845
0.000931086028651216
0.0009327773016035277
0.0008472322812468294
0.0008678032383620544
0.0008691349185876954
0.0008704202110413147
0.0008724693895884968
0.0008737391377978176
0.0008800247371675944
0.0008859686832715031
0.0009067522748533039
0.0009083986943765542
0.0009093840868445812
0.0009109330656421785
0.0009125141744581614
0.0008505502535749286
0.000851856126591135
0.0008531407874952733
0.0008541510791495989
0.0008554426765355695
0.0008569672127458684
0.0008582673474391703
0.0008600070094048871
0.0008615736002483099
0.0008630942668276639
0.0008651388392909878
0.0008677408388677901
0.0008694929525500317
0.0008709365518011034
0.0008723585750163321
0.0009146369457865731
0.000915802441894675
0.0009170823505149325
0.0009187851485358563
0.0009204100772937486
0.0009219281171878833
0.000923338181299088
0.0009252628049182628
0.000926939211547982
0.0009293650815865171
0.0009309702521311565
0.0009535610790478814
0.0009551552678487665
0.0009570812828141819
0.0009588362491147177
0.0009614058944068293
0.0009649869481330156
0.000966918370596129
0.0009692220005699631
0.0009718114668609719
0.0009738010021474589
0.0009758910996206623
0.0009773100840239544
0.0010007239238593402
0.0010238901283061417
0.0010262032312433232
0.0010281333530401083
0.0010304327662709722
0.0010326073424322298
0.0010352254815955953
0.0010372228296210548
0.0010398979803841499
0.0010416778800437772
0.0010443084649061276
0.0009498248613861745
0.0009521743061206041
0.0008804648448402731
0.0008825378139658248
0.000884649563684571
0.0008886407263862433
0.0008683411941062483
0.0008704320641517593
0.0008736017773658055
0.0008761542178986316
0.0008789264884388785
0.0008804220094381238
0.0008819521035021853
0.0008841387371892949
0.0008858007078946287
0.000888066259090994
0.0008907942509076723
0.0008935087996508731
0.0008963008249741487
0.0008990184611075149
0.0009009829249509674
0.0009033578285940328
0.0009051550006479003
0.0009067100360393378
0.0009086144299448709
0.0009110926974481731
0.0009125735342147832
0.000834508969525968
0.0008365985795213033
0.0008392727723712409
0.0008412681763263909
0.0008432139867219592
0.0008463282135459412
0.0008489260526800659
0.0008514494890516687
0.0008531098819710363
0.0008565721292670384
0.0008588652904198146
0.000866732650441018
0.0008694074632281114
0.0008720988365349619
0.0008746174426113778
0.0008777226307929493
0.000880689850155499
0.0008827113264756723
0.0008857124288139861
0.0008881150211795373
0.0008906616343569509
0.0008934534711722454
0.0008961965590655389
0.0008196281435247104
0.0008217346858535817
0.0008242214417959765
0.00082687822755289
0.0008295521964018616
0.0008322749127064967
0.0008344786137273937
0.0008362499947352681
0.0008387936242390444
0.0008417701126034457
0.0007806485911749068
0.0007848243071055353
0.0007876735842902996
0.0006997447255476777
0.0007302216351093496
0.0007335562407573647
0.0007361709535622578
0.0007390658452396555
0.0007411350780568808
0.0007439514089555651
0.0006633993421197871
0.0006657804364683726
0.0006683358389972773
0.0006710478486292068
0.0006734016430424124
0.0006834000817958038
0.0006857893982863493
0.0006887012174021238
0.000691099496867861
0.0006935430505713777
0.0006976735025868572
0.0007003382579419446
0.0007029062718883129
0.0007140462019328648
0.0007162678391235405
0.0007259613838783319
0.0007287909232494895
0.0007318293606900771
0.0006350223198397446
0.0006379922603212744
0.0006410730197054247
0.0006449101153299628
0.0006471556240880754
0.0005486569627851141
0.000551117307909711
0.0005537220851501518
0.0005570438271291454
0.0005602053128531209
0.0004285521677998421
0.0004306423829523681
0.00043253716255621364
0.00043460709565262687
0.00043681696224069107
0.0004397986479897743
0.00044163182130947974
0.0004437692798638443
0.000445510852444136
0.000448465140653449
0.0004504778101716878
0.00045253010087862027
0.0004548396988177575
0.0004573922815480759
0.0004597740735638518
0.0004621584008973143
0.00043250988096399194
0.00043475723622782444
0.00043722196790966817
0.0004395186886886178
0.0004426973920020129
0.00044527211737038763
0.00037234285329931804
0.00037453455020816873
0.0003772721519603548
0.00037930789767985927
0.0003823535215992738
0.00038583127971523166
0.00031560675398453525
0.0003177797786134209
0.0003202049311559398
0.00032275416890801504
0.00032523850823937554
0.0003274394237066143
0.0003298515667949423
0.0003322811098189068
0.0003354203935599284
0.0003380853101932721
0.0003408897221748764
0.00034370166695308474
0.0003471619510501649
0.00034997666822211853
0.0003530242409978819
0.0003564427018356799
0.0003602521765235665
0.00036343812465927677
0.00036677058499908307
0.00037149402513776236
0.00037568092167052786
0.00037924277858542444
0.0003837053143186033
0.00038822387576835973
0.00019657951641438963
0.0001985440105890139
0.0002007897731075564
0.00020264793299108348
0.00020514223194748358
0.00020777062123415748
0.00021085184143941523
0.0002144542140253056
0.00021878646441073513
0.00022217285047767163
0.00022512381809995497
0.00022817158503194403
0.0002311960542540074
0.00023614609571788412
0.00024129333226091852
0.00024559967253376993
0.0002498750624687656
0.00025406504065040653
0.00025967281225655674
0.00026614620298083747
0.0002717637467161881
0.00027775205999444494
0.000285687077421198
0.00029214139643587495
0.00029982010793523883
0.0003072511265874642
0.00031665611146295124
0.0003260160834601174
0.00033776176536816035
0.00034944670937682004
0.00036652412950519245
0.0003792188092529389
0.0003932878867330886
0.00041385018623258383
0.000429553264604811
0.00045351473922902497
0.00047460844803037496
0.0005121201775349949
0.0005470459518599562
0.0
0.0
0.0
0.0
0.0
0.0
