0.0
0.0
0.0
0.0
0.0
0.0
0.0
0.0
0.0
0.0
0.0
0.0
0.0
0.0
0.0
0.0
0.0
0.0
0.0
0.0
0.0
0.0
0.0
0.0
0.0
0.0
0.0
0.0
0.0
0.0
0.0
0.0
0.0
0.0
0.0
0.0
0.0
0.0
0.0
0.0
0.0
0.0
0.0
0.0
0.0
0.0
0.0
0.0
0.0
0.0
0.0
0.0
0.0
0.0
0.0
0.0
0.0
0.0
0.0
0.0
0.0
0.0
0.0
0.0
0.0
0.0
0.0
0.0
0.0
0.0
0.0
0.0
0.0
0.0
0.0
0.0
0.0
0.0
0.0
0.0
0.0
0.0
0.0
0.0
0.0
0.0
0.0
0.0
0.0
0.0
0.0
0.0
0.0
0.0
0.0
0.0
0.0
0.0
0.0
0.0
0.0
0.0
0.0
0.0
0.0
0.0
0.0
0.0
0.0
0.0
0.0
0.0
0.0
0.0
0.0
0.0
0.0
0.0
0.0
0.0
0.0
0.0
0.0
0.0
0.0
0.0
0.0
0.0
0.0
0.0
0.0
0.0
0.0
0.0
0.0
0.0
0.0
0.0
0.0
0.0
0.0
0.0
0.0
0.0
0.0
0.0
0.0
0.0
0.0
0.0
0.0
0.0
0.0
0.0
0.0
0.0
0.0
0.0
0.0
0.0
0.0
0.0
0.0
0.0
0.0
0.0
0.0
0.0
0.0
0.0
0.0
0.0
0.0
0.0
0.0
0.0
0.0
0.0
0.0
0.0
0.0
0.0
0.0
0.0
0.0
0.0
0.0
0.0
0.0
0.0
0.0
0.0
0.0
0.0
0.0
0.0
0.0
0.0
0.0
0.0
0.0
0.0
0.00017739932588256165
0.00017666804075142805
0.00017589118198874296
0.00017520294340944928
0.0001745302228169178
0.00017383242554177772
0.00017318016509842407
0.0001724336130589723
0.00017176228100309173
0.00017105713308244953
0.00017049329393043874
0.0001699235344095157
0.0001693002257336343
0.0001686719892049927
0.00016803898504453034
0.00016733601070950468
0.0001666759264403578
0.0001660485968893563
0.00016544421772459052
0.00016482610845557937
0.0002919015562001715
0.00029086678301337986
0.00028988658187484144
0.0002889912399530389
0.0002880236179366708
0.00028698522026115655
0.00028595428305899594
0.00028500685797752006
0.0002839447017693304
0.00028296547821165814
0.00028202280859464506
0.00028101234697999543
0.0002800091002957596
0.00027907138994994157
0.00027806743135210286
0.0002772146854479616
0.00027622401767833714
0.0002752546105147261
0.0002743625357957371
0.00027333606669400026
0.00027237287847062627
0.00027154082446582826
0.0003890721475090924
0.00038789105320853357
0.00038665859726985403
0.00038527899224416635
0.00038394764957264956
0.0003826827726198795
0.0003815970666799396
0.00038047973531844494
0.0003792188092529389
0.0003779848477378428
0.00037688853931111327
0.0003755224660397074
0.0003744586630197649
0.00037318276220145376
0.0003720057580021673
0.0003709258632089925
0.0003697451973314042
0.00036867836819748335
0.00036744148893681604
0.0003662478701890157
0.0003651141378543988
0.0003639355675812525
0.000362867600656317
0.00036175466742163293
0.00036068247396813446
0.0003597516149719237
0.0003586912448145722
0.0003575870646766169
0.00035652281746031744
0.00035544840589117095
0.00035454433345665306
0.0003535796092176667
0.0003525876870247731
0.00035177877703343425
0.000350796919087928
0.0003499163243572189
0.0003489765882227988
0.0003479313213826488
0.00034703361699559417
0.00034612490594431903
0.00034503450345034503
0.0003440435589062406
0.0003431350609437706
0.00034207864834314946
0.0003412867996201329
0.0003403625601183869
0.0003393832079091043
0.000338454293954912
0.00033751559175287986
0.0004390972161236498
0.0004379625979941313
0.00043687199650502403
0.00043571086227179646
0.00043446148498935567
0.00043342579750346743
0.0004323950361049855
0.0004311831666091756
0.0004301260269258893
0.00042916613020900393
0.00042813717515091833
0.0004270219489281749
0.0004259669449650707
0.00042473666326877334
0.00042363905952128787
0.00042260068461310907
0.00042163848716110806
0.00042062757634390513
0.00041967433271781096
0.0004187604690117253
0.0004176934965122593
0.0004166319473377219
0.0004156103237604422
0.0004146280786134837
0.0004137018037398643
0.00041272854843369517
0.000411793773678142
0.00041076196344218524
0.00040986966144765965
0.0004089645018812367
0.0004080466805402538
0.0004070832485243232
0.0004062233415932079
0.0004052684903748733
0.00040426908150064685
0.0004032258064516129
0.0005231388329979879
0.0005218578138171892
0.0005205622071837585
0.0005191900635009386
0.0005179695593274364
0.0005169191617956976
0.0005155865788847466
0.000514240506329114
0.0005130633830610151
0.000511871480883569
0.0005107854308278653
0.0005098239146633201
0.0005086868054468618
0.0005075349418286874
0.0005065263978180401
0.0005053449951409135
0.000504266873545384
0.0005677712398059256
0.0005665430572723527
0.0005653637601829723
0.0005641459599456369
0.0005628685829783424
0.0005615969775871752
0.0005603953334352234
0.0005591775007307433
0.0005579224994927978
0.0005568210579600102
0.0005557871335278589
0.0005546940988111897
0.0005535426731078906
0.0005525000627840981
0.0005515028452533153
0.0005506125564690719
0.0005495809445297961
0.000660707830011095
0.0006593515961284865
0.000658197036871453
0.0006568266597266115
0.0006556565844003217
0.0006543936980652171
0.0006531598146504979
0.0006520990206210937
0.0006507778637295711
0.0006493188277957464
0.0006479138396841115
0.0006466569058077111
0.0006452634013903601
0.0006986209829293482
0.0006974008174750453
0.0006962607769059382
0.0006949480299734107
0.0006936151220159471
0.0006920373579818987
0.0006907653680277748
0.00068907663730601
0.0006879389349508871
0.0006866819528040509
0.0006853070175438597
0.0006839375773146827
0.000682622219056438
0.0006814087978763747
0.0006802238232127859
0.0006791392058205183
0.0006780100699234733
0.0006769803145898088
0.0006755962871577958
0.0006745263651827087
0.0006733415305345746
0.0006722787326084415
0.0006709608158883522
0.0006694843224236498
0.0007495467856644821
0.0007482685413983922
0.0007469946494336739
0.0007457250875793418
0.0007445371749142918
0.0007430961186188782
0.0007420189818809319
0.0007408428379449365
0.0007394414637501721
0.0007379187259747393
0.0007366293212731697
0.0007354198734393707
0.0007910491930160032
0.0007898086276648939
0.0007882767929043747
0.0007869914280214243
0.0007853906046942627
0.0007839023674979416
0.0007828692439398036
0.0007816278102050227
0.0007803114509301987
0.000779130512768772
0.0008782823705792189
0.0008766933583498063
0.0008750515555852813
0.0008737075250147473
0.0008725130599088586
0.0008710318120790475
0.0008697289990914933
0.0008685165516020535
0.0008672499889522295
0.000865729252826027
0.0008644708007091964
0.0008631875261155462
0.0008618512785042215
0.0008604625671380029
0.0008591911563509003
0.0008577828771239688
0.0008564913314348685
0.0008548963234012894
0.00085380842061757
0.0008522233802327601
0.0008511145806227774
0.0008497326318979889
0.0008483276598043984
0.0008471192549667088
0.0008459416354153197
0.0008449309524578342
0.0008434330410864707
0.0008959708138848652
0.0008946460523073297
0.000893267862682799
0.000892036835245604
0.0009653024436551364
0.0010596717680011075
0.0010578804116696434
0.0010561287309472254
0.0010546175289092392
0.001053043772754212
0.0010514747064853268
0.001049710933873486
0.0010481517765909257
0.0010464981752016742
0.001044882700102913
0.0010434691416286509
0.001042026663315425
0.001040392316781162
0.001038828160073501
0.0010162601626016261
0.0010149589332000874
0.0009929299230609274
0.0009915690671982722
0.0009902119364605367
0.000988797084342838
0.001080572444885635
0.0010789992669000194
0.001077497319145426
0.0010758001585389706
0.0010745059329179262
0.0010728181752851437
0.0010712345337310738
0.0010697212582788235
0.0010680812354991363
0.001066870852475753
0.0010654676332344333
0.001064133113378546
0.001062769506142706
0.0010613123711444906
0.0010599882336234353
0.0010535379628222661
0.0010977226049918556
0.0010961588975773372
0.001094632768361582
0.0010935736171585227
0.0010921206264846801
0.0010902769403914948
0.0010887671342846247
0.0010873268795221773
0.0010857926286188917
0.0010843927400655633
0.001083418209414255
0.0011316503150674007
0.0011304330504760768
0.0011290836019259083
0.0011275357135761262
0.001168720360338909
0.0011671571104439754
0.001165978758994764
0.0011644918940292605
0.001163077712942942
0.0011614951538635983
0.001160259630253425
0.0011586505360479983
0.0011571481896229937
0.0011558198176983682
0.0011544266086513397
0.0011531722024805929
0.0011516840201398054
0.0011307710335130069
0.0011294145185358575
0.0011524822695035462
0.001151170145477546
0.0011500286778072658
0.0011484879374787634
0.0011469179609485585
0.001189058339385137
0.0011685384563297446
0.0011651160768628818
0.0011639353755284038
0.0011623872310895214
0.0011611114320374332
0.0011599053609556238
0.0011585682171883107
0.0011572674669660596
0.0011752075305304732
0.0011689020362445795
0.0011677952484792841
0.001166489925768823
0.001165120806137639
0.0011638547326279672
0.0011625249928591834
0.0011610657842186344
0.0011596763163893324
0.0011584550138046853
0.0011572691859307916
0.0011559216131780748
0.0011546099290780144
0.0011533665835411473
0.001151930261519303
0.001112901553915887
0.0011115189504098788
0.001110327645372068
0.00110913889123677
0.0011080150487395276
0.0011064890288005698
0.001105370547163101
0.001104223350443653
0.0011029240093762551
0.0011015044256041488
0.001207648440120765
0.0012065690984247573
0.0012052562564517481
0.0012041811846689899
0.0012025386927959026
0.001201368224922829
0.0011999000083326393
0.0011985018726591763
0.001196808510638298
0.0011953183365153153
0.0012539156071494381
0.0012527037599521379
0.0012514597298465332
0.0012501837154614934
0.0012487384163684743
0.001245292355059516
0.001243856228891513
0.0012423893368438378
0.0012409938909130759
0.0012212918878491037
0.0012198566053549793
0.0012185244842429041
0.0012992562689796887
0.0012931934795441134
0.001291574832430864
0.001290205671831114
0.0012888744071539774
0.001287615740740741
0.0012862201026085703
0.0012848622652915757
0.0012836114190937203
0.0012823630059885637
0.0013394865151760498
0.0013380420912636368
0.0013364208334455249
0.001387282200281582
0.0013857536995234517
0.0013841542522256525
0.0013828550996692595
0.0014265169583121194
0.0014246844194656324
0.0014231989448543834
0.0014219064408711297
0.0014196509579975454
0.001417948239558624
0.0014786413540307625
0.0014771074937050047
0.0014756160209739425
0.0014740493001362573
0.0014725249471888567
0.00147112064778758
0.0015315124567718264
0.001530014189647727
0.0015282766391999441
0.0015267444110249244
0.0015253358638444444
0.0015675742096301372
0.0015661308850480982
0.001564607971966711
0.0015631701019649035
0.0015616529388104861
0.0016041939711664488
0.001602471786546569
0.001600543975730314
0.001656038748344833
0.001654568558845545
0.0016483229878462265
0.001646690984887963
0.0016449337601832335
0.0016436931079323802
0.0016421129212461354
0.0016403654485049838
0.0016389191431979673
0.00163705123555924
0.001635610766045549
0.0017122313322815099
0.0017106385177911578
0.0017090045435770348
0.0017074177241308164
0.0017056140983691035
0.001699962242130917
0.0016983445213171818
0.0016967734751736606
0.0016956406371705659
0.0017525402853330598
0.0017514167756494093
0.0017495773349044525
0.0017478312050566833
0.0017458207658095192
0.0017441711994688324
0.0017427915284511358
0.0017240207324326626
0.001722396244514054
0.0017206434816529716
0.0017190690423539983
0.0017171486361828357
0.001715580583246667
0.0017100082796843586
0.0017084926604033195
0.0017070661066410273
0.0017057281790677492
0.0017046076623125062
0.0017029726295950396
0.0017012978279873584
0.0016825212864617271
0.0017063831725731937
0.0017047523234645975
0.0017031245886967284
0.0017005778163466808
0.001753512219765888
0.0017520620918776496
0.001750614360474891
0.00174881899330346
0.001747420287785197
0.0017460674237478016
0.0017443248849650888
0.0017780563906025166
0.0017764618800888234
0.0017748260549584562
0.0017732814231720144
0.001767598793759635
0.0018405306818154961
0.0018391611034730398
0.0018173641137871081
0.001815653822885305
0.0018143507650535966
0.0018126909559719553
0.0018114816592776667
0.0018100505064755513
0.0018085323823150065
0.0017906292437361434
0.0017892180146200792
0.0018026633290089107
0.0018013333754917018
0.0018000496178024936
0.0017989885805977765
0.0017978405342795904
0.001796385506992497
0.0017949768188697788
0.0017934385937911725
0.0018273251702011894
0.0018258955130914258
0.0018589428099042786
0.0018538287109715684
0.001852245595078339
0.0018345023903559186
0.001832804439000854
0.0018431871483263352
0.001841663482801339
0.0018400976326398413
0.0018387575930967125
0.0018377315504784092
0.0018365285258241985
0.0018349713916574386
0.0018329956504601944
0.0018316214245982807
0.0018299396981108634
0.0018284376110116682
0.00182684985130893
0.0018777992805375544
0.0018768492291030665
0.0018749971346967598
0.0018736893222786872
0.0018722933318684142
0.001870989287229651
0.001892912277333846
0.001891550567904788
0.0018905532254843227
0.0018888782465718444
0.0018876126665071397
0.00188643900261463
0.0018851766880158055
0.0018839610549863477
0.0018823426476085945
0.001880996097320585
0.0018795618988618592
0.0018784876844553466
0.001912977947009361
0.0019115676995394486
0.0019457117511009732
0.001942788845882903
0.0019413137185114887
0.0019395189329287571
0.0019379569535900964
0.0019366725054837544
0.0019356186961287632
0.00191862114620768
0.0019167178421276403
0.0019151346376230156
0.0019140505224426265
0.0019131480302708827
0.0019511524718262856
0.0019494989917060966
0.0019486733021169132
0.0019470697951442773
0.0019846676689845274
0.0019679893558738368
0.0020001407723710765
0.0019953877423389624
0.0019944055069813964
0.0019933308343485466
0.001976323141514882
0.0019748898506647956
0.0019734125036039623
0.0019719373651957924
0.001970832457840139
0.001969499012334158
0.001967937958473207
0.0019669750137863012
0.0019659214407700674
0.0019645489100923127
0.0020139874237243456
0.0020474972880830623
0.0020615084434740193
0.0020605511829305105
0.0020589736451373424
0.0021350181621454523
0.0021334352748559695
0.00212809470889671
0.002122958026748115
0.0021214853866074737
0.002120112764580831
0.002118839776453744
0.0021021332902521027
0.002100678828693774
0.0020996135020707996
0.0020980658635278227
0.0020970997475038187
0.002080074230851815
0.0020782574051088744
0.0020768253093225533
0.0020755857551688784
0.0020745380567792466
0.0020689576121592818
0.002067772533565505
0.0020668254477167595
0.0020621113273053306
0.002110549314786429
0.00210743297822078
0.002105892386652656
0.0021044501263202758
0.002103489716441524
0.002102242493348537
0.0021010446343779684
0.0020996090042895653
0.0021858234495109314
0.0022033898305084754
0.0022185089195046917
0.002216745038352908
0.0022530191591755198
0.0022517923586532354
0.0022491571802198134
0.0022478828124409796
0.0022997749686617434
0.0022987855045553014
0.002297484874545482
0.002299799460201143
0.00229803230277828
0.0022969421792526
0.0022952830259663063
0.0022637551038823343
0.002262224125882008
0.002260491518933165
0.0022590666576619164
0.0022577451796521697
0.0022640222467075924
0.0022629027787142548
0.0022613780143596195
0.0022603119013409963
0.0022589426607734476
0.0022576256997854866
0.0022565125469717687
0.0022551479042542074
0.002253936273412432
0.00228382827733913
0.002278722164895209
0.0022776016238096304
0.002276227919573316
0.002350335352143671
0.0023495485500038263
0.002333108184172014
0.002341884697251992
0.0023408409603395677
0.0023389124976673963
0.002337767349784976
0.0023364154380613456
0.0023683561494484656
0.002366620126504623
0.0023653591620468456
0.002364151998030446
0.0023591974324936563
0.0023843122519896245
0.002412367907993116
0.0024443488577388685
0.0024428345253197014
0.0024377984241764346
0.002432606596234522
0.002431209627233924
0.0024301361270121623
0.0024620022038266444
0.002460699040029462
0.002459072024001937
0.002443194016970287
0.0024783808699092038
0.00254302849193601
0.0025416303631469
0.0025400104585177434
0.0025710764575249526
0.002551428585366329
0.0025356806756288907
0.0025345683886281323
0.0025298586903831017
0.002579373773668501
0.0025743121096439676
0.0025731851754571557
0.0026553458110646893
0.0026868046446096284
0.0026854542849997685
0.002683694984920062
0.002713869243381161
0.002712566605091804
0.0027109521351489545
0.0027564051333095986
0.0027654950251826673
0.002763869538294825
0.0027624863707023887
0.0027609244560424288
0.00275550243278158
0.0027537669282522025
0.0027506463313461045
0.002749393135135004
0.0027482602745007314
0.0027468306263607103
0.0027592424089239362
0.0027577487627722546
0.0027418885546441965
0.0027401095322889544
0.0027355582941166567
0.002730727313754578
0.00272919425730792
0.002727532185959054
0.0027476346970230848
0.002780892549944172
0.0028295606655986804
0.0028280369716203067
0.0028421368475623847
0.002840852417980763
0.002839508069665091
0.00283773791695286
0.0028363355712846482
0.002820314869917617
0.0028191646846264878
0.002817652711461437
0.0028165650946145016
0.0028011874989366933
0.002796355984631357
0.0027954575281397007
0.002794499810687552
0.0027931242409573046
0.0028238973657931004
0.0028229311669210715
0.002821302204717462
0.002820096777584492
0.0028188923800711095
0.0028178093015439306
0.0028168472635440862
0.0028160060190010254
0.0028145650539151863
0.00281324546412774
0.0028113881409590046
0.0027958801858795454
0.0027945119891928383
0.0028432499590640595
0.00284131606320056
0.0028399276997109995
0.0028381944802612913
0.002835800279289612
0.002821051745189674
0.002819615760505279
0.0028181812369801242
0.002816927225750379
0.002855966206596301
0.0028548173867223685
0.002851956870324129
0.0028501254899985706
0.0028842210260571987
0.0028825144585256147
0.0028798276944782225
0.002878307771906825
0.0028771537033296575
0.0028760005598380475
0.002874545278087339
0.0028732125630043515
0.002914070788441482
0.002912598322834758
0.002910882325927038
0.0029079498606312468
0.0029062995958764907
0.0029036167319288443
0.002933713051098237
0.0029324814593805573
0.0029314969302798987
0.0029302671981531795
0.0029280327003692883
0.002926437644003851
0.002950818582232193
0.0029496449015383873
0.002979424360321942
0.003025646337228717
0.0030244445041760683
0.0030231172727097815
0.0030184360140702946
0.003003255603844415
0.003002001975140788
0.0030419031461958305
0.0030388011834362578
0.0030375347260466743
0.003045422278034186
0.0030440906825515775
0.0030689306161711034
0.0030659481103560366
0.0030648643760466414
0.003084860168487914
0.0030663308526490667
0.0030998595115802386
0.003098894204169379
0.003097286693792481
0.0030956808503003965
0.0030943973739222374
0.003093114961367513
0.00307796123144093
0.0030767504141694054
0.0030721547610013345
0.0031106875242166896
0.003143864797090601
0.003172454004478147
0.003171339551601158
0.003196485572205846
0.003180746109392726
0.003204681085725811
0.0032371952217313017
0.003280651199980106
0.0032792994132563105
0.003277678738944747
0.003310158710557976
0.0033092052257535846
0.0033079393809987397
0.003306375214847489
0.003291248410643419
0.0032896935433651036
0.0032878026432108486
0.0032863858940109588
0.0032847682464155637
0.0032689366576205427
0.0032663114758629914
0.0032651742273665002
0.0032635700476027992
0.0032621009335692575
0.0032592029892367334
0.0032574708235467405
0.0032556074722411097
0.003254144905326215
0.0032511901927148364
0.0032498635824148407
0.0032327051842529616
0.0032315190155209708
0.003230136251714586
0.0032282944063821758
0.0032609735260170874
0.0032597790788340603
0.003258519222393023
0.003256873035238223
0.0032557476243066812
0.0032408791516416913
0.0032361777228442517
0.0032332178762272735
0.0032287856458328283
0.00324464397216015
0.0032301358732219057
0.0032377425330146095
0.003287168366707571
0.0033297281936934824
0.0033271644705928955
0.003326086802842592
0.0033852418179886774
0.003389334598573727
0.0033881010666319917
0.0033868684322395717
0.003385363096559155
0.003383790766613862
0.003381352037604586
0.0033799192034952652
0.00340256774429977
0.0034181330753066835
0.0034419563115758544
0.0034402922579221374
0.003499526536333207
0.0034980472678697817
0.0034962175243988805
0.0035094882378004723
0.0035345243394122334
0.0035765640327306797
0.0035709434031207725
0.003556552642592452
0.0035552676061083167
0.0035537424898208067
0.0035487318085982425
0.0035475218761711717
0.003543184393004594
0.003570419571397256
0.0035663645306730817
0.0035641968260547896
0.003578262520794957
0.003576973392332409
0.0035757567347159693
0.0035740405087813804
0.0035728258451671125
0.003571754768588699
0.003616942123510418
0.0036152615592001808
0.003613818168151672
0.003612448013796617
0.003640927279743679
0.003639620492420687
0.0036549980196285124
0.0036655627429429205
0.003660037337757652
0.003658652312972904
0.0036569771058698945
0.0036845443053236445
0.0036832249674116943
0.0037070222005241116
0.003705763467573551
0.0037165844321337153
0.0037150337631145064
0.0037139269343770104
0.003699436357287203
0.003696572595251009
0.003695545932492449
0.0037187588041331225
0.0037127325225017717
0.003711261084438003
0.003732597080456756
0.0037467446596701807
0.00375611621587905
0.0037536074679101463
0.0037490477006957056
0.003747342543442922
0.0037463794448492575
0.003745416841177293
0.0037442327770517304
0.0037629504213207935
0.003748522933784181
0.0037478568717833503
0.0037465254576308686
0.003745490567107284
0.0037437851480967015
0.003782828325504642
0.0037779035331310636
0.0037633557231666
0.003761350259715824
0.0037602395592040666
0.0038036635419195024
0.003801701898054735
0.0038414290396591305
0.0038806214655946335
0.0038897716936000105
0.0038884725812291104
0.0038936443408251597
0.003892956255703666
0.0038881567387102464
0.0038899990751043332
0.003889007195534736
0.003884519140989731
0.0038831486179481023
0.003890966150585304
0.0039162826872127165
0.003914863225653664
0.003909952032333901
0.003908574857619944
0.003907122225296044
0.003937145985319914
0.003935837835573985
0.003980041736328006
0.003978331729137316
0.003986928469161974
0.003969728740965469
0.0039636269711193625
0.00396223541103588
0.003961153761871335
0.003959995507199158
0.003958452220889136
0.003953971809820647
0.003952970765310098
0.003938760146999382
0.003977695718586408
0.003986264039191595
0.0039784617550723995
0.00399228790345433
0.003990968498054561
0.003990270342315126
0.0040051445041243946
0.003996129871307121
0.003994810709246221
0.003993724994268557
0.003992252467539189
0.003991013286995595
0.003989774875487499
0.003987940570837604
0.004028449013617971
0.004011126739245198
0.004008773750709235
0.004007453849218647
0.00400590213627463
0.0040048166520121
0.003978239875561651
0.003972678320428719
0.003958342541843471
0.003956320823322565
0.003951571198527721
0.0039796803316896065
0.004025157695461897
0.004023991884196557
0.0040228994531751085
0.004021502127904815
0.004020415990282493
0.004048103897097186
0.004047089236908962
0.004056474601385937
0.00406410001157694
0.004063238840746932
0.004058777661527677
0.004072365605806752
0.004071268271168186
0.004070249846962888
0.004069388501285385
0.00406810287116494
0.004066929515339315
0.004076493148057649
0.004091567913418592
0.0041289778259580015
0.004127471333808348
0.004125959689258849
0.004124534323175503
0.004120307571580669
0.004118806001765953
0.004104921886428368
0.004102542077888116
0.004113413836818093
0.004098985135370719
0.004082405294311744
0.004095313590191522
0.004092888637159719
0.004091552668640627
0.004120753970572222
0.004118069018135959
0.004162059395073374
0.0041610249674334104
0.0041599910538537045
0.004158480873296113
0.004157209992485235
0.004155939888229368
0.0041407509518610035
0.0041332042992348345
0.004128762946681141
0.004126631167729672
0.00415071376903147
0.004143410820370261
0.004139926554376673
0.004138586032264248
0.0041376403039229395
0.004136065050157145
0.0041848709745880225
0.004183597259364347
0.004208227636755606
0.004192782479229923
0.004188579510206936
0.004186785432392469
0.00417546278191121
0.004216901499757775
0.004203130516273331
0.004202014189303612
0.004207300242387963
0.0042049509750772505
0.004203049434329056
0.004186693028728469
0.004222533225849191
0.004218495895266252
0.004226175152949909
0.004266082371554821
0.004264870989906485
0.004298518932872997
0.00428468538604198
0.004269141070177694
0.0042683336523409166
0.004264894933313301
0.004261533385361629
0.004299939132737169
0.00429697478100719
0.004294418127559519
0.0042799731703298425
0.004278761971432476
0.0042699266007012
0.0042683970266926535
0.004267351107303609
0.004287501161323428
0.004286128127137829
0.004297391354132283
0.004308404460889401
0.004307350327714321
0.004306458771685327
0.004305405590278703
0.004301986703822119
0.0042974785835688594
0.004296186327421646
0.004294814156535872
0.0042935235020430925
0.004292314217770027
0.004322391593378229
0.00432093159997082
0.004343292613843771
0.004342966724321067
0.004367568027888764
0.004366585208372671
0.004364814234332991
0.004363996102670167
0.004384165845642316
0.004380681738323816
0.0043949786836365475
0.004393591704453128
0.004390239189370569
0.004389347671802688
0.004387787263058081
0.004384012635064458
0.00438229100317411
0.004381062093750898
0.004367373978657488
0.004366639472438406
0.0043656605150407075
0.0043614874775659285
0.004357094163296064
0.004355251802406285
0.004353357100006174
0.004372551081608798
0.004394042591331219
0.004392403573616522
0.00439158452320002
0.004416619653067069
0.004415302659674799
0.004413493075693859
0.004409238227394707
0.004415865559531198
0.004437674506708068
0.004436518238574329
0.004421471089966211
0.004420319708037349
0.004419086749790876
0.004418100878311624
0.004440287026968238
0.004438264947384632
0.004453088112458193
0.004449330215120853
0.004453246225424873
0.004451717807856537
0.004487831544253394
0.004505224880649907
0.004512545938752886
0.004508714825142059
0.004505121781358001
0.004491756896828119
0.0044904245995819655
0.004476861707733009
0.004476114983329406
