0.0
0.0
0.0
0.0
0.0
0.0
0.0
0.0
0.0
0.0
0.0
0.0
0.0
0.0
0.0
0.0
0.0
0.0
0.0
0.0
0.0
0.0
0.0
0.0
0.0
0.0
0.0
0.0
0.0
0.0
0.0
0.0
0.0
0.0
0.0
0.0
0.0
0.0
0.0
0.0
0.0
0.0
0.0
0.0
0.0
0.0
0.0
0.0
0.0
0.0
0.0
0.0
0.0
0.0
0.0
0.0
0.0
0.0
0.0
0.0
0.0
0.0
0.0
0.0
0.0
0.0
0.0
0.0
0.0
0.0
0.0
0.0
0.0
0.0
0.0
0.0
0.0
0.0
0.0
0.0
0.0
0.0
0.0
0.0
0.0
0.0
0.0
0.0
0.0
0.0
0.0
0.0
0.0
0.0
0.0
0.0
0.0
0.0
0.0
0.0
0.0
0.0
0.0
0.0
0.0
0.0
0.0
0.0
0.0
0.0
0.0
0.0
0.0
0.0
0.0
0.0
0.0
0.0
0.0
0.0
0.0
0.0
0.0
0.0
0.0
0.0
0.0
0.0
0.0
0.0
0.0
0.0
0.0
0.0
0.0
0.0
0.0
0.0
0.0
0.0
0.0
0.0
0.0
0.0
0.0
0.0
0.0
0.0
0.0
0.0
0.0
0.0
0.0
0.0
0.0
0.0
0.0
0.0
0.0
0.0
0.0
0.0
0.0
0.0
0.0
0.0
0.0
0.0
0.0
0.0
0.0
0.0
0.0
0.0
0.0
0.0
0.0
0.0
0.0
0.0
0.0
0.0
0.0
0.0
0.0
0.0
0.0
0.0
0.0
0.0
0.0
0.0
0.0
0.0
0.0
0.0
0.0
0.0
0.0
0.0
0.0
0.0
0.0
0.0
0.0
0.0
0.0
0.0
0.0
0.0
0.0
0.0
0.0
0.0
0.0
0.0
0.0
0.0
0.0
0.0
0.0
0.0
0.0
0.0
0.0
0.0
0.0
0.0
0.0
0.0
0.0
0.0
0.0
0.0
0.0
0.0
0.0
0.0
0.0
0.0
0.0
0.0
0.0
0.0
0.0
0.0
0.0
0.0
0.0
0.0
0.0
0.0
0.0
0.0
0.0
0.0
0.0
0.0
0.0
0.0
0.0
0.0
0.0
0.0
0.0
0.0
0.0
0.0
0.0
0.0
0.00013962580284836637
0.00013921759710427398
0.0001388374676045909
0.00013848497438027975
0.00013812154696132598
0.00013777267508610793
0.00013738779996336326
0.00013703010094550768
0.00013663068725235688
0.0001362831054376959
0.0001358941837289364
0.0001355319629545968
0.00013515339910798757
0.00013480116827679174
0.0001344688480502017
0.0001340901980065257
0.00013368983957219252
0.00013333333333333334
0.00013300230537329312
0.00013257910553296802
0.00013224597751818382
0.00013189712024620797
0.00013153856272197131
0.0001312450783095634
0.00013088434186990096
0.0001305028710631634
0.0001301461975619279
0.00012978585334198572
0.0001294665976178146
0.0001291934025235778
0.00012883277505797475
0.00012850167052171679
0.00012814488915467088
0.0001278281989006775
0.00012750223128904755
0.0001271725307333616
0.00012685525815045033
0.00012654490234951702
0.00012621481761958855
0.00012587588637603324
0.0001256071009881092
0.00012532898859506203
0.00012505731793738796
0.00012476606363069246
0.00012446583412853172
0.0001242287465319475
0.00012397206496136205
0.00012369093757730684
0.0001233654083395016
0.00012308197259374744
0.00012277470841006753
0.0001224739742804654
0.0001221796855909424
0.00012190166598943519
0.00012162490878131841
0.00012132977432661975
0.0001210458360232408
0.00012078753472641623
0.00012048192771084337
0.0001869433428140314
0.0002798321007395563
0.0002792181890706023
0.00027858478927050585
0.0002779432201707366
0.00034338391642563763
0.00034270499690247414
0.00034190731681657993
0.0003410999160369438
0.00034038987732872505
0.00033970941779032094
0.00033897863130858796
0.0003382641843279602
0.00033752645039010276
0.00033670033670033677
0.00033586524053118386
0.0003351768057650411
0.00033440084371905187
0.00033371839301758445
0.00033292358123335387
0.0003321580050079207
0.00033140861407466893
0.00033067521334910406
0.0003299450514587379
0.00032928064842958465
0.00030330603579011223
0.00030265198804524645
0.00030200075500188753
0.0003013523185294007
0.00030070666065253347
0.00035621883085230037
0.00035553892215568853
0.00035495441638021215
0.00035433217709149225
0.00035360678925035356
0.00035302861389817906
0.00035241310234818406
0.0003518388207844153
0.0003510976421021509
0.0003505147031693908
0.0003497662089024704
0.0003490465517874857
0.00034834262246993244
0.00034766697163769435
0.0003469432473887955
0.0003462225299755821
0.0003456053550640279
0.00034480255516840876
0.0003442028985507246
0.00040372633380334307
0.00040312876052948254
0.0004023154152855839
0.0004015342203044468
0.00040084236724340105
0.0004000382126053832
0.00039935150084638676
0.0003986529101662442
0.0003978575076305507
0.00039706527278976874
0.0003962621244381358
0.00039557429121352746
0.00039479111425372694
0.0003941083739206136
0.0003934002700957078
0.00039258425912904886
0.00039184036306641397
0.00039109928084430745
0.0003904019391905278
0.00038969347990461234
0.0003890011379734782
0.00038821675242200896
0.0003875834461374706
0.0003869119804118591
0.0003860558916738692
0.00038537640346033496
0.0003847920974040891
0.0003841170467705502
0.0003835497240731836
0.00038301034699594124
0.00038240699519422847
0.0003817794340547255
0.00038099787323575237
0.00038050453765859087
0.00037987027713521114
0.0003792252484774389
0.00037854390544312235
0.0003778394351582414
0.00037720127910642707
0.00037653987950723853
0.0003759314121554897
0.00037504758066321845
0.0003746197888709966
0.0003740676224931886
0.0003735170814378735
0.00037299307457634663
0.00037247053591283073
0.00037173896157217837
0.0003711088955356154
0.00039814200398142005
0.00039757479375807575
0.0003969435347821772
0.00039639282528986224
0.0003957914179227547
0.00039512676983865657
0.0004220103036281926
0.0004213452404403879
0.0004206271167923086
0.0004198702219314031
0.00041925296743983457
0.00041871947970026217
0.000418105601529072
0.0003958184223653676
0.0003951371071633487
0.00039461165888254635
0.0003939982728842833
0.00039345039830115675
0.0003928279306039865
0.0003922074293757993
0.0003916519126562585
0.0003910602554212738
0.00039049544778594437
0.000389894781819153
0.00038932087506533136
0.00038879834680812544
0.000388277219296846
0.0003876339461135715
0.00038178867996563906
0.0003812549642573472
0.00038072273866556687
0.00038011973771738105
0.00037954265110541803
0.0003788715941022322
0.00037833406898291197
0.00037779806693322425
0.00037728730428221094
0.00037667147969112945
0.0003761048078731274
0.00037549283434507795
0.00037487113804629665
0.0003744500265235436
0.0003739599239614822
0.00037336652146857506
0.0003727981608624065
0.00037223152801042254
0.00036658405617513425
0.00036613036303630365
0.00036564389374697445
0.00036506859176076183
0.00036454001211710463
0.0003640689577372345
0.0003635209306135824
0.0003631304917093729
0.00036266307068354327
0.00036218576558929156
0.0003617318293440936
0.00036130109102751996
0.00036079435737951503
0.00036035487341900646
0.0003599055121303365
0.00035945727014985825
0.0003588686035462284
0.0003583578127050463
0.00035788094157971674
0.0003573190003120251
0.00035683412741491265
0.0003563076490720946
0.000355825515195253
0.00035541939488596545
0.0003549396602577562
0.0003545461808884628
0.00035404761192392464
0.00035363496901958443
0.0003531705764141746
0.00035265484527889537
0.0003522873871191823
0.00035186837149370605
0.00035139816877010645
0.000350939628498275
0.0003504822833673943
0.0003500157753588894
0.0003496124718094169
0.00034916887970886203
0.00034866476128740784
0.00034820307595731325
0.00034780393655272414
0.0003423920486783667
0.0003400164145855317
0.00035223292255754274
0.00035182099036146924
0.0003514613392526822
0.0003509692974780766
0.0003505807403954473
0.00035009115947088714
0.00034959278734880835
0.00034909583212455275
0.000392179591205904
0.00039168017287952465
0.00039122725871107005
0.0003907415427554016
0.00039018952062430326
0.0004185024140678243
0.000514015554724436
0.0005133804570618547
0.0005080367393800229
0.0004883409785932723
0.00048762799041920745
0.0005537921897191006
0.0005721684326773864
0.0005714503047418014
0.0005708478182405349
0.000570246600817891
0.0005698410892403383
0.0005694199685445208
0.0005688379048592575
0.0005680797769270759
0.0006334012988974474
0.0006326130406908775
0.000678850191603348
0.0006781223253670419
0.0006774151117124226
0.0007236582756096186
0.0007229051222187842
0.0007222347122302158
0.0007216263267254449
0.0007209380610412925
0.0007201905562561299
0.0007192633847359434
0.000718378756114605
0.0007176966684353095
0.0007123460923260052
0.0007114727299747361
0.0007106608403610825
0.0007098902728351126
0.0007089835434368116
0.0007432263789899885
0.0007424234029586126
0.0007415811173524447
0.0007407407407407407
0.000739922694643843
0.0007394123327355497
0.0007386379296089076
0.000738129337886967
0.0008014010764815374
0.0008006082424175803
0.000845689181768259
0.0008449467793262371
0.0008442288189019542
0.0008433504011390705
0.0008422664624808574
0.0008415300546448086
0.0008406572411157813
0.0008398549341477379
0.0008389170343738082
0.0009197529184467604
0.0009188777729447586
0.0009342748506246605
0.0009333116284117423
0.0009911277353137817
0.0009901079461352394
0.0010521191139480162
0.0010509253005538295
0.001049904186121832
0.0010487719392844625
0.0010477267830209006
0.0010465992251399053
0.0010457270356730019
0.0010438488120176898
0.0010428405330471335
0.0010418342000393145
0.0010408019352132038
0.0010396604608031957
0.001038604742308446
0.0010374957734949194
0.0010364168066629334
0.0010354228272548864
0.0010342931147657318
0.0010334680564418918
0.001032562011282024
0.0010313290523448141
0.001030399434429127
0.0010293351695401538
0.0010281914940521856
0.0010274304545895125
0.0010529466659623546
0.001051779935275081
0.0010505604160078704
0.0010493713423354654
0.0010481573988869901
0.0010471662595326276
0.001046231903074837
0.001044970424541078
0.00104387595681356
0.0010429747453606808
0.0010419933786373933
0.001040959493097986
0.0010398734067157043
0.001038870792616721
0.0010377350304986508
0.0010367904573667602
0.001092143667558743
0.0010910947288270516
0.001090302275714187
0.0010893980233602875
0.0010884670827183193
0.0010873408007174208
0.0010864133712414922
0.0011112258775327515
0.0011101938324475861
0.0011092494737294325
0.001185662159261644
0.0011846857280112548
0.001183619596146594
0.001203808349601014
0.0012027888275803072
0.001201555356150921
0.0011970628415300547
0.0011961130591316663
0.0012335575390228725
0.00123242285646149
0.0012312588281343068
0.001230191117459022
0.001229281885295342
0.00128753543480844
0.001286421763169499
0.0012987343059014894
0.0012974812106439164
0.0012921666624383728
0.0013003802281368823
0.0012992275547676333
0.0012646267284216212
0.0012637631308277271
0.001277936431718433
0.0012907973866583937
0.001289755133967998
0.001288584609733172
0.0012875459259499163
0.0012868651992519065
0.0012856675733653377
0.0012845367338732844
0.0012834723343197922
0.0012823775236279317
0.001318752931656158
0.0013174980772326463
0.0013164102710740025
0.0013149955190893937
0.0013140430997573857
0.0013128299452126089
0.001311815241704541
0.0013106061953988225
0.0012928725497167513
0.0012917794561003398
0.0012907844216081268
0.0012856847270255095
0.0012849828121436432
0.0012669926806208197
0.001265863090078648
0.0012647981024493536
0.0013381045403003322
0.0013368814100075531
0.0013358583454117785
0.001334606400332595
0.0013333239470331084
0.0013320439560439567
0.0013635554556270673
0.0013625502297050932
0.001361747115467829
0.0013604440721255015
0.0013593101185952554
0.001358477534486943
0.001354116030117891
0.001371061401884074
0.0014069634503843104
0.0013895771823167148
0.0013882545183645913
0.001385443955186445
0.0013842962261655313
0.0013980978355400023
0.0014698266723666333
0.0015091268780161996
0.00150788060481777
0.0015066363883255043
0.0015055037438391795
0.00154468533397027
0.0015430273220641499
0.0015380236833524037
0.0015513783249166977
0.0015497105296771816
0.0015484008940644062
0.0015421196822716545
0.0015408559239454178
0.0015396683949946157
0.0015385197205566865
0.0015372988199728614
0.001536227505853113
0.001564962408422709
0.0015636105188343995
0.0015624857270742558
0.0015571583756669547
0.0015561888340757065
0.0015549972082635403
0.0015536959553695958
0.0015525081428036732
0.001603199236003343
0.0016021282179753302
0.0016012495230827933
0.0016002955124997027
0.0015990379578034962
0.001598124613260984
0.0015962675799521165
0.001594977820025349
0.0015939172287134675
0.0015927068501819337
0.0015756900313003892
0.0015747191810038396
0.0015736004546746238
0.0015567808910766127
0.0015558603943457664
0.0015548674797516628
0.0015534721894236373
0.0015524823197161717
0.0015473804189757498
0.0015463229171576254
0.0015453396450075757
0.0015444666745125732
0.0015785842525734806
0.0015775824244703524
0.0015763596934181994
0.0015753606860075737
0.0015908202361404338
0.0016329449276721458
0.0016474934201791591
0.0016464133242798168
0.001636281370185745
0.001705254131587154
0.001699639006845962
0.0016945166315831617
0.0016932908413283645
0.001692343059710941
0.0016914751914751918
0.0016747640122902183
0.001673205004599001
0.0016684332886970528
0.0016655654754987735
0.0016645596291613993
0.0016634005457903517
0.0016623201900741278
0.0016611642223009603
0.0016988127781344669
0.0016976722394016065
0.0016962495317423597
0.0016951121358159676
0.0016939371233601697
0.0017314067989509627
0.001780288419801032
0.0017788926625138496
0.001773740672102386
0.0017725970347611266
0.0017714548712132422
0.0017706806695627602
0.0017696630135996562
0.0017681996423239105
0.0017671848353666539
0.001766009117634528
0.0017608524313856488
0.0017938816804926074
0.0018460624492443191
0.0018453865608392963
0.0018442049462653637
0.0018622396505055976
0.0018572842567817437
0.0018554633358879445
0.001854531942149164
0.0019068578900270192
0.001905771311784121
0.0019447978731366349
0.0019436025184067429
0.001927241605321459
0.0019278811012750747
0.001926610567870453
0.0019253417080047103
0.0019237688948823756
0.0019225473712173485
0.0019214144874231446
0.0019201524603318402
0.0019191527205109544
0.001917893661853484
0.0019165495971192814
0.0019138743111902926
0.0019112454410955128
0.0019085335190128037
0.0019396952114630209
0.001987301873488797
0.0019857355183662433
0.0019844842109324255
0.00203085011832482
0.00202934419616441
0.0020351249834225306
0.0020679322174506605
0.0020664013092674257
0.0020648726660966346
0.002063669872564238
0.0020960078984797984
0.0020946009299629633
0.0021168222159029786
0.0021005961561181836
0.00209918853288149
0.0020979701178384064
0.002096893467548115
0.002096004893917332
0.0021578094197752216
0.0021567035905271192
0.002155502887047258
0.0021543994200244193
0.0021533928928976643
0.0021996871123304835
0.0021984654168689887
0.0021970499491479906
0.0021959773612977938
0.0021913063868081164
0.0022233447237326722
0.002221817836571934
0.002220686339323276
0.0022348044052046168
0.00221886852085967
0.002236018893472569
0.0022346354018692362
0.0022185800624881023
0.0022176005785639117
0.0022124563134026842
0.0022108956008830343
0.002209385758973809
0.002207975191926053
0.0022578032841155987
0.0022970253278547753
0.00229611649469213
0.002294704182802244
0.002329832286364524
0.0023285542934042133
0.002309256451067135
0.0023064285662098157
0.002303755423347071
0.002302696063097218
0.0023014865580303716
0.0023002280072953987
0.0023974011020643136
0.0023956727358221646
0.002390934755821751
0.0023860969591905016
0.0023845356498907347
0.002383391987708533
0.0023821975132632517
0.0023805376260466063
0.002379397794767676
0.0023783107917723285
0.002377018034835527
0.002375726682519675
0.0024247980153645843
0.002423534907853271
0.002421800282165526
0.002420855168882225
0.0024848736278422242
0.002479918063222515
0.002462807122805822
0.0024617944992322816
0.002460782708030105
0.0024777369703746473
0.0024761843023219906
0.002469754747095796
0.0024684220209700994
0.0025263842483571474
0.002523693482482379
0.00250812673915297
0.002491534516910961
0.002517519441838527
0.0025131193243547937
0.002497479931650827
0.0024962984806875897
0.002545267161197352
0.002543736370740407
0.002524289016549143
0.002522934842363191
0.002520422608578413
0.0025194498897329067
0.0025041358835482135
0.0025026876620502098
0.002501348208997369
0.0024855329380361452
0.0025164409033790135
0.0025008473049595564
0.0024999923692315185
0.0024987644226955696
0.002497164564989388
0.0024957264436393308
0.002540748524119165
0.0025376500523509194
0.002536839318803492
0.0025355971996666826
0.0025341406109900375
0.00253236260698947
0.0025309635116264927
0.0025589712934388884
0.0025778652721492857
0.0025766616337098936
0.0025754591187344667
0.0026058972300888952
0.0026044615044636212
0.002633327887468255
0.0026319900975927367
0.0026304732887188114
0.002678766563836674
0.002677464102502152
0.0027077428617710455
0.002692064430561377
0.0026872966624755367
0.002685822773366279
0.0026808931457887792
0.002679876115005096
0.002678464851700162
0.0026768296472729947
0.0026711572526670973
0.002713555609637379
0.0027089108395476234
0.0027075447438541277
0.0027060663608535146
0.0027219665282421056
0.002716457481708801
0.0027152612811779473
0.002714009248141836
0.002708982960564508
0.0027076559207974485
0.002705353591837587
0.0027041083197584903
0.002699773906634394
0.002695273141455292
0.0027233489479304416
0.002721642553301525
0.002720222190412569
0.002717752585248358
0.0027133688745320174
0.0027418952903180307
0.0027336346116823736
0.002732212791791158
0.002730620062815264
0.002729426734171493
0.00272754107259245
0.0027261234022289325
0.0027248204464446497
0.0027230662580485002
0.002722105242346054
0.002720523870779066
0.002753789348841295
0.0027527617942012914
0.0027512789016984583
0.0027843774255554786
0.002783512676261857
0.002781957480353754
0.002780691567999983
0.002779886587086602
0.002777416878285004
0.0027760971132249758
0.002774950510530709
0.0027722569851951003
0.0028157153371243036
0.0028146698766967322
0.0028132191355843
0.0028120596190005127
0.002809643489879161
0.002807857765539854
0.002806644044139411
0.002891661724147988
0.00288892274001895
0.002884367813131612
0.0028834786007590997
0.0028911368435168166
0.002888639754090714
0.0028875723912058426
0.002885854409150061
0.002884966599639063
0.0028834290231469625
0.002882306445611979
0.002888754186351531
0.0028871574707637587
0.002886448385834386
0.0028854444448691225
0.0028830187435361777
0.002881335216958376
0.002909806676719974
0.002939443872774481
0.002938183184895054
0.002936863623590443
0.002945596920086716
0.0029442149416447193
0.0029430742849853
0.0030180042867811647
0.0030166516109268473
0.0030462799250986624
0.0030881063691813974
0.0030798230635413902
0.0031073041489920092
0.0031058507794181124
0.0031043356686675525
0.003103263359282866
0.003102506880921166
0.0031000820315254564
0.003099326773599959
0.0031227684275239535
0.003121069806333135
0.0031198672282811723
0.003118469099574782
0.0031177738310171725
0.0031168262370013023
0.0031233832925712285
0.003150524819394614
0.00319187609442853
0.0031899749174757975
0.003188459822715045
0.0031871708530456433
0.0031862048095038617
0.003184338784916839
0.003182924637411476
0.0031818969551554257
0.003181062451838426
0.003204586439453517
0.003202364372497674
0.0032010094615128157
0.0031999779176782902
0.0031954626106559638
0.0032145607629430082
0.00324054913333589
0.00323777436418124
0.0032442356238190687
0.0032540435325291396
0.003274234824566849
0.0032729852421290308
0.003271736613111272
0.0032672749164554533
0.003287431185381096
0.0032860466151780716
0.003284126642864083
0.003282678789348332
0.003281035050094347
0.00327845213389248
0.0033072926563004128
0.0033056386460900166
0.003304845308681703
0.003303656016301682
0.003300798894295527
0.0033248533884649755
0.003323078553423328
0.0033083108288486885
0.003305726178709707
0.0033043414846946092
0.0033451616349686845
0.0033740627129209516
0.0033725164579915426
0.0034385698595770413
0.003466127567384333
0.0034643603286762244
0.0034618621036015297
0.0034608980651432727
0.0034595217983658666
0.0034584903163849983
0.0034570031595890297
0.0034557670194815065
0.0034708045774907745
0.0034696333583511233
0.003468394105226861
0.003466880664187649
0.00346526571710614
0.0034632572461899577
0.003461336035212161
0.0034602391570865243
0.0034754362267047844
0.0034738821709611382
0.00348892642650084
0.003487408451985206
0.003486443155749065
0.003493629156860121
0.0034922487940884897
0.003491145288989143
0.0034898357821290574
0.003487211632255809
0.0034861108927242324
0.003483696053143318
0.0034822538417109954
0.0034810872115293135
0.0034791961356415084
0.0035937553698665945
0.003577973484542975
0.0035757460516144196
0.0035741282261164925
0.003586043322608719
0.003585267778961103
0.00362272291092699
0.0036213705909343063
0.0036461950088975473
0.0036441744696638187
0.003642958528899833
0.003638187706930566
0.0036885128601413836
0.003743981394124965
0.003729595991370381
0.003728134779964892
0.003821021598330302
0.0038197500188304266
0.0038476070358863007
0.0038450234403721926
0.003843068866116622
0.0038420172259194868
0.0038691432564029464
0.0038822555292075183
0.003879293722407628
0.0038850109092063655
0.0039083573093292865
0.003906142319580913
0.003904619219557681
0.0039032494447388925
0.003898785456550012
0.0038980259923423314
0.0038965838251949357
0.0038951427247807435
0.003893399660347606
0.0038875739878156262
0.0038854897765290626
0.003884583451768282
0.00388322475713074
0.00391431745032801
0.0039125694103816465
0.003926083131335817
0.0039249404107721325
0.003923874471572311
0.003919272850273153
0.003963675055278685
0.003959369081262044
0.0039725049381457165
0.003970673976752767
0.004014548884789259
0.004013460867978622
0.004011829948085678
0.004019226962297885
0.004018371973000161
0.00401689602976741
0.00402603873023291
0.004021185770124698
0.0040075328773314985
0.003980550315508583
0.003998239815754942
0.003997313940073949
0.004011924259880888
0.004021226540197301
0.0040132512536873305
0.004011859321000784
0.004008928262628319
0.004062178562136652
0.004089804565967812
0.004088765544222492
0.004083854948540688
0.004070244891289378
0.004068685326568379
0.004067498801760732
0.004160981511842861
0.004143532644375443
0.004142179797042064
0.0041667470095758455
0.004165867139017883
0.0041641081194562285
0.004217189497826629
0.004228600810763273
0.004253901945480775
0.0043153738468729
0.004301194076766872
0.004299546393770926
0.004302449854593697
0.004299053535308341
0.004285391131122202
0.004284243353657916
0.004282121884580739
0.004320076773044226
0.004318201185625377
0.004329585766077695
0.004353898426210044
0.004349385229328865
0.0043483057095400025
0.004371510164329078
0.004366495475690891
0.004365079702139237
0.004360320823569031
0.0043590741865280795
0.004357164060284173
0.0043556703461736885
0.004350965384065185
0.004346633246512722
0.004345381356925689
0.004349569116941583
0.004347308275155341
0.00434631622975729
0.004340888473415025
0.004333653149810184
0.00433057580085088
0.004329260041317002
0.004328355920333282
0.004355202381405793
0.004361415110461727
0.0043609120187149165
0.004359175756464599
0.004383208085823703
0.004380865062463607
0.004379786154309701
0.004428962134162695
0.004426384307100012
0.0044189470660058894
0.00441601370729568
0.004414734577217789
0.004458195862451181
0.004491659108280077
0.0045423253495087135
0.004556414631633863
0.004604955306852223
0.004623935231901689
0.004621964505476881
0.004628922204090661
0.004626615980002276
0.00462216257850879
0.00460487799623318
0.004614528628970288
0.004615543778801776
0.004614230959725251
0.004612603726255932
0.004634894074829293
0.004665314372160283
0.0046643483412867675
0.004683644346603754
0.0046821464544769525
0.004679158493992811
0.004678014811130045
0.004708104433959538
0.004738274338665541
0.004750447010154999
0.004754385199090436
0.0047536708715993055
0.0047644914341975495
0.004789963992156635
0.004775479825957683
0.004817370375066402
0.004814584455195367
0.004810640720715661
0.004806211828463533
0.004804951017385763
0.004803690867630351
0.004802611265232861
0.004800373733342884
0.004797957478050658
0.004796610569545226
0.004793752199732618
0.004778689448533954
0.004777617011635777
0.0047758608820737
0.004792413990066609
0.004801081405618864
0.004816816231474034
0.004823297647638654
0.004849864740730702
0.004841339292620904
0.004860690363474686
0.0048333044427738584
0.004856579664778116
0.004866052671955639
0.004890911865230443
0.004917165321615391
0.004915882901449545
0.004921521628824579
0.004942810571992534
0.004969232251551564
0.004980902041925054
0.005001421997109037
0.00500058454970487
0.005041441972570929
0.005039358405642921
0.005038046731489706
0.00504816944025125
0.0050469498717109285
0.005045730892290368
0.005071607090206013
0.00509355319765232
0.005104872431878452
0.005103444981396915
0.005102403172084576
0.005098647818991886
0.005144502273322236
0.005142880304875528
0.00514102261519951
0.005136722005484427
0.005123318290978709
0.005120753888237397
0.005118997976123571
0.005152860403259205
0.005156226970474002
0.0051536564122376454
0.005152130335532747
0.00515013298786928
0.005118535649604131
0.005117115569799003
0.0051159800731675155
