0.0
0.0
0.0
0.0
0.0
0.0
0.0
0.0
0.0
0.0
0.0
0.0
0.0
0.0
0.0
0.0
0.0
0.0
0.0
0.0
0.0
0.0
0.0
0.0
0.0
0.0
0.0
0.0
0.0
0.0
0.0
0.0
0.0
0.0
0.0
0.0
0.0
0.0
0.0
0.0
0.0
0.0
0.0
0.0
0.0
0.0
0.0
0.0
0.0
0.0
0.0
0.0
0.0
0.0
0.0
0.0
0.0
0.0
0.0
0.0
0.0
0.0
0.0
0.0
0.0
0.0
0.0
0.0
0.0
0.0
0.0
0.0
0.0
0.0
0.0
0.0
0.0
0.0
0.0
0.0
0.0
0.0
0.0
0.0
0.0
0.0
0.0
0.0
0.0
0.0
0.0
0.0
0.0
0.0
0.0
0.0
0.0
0.0
0.0
0.0
0.0
0.0
0.0
0.0
0.0
0.0
0.0
0.0
0.0
0.0
0.0
0.0
0.0
0.0
0.0
0.0
0.0
0.0
0.0
0.0
0.0
0.0
0.0
0.0
0.0
0.0
0.0
0.0
0.0
0.0
0.0
0.0
0.0
0.0
0.0
0.0
0.0
0.0
0.0
0.0
0.0
0.0
0.0
0.0
0.0
0.0
0.0
0.0
0.0
0.0
0.0
0.0
0.0
0.0
0.0
0.0
0.0
0.00016902088615236024
0.00016804705317488894
0.00016709634297717939
0.00016622735152335493
0.00016533219962682158
0.00016444663706627197
0.00016355904481517826
0.00016265830138259554
0.00016187965404005364
0.00016107506097841592
0.00016028943692610655
0.00015944603890483347
0.00015864382195630495
0.00015792442188381273
0.00015710566478139868
0.00015630582350839584
0.0001555348175798782
0.00015474058845635209
0.0001539645881447267
0.0001532365753814496
0.00015253535551633217
0.00029281624154086413
0.0002913941591659652
0.0002901353965183752
0.000288868917704455
0.00028761344752652434
0.00028629596640793994
0.00028497245266290925
0.00028371477208246644
0.0002823972387825541
0.0002811445707859553
0.00027993779160186626
0.0002787068004459309
0.0002774694783573807
0.0002763618497819812
0.00027519569471624265
0.000273972602739726
0.0002728264823572208
0.0002716407098877218
0.00027044894524911353
0.00026926759214935376
0.00026819238333631326
0.0002670940170940171
0.0002658788774002954
0.000264783759929391
0.00026362038664323376
0.0002626816881676493
0.00026155187445510024
0.00026040159712979575
0.0002593211548435429
0.00025832376578645234
0.00025724575544503516
0.00025638103919781223
0.00025542059257577476
0.00025439538696364974
0.0002534069151931524
0.0002523836231071228
0.00025142474019443513
0.0002504034277446998
0.00024951483227058497
0.0002486599988948445
0.00024764735017335313
0.00021020691672150323
0.0002093916716738588
0.00020863948910539013
0.00020790396644610766
0.00020716241533362155
0.00020642613534374438
0.00020572818833968406
0.00020491438142584772
0.00020421572283486938
0.00016812671445004865
0.00016742448274646645
0.00016678956424031742
0.00016616816218012627
0.00016562064156206414
0.00016510253736531108
0.0001646218895127192
0.00016406749218520627
0.00016359284324361556
0.0001629949900487269
0.0001624598125726794
0.00016188674743963327
0.00016133414849534678
0.00016076082174163196
0.0001601996593649348
0.00015969875771176895
0.0001591769712811233
0.0001586267929001987
0.000158056734048748
0.00015750642460416148
0.00015705334854271023
0.00015654867839957814
0.0001560626221806055
0.0001473984179236476
0.00014692198442626964
0.0001464057391049729
0.00014593569100549689
0.00014550392860607233
0.00014509576320371443
0.00014465499783017501
0.00014423076923076922
0.00014372634503904565
0.00014332123065163385
0.00014289797084881392
0.00014246367176370023
0.00014199166982203709
0.00014156953423623235
0.00014114326040931544
0.00014071954594493174
0.0001402983678623205
0.00013989927252378286
0.00013946353028682998
0.0001391014049241897
0.00013872190881346525
0.00013835723838952172
0.00013795640577577483
0.00013755158184319117
0.00013718048378983947
0.00013683010262257694
0.00013645667500568567
0.00013607910732105596
0.00013572818169479254
0.00013537295248409366
0.00013500742540839745
0.00013465595403743433
0.00013424620754463683
0.00013383894713361587
0.00013344008540165463
0.0001330790045690458
0.0001326846528084918
0.00013237435467502095
0.00013206550449022713
0.00013175809214282575
0.00013140604467805518
0.00013102725366876308
0.00013066771200836272
0.0001303214596003475
0.0001300052002080083
0.00012961762799740763
0.00012928805378383036
0.00012895460797799173
0.00012863942369538184
0.00012827639286783253
0.0001279535954960334
0.00012761070228423156
0.0001272966436118301
9.876125172832189e-05
9.850691659278646e-05
9.826216345209016e-05
9.807630336401719e-05
9.78336827393431e-05
9.759225953964335e-05
9.733984119700192e-05
6.936929437553761e-05
6.920798383301498e-05
6.905600441958428e-05
6.888475580354068e-05
6.87256882877682e-05
6.856171239732884e-05
6.837045849229465e-05
6.821096286595182e-05
6.805498843065197e-05
6.791909477430486e-05
6.776996164220171e-05
6.759679861561757e-05
6.743270216324109e-05
6.727754679153379e-05
6.713391874110476e-05
6.699898161547945e-05
6.685385746757588e-05
6.669868203404302e-05
6.653625560567954e-05
6.641164594623313e-05
6.626378286683631e-05
6.61139540111336e-05
6.595957996939476e-05
6.579813133307015e-05
6.565815736947158e-05
6.550332756904051e-05
6.535435129270907e-05
6.52086023188179e-05
6.507620423515937e-05
6.494940441396152e-05
6.479033846472814e-05
6.464709152735219e-05
6.451696150918076e-05
6.43699469591637e-05
6.424835845444149e-05
6.410996140580324e-05
6.398198267367909e-05
6.385940712926422e-05
6.372511534245877e-05
6.359624019027996e-05
6.344614057126905e-05
6.331117442228554e-05
6.317438657670634e-05
6.305249750942635e-05
6.290969941745619e-05
6.278882861161343e-05
6.266135298393363e-05
6.252735571812669e-05
6.239860227130913e-05
6.225409631953783e-05
6.213109661385524e-05
6.201781151546725e-05
6.19026395285495e-05
6.176957477824723e-05
0.00013933071934107668
0.00013900677811811885
0.0001386945528634902
0.00013842949895871617
0.00013817052443661885
0.00013790241878401796
0.00013763032251778233
0.0001373843479106637
0.00013708933857427088
0.00013681546862324894
0.00013653279203518437
0.00013628579009576186
0.00013605442176870748
0.00013579445766337395
0.0001355306083285358
0.00013528721595670808
0.00013506406578695735
0.00013479339631644241
0.00013455744888603104
0.00013431753616469945
0.0001340546183595511
0.0002759421113716573
0.00027544301403222563
0.00027495545249643026
0.00027446961397556863
0.0002740048215440701
0.0002735801425434734
0.0002730607413657725
0.00027248593715281427
0.0002720659497203442
0.00027159026005058804
0.0003525797668086294
0.00035198996305847903
0.00035146327034833133
0.0003508528155069996
0.0003502566236648633
0.0003495293466223698
0.0003490702979194027
0.0004059991258942332
0.00040525802192755865
0.0004046030763588015
0.00039816022516647216
0.0003974916903676798
0.0003967982486146268
0.00039613427585971384
0.00039553994612473144
0.0003949205052258877
0.0003943566207717151
0.0003938077131993482
0.00039314037822815696
0.000392501861000203
0.0004933265754350397
0.0004924114671163575
0.0004915328418004915
0.000490789296759446
0.000590544576049391
0.0005896542481908336
0.0005887862973370802
0.0005877245708942764
0.0005869209990996099
0.0005636928539724811
0.0005627748789701663
0.0005617666898893054
0.0005608549726196785
0.0005599091800857498
0.0005591326839469484
0.0005579903559934535
0.0005571458340187982
0.0005562490418938747
0.0005553551321154876
0.0005491146481517871
0.0006247138091188592
0.0006238160559148214
0.0006228599380401109
0.0006219675013839592
0.0006210574234245952
0.000619928594612139
0.0005974567573115526
0.0005965866183355987
0.0005955457913328163
0.0005945852955723286
0.0005937808701627796
0.0006165690879066675
0.0006155591953838413
0.0006145526057030481
0.0006135689438077555
0.0006127059224687253
0.0006119820769075214
0.0005898106229675444
0.0005888344261251511
0.0005878054205191751
0.0005816228334549453
0.0005808856922573217
0.0005800219353750105
0.0005791607434317906
0.0005785210897233617
0.0005777735757881357
0.0006506522263849972
0.0006708173490136888
0.0006698484467889139
0.0006689872160724178
0.0007410422602832658
0.0007400458619970813
0.0007389829097191863
0.0007380150513492161
0.000737003819963461
0.0007362014081148058
0.0007351266281501727
0.0007341460640464888
0.0007332589746767462
0.0007321474606857436
0.0007310844762963876
0.000730024574066648
0.0007291024851098786
0.00072791396262008
0.0007782898105478748
0.0007772630114850834
0.000776191351594256
0.0007753124203009434
0.0007741278329513621
0.0007729468599033814
0.0007720046726598606
0.00077087707553581
0.0007699399244243177
0.0007690283933377854
0.000747791992562501
0.0007469089073933885
0.0007456445290851745
0.000744721534528913
0.0007384856522787555
0.0007376185458377238
0.0007367091652634109
0.0007359346369889758
0.000734985300293994
0.0007339724385859794
0.0007330281542650269
0.0007321300502032032
0.0007312123201814599
0.0007302098235574628
0.0007938398031277287
0.00079261284825427
0.0007916011121995624
0.0007907795109028723
0.0007895853689831126
0.0007885813421654442
0.000787742723226594
0.0007868130138872496
0.0007857697105420827
0.0007847522635198099
0.0007839678573178498
0.0007829780570399513
0.0007625304278968822
0.0007617261887323117
0.0007607677902621721
0.0007601227890659258
0.0007543460063462399
0.0007535758389000709
0.0007527633700487595
0.0007518213478459105
0.0007506853030347057
0.0007496831983903575
0.0007487054641007805
0.0007479034577265664
0.0007471463828474471
0.0007462399137250369
0.0007455507455507454
0.0007254523267321974
0.000724512513434669
0.0008099921397212475
0.0008088059344340749
0.0008079475264375727
0.0008718404140525776
0.0008518635110513309
0.0008510111117464308
0.0008499419412559723
0.0008964815712669573
0.0008957151948631727
0.0008946953955919882
0.0008938558076930365
0.0008929163234194053
0.0008917257683215128
0.0009381022559800475
0.0009748409867315928
0.000973738287804234
0.0009727754706142703
0.0009717048575836247
0.000970636598543575
0.0009694614937027233
0.0009683981588247975
0.001024505074913909
0.0010232112900912362
0.0010220926502147593
0.001020576362064354
0.001000935221175147
0.0009997610380259878
0.0009984224831788356
0.0009972541845051804
0.0009961440582318326
0.000995174723210755
0.0009940416130535265
0.0009929661685653694
0.000991755636829337
0.000990877102326554
0.0010542728543558076
0.0010529045006566272
0.0010515686959506256
0.0010457030221781474
0.0010447245462106756
0.001043661812638801
0.0011002474832086764
0.0010991004173258833
0.0010978053028365428
0.0010969035406360856
0.0010956735254522636
0.0010946256929644002
0.0011572431196277897
0.0011561070205738874
0.0011548473016737798
0.0011536217160860011
0.0011524300553033531
0.0011511783323226016
0.0011498045739048155
0.0011486830261046538
0.0011476879299505793
0.0011464154798389522
0.001145393360290829
0.001144527535553696
0.0011435087782393173
0.0011424918329276
0.001141568905523991
0.0011388231214425793
0.0011377211530420863
0.0011364992422343942
0.0011350059737156512
0.0011336076964508365
0.0011680652535143027
0.0011667230803033275
0.0011654462032168037
0.0011644205011497526
0.0011631796438382118
0.0012241681157363052
0.0012229312535082279
0.0012218591622464856
0.0012207241478965033
0.001219591240273764
0.0012184281555655634
0.001217106230337244
0.001216044323412856
0.0012150805601787032
0.0012138299494469664
0.0012127737493591154
0.0012556606452330565
0.0012545368932407972
0.0012533492284721678
0.0012519664585650037
0.0012902501472655272
0.0012891336334367673
0.0012835851308473788
0.0012821071974785274
0.001280867021631969
0.0012752429621504292
0.0012740450822642604
0.0012728494506863163
0.0012719210653514752
0.0012708617104650525
0.0013069431081756538
0.0013055851393903712
0.0013043992295004444
0.0013031141071068479
0.001302000132401915
0.0013008880606457998
0.0012997778869665913
0.0012989381069703602
0.0012978982856323078
0.0012967597489901988
0.0012956232080816416
0.0012946220310411643
0.0012935225219042393
0.0012923251854137386
0.0013340812295184923
0.0013329853624031674
0.001330113134421932
0.001327211901202933
0.0013260226432269446
0.0013250388714074154
0.001324090406842152
0.0013226702531843116
0.0013211857369192271
0.0013201754758607413
0.0013190995656295545
0.0013181260356401603
0.0013168525486739668
0.0013158489010833916
0.0013147800285435462
0.0013136795709651878
0.0013470103661660958
0.0013458168428928667
0.0013443194110787998
0.0014189623565807911
0.0014176728792404678
0.0014165643724741747
0.0014148896559640096
0.0014135362739586572
0.0014123275459760965
0.0014655665843000942
0.0014646832472493595
0.0014634336743086403
0.0014620029635571605
0.0014591978447400138
0.0014538214257905923
0.0014360222627909632
0.0014346588937469644
0.0014335843770371301
0.0014322256309635658
0.0014309764309764317
0.0014298006081079218
0.0014285911735843326
0.00148161040525346
0.0014803957291287119
0.0014791463259913843
0.0014777524275589949
0.001476690429184668
0.0014753742080489468
0.0014739874066561681
0.001472748792389929
0.0014699748647195063
0.0014687416034699266
0.0014673295260007949
0.0014660284776784377
0.0014647297345331163
0.0014637211907591848
0.0015036341693834205
0.0015025633889666505
0.0015006761767656944
0.0014990208975060807
0.0014975629026187528
0.0014963643102870602
0.001495412610872494
0.0015089454555612808
0.0015391545332177133
0.0015728662890874543
0.0015959527679325729
0.0016148211537625715
0.0016139558883969236
0.001612581239281651
0.0016071956184291153
0.0016189039464629257
0.00161741067389537
0.0016160769210658862
0.0016498400442554028
0.0016488408920762795
0.0016477232773923576
0.001646408032165858
0.0016450948849740397
0.0016804957209827253
0.0016790760750597595
0.0016779016127786033
0.0016764459433632373
0.0016751944726515495
0.001674226874583064
0.0017452092560317676
0.0017423488151678498
0.0017412189686849253
0.0017398400335765355
0.00178881937028833
0.0018395830545363263
0.0018740464254435956
0.0018726563828731608
0.0018709552702668025
0.001869703795169634
0.001971574989834925
0.0019702111964300687
0.0020561506582243085
0.002090508083409972
0.0020893634448840848
0.0021595993448761774
0.0021581102493176295
0.0021568281934700676
0.0021554964702510354
0.0022095963876948353
0.0022079718771287602
0.002202660935566057
0.002201252250994067
0.0021996370927706574
0.0021978683521147392
0.002196725387837549
0.0021952205681595766
0.0021934071498611605
0.0021918551742368337
0.002190253771682006
0.002189067145607319
0.0021872638752699
0.0021857719860871538
0.0021843334712061935
0.002183050681993599
0.002181615745632835
0.00217987585692596
0.002178649370134741
0.002177322232614861
0.0021718908237919284
0.00217056953684779
0.0022201751100930215
0.002218359291780799
0.0022167017123352053
0.0022152533610040486
0.0022138585278437418
0.0022070788961972214
0.002205434085543077
0.0022034840542414355
0.0022019469900047477
0.002200770025543439
0.0021991856714691756
0.0022481444720171013
0.0022313772081818096
0.0022296705110472635
0.002266776320605013
0.002264992614002056
0.0022476906437687116
0.0022425919278096403
0.0022639769874244825
0.002262357323282274
0.0022607921113525094
0.002259385271208544
0.002257876169617843
0.0022565768370616094
0.002254812142798894
0.0022535681371110435
0.002252325503330672
0.0022511359312130867
0.002249586202498222
0.002248244829200704
0.002246647588689527
0.0022451554491679073
0.0022427041084611705
0.002240959851445714
0.0022243869553091804
0.0022233703715354458
0.0022983320208397285
0.002316147755336944
0.002314668328903204
0.00230965444262601
0.0023077076316551435
0.0023063415645720635
0.0023048197811001837
0.0023037714447962103
0.00230172992954179
0.0023004231679149352
0.002295387265540923
0.0022937733620428105
0.002292213679339699
0.0022911231628750485
0.0022892911653522854
0.002325861571964248
0.0023583064758870296
0.002356814315325602
0.0023544117641308496
0.002400746403641694
0.002399013677365299
0.0023978238782061193
0.002396149344747584
0.0023945849616908363
0.0023896492596178886
0.002388413160009864
0.0023982558495544747
0.002425527260364514
0.002424056880786395
0.0024226426436294232
0.0024217188419843267
0.0024203615892874493
0.002418355644954423
0.0024171103815645834
0.0024139965265382144
0.002430845877040284
0.0024253846882030575
0.0024371555057453396
0.002435578621926
0.0024341665978403295
0.002432864643385377
0.0024312391575542916
0.0024296699179467006
0.0024248270949851743
0.0024230074806729945
0.002421284567992028
0.002447384963392599
0.0024804888300621
0.002479113073639437
0.002477848724872447
0.0024614832611880018
0.0024600114082391584
0.0024587045714204027
0.002453549130869689
0.0024507516108045655
0.002449181726621995
0.0024476678836121623
0.0024769872515967915
0.0024753489963983103
0.002474039951691844
0.002472405591518529
0.002470882135684315
0.0024694691782530397
0.002467840849454491
0.002464642062442933
0.0024627632110351366
0.002461088486672005
0.002456462540845303
0.002455170487524382
0.0024540948142401813
0.0024528052498248424
0.0024509929441826387
0.0024499233464690363
0.002484802549249963
0.0024832826263361677
0.0024750273816348508
0.002471656201837929
0.0024706855079790705
0.0025169700890683164
0.002548239761838642
0.0025466299732904494
0.00254524385608568
0.0025768916745494215
0.002575658470641739
0.0025724703398605367
0.002571128939605102
0.0025697889375518876
0.002568673335668861
0.0025677258353606095
0.0025659998389840066
0.002564387296558052
0.0025632208580459283
0.0025615204531402275
0.0025590247148138613
0.0025573645556234022
0.0026312741592635215
0.0026265932433128525
0.0026239057655979966
0.002622489978920252
0.0026209626443768775
0.0026196629841388447
0.0026184774630056036
0.0026170675266172444
0.0026159969900385817
0.002614477206956687
0.002613577427745414
0.002612060453874028
0.002610769605150556
0.0026091438306487446
0.002608471688491521
0.0026342501096397256
0.0026972292007458277
0.0026962462454977426
0.0026910358061884685
0.0026900558012891477
0.0026852199685954226
0.0026840131023309656
0.002746926543304497
0.002743974205222042
0.0027662505401800557
0.0027631723982823667
0.002769108861751714
0.002779613052238131
0.002778249450578685
0.0027768871861541147
0.002775348842838324
0.0027738122030054103
0.002772690349545129
0.002786767941681741
0.0027857010093633263
0.0027839246031505322
0.002841344429801212
0.0028398963650276784
0.0028377423017350817
0.0028364780594554192
0.0028350947050159057
0.002833232317360304
0.002832212046444461
0.002830593125617659
0.002814989412227749
0.002799639029530187
0.00279762724199972
0.002845979723406438
0.0028447175681819165
0.0028428564313899523
0.0028415970443116637
0.002840338772557725
0.002837437294454867
0.0028850917947386367
0.0028839983356540285
0.0028969375433454026
0.002895718575706032
0.0028943180304892
0.0028894764787963842
0.0028872951762581945
0.0028852006105934956
0.0028838077300669925
0.0028889492214605257
0.002887434811392871
0.002886224426026229
0.002910094980100088
0.0029085106911959755
0.002905897838408278
0.0029009522667839014
0.002940740777088297
0.0029397804181032047
0.0029821192424711518
0.002980811432006666
0.0029796291629433703
0.0029781966122974833
0.002976352552435989
0.002975111397100431
0.0029736853475394666
0.0029720749368117843
0.0029704662693882454
0.00296898289047719
0.0029677478726358934
0.002962617728182324
0.0029610789298110834
0.0029424205199222037
0.002939812530826354
0.0029608481807498225
0.0029600496945689334
0.0029579977589079412
0.002956342814970219
0.0029411876564483163
0.002960673303678622
0.002959264159444192
0.002983404363989799
0.002982417217207107
0.0029811818990215654
0.0029795805038442054
0.0029779074355350053
0.0030112726103107374
0.003120355043523019
0.003150143848928878
0.003165964192888778
0.0031724798885502305
0.0031709761266757244
0.003168557405962618
0.0032082411747460884
0.003190292637927414
0.003189439039139815
0.0031881441440401097
0.003240638648911544
0.003235812890193359
0.0032347488062093267
0.003308749251829101
0.0033067791112184114
0.003291671691454383
0.0032907936962147566
0.0032896893114395605
0.003288475204829089
0.003286983014033105
0.0032852041232718917
0.0032822914988836563
0.0032810148655473457
0.0032797392249071565
0.0032781850752558097
0.0032750122918478774
0.00327374052039707
0.00327280405749638
0.003272001801323443
0.003270732366446569
0.00326946391619015
0.00334396262129875
0.0033730562765299683
0.0033682142612705634
0.0034275594896756283
0.0034531098973228473
0.0034380614043564295
0.003435583027849148
0.003429368641761345
0.0034265486123143635
0.0034249468030405025
0.00342233976695441
0.0034208801988165945
0.003419352462135705
0.003417011071225008
0.003416110015545868
0.0034149324287532593
0.0033934852463137397
0.0034044053343680117
0.0034087036749865787
0.003404270375626959
0.0034033054854528733
0.003463060054008647
0.003461658799637032
0.0034604686247033923
0.0034594890949768337
0.0034801817091097437
0.0034780319545700358
0.003476234994987531
0.003474971828201562
0.0034791317006999693
0.0034778686287447323
0.0034770270901496696
0.003460844358302446
0.003469733450502906
0.0034757985122633402
0.0035514989101490713
0.003537053772457997
0.003532348314159671
0.003557600137633685
0.0036134186284083364
0.003594713550017026
0.003593341687295572
0.0035911573857161446
0.0035957153123382527
0.0035938398389366963
0.003588223159543192
0.003573490944092149
0.0036385555324444617
0.00363702476743562
0.003651362833742509
0.0036493168839047073
0.003634739284206919
0.0036337215979147927
0.003631820188440436
0.0036296229317767134
0.003628372320601098
0.0036265611409989373
0.003611807575554021
0.0036540308004200128
0.0036525731819743858
0.0036512623193031557
0.0036957937859934584
0.0036951309558138335
0.0036935117047376662
0.0036789867776026585
0.0036644716806265468
0.0036631591907695885
0.003661920480005499
0.003660537029573619
0.0036856564493778655
0.0037307740215781105
0.0037561473946986965
0.0037474575157650284
0.003746267114521163
0.0037447737510374096
0.0037395360842214275
0.003734970300413182
0.00373334153975174
0.0037316402626988337
0.003730457679823632
0.003729040127059852
0.003725072428718131
0.0037241141633263565
0.0037218256110800063
0.0037205744288262865
0.003703363016749358
0.0037027042767617943
0.003700802565855767
0.0036990488734044763
0.003697222725815352
0.0036829007733245826
0.0036815931572147568
0.0036807219288748846
0.0036878129201176808
0.0037113921394205975
0.003697162532250848
0.0037653424304388778
0.003764082449309467
0.003763045450779638
0.003761417035588207
0.003756660846764628
0.0037831465414974973
0.0037799177442641423
0.003807896562671424
0.003806401217467155
0.0037923433511755406
0.003790332575687
0.003788994365178353
0.0037872071784966314
0.0037858709101596137
0.0037955069536143543
0.0037796508074439193
0.003778466358437532
0.0037727878980539586
0.003771089608169327
0.003769982851289606
0.003777574368427392
0.003776687856665724
0.0037749047424658457
0.00380318654069535
0.0037985188996283053
0.0037974802826876626
0.0037949022429304355
0.0038070057856879396
0.003805092978062454
0.003804573440517661
0.0038033122969378854
0.0038018296686182524
0.003857644187838815
0.0038550615243565
0.003853785287361815
0.0038767460649206643
0.003870771607724517
0.0038699431518886386
0.003869115050603365
0.003868136842243462
0.0038664073770715867
0.0038655807881234636
0.0038644541907848873
0.0038694232435363663
0.0038790047410549983
0.003877799987660774
0.0038747433338916955
0.003886321448692235
0.003911513678378526
0.003965063946565803
0.003963757930773126
0.003957856691646897
0.0039759931260839034
0.003995636021175781
0.00398988571906256
0.0039877728654324415
0.003993860805010807
0.004021545018548693
0.00402069004869492
0.004019757768815795
0.004002418251775977
0.004010914384292263
0.004008877208271055
0.004023954269539526
0.004046043505182295
0.004044193613263871
0.004042244717000877
0.004041309913828704
0.004035180175593576
0.004044382276431263
0.00404274752207539
0.0040409585924910014
0.004039486084665244
0.004038165737358201
0.004037079040442873
0.004036070488306398
0.0040508392087551795
0.0040496722235026
0.004044610797332624
0.004030571437712239
0.004032166684485773
0.004017985601653042
0.004039358637858887
0.004047628177212717
0.004046309377783618
0.004044989793557609
0.004043285498327153
0.00403908795336765
0.004021339106900809
0.004077982488312995
0.0040932751390349
0.004088107532409586
0.00408366995569183
0.004146775968372481
0.004145904214227196
0.004144320145370866
0.004143212017216486
0.004129375276244846
0.004124296538257484
0.00412311450111397
0.004133696314344682
0.0041324348632750954
0.004131252951919622
0.0041254666904874514
0.004130079020660701
0.004129213555375286
0.004127955344080346
0.0041269336118638835
0.004125990923255699
0.0041199319925772394
0.004141982946721717
0.004139228436685985
0.004138441421354068
0.004124269330190967
0.004123093654783273
0.004122153596950446
0.004108472247089547
0.00410626991247816
0.004092598976926065
0.004091356111959455
0.004090424458512578
0.004089570815509606
0.0040879301768021415
0.004086689953759386
0.0040859926589448215
0.004081826916502954
0.004080666757265672
0.004079893684090098
0.004076440986824299
0.004075283170138652
0.004072426374188844
0.004070226762887634
0.0040684409617226
0.004067594412009577
0.004066440593624931
0.004074740118931587
0.004089180373530006
0.004088021462093443
0.004087017603404225
0.0040860142376110825
0.004085397026570866
0.004098237725253011
0.004177676302638704
0.004187577103049082
0.004213187335122832
0.004211916388717063
0.004198318258927607
0.004197052489982596
0.004199850313332251
0.004220089053447646
0.004260839138942039
0.0042594754137163585
0.004257018067624275
0.00425529799073946
0.004253323343501456
0.004277441110827881
0.00427584910957434
0.004312321984569
0.004338125638635107
0.004367725406210212
0.004363445261030658
0.00436229821493992
0.00435794130812413
0.004355463484521966
0.004392714849207387
0.004391561300139843
0.004382997967449775
0.0044130131857251734
0.004411937849803629
0.004411359039807778
0.0044353504397750924
0.004434130362084864
0.004473126957399229
0.004482542568296909
0.004481116262802289
0.004506510214543657
0.004504992927800517
0.004503645085943215
0.004516780417171894
0.004515936127587766
0.0044974317230406635
0.004496423518656646
0.004493459135798595
0.004502425604431678
0.0045022073558325226
0.004516750839536332
0.004516076571823768
0.004555316956770062
0.004554042599651287
0.004572642722325592
0.004597461631062009
0.004619228159217204
0.00462884102388961
0.004624442587248434
0.004623064573291642
0.004617257095659885
0.004611976700715504
0.004618752913644841
0.004622338869073972
0.004648637645689869
0.0046971766926674355
0.004695954242697228
0.004698091798128824
0.004696520617548657
0.004710778136442497
0.004721757918747727
0.004720087178408763
0.004718335267049977
0.004715435388808277
