0.0
0.0
0.0
0.0
0.0
0.0
0.0
0.0
0.0
0.0
0.0
0.0
0.0
0.0
0.0
0.0
0.0
0.0
0.0
0.0
0.0
0.0
0.0
0.0
0.0
0.0
0.0
0.0
0.0
0.0
0.0
0.0
0.0
0.0
0.0
0.0
0.0
0.0
0.0
0.0
0.0
0.0
0.0
0.0
0.0
0.0
0.0
0.0
0.0
0.0
0.0
0.0
0.0
0.0
0.0
0.0
0.0
0.0
0.0
0.0
0.0
0.0
0.0
0.0
0.0
0.0
0.0
0.0
0.0
0.0
0.0
0.0
0.0
0.0
0.0
0.0
0.0
0.0
0.0
0.0
0.0
0.0
0.0
0.0
0.0
0.0
0.0
0.0
0.0
0.0
0.0
0.0
0.0
0.0
0.0
0.0
0.0
0.0
0.0
0.0
0.0
0.0
0.0
0.0
0.0
0.0
0.0
0.0
0.0
0.0
0.0
0.0
0.0
0.0
0.0
0.0
0.0
0.0
0.0
0.0
0.0
0.0
0.0
0.0
0.0
0.0
0.0
0.0
0.0
0.0
0.0
0.0
0.0
0.0
0.0
0.0
0.0
0.0
0.0
0.0
0.0
0.0
0.0
0.0
0.0
0.0
0.0
0.0
0.0
0.0
0.0
0.0
0.0
0.0
0.0
0.0
0.0
0.0
0.0
0.0
0.0
0.0
0.0
0.0
0.0
0.0
0.0
0.0
0.0
0.0
0.0
0.00015737056271216923
0.00015667315741175943
0.0001559193674128522
0.00015513152937526314
0.00015444356190980494
0.00015369077416238527
0.0001528651292802236
0.0001521375323292256
0.0001405739743506564
0.00013992938947730992
0.00013919225662769284
0.0001384540013206382
0.00013781113513971932
0.00013718289645857078
0.00013657757606320392
0.00013594344752582927
0.00013529828067107948
0.0001347261949177134
0.0001340676113276819
0.0001334154351395731
0.00013279398545395116
0.00013221056057277685
0.0001316562354418586
0.00013105102925462208
0.00013055354703944726
0.00013002080332853258
0.00012952335405707
0.00012498512081895012
0.00012447394938059391
0.00012398157987956077
0.0001234785676486153
0.00012299402600445122
0.00012240615528095127
0.00012192289828146773
0.00012147856770983977
0.00012097471052479981
0.00012045428473098543
0.00012004801920768308
0.00011957635804578067
0.0001191219014124454
0.00011871113623516111
0.00011824990145841545
0.00011777241882115417
0.00011732499022291749
0.00011686793922867161
0.00011638862716843097
0.00011600287245207977
0.00011563876651982379
0.00011516946363935505
0.00011473528929683659
0.00011432304425934999
0.00011388903953576658
0.00011347057869995137
0.00011302475780409043
0.00011264281499758623
0.00023703862125505713
0.00023626803098131174
0.0002353898977027362
0.0002345679012345679
0.00023370233702337025
0.00023285536705359175
0.00023206309324399777
0.00023122794207131557
0.00023045866472596213
0.00022973019656613813
0.00022900631919692822
0.00022828698935805015
0.00022754880323016649
0.00022686180193088392
0.00022605207695968455
0.0002253397038392464
0.00022458628841607567
0.0002238831094502239
0.00022313938661834776
0.00022242290454210984
0.00022179974651457543
0.00022111388196176227
0.00022042128639851506
0.0002196459241643546
0.0002189300411522634
0.00021826178285414206
0.00021755487944515327
0.00021683132805112656
0.00021610203915833944
0.00021538810345106806
0.0002148869823728047
0.0002142534957149301
0.0002135619891773849
0.00021291582620945796
0.000212222754108824
0.00021156446353296748
0.0002109303136993688
0.00021023014668689936
0.00020964360587002098
0.00020901104772680842
0.0002084116835903222
0.00020773784421223624
0.00020718447206904072
0.0002065377746719466
0.000205923792713704
0.00020531345034656293
0.00020464057114721814
0.00020403780068728523
0.00020347591946637294
0.0002027964563987619
0.00020219526285384173
0.00020165264195284665
0.00020107643928398648
0.0003363651447275141
0.00033545436767603833
0.00033447324214062874
0.000333587637810588
0.0003327216030317951
0.0003318896876069712
0.00033110616184112845
0.0003300769686204855
0.0003292727943890735
0.0003282839435292732
0.0003274019262391355
0.00032652463577128633
0.00032565203422997167
0.00032479827551050135
0.000323977219897722
0.00032327273781566207
0.00032237545898748085
0.00032153877209677883
0.000320692580928139
0.0003198783601572138
0.0003190819597069597
0.0003182213850478759
0.0003174196487032767
0.0003166354290907026
0.0003158282347609336
0.00031510527059488486
0.00031429255986357166
0.0003134972516272335
0.0003127191137287898
0.00031190556115027416
0.0003111092509661128
0.00031027813721807126
0.00030946433527615874
0.00030874453120673426
0.0003079132319843144
0.0003072641093474427
0.00030649129317335315
0.0003056469298245614
0.00030500731744012696
0.00030427070541683723
0.0003648194279958073
0.00036397218600608435
0.0003630403272781458
0.0003621866342320427
0.00045575286868114825
0.000454631049417588
0.00045377045658974045
0.0004528403001071811
0.00045169653476593294
0.00045052249946683727
0.00044940832336125513
0.0004482818074510272
0.00044737399407030913
0.00043969102792632204
0.00043870049798434905
0.0004376799022120579
0.00043674995081644695
0.0005535707274940128
0.0005526161081716637
0.0005514274540477121
0.0005502224303441817
0.0005490226617864652
0.000547657888604055
0.0005400935473034085
0.0005389653927484656
0.0005379457678596708
0.0005367851960293305
0.0005357119971291988
0.0005089253746611426
0.0005078538707907463
0.0005068836842038232
0.0005057243421136227
0.0005046470640445306
0.000503517028490461
0.0005026775790643629
0.0005014805014805014
0.0005004589636224175
0.0004992912072058509
0.0004984095975154657
0.0004974751262436877
0.000496395519968071
0.000495394573064476
0.0004943239685023722
0.00049331300586274
0.0004922696351267779
0.0006025360842562753
0.0006014666913169409
0.0006002681525763558
0.0005990964447063445
0.0005979952454476386
0.0005968323854950162
0.0005957394860526154
0.0005948027887475013
0.0005936956336605959
0.0005927437476466373
0.0005916012025991659
0.0005906131241981942
0.0005894146918858854
0.0005884338976510877
0.0005871806904186068
0.0005859961333861691
0.0005846902220145453
0.0005835784841309703
0.0005825961343313874
0.0005815754975569061
0.0005805169932074754
0.0005795036218976368
0.0005785349314175291
0.0005775694740330445
0.0005767094471625422
0.0005755667209209068
0.0005745299567925217
0.0005734767025089606
0.0005724273029055377
0.0005714218803058512
0.0005702799981302294
0.0005692223349780125
0.0005682678311499272
0.0005673363095238095
0.0005662501015304997
0.0005653448255888043
0.0006684708440311798
0.0006671052479715614
0.0006429312132734185
0.0006419105466593042
0.0006408710333184026
0.0006395048994326972
0.0006382978723404255
0.0006372700174735327
0.0006363543056553422
0.0006353543979504696
0.0006344225390545057
0.0006335365645968868
0.0006324809575625679
0.000631236000814498
0.0006303161747263546
0.0006292286874154261
0.0006282722513089005
0.0006272552524196539
0.0006262204565349134
0.0006253362022592791
0.0006242658164121496
0.0006234288587229763
0.0006223858122804081
0.0006214500501169394
0.0006206620395088093
0.0006975220197038862
0.0006964545142007962
0.0006953440735204561
0.0006942371682198564
0.0006932255963616694
0.000692056775103588
0.0006908462867012088
0.000689799101503718
0.0007653257020054163
0.0007638683695021721
0.0007625665060688494
0.0007614185511230376
0.0007602492048969632
0.0007592320661336813
0.0007580941209692308
0.0007569842096130486
0.0007557547803113969
0.0007545538079022754
0.0007532590865924198
0.0007521146489952048
0.0007510464077816153
0.0007500779092384236
0.0007489431103671751
0.0007479559798973434
0.000746899510984131
0.0007455831143583498
0.0007443189694701258
0.0007432252568812223
0.0007420400786690054
0.0007408350845910547
0.000739563466836194
0.0007383664963557698
0.0007371967512647465
0.000736030706610568
0.0007351237493417586
0.0007866149267543721
0.0007854007854007853
0.0007841410615257203
0.0007827870568043869
0.0007817317238856664
0.0007805325987144168
0.0007795320723255691
0.0007784611862166577
0.0007775144484636812
0.0007711388568878372
0.0007701317412440271
0.000768888474951621
0.0007678396114297525
0.0007667223907704373
0.0007657504457430252
0.0007644504804823342
0.0007633901509313771
0.0007623796917646576
0.0008024843192719223
0.0008014001473839352
0.0008003189010180302
0.000799265043638034
0.0007980675146771037
0.0007969222313822479
0.0007960472138347516
0.0007950287855249932
0.0007940612735404181
0.0008303713380117669
0.0008292628662156285
0.000828358133567698
0.000827029752899647
0.0008966260666324134
0.0008952191275134031
0.0008942746327445187
0.0008928481857124226
0.0008914798565618926
0.0008904897693731552
0.0008892885691446842
0.0008880906051988225
0.0008870284546768325
0.0008859423838818212
0.0008848325777459635
0.0008838045302429965
0.0009323177021344124
0.0009310433628493888
0.0009298552789071231
0.0009286151779187164
0.0009275705545687782
0.0009266926929295318
0.0009254336739716856
0.0009045947513839315
0.000903502052520967
0.0009026510468789857
0.0009017751247292222
0.0009007156773479795
0.0009136342557673074
0.0009122695441999544
0.0009110154737531162
0.0009097914197809043
0.0009086236594988052
0.0009074060201485475
0.0009062180049349464
0.0009052435203330343
0.0009044024113710524
0.0009033008249991022
0.0009024110281498158
0.000901314284611929
0.0009002202036884116
0.0008989990200484614
0.0008978587831892722
0.0008968505340518008
0.0008956899798021292
0.0008945838085938033
0.0008935316287793408
0.0008926098021957026
0.00089153673891917
0.0009315497464175089
0.0009306982140986767
0.0009296094607667306
0.0009712163341299016
0.0009700276763520343
0.0009688694672774726
0.0009676315942463978
0.0009666435709490988
0.0009655207768415314
0.0009645370572522889
0.000963391914884452
0.0009622766575642311
0.0009612453075998413
0.0009601891131163682
0.0009583319930088673
0.0009573080764668232
0.0010219655715315704
0.0010207899096787982
0.001019817020265526
0.0010188745170681484
0.001017905273522072
0.0010166821032012176
0.001015518559133353
0.0010143859579242263
0.001013227660584648
0.001011987548844294
0.0010109470748034671
0.0010079462005741563
0.0010071075964913669
0.0010061031117162328
0.0010047947127718021
0.001003794834129024
0.0010028246358744534
0.0010017457646488567
0.0010005313600850174
0.0009993198963726493
0.0010441785995753113
0.0010430029488109947
0.001041944265910029
0.001086384958148213
0.0010851361372750646
0.001129484545745686
0.00112385270389258
0.0011230245373258468
0.001121983395528686
0.001121066342840536
0.0011197240406993314
0.001118780256331576
0.0011175648183714667
0.0011165337705917845
0.0011154743832037257
0.0011146283196342786
0.0011135725433038086
0.0011576747617631268
0.001156361531783544
0.0011550824398177768
0.0011536196404032472
0.0011526878742774067
0.0012142005499184854
0.0012712401116173383
0.0012700798785140986
0.0012691600245248315
0.001267867670140032
0.001266544040321378
0.001265426202575173
0.0012644454879682974
0.0012633650827557532
0.0012620844971667881
0.001260772908609191
0.0012593299543340799
0.0012583251965183298
0.0012570882011341121
0.0012557536417613917
0.0012546214922116493
0.0012533585619678336
0.0012520981717552059
0.0012508733830610896
0.0012495519797777821
0.001248463921955927
0.0012472462294526353
0.00124603090999383
0.0012448507081215985
0.0012435746764340348
0.0012423012580550785
0.0012410304449648713
0.0012398272028270457
0.001238658718107904
0.0012372659113068622
0.0012361345416001075
0.0012330719797379504
0.0012320751811729176
0.0012307913683343504
0.0012250137220865501
0.001223994602390547
0.0012227548405607828
0.0012217077712575546
0.0012984094885004898
0.0012974676126571256
0.0012961915361169964
0.0012952193757035221
0.0012945163073113033
0.001276096524398567
0.0012748125925980526
0.0012733671523549378
0.0012551203441803099
0.0012542484188653078
0.0012961303402479875
0.0012950981507510396
0.001349267446265137
0.0013482986917522023
0.001385696227860828
0.0014228541684190253
0.0014047089175628815
0.0014016411297339464
0.0014386871022728654
0.0014371459663236853
0.0014886413280908695
0.0014870875414140607
0.00148568812539513
0.0014838388933443168
0.001465601214344933
0.0014643376368703484
0.0014461857709894194
0.001444941078902197
0.0014437350426423955
0.001425647209175551
0.0014079103709369396
0.0014066669790724197
0.0014053194950116982
0.0014042221422574071
0.0014030558741504307
0.0014022088952289926
0.0014007291401195775
0.00144155583293878
0.0014405430980099791
0.001497884552938705
0.0014965338905825834
0.0014952979214560417
0.0014939519177760874
0.0014927202080552407
0.0014915277609371177
0.001490225701434641
0.0014890743457187485
0.0014879988804726687
0.0014866289884951248
0.0014854462495057198
0.0015092201199378666
0.0015618461276571604
0.0015441078324019317
0.001542883109372142
0.001616040100250627
0.0016146803694132264
0.0016134027112984118
0.0016122067418057144
0.001629280005456019
0.0016276321570119986
0.001626669108548701
0.0016254268563780062
0.0016239866199254818
0.0016226686434743101
0.0016215918892317925
0.0016207952143494659
0.0016483606404069878
0.0016633378885034518
0.0016618297280928697
0.0016607309035187767
0.0016798634295269565
0.001678138681585525
0.0016766221924486879
0.001675067567410548
0.0016738830813103575
0.001670465287564301
0.0016692455246672113
0.0017409512691154874
0.0017378082648300379
0.0017363736637276191
0.0017145583247853776
0.0017130208279235212
0.0017079052901466738
0.0017190742347412
0.0017743725790925716
0.0018465268380694632
0.0018450110258019863
0.0018772717038180707
0.001875642756138321
0.0018745132046989296
0.001909174790387933
0.0019081184244290482
0.0019064673268595971
0.001940981979169169
0.0019399103856617065
0.0019386539368788037
0.0019214633327739557
0.0019041116674252772
0.0019429679643729358
0.001941248235772553
0.001990198422185035
0.001988439582487401
0.002026554022878781
0.002025442258000398
0.0020240422049546333
0.002022547735302291
0.002021344124414822
0.0020197575498101155
0.002014547529059403
0.002012920694487329
0.00201148743265374
0.002009770210344092
0.002058203189800223
0.0020727249761188613
0.0020713513684094266
0.0021419999805860116
0.0021365904644461385
0.0021861662653157045
0.0021687242200486454
0.0021669848205515315
0.002165562342605649
0.0021471608981328363
0.002179700671399718
0.0021782643967474414
0.002176932406947224
0.0021598308304774097
0.0021586639028499492
0.002157548890503436
0.0021558279534632
0.0021542612547605865
0.0021526968315292903
0.002221205054639819
0.0022193349161401922
0.002241673812340978
0.0022395273673911664
0.002233756986994649
0.0022268573174526584
0.0022255079900329153
0.0022241602968282835
0.002252088653810986
0.002289174958198379
0.0022873130618529395
0.0022703434512538092
0.00226855221169975
0.002266921484312789
0.0022655030823829493
0.002264086454317817
0.0022628287158528116
0.0022613292269326136
0.0022985525817502883
0.0022971718145231384
0.002295580681478354
0.002293885900613475
0.0022924578745288434
0.0022911372125585415
0.002289659876478226
0.0022848220382921027
0.00230876081367236
0.002307699045954697
0.002302437198797158
0.0022853315838390464
0.0023182842369129032
0.002325364244268907
0.0023086981245545504
0.0023453938003723833
0.002344158817373103
0.002327777178467094
0.002357316585684115
0.0023557539501125493
0.0023540858358921815
0.002352148346213628
0.0023629547789427332
0.002393747362279309
0.002377298588297517
0.002406205892220834
0.0023891166577618248
0.0023685338191012646
0.0023677260706635025
0.002365242416830981
0.002363738288108036
0.0023469446939182077
0.002345613803899881
0.002313690485185113
0.002312380146917899
0.0023107573872729846
0.002309189141828722
0.0023024521498477006
0.0023012555302692013
0.002299956266758435
0.002298243483674396
0.002297362136071814
0.002313738413328152
0.0023115801247770877
0.002295372050168051
0.0022944421222611633
0.0023267367738554023
0.0023220999848318565
0.0023208475881569654
0.002319053678811145
0.00231780446912646
0.002316452676479594
0.0023153100828989795
0.0023144798134712512
0.002313339164817659
0.002311785545499447
0.002310389071245504
0.002307297300366518
0.0023769264875410116
0.0023606046329766087
0.0023594453816110543
0.002357813822234968
0.002356342093958572
0.0023850021610616993
0.0023836742975775994
0.0024557971006812494
0.002454322180276445
0.0024514759847455853
0.0024504953725603055
0.002449134711927887
0.0024477755614961748
0.002474684562945305
0.002502990226412409
0.0025014583865494867
0.002500349928009783
0.0024954408491479952
0.00249422566258194
0.0024932322989673172
0.00249190904431948
0.002527089362448476
0.002523942733748385
0.0025224123536746286
0.0025343687736143036
0.0025333069418936776
0.002531855350037166
0.0025304611565624756
0.0025288458145223624
0.002563952816389182
0.002562374478940377
0.0025737576881432337
0.002572061972180562
0.002570763435723812
0.0025824032520461063
0.002581270718385881
0.0025785084089377567
0.002577096363239355
0.0026310846879379433
0.0026952262872840457
0.0027086273182500595
0.002706181990506855
0.00270476322236993
0.0027032869199321145
0.00270145854155541
0.0027001036001842826
0.0026985147501013564
0.0026936495834219364
0.002691142073913231
0.00268961930532367
0.0027065183988177212
0.002751182960263784
0.0027501065274133383
0.0027488517532188467
0.0027570686732177377
0.0027556922035855773
0.0027904161324637283
0.0027725814083537624
0.002771379726087708
0.002770599191046347
0.0027675959378497014
0.002765859190999299
0.0027971675634549794
0.0027808828681015916
0.0027647991501656317
0.0027623445364440397
0.002761450052752425
0.0027567809094966433
0.002755353911937538
0.002754284632882391
0.0027527415830331174
0.0027516150626127325
0.0027616153415348263
0.002759714261811709
0.0027547658638008643
0.002753463374030746
0.002752280360765856
0.002750507745677342
0.002748914343202751
0.002793428500621599
0.0027919315826845847
0.002790555834411345
0.002788527362920267
0.0027869756611944743
0.002821679877199771
0.0028377637029817415
0.002836247220305188
0.0028343690312587805
0.002832386388670281
0.002830345116818564
0.0028290771763050246
0.0028279912739876453
0.00282672544107875
0.0028255811397390144
0.0028238363596297298
0.002822694395710164
0.0028213132534921207
0.0028660043262735187
0.002864420730216073
0.002863021314845943
0.0028619270736435646
0.00286034797887011
0.0028856975868450582
0.002905552038987131
0.0029040744205069387
0.0029025368318646274
0.0029137628408404384
0.0029086956536339796
0.0029058712369137373
0.0029041517138013156
0.002938070459036255
0.00297189637311256
0.002956321989243796
0.00296748122635612
0.0029835483902272814
0.0030229692781848514
0.003051887716651584
0.003050409867156185
0.00304886928853175
0.0030635197738302197
0.003058791864691405
0.003043431632348071
0.0030424086301187106
0.003040556190422865
0.0030394075344439444
0.0030376861768186144
0.0030328542641153986
0.0030442852917859694
0.0030434560643461416
0.0030701710642018496
0.0030692710789655834
0.0030987971344336924
0.003081645978897941
0.0031055731096497046
0.0031042751729632627
0.0031034969315794922
0.0031019325141578885
0.003100702179569888
0.0030996668650835023
0.00309805056957985
0.003095046172346092
0.003142051155865379
0.0031412003077593473
0.0031392385697400545
0.0031488174915277937
0.003143845162500013
0.0031899551632837814
0.0031852985434507367
0.003169798114966035
0.0031688108849563905
0.003167627020366743
0.003166706848181717
0.003165261942949844
0.0031637527693623353
0.0031622450342146963
0.0031606732767524683
0.0031594300764158922
0.0032198024009697642
0.003248871489305819
0.003292730195488442
0.003291369113231709
0.0032891399796648574
0.003336717369857982
0.003335094271626776
0.0033333742642664733
0.0033319308285284827
0.003375216096277187
0.003373547262607829
0.003372088386297317
0.0033702145411826792
0.0033686199446006874
0.0033775160726076787
0.0033760582119334048
0.0034176764623204178
0.0034159219722578286
0.0034143094316116747
0.0033993704854394205
0.0033979761579228333
0.0034258963693579603
0.003411210012460266
0.003409463003337834
0.003408066683893445
0.0034065320528877414
0.0034054168254033183
0.0034045112405992795
0.003415247740818197
0.003413851710839118
0.0034129449032086873
0.003412038577193618
0.003409964535765979
0.003408433406290372
0.0034071121733061935
0.0034057919642412012
0.003404264578738647
0.003401380180690664
0.0033972097837960667
0.003395688263158386
0.0034015601058373303
0.003400245506605979
0.0033986137374641045
0.003426085876548226
0.003435560276922351
0.0034345833337363395
0.003430620859200988
0.0034290891144543225
0.003427628269901161
0.003495511769035275
0.0034942365777776464
0.003489090878691006
0.003518264591407169
0.0035166267319244673
0.003514990396679282
0.003499874497508565
0.0034851248632328056
0.0034926905100269934
0.0035013784014006166
0.0034998939277991184
0.003525460220077885
0.003523824572660654
0.0035074753212304605
0.0035061321380982753
0.0035297412009671772
0.0035283196951071765
0.0035271123150307495
0.0035120668389953306
0.0035103717578680352
0.003509101520419466
0.003523663732985219
0.0035668045889040347
0.0035656584204514534
0.003584970740947854
0.003570799397777279
0.003610827698517782
0.0036341853162268267
0.003632582652668044
0.003683223812163639
0.0036805605233246686
0.0037091939797970533
0.0037076350270586218
0.0037040768240504157
0.003702965623227217
0.003737374170152991
0.0037358055710209194
0.003764355131378745
0.0037674915258643013
0.0037665888624259392
0.0037653859838047777
0.003760708244536732
0.0037577286021672845
0.0037552007331898467
0.003753778762248947
0.0037488881110013844
0.00374370335393393
0.003742660041429848
0.0037407984290258817
0.003738789966617679
0.0037370064764125823
0.0037625355822077126
0.0037613397265569446
0.003759845975548602
0.0037753436527630073
0.0038319001099523754
0.0038466799518961357
0.003860201218057767
0.003933626709499714
0.003919094003789399
0.0038970821028578486
0.003895461790745708
0.003902573227389664
0.0039007204102850103
0.0038960361247730993
0.003875814095358599
0.003874282213577105
0.0038696884945329225
0.0038781871340079783
0.0038766559785372605
0.0038719900392322707
0.0038842228919370556
0.0038900755003034916
0.003886537786070636
0.0038817988420959742
0.0038868350304771975
0.00388538103536824
0.0038836988205260123
0.0038692081898983213
0.0038873517040121453
0.0038839306635367046
0.003882633094090303
0.0038764477990698883
0.0038718807806449947
0.0038700102408655793
0.00386902283834691
0.0038679600451173675
0.003866291120645088
0.0038981375777195322
0.0038918071614751494
0.0038868646329856286
0.00388564665738579
0.0038846576141232827
0.0038781906335430944
0.003912888612665576
0.003911664113021494
0.003910440379527666
0.003908758995633094
0.003954009055222447
0.003951239555657701
0.003966431619618377
0.003980313957181176
0.003979226439706537
0.003998560827117767
0.003992528883807797
0.004002980779504352
0.004047444392329109
0.0040458672713626275
0.00404476401778753
0.004070155409232515
0.004068650262133985
0.004066914608667209
0.004062565361970173
0.004061380410866093
0.004059058003945254
0.004057480445451688
0.004052902792631218
0.004090649710502883
0.004089220135408932
0.00408795024056466
0.004070274906599389
0.004068932832170353
0.0040672761969219855
0.004098476646593642
0.004097444204699178
0.004095777512303752
0.004094191446312579
0.004080019336102029
0.004119232192895631
0.004118116625612518
0.00411472246853397
0.0041281070979190225
0.004156067479293269
0.004154621778859858
0.004177164558985657
0.004175067426859805
0.004188813038878146
0.00423913086574088
0.004236700264934881
0.00423498486938551
0.00421777933504656
0.00425386273284656
0.00425696435604791
0.004278678392094726
0.004317703233615754
0.004312668480146325
0.004311031656724851
0.004351791861337831
0.004346440450030529
0.004345103777779574
0.004344018336789736
0.004350283616930247
0.004347583200443046
0.0043600748836351245
0.004359321732624555
0.004390214862896887
0.004393160635776807
0.004391728486302078
0.004390549770018035
0.004389371686286429
0.004383471418970885
0.00440566667503698
0.004410952845240873
0.004420449417172625
0.0044147350495557175
0.004413610413377444
0.004419350930135621
0.004418167794154019
0.004427265948359179
0.004413508157536591
0.004412243155389554
0.004409873853850082
0.004404042966349803
0.00441832915930414
0.004417148419282947
0.004412535153567949
0.004425833312145457
0.004424398381255071
0.0044233017088246875
0.004421991638345154
0.004420222032727248
0.004418538010313072
0.004414270024619177
0.004408399105003141
0.0044008800543597565
0.004415564398321631
0.004471202210142379
0.004469605896429955
0.004468926056762083
0.004525307791427492
0.004524189879423681
0.004519358769944369
0.0045180712277979864
0.004516612899954276
0.004514318556342543
0.004512862241648009
0.004510655590829827
0.004538081086522354
0.004530898948380906
0.004551211696741139
0.004594225368106229
0.004620251523010696
0.004619026270674695
0.004658024697295711
0.004666798582968125
0.00465293637049592
0.004651439683300113
0.004723623187925835
0.004732237134979279
0.004730729541871136
0.004773122648655556
0.004795429157997381
0.004787775143290436
0.004783272315017566
0.004782098528017882
0.004779847603253792
0.004778405957368272
0.00479277305368194
0.004791507706643554
0.004788982588447682
0.00479893595157849
0.004796414157803504
0.004793442266064519
0.004774247520798393
0.004772809602713671
0.004771462340927775
0.004766980296269224
0.004766173290971057
0.004761515682610524
0.004759815109329643
0.004746033372465436
0.004744250121465994
0.004742557273803962
0.004741399705516482
0.004737380996205191
0.004717591051577945
0.004716174862590811
0.00472239459510526
0.0047195044276149055
0.004702731773966891
0.0046973007638341745
0.00468357664306217
0.004691094327393356
0.004711210996135507
0.0047053459492870904
0.004703937110348721
0.004705199518000231
0.0047304177587518155
0.004729267795574619
0.0047517104375175735
0.004769157283620196
0.00482628503920197
0.004824137747064783
0.004809717571179598
0.004816404671364494
0.004817365323579127
0.004815746947770533
0.004826297795343591
0.00481278274786983
0.004847939406502405
0.004831227560995324
0.004825086297878405
0.0048337660609397886
0.004829670258626993
0.004828590721259644
0.004881147176683515
0.004879965696954296
0.004878693973642481
0.004876182279763187
0.004875184307688887
0.004875555511880357
0.004913775618343151
0.004912314055101527
0.004910233874492417
0.0049129492440062065
0.004911762783784921
0.004910576896477343
0.004909493701160187
0.004908399947922145
0.004906596905201573
0.004891805309486208
0.0049333640294115105
0.004944354798015944
0.004942704907645467
0.004941788777583996
0.004961165764101547
0.004982912857092081
