0.0
0.0
0.0
0.0
0.0
0.0
0.0
0.0
0.0
0.0
0.0
0.0
0.0
0.0
0.0
0.0
0.0
0.0
0.0
0.0
0.0
0.0
0.0
0.0
0.0
0.0
0.0
0.0
0.0
0.0
0.0
0.0
0.0
0.0
0.0
0.0
0.0
0.0
0.0
0.0
0.0
0.0
0.0
0.0
0.0
0.0
0.0
0.0
0.0
0.0
0.0
0.0
0.0
0.0
0.0
0.0
0.0
0.0
0.0
0.0
0.0
0.0
0.0
0.0
0.0
0.0
0.0
0.0
0.0
0.0
0.0
0.0
0.0
0.0
0.0
0.0
0.0
0.0
0.0
0.0
0.0
0.0
0.0
0.0
0.0
0.0
0.0
0.0
0.0
0.0
0.0
0.0
0.0
0.0
0.0
0.0
0.0
0.0
0.0
0.0
0.0
0.0
0.0
0.0
0.0
0.0
0.0
0.0
0.0
0.0
0.0
0.0
0.0
0.0
0.0
0.0
0.0
0.0
0.0
0.0
0.0
0.0
0.0
0.0
0.0
0.0
0.0
0.0
0.0
0.0
0.0
0.0
0.0
0.0
0.0
0.0
0.0
0.0
0.0
0.0
0.0
0.0
0.0
0.0
0.0
0.0
0.0
0.0
0.0
0.0
0.0
0.0
0.0
0.0
0.0
0.0
0.0
0.0
0.0
0.0
0.0
0.0
0.0
0.0
0.0
0.0
0.0
0.0
0.0
0.0
0.0
0.0
0.0
0.0
0.0
0.0
0.0
0.0
0.0
0.0
0.0
0.0
0.0
0.0
0.0
0.0
0.0
0.0
0.0
0.0
0.0
0.0
0.0
0.0
0.0
0.0001815431164901664
0.00018082092700861914
0.00018005041411595248
0.0001792328832596487
0.0001785076758300607
0.00017777777777777779
0.00017707472553417543
0.0001763668430335097
0.00017561318269624773
0.00017486593611564468
0.00017415534656913968
0.00017344048100826734
0.00017277125086385625
0.00017205781142463867
0.00017145796422243814
0.00017076502732240437
0.000170174144874922
0.00016952983725135624
0.00016884286357496622
0.0003362851698240108
0.0004653153907718651
0.00046340061910322706
0.00046173167848699754
0.00046004931728681306
0.0004584296035500788
0.0004565459559159224
0.00045477697737029754
0.0004531448250860975
0.00045152434619274664
0.00044981827341753926
0.0004480286738351254
0.0004463727748317174
0.0004448715211047049
0.00044328599038955966
0.00044166490000706657
0.0004401718430875413
0.0004386195764689369
0.0004371928720074147
0.0004358437935843793
0.0004345709915171742
0.00043296790841862795
0.0004315776753500094
0.00043001874881744837
0.0004285591840233136
0.00042715327968288134
0.0004256043581886278
0.0004242609374469673
0.00042286158894470655
0.00042134358040920883
0.00042015394440523
0.0004186552792430712
0.0004173762062172359
0.00041589725674169445
0.00041451120838307463
0.000413216310474207
0.0004120720631624058
0.0004107720872151295
0.0004092992796332678
0.000408036690659224
0.00040674215801119346
0.00040539664007264704
0.0004040991821032554
0.0004027321348025001
0.00040149033211280265
0.0004002946168379927
0.000399086889197516
0.00039786743057213333
0.00039654215243080333
0.0003953756859768151
0.0003942720161493817
0.0003931930420559277
0.0003919539689258893
0.00039086929330831764
0.00038980883774596933
0.000388590969145877
0.0003875248015873015
0.0005255916771012073
0.0005241817368916023
0.0005227793409905131
0.0005211446789595499
0.0005197346296126448
0.0005184033177812338
0.0005169137210186241
0.0005154795475908911
0.0005139367555474937
0.0005124495086513535
0.0005110399663314845
0.0005097069185218499
0.0005083580036482162
0.0005069481720045327
0.0005056138002825488
0.0005043088743529272
0.0005028544384299109
0.0005015858965847901
0.0005001912495954335
0.000498892165925665
0.0004974250936329587
0.0004961186015292125
0.0004657119571544999
0.00046443447845459425
0.00046314387854051785
0.000462000462000462
0.00046080294913887444
0.0004595720235530662
0.0004584461540665606
0.0004572865757809597
0.00045609384130784904
0.0004550043367600847
0.0004539779820678697
0.00045297548270199875
0.0004519199536782047
0.0004508121662933378
0.00044955816861241057
0.00044842420930199967
0.0004472772000447277
0.000446192029894866
0.0004450378282153983
0.0004438526409232135
0.00044282076829403296
0.00044166563151284277
0.0004406803002134545
0.0005359056806002144
0.0005346274058233262
0.0005333552145729056
0.000532023736443626
0.000530677225782749
0.0006516249898183595
0.0007719184204111481
0.0007703847869277865
0.0007682044232402053
0.0007661599258034598
0.0007377005204141854
0.0007355399531929122
0.0007337148650631663
0.0007320741657682121
0.0007307610544217688
0.0007290755322251387
0.0007272823442293453
0.0007254118360833037
0.0007235223699961852
0.0007218416148253144
0.0007202252340732012
0.0007186442449662238
0.0006909949022828907
0.000689538529591611
0.0006880882830249918
0.000686590753047556
0.000684993473175397
0.0006832978791980919
0.0006817947926314705
0.0006805079413992783
0.000678964898795798
0.0006774548150420532
0.0007399186089530153
0.0007386182744348935
0.0007370976145996162
0.0007353314062579239
0.0007339078059952676
0.0007323509728903874
0.0007307731075496423
0.0007292020266787363
0.0007276376866139758
0.0007261891347080846
0.0007247463387814266
0.0007233904562348775
0.0008339556883246204
0.0008320914058618978
0.0008306986547641188
0.0008291873963515756
0.0008273443481267443
0.0008256620700703662
0.0007993605115907275
0.0007978592821721413
0.0007960710830240904
0.000794465630194583
0.0007929246721561452
0.0007670112129734467
0.000765557216288141
0.0007642755759362374
0.0007631091246048183
0.0007616974972796517
0.0007603186097031136
0.0007347981112074781
0.0007334992725130166
0.0007321786515909882
0.0007308627775181817
0.0007293161166905787
0.0007277759881646921
0.000726372069207778
0.000724896019013666
0.000723606168446026
0.0007222182756742677
0.0007210913303543987
0.0007196111740279351
0.0007183146689275914
0.0007168964260950299
0.0007977007449117249
0.0007962436037048746
0.0007947081784821073
0.0007932064203060843
0.0007919316143758879
0.0007902474171692872
0.0007886526796794358
0.0007872010372531313
0.0007855096571481378
0.0007842323172911692
0.000782905038224187
0.0007816631032025196
0.0007803713649613257
0.0007791642317784423
0.000777613868972063
0.0007762822927725834
0.0007749022825430468
0.0007734479856229667
0.000772104324919667
0.0007708439607776455
0.0007694309605440329
0.0007681272380177798
0.0007670614777213761
0.0007656105744331104
0.000764525993883792
0.0007633159342201268
0.0007618791525214838
0.0007606774503881691
0.0007593523171412617
0.0007581839265007581
0.0007569432849112261
0.0007559335223167138
0.0007545746085644218
0.0007533457413808383
0.0007521208702480892
0.0007509248522997073
0.0007495342967053558
0.0007482229704451926
0.0008460236886632825
0.0008445760666886036
0.0008430226192822264
0.0008418060566305892
0.0008405654713170678
0.0008392736468074901
0.0009064594759293113
0.0009049233042193542
0.000903745172069609
0.000978607191624943
0.0010474150057348136
0.001046056755062785
0.001044262489616708
0.0011181489141675282
0.00111086019077115
0.0011089283222225801
0.0011070743443826428
0.0011052265553950678
0.0011035617374954597
0.0011019371906468682
0.0011003877455366656
0.0010987024037438845
0.0010970921217527986
0.0010955911207271418
0.0010941289864743204
0.0010923934308344702
0.0010906979199662129
0.0010889732236980816
0.0010874943414500627
0.0010860879804861637
0.0010847194220430108
0.0010833883942149368
0.0010817546835893731
0.0010800242561110763
0.0010779955335712646
0.0010764789862548329
0.0010749331418641193
0.0010734586567738048
0.0010719882112429045
0.0010705217886937148
0.0010691589558881368
0.0010677995885922207
0.0010869228625398693
0.0010855782018371323
0.0010841029125613862
0.0010824646888299514
0.0010808314087759816
0.0011819822036330835
0.0011802761825794104
0.001178900442726706
0.0011772032998448097
0.0011756548693320286
0.0011740387748452267
0.001172749094755686
0.0011714265394657973
0.0011697508319129944
0.001168150917398661
0.0011663429635024685
0.001164540597319436
0.001208197184234943
0.0012063722232292108
0.0012046981215558506
0.0012032824097789297
0.0012016530251965979
0.0011998477655589608
0.0011982995748937234
0.0011965043695380776
0.0011950720734201208
0.0011936075243105374
0.0011723142757625517
0.0011704971135024496
0.0011692423746141403
0.0011674694257794694
0.0011662558040531846
0.0012143506981527631
0.0012127317077988131
0.0012112603815272929
0.0012095781251539061
0.0012060756305827727
0.0012046180299680668
0.0012028098265442274
0.0012013954217623079
0.0011998081872718555
0.0011983656872519696
0.001196926651631862
0.001195386160431353
0.0011936404085248903
0.001192177912618999
0.001254177352918318
0.0012479378942261037
0.00124674015259479
0.001245110568916773
0.001243485239656156
0.0012417202556823665
0.0012883193026103892
0.0012866071514556186
0.0013264844794582476
0.0013875276256365904
0.001385450847197436
0.0013839371286179793
0.0013824664196608932
0.0013808799762840553
0.0013793762239098244
0.0013777179876158032
0.001376024394892319
0.0013727058106770234
0.0013709830766305377
0.0013693816890307017
0.0013679008129618558
0.0014280570085664468
0.0014674695145042796
0.0014660537616102002
0.0014648068345051789
0.0014631475607914215
0.001461326696081759
0.0014718761476961325
0.0014699243877666177
0.0014680191603268526
0.001466614120031528
0.001464799820062978
0.0014632365331685672
0.0015673072427175385
0.0015658136905929722
0.0016249463329039964
0.001622856077554064
0.001621314559237116
0.001619549949301854
0.0016177440786478224
0.001615942230761377
0.0016139648283598
0.0016950094475936426
0.0017347618518929724
0.0018392716853828737
0.001818618219415827
0.0018165053019824808
0.0018144975591784108
0.0018123441797992627
0.0018104953588824562
0.0018091485981394243
0.0017892042170167088
0.0017871381045338323
0.0017850277365848305
0.0017832647462277095
0.0017809682987642824
0.0017793594306049825
0.0017778993435448582
0.0017761989342806397
0.0017694687045123733
0.0017677800499886396
0.0017615065420900188
0.0017592063621607412
0.0018390679639796348
0.001836671914300708
0.0018167028199566164
0.0018147837157019425
0.0018084569037053074
0.0018066969434832759
0.0018053304520079239
0.001803381903220004
0.0018017775141760803
0.0018002729590920522
0.0017983836970463455
0.0017964983961435768
0.0018350923364753697
0.001833221551531411
0.0018316982076162908
0.0019369984557569917
0.0019347188416651067
0.0019328060424682915
0.001931103220581823
0.0019290946589858476
0.0019271929590848945
0.0019256025272423954
0.0019175531914893624
0.0019135917257746024
0.0019118648866240243
0.0019102424708513448
0.0019074868860276593
0.0018877744550595003
0.0018859776679092971
0.0018839852450501372
0.0018821459982409853
0.0018804590428990705
0.0018785277258402903
0.0018769954039925625
0.0018755148901859742
0.0018739874775603137
0.0018724134008802095
0.0018706457224276437
0.0018688813784310133
0.001867218106780445
0.001847687775627953
0.001846046673632881
0.0018439753324809302
0.0018244845831052734
0.0018229641396911385
0.0018216832353094266
0.001820356789930827
0.0018301027213358976
0.0018247764475723032
0.0018229774722186192
0.0018212292433431828
0.001819295929023294
0.0018177898503858926
0.0018160984897435239
0.0018148789076288627
0.0018135205354531225
0.0018118371065614636
0.001810389989608293
0.00180903832621046
0.0018076421760307338
0.0018658922100285287
0.0018642631538402287
0.00186268472906404
0.0018613952772863632
0.0018582090826800575
0.0018568771013602315
0.0018553571733087779
0.001853792351402698
0.001852277467078663
0.0018504345459802378
0.0018487837619690912
0.0019241220025813471
0.0019225058752661906
0.001920794764859459
0.0019194280680355092
0.0019178685083621105
0.0019166518646332909
0.0019153396220035845
0.0019136412387153444
0.0019118490769801904
0.0019102051826749623
0.0019083712312615807
0.0019066851781732515
0.0019051462489805876
0.0019034179203521245
0.0019607843137254906
0.0019591562880026843
0.0019575309635141707
0.0019561048726773355
0.0019502033030470362
0.0019487848310802342
0.0019472708134930584
0.0019458078733847544
0.0019442498248423586
0.0019424514387140325
0.0019407533220101912
0.0019390097823916953
0.0019374142874953252
0.0019354838709677424
0.0019713752333540766
0.001969512346753538
0.001968044131898716
0.0020077629085251303
0.002006318331431218
0.0020045776422663465
0.002002691167851276
0.0020014520014520016
0.002000214367574431
0.001998632427934719
0.0020545239035954167
0.002052952352752486
0.0020510292123752005
0.002049412518166367
0.0020311397680103692
0.0020296412879533088
0.002028095179587992
0.002026501665561749
0.0020247616243887286
0.0020230741575971503
0.0020214390098541074
0.002019707648133647
0.002018374051339741
0.002016598659401699
0.002010904947916667
0.002008992089237949
0.002007572064606285
0.00200556786546219
0.001987979657882571
0.0019862880482349513
0.001984406499720678
0.001983250394465348
0.001965731104803953
0.00196449206849459
0.0019633021595516146
0.001960214663277247
0.001959171163323413
0.0019577026613150222
0.0019564727108705464
0.0019390046603723475
0.0019372738238841985
0.0019363862162096995
0.0019348931351051788
0.0019331230891451413
0.0019315885692292895
0.0019142168056857612
0.0019126076792519299
0.0019111388435570067
0.0019495000359686357
0.0019479119246711553
0.0020107238605898124
0.00200524633035935
0.002003808431133526
0.0020021813028906245
0.0020005090758682133
0.001999316337157076
0.00199822027299741
0.0019967448691993175
0.002047424054851919
0.0020456707897240725
0.002028076179611497
0.002025384609293966
0.0020239423358415025
0.0020068793737397696
0.002005071931363022
0.0020040744776614393
0.0020029357450636865
0.0020015141478186807
0.0020003310240465323
0.001999054820415879
0.0019978274217163365
0.0019964601769911503
0.001994671445075802
0.0019938252692606817
0.001988538232061548
0.001986993936256168
0.002019346847906182
0.0020180654461131086
0.0020165488519918898
0.002015034535626843
0.0020374018826031207
0.002036398871619351
0.0020352060978085997
0.002033681384713833
0.0020715851214014396
0.0020684280258748346
0.0020629395135854964
0.002061542771759432
0.002060051792921634
0.0020587549545348564
0.0020572680040073623
0.002055878928987194
0.0020545873374130347
0.0020918588789682535
0.002090497877745763
0.0020732726597325404
0.00205645784996133
0.002055122735423236
0.0020535990114303364
0.0020523151256936884
0.0020508904674857885
0.002117393147570047
0.002115827498825396
0.002110757008914138
0.0020943455747139705
0.002092703215935912
0.0020909188674317495
0.0021128436633883812
0.002161113979442287
0.0021944816947577855
0.0022070675216370583
0.002205951560123015
0.002204431611873045
0.002202812640708537
0.0022012970134615934
0.002200338194469462
0.0021989267195342936
0.0021973158210881706
0.002194684248547828
0.0021930784432213496
0.0021917754556405413
0.002190574071355161
0.0021894739588258893
0.0021883749507012645
0.002186927942776363
0.002181635505095221
0.0021652612584476317
0.002163881483408111
0.0021628970059361327
0.002161520241451132
0.002203411468645258
0.0022516662286834665
0.0022502864059831835
0.0022339893469353815
0.002228792947661258
0.002265189913021714
0.002316532381965851
0.0023137133202303377
0.002312614367892228
0.0023353138723843977
0.00235642644154436
0.00235472428248952
0.0023348063532174904
0.002333384873747461
0.002332070231468515
0.0023308095677850396
0.002381917110442232
0.0024141610211978245
0.0024128040496050928
0.00244343726795531
0.0024422300361035534
0.002441133587312989
0.002439107750311069
0.002436665898204359
0.0024348104303311465
0.0024319012231985636
0.0024305955044210074
0.0024254019357648035
0.002424209532748271
0.0024228559516896496
0.0024215038813578957
0.0024200453393332525
0.0024341950902047214
0.0024329475082661635
0.00242788102078541
0.0024227123185456513
0.002421149521712281
0.0024660506567597026
0.0025019836861649787
0.0025005392511387708
0.002498930116815393
0.0024978769788458364
0.0024957536717939294
0.0024945923417006946
0.002504284185161164
0.0025694132626710425
0.0025683899544418167
0.0025963974550945487
0.002594676162695255
0.002593587190790698
0.0025921557248826757
0.0025908401711045186
0.0025985770372377627
0.0025974884960267585
0.002594588582425169
0.0025935598909167185
0.0025917901663537893
0.0025755852079051506
0.0025712380240445662
0.0025683605603619656
0.002563008601921157
0.0025608470252855677
0.0025444304166262004
0.00252870179877479
0.0025586618637640592
0.002553835758705688
0.002552245043873224
0.0025362103717129405
0.002547774679029733
0.0025463273644356897
0.002544264927161875
0.0025390728518115504
0.0025381311824873914
0.002522431594151429
0.0025540266892519537
0.0025896203508859288
0.0025880976750986963
0.002586407911877452
0.00258488901041537
0.002583765047892361
0.0025826420623882356
0.0025816322097331765
0.002580342991138308
0.002579055059523807
0.002574376677936406
0.0025725558938210946
0.0025712180822579276
0.0025701599678207847
0.002568935870156859
0.0025677685005146954
0.0025662691547207097
0.002564937872088138
0.0025636633550302594
0.002607129489093726
0.0026049471025082864
0.0026033738632418564
0.002602195180294913
0.0026282574229993666
0.002626067764660513
0.002624880573085169
0.0026236379993319335
0.0026223966014485606
0.002621212726120607
0.0026201425215092032
0.0026183982730464124
0.002603019914014631
0.0026333530473473393
0.002631941636958357
0.002643558173280024
0.0026425954997383546
0.002641294174501897
0.002639485765635791
0.0026384131940519195
0.002636427019242022
0.0026328264317198517
0.0026315896503584647
0.002630073369509987
0.0026285450186900676
0.0026259466495282342
0.0026247714038089534
0.002623485436351554
0.002622033250506136
0.0026563285341375206
0.0026551419921338856
0.0026716741890871216
0.002655918939757278
0.0026848919146319726
0.002683695057763704
0.0026824992674769855
0.0026814182798403003
0.002707192527621629
0.0027351940988304597
0.0027325653525056177
0.002731755274899793
0.0027304832657553436
0.00273507786730822
0.0027340945049212258
0.002732765198414373
0.0027282039516846345
0.002726878657771847
0.002725899919971363
0.002746143308417731
0.002744695042813342
0.0027436532370950966
0.002742207596044506
0.00274105217960949
0.002740243967261087
0.0027387442652561447
0.002737591764881513
0.0027360949637146694
0.0027600530490703872
0.002759299062989066
0.002758255762078807
0.002756923802925186
0.002755535303328724
0.0027543792882663916
0.002753512913301537
0.002752074711576659
0.0027507485216634766
0.0027707713098853505
0.0027686814222014854
0.0027675806239462366
0.0027648548700189516
0.0027635254461361395
0.002797140170455391
0.002792241700857887
0.002787595881864593
0.002800112093920394
0.002798710373330233
0.002797601672752833
0.0027967270031175637
0.0027950957489547203
0.002793072391198365
0.002791270633995786
0.002790384189264916
0.002789281637595074
0.002784541659572838
0.0027817103337016893
0.0028601623330923682
0.0028589748785709176
0.0028680656845345145
0.0028632997830259814
0.00290691551680107
0.002905891297360551
0.002924350406484017
0.0029263480100971562
0.0029250762115000527
0.002910014601953122
0.0029072522786855767
0.0029059304180206924
0.002904489758445553
0.002902093512703297
0.0029010152242683984
0.0029103149382956246
0.0029086943954233445
0.0029077948734059574
0.0029064765803833523
0.002905518572363779
0.002902829583086564
0.0029010532684052475
0.0029001579921219475
0.0029113641000530466
0.0029096287944481315
0.0029076130811778347
0.0029065981449867126
0.0029532957635252286
0.0029601082406498346
0.0030034481647384873
0.0030008502181185287
0.0029992446997242276
0.0029979545434593675
0.00299642008961475
0.0030409609764131588
0.003039903359052295
0.003038411503976693
0.003037107331435384
0.003077839033629755
0.003076267873915606
0.0030751376317999443
0.0030736946415820233
0.003072260841359834
0.003103498819619172
0.0031024236972518105
0.003100907144942422
0.0030991397067732947
0.0030949764947079184
0.0031349295122657475
0.0031646323224050854
0.003171958424528831
0.0031698640947970705
0.003163227325241334
0.003160526325961832
0.003146039410266145
0.003152007446933837
0.003150793489917403
0.003196795100022867
0.0031956943198587916
0.003193697081910933
0.003198217996614887
0.003196344392451783
0.0031947618309324313
0.003193147466907422
0.0032591395314902744
0.0032541942374531884
0.003253143119903996
0.0032518957994197126
0.0032505838634051005
0.003248945431247494
0.00324617011304505
0.003244600619648465
0.0032495968212411675
0.003248680870537562
0.0032477654360390912
0.0032462626274238557
0.0032730454312291145
0.0032918974421808824
0.003324331755664902
0.003323329988255557
0.0033221286640304623
0.0033644917588545645
0.0033770334205806118
0.0033760171805350975
0.0033868991512935936
0.003385676958780948
0.003383899971484632
0.0033965111391960462
0.0034064956528971286
0.0034052004074017306
0.003403701879458003
0.0034022046698497315
0.0034108379173734753
0.0034093388276702987
0.0034214952374439543
0.003420675472187903
0.0034437408883494568
0.0034422979513663698
0.00344113074486459
0.003440170110160141
0.0034385245550390855
0.0034374283925987467
0.0034363329288238675
0.0034337056119037217
0.0034322102068788385
0.003429313640378115
0.0034535495904149337
0.003451970620896794
0.0034503930945346444
0.003446054492852523
0.0034442977373874925
0.0034298338042035702
0.0034285407343327473
0.003450321003923956
0.0034492263806403366
0.003448337510502995
0.003446970912195024
0.003471382453472953
0.003510448238484198
0.0035094059026122854
0.0035080864987665954
0.0035061429335951563
0.003504894801073902
0.0035038553692540537
0.0035026088645868487
0.0035015016047557105
0.0035171325245399333
0.003516437919518794
0.0035672467842398367
0.0035659092866788984
0.0036053201315881596
0.0035908220691686825
0.0035888907493212994
0.0035745502923241737
0.0035732827462698832
0.0036103467011304752
0.003593016205974686
0.003605147692576592
0.0036039034150125602
0.0036131887607103986
0.003612052001622555
0.0036566389497159654
0.0036422459966435465
0.0036238635382238936
0.0036225827444975683
0.003621445020993555
0.0036164698135700136
0.003601234118485646
0.0035998924822454254
0.003606021430190794
0.0036046789054587796
0.0036030373359945546
0.0036608732678139874
0.0036595115490965155
0.003644961610559155
0.003674232438488393
0.003672939124764616
0.003671646721201997
0.003670498681344671
0.0036686284810845283
0.003709362864457494
0.0037499301264530905
0.0037603236397006183
0.0037589296500969986
0.0037579031610279804
0.003772759713952245
0.0037768807814414765
0.00377562979316511
0.003815281818670859
0.0038012604655255976
0.0037988517342564783
0.0037975937281087358
0.0037963375924267074
0.0037944903810896245
0.0037927937117252426
0.0037908928113961652
0.003818931214501452
0.0038145073018630905
0.003810234102467115
0.003809198592170214
0.0038149833684647033
0.0038132814071132402
0.003812615835538808
0.0038362136147970945
0.003860445621445818
0.0038527895259670656
0.0038515207616189756
0.0038500291671098967
0.0038484894578205996
0.0038471488580830043
0.0038455860050242404
0.0038443217679743785
0.0038561699296353743
0.003847544109832223
0.0038555448351603326
0.0038499949701634125
0.003844076934368123
0.0038431864146149875
0.003870873579656413
0.003869902687189974
0.0038685591783107613
0.003876635535653701
0.003885720449581818
0.0038841481624579577
0.003891522939141988
0.003890698511579432
0.0038900242397122945
0.003932395615746918
0.003931714393092947
0.0039302770311775165
0.003929143013914207
0.003928160728160729
0.003927254438674881
0.003925481471755522
0.003910258852420954
0.00393497184713998
0.003962645868112008
0.003961428512137011
0.003979253738370822
0.003975244851892525
0.003974253557043399
0.003959946306356799
0.003955232960964334
0.00394101865704533
0.003940414623225566
0.003942776798907203
0.003948816832769341
0.003941672217362687
0.003937199976387149
0.003935844398736518
0.003934038413236945
0.003932621612961075
0.00393134276725892
0.003935611105487309
0.0039343333340774184
0.0039491925735362495
0.003960333378609583
0.003990651161146467
0.003988417128996535
0.0039873524763032265
0.0039858325294885415
0.0040129116212344745
0.0040192513446599635
0.004016986562171014
0.0040128188643040125
0.0040217485169518055
0.004020753584018346
0.004016435458106564
0.004015213263977052
0.004025322992184221
0.00403644332249704
0.0040902719282073525
0.004076827961990699
0.0041128665691802
0.004111695101574144
0.004106970606600468
0.0041176634876824636
0.004103845188925337
0.0041268560499329735
0.004125838831286207
0.0041390411400646825
0.004136283281235812
0.00414642828435932
0.004145564297862986
0.004143990900425195
0.004200954582460539
0.00420000034416359
0.004240210542373719
0.0042348328605920724
0.0042214200421574494
0.004248269380644571
0.004253057889782475
0.004269187695766412
0.004282266297572421
0.004320969025684511
0.004319921348612583
0.004318860864861319
0.004334873809839828
0.004362204529248698
0.0043983772516386355
0.004407738614095307
0.004393920346211504
0.0043913382591134
0.004436769847986917
0.004435222209796854
0.004430074507501885
0.004469460473340021
0.004471420336651072
0.004483879584122427
0.004481443506568191
0.004480684568747193
0.004479083210531776
0.004477277157195168
0.004475846286952805
0.0045060769082044495
0.004516751500141829
0.004537547056943651
0.004536439174144833
0.00457592913843618
0.004600303822279947
0.004655027550855803
0.004681859087885129
0.0046682367457788095
0.004691924860882425
0.004705330978344591
0.004690897246182105
0.0046894911019236575
0.004688085800424729
0.004685459946104819
0.004746541757267878
0.004742090361335815
0.0047402246438729145
0.004739072016441413
0.0047501201197044434
0.004748699390254677
0.0047461211751197935
0.004744879663601638
0.004743284388583056
0.004742131435503615
0.004724713072670658
0.004720632092540633
0.004715311290354678
0.004714079748126351
0.0047565448115667285
0.004755569128261481
0.004754416563920844
0.004776163185758177
0.004814537409338493
0.0048265919605065604
0.004906891627387829
0.004917651605357578
0.004914854696152392
0.004907280290135096
0.00490627604688477
0.004904305866917475
0.004890722420895557
0.004886623346574261
0.004885179241079309
0.004895240530276214
0.004891143198246638
0.004898709769599609
0.004897708937381307
0.00492756603279694
0.004913909200392577
0.0049282815239867165
