0.0
0.0
0.0
0.0
0.0
0.0
0.0
0.0
0.0
0.0
0.0
0.0
0.0
0.0
0.0
0.0
0.0
0.0
0.0
0.0
0.0
0.0
0.0
0.0
0.0
0.0
0.0
0.0
0.0
0.0
0.0
0.0
0.0
0.0
0.0
0.0
0.0
0.0
0.0
0.0
0.0
0.0
0.0
0.0
0.0
0.0
0.0
0.0
0.0
0.0
0.0
0.0
0.0
0.0
0.0
0.0
0.0
0.0
0.0
0.0
0.0
0.0
0.0
0.0
0.0
0.0
0.0
0.0
0.0
0.0
0.0
0.0
0.0
0.0
0.0
0.0
0.0
0.0
0.0
0.0
0.0
0.0
0.0
0.0
0.0
0.0
0.0
0.0
0.0
0.0
0.0
0.0
0.0
0.0
0.0
0.0
0.0
0.0
0.00025779840164990973
0.00025542784163473816
0.00025315540125131096
0.00025092303831953256
0.0002486766847845394
0.00024649623212902316
0.00024432809773123905
0.0002423235365389275
0.00024020314322970281
0.00023799809601523185
0.00023595240502915694
0.00023391812865497074
0.00023205701972484665
0.00023036166781847497
0.00022851173570985535
0.00022671330483223212
0.00022481292353148985
0.0002231146809460062
0.00022144190313498464
0.00021964918886692396
0.00021800741225201653
0.00021628970461006053
0.00021467782991382216
0.00021314819889771928
0.00021156345392450205
0.00021005881646861117
0.00020861272537624792
0.00020713123243083293
0.00020576131687242795
0.00020440940283253026
0.00020312817387771681
0.0002017581784118749
0.00020028612303290414
0.00019890319097547806
0.00019757267852102734
0.0001963093835885355
0.00019512739031053128
0.0001938789641323916
0.00019272597120123343
0.00019139802586607603
0.00019018121552965466
0.00018908698001080494
0.0001878387806579724
0.00018660695244188523
0.0001855090899454073
0.0001843366513930584
0.00018325087044163458
0.00018220625748347125
0.000181145356209404
0.00018004115226337447
0.0001789640537914813
0.00017788620365429084
0.00017683465959328026
0.0001758484688622604
0.00017491254372813592
0.00017396058550162775
0.00017295480937909222
0.00017202398505848814
0.00017117844129802164
0.00017027901432776276
0.00016929067208396815
0.00016832587890155338
0.00016733601070950465
0.00016638144133865752
0.0001656255915199697
0.000329497046294335
0.0003278534963233572
0.00032604392277416804
0.0003243218199087266
0.0003226847370119394
0.0003211303789338472
0.00031950340042904746
0.00031797946761151995
0.0003163412870571222
0.0003147835862844295
0.00031319910514541387
0.000311755405616051
0.0003102836879432624
0.00030862156382955273
0.00030707815138952864
0.00030571023037449503
0.00030417590057793423
0.00030291228525682637
0.0003014058429675558
0.00029985649724774573
0.00029857112390701645
0.00029729672336539895
0.00029597682924251074
0.0002945941964943291
0.00044008550232616623
0.0004380201489268506
0.00043621860783947156
0.00043435095557210225
0.0004324725071049055
0.0004306632213608958
0.00042873767379187846
0.0004266471627963674
0.0004247315090103756
0.00038286382138395195
0.00038136528773007365
0.00037992401519696057
0.0003781094527363184
0.0003763568655415577
0.00037481998776903196
0.00037333962115853177
0.00037189273830495203
0.000370413693609389
0.00036866717115858507
0.00036723491437628045
0.0003656658968437259
0.00036413116387818854
0.0003627130939426913
0.0003614503671574782
0.0003600530604510138
0.00035868682864208717
0.00035753264837604906
0.00035608531054387346
0.00035460992907801415
0.00035322550659973973
0.00035187140026297757
0.0003504694445981591
0.0003490401396160558
0.000347889773871647
0.00034657619203969206
0.0003452348505496502
0.00033485375036200406
0.0003334775398370467
0.0003322020506742804
0.0003310606467314472
0.0003298741129061018
0.00032876614952639905
0.0003275437757830067
0.00032643410442362324
0.0003252804444913317
0.00032404974601506393
0.00032303125545660904
0.0003219014807468114
0.000320746211727175
0.00031961577001485785
0.00031850971885061035
0.00031739495942491465
0.0003163528788111972
0.00031518868728171054
0.0003140490255992395
0.00031299698846140833
0.0003120782726045884
0.0003110707559860102
0.000309991789406659
0.0003089357580615534
0.0003079330204068045
0.0003069062194130626
0.0003059014170676456
0.0003050238248338857
0.0003039413803867449
0.0002947244326554671
0.0002937432683834329
0.0002927114840472241
0.0002594159897530684
0.00025862347654608344
0.0002578981302385558
0.0002571520411443266
0.0002563486341424337
0.00025553798731892737
0.00025469595670168737
0.00025382321213274954
0.00025306445235270857
0.0002524415834398321
0.00025157232704402514
0.0002507915608639769
0.00025008596705117383
0.0002493376967430263
0.00024868662376822405
0.0002480274070284766
0.0003864286266326609
0.0003853920979204242
0.0003842902159711013
0.00038312414754877164
0.00044312017724807096
0.00044172302443185285
0.00044051525094179127
0.000439134450854798
0.0004380995543470051
0.00043689174123956735
0.0004358280733393448
0.00043459365493263806
0.0004332108392339638
0.0004319139746511178
0.0004307015980514466
0.000429438767954983
0.0004283161268406517
0.0004271615849167772
0.00042313117066290556
0.00042203367477029947
0.00042096031572023685
0.0003908015807049011
0.00038988056270821515
0.0003889469406710786
0.0003879335301951248
0.00038687511728956447
0.00038590579866660906
0.00038472581108240023
0.0003839156531579928
0.00047572108172973905
0.00047433870347421056
0.0004732062923647526
0.00047213951509995753
0.0005345778532032245
0.0005051146384479719
0.0005038350573499402
0.0005027948653127722
0.0005014637699429901
0.000500181630200911
0.0004990938240624566
0.0004979483969678003
0.0004967254967254968
0.0004955291642443873
0.0004943385805026237
0.0004931740849416595
0.0004918731022354122
0.0004909624509723252
0.0004897132851827534
0.000488550451704468
0.00048751259634501737
0.0004863601782414956
0.0004852329253581643
0.00045717686522750645
0.0004561218844041403
0.00045499825000673084
0.00045400816677412434
0.00045298595475501245
0.0004519139491663659
0.0004509011352570004
0.0004498030448206112
0.0005085308371506341
0.0005076209410205435
0.000506412799153775
0.0005052903770548035
0.0005040136860113173
0.0005028424383263094
0.0005017752099464162
0.000500712502124433
0.0004995369826922827
0.0004984837244413208
0.000497434898370024
0.0004962939926398175
0.0004951199017516645
0.0004942190564674306
0.0004930166698847912
0.0004918580161298609
0.000490912353559435
0.0004898387241172032
0.00046331750650941957
0.0004623968205441761
0.00046146218679684226
0.00046039114222661904
0.0004594820384294069
0.0004585070102311482
0.00045746691871455583
0.00045670717898392094
0.00045574387947269307
0.0004549214226633582
0.00045406784749324534
0.0004531326068232034
0.0004522012108528291
0.0004513578036407043
0.00045031633792333464
0.00044964697138610187
0.0004487298349712591
0.0004476673202856192
0.0004466098254161592
0.0004458528317181916
0.00044498381877022656
0.0004440692894891369
0.00044332087638308793
0.0004423808131032466
0.00044138031662654124
0.0004404163936812987
0.0004396482813749001
0.0004387396207259147
0.00043794563683086617
0.0004370597796640781
0.00041219025644723253
0.0004112413975013789
0.000410576842508469
0.00040976751965211583
0.00040901990245531197
0.0004083625020834822
0.00043739228620669174
0.0004365827905707609
0.0004357298474945535
0.000434849397946282
0.00043407999811269577
0.00043322149626228747
0.00043239686512272794
0.00043172726099555375
0.00043093857954212784
0.00043025838886940265
0.0004293848595164754
0.00042855978292515354
0.00042791692830065827
0.00042727599939624053
0.0004265628078960486
0.0004258076460242526
0.0004250698824127337
0.00042434935021505756
0.00042367515168261215
0.0004229593361377377
0.0004222604704532416
0.00042153493699885464
0.00042073972446121313
0.0004199906415128794
0.000419172589757609
0.0005209221915128354
0.0005199641247459782
0.0005190272205979012
0.0005181464385917278
0.0005172511152521317
0.0004939441098856485
0.0004930600114822194
0.0004921624810382605
0.0004914170313025917
0.0004906408576133347
0.0004899164457568538
0.0004890466939103638
0.0004881473803871744
0.000487365223486998
0.00048668288942964766
0.0004860348213988482
0.0004854368932038835
0.0004847116629593971
0.00048389235052366433
0.0004830118767988884
0.0004823257350512058
0.0004816256515141519
0.0004808167297875844
0.0004801368061036569
0.0005779207985814672
0.0005771816482471388
0.0006472809832558341
0.0006462440470352327
0.0006451893679755414
0.0006442220990993926
0.0006432786600711618
0.0006421918995018409
0.0006411919899658318
0.0006389914297433239
0.0006378141935205835
0.0006369084121399907
0.0006551531554753619
0.0007293946024799415
0.0007282463186077643
0.0007271249692575839
0.0007260303224428784
0.000724938966535538
0.0007241515180558661
0.0007229504885231609
0.0007220293271323756
0.0007208582453462239
0.0007199424046076314
0.0007190288880429725
0.0007179584639912154
0.0007168005397086416
0.000715827148797305
0.0007149014907798733
0.0007138882764847301
0.0007127434333270443
0.0007117810226618517
0.0007835195050952664
0.0007824151960959777
0.0007814117545419743
0.0007803133748032853
0.0007791208676964843
0.0007778351096323446
0.000821441899312281
0.0008203703868030843
0.0008192000283552198
0.0008180330044684331
0.0008168187802055077
0.0008879024939808828
0.0008865880970738331
0.0008850867933380246
0.0008838622305186485
0.0008825597595437645
0.0008812611215971012
0.0009515645342115657
0.0009504006476761267
0.0010408622417296023
0.0010391484703159547
0.001037724632511795
0.0010364307508728635
0.0010351400917553264
0.001033695856261825
0.0010321305990597326
0.0010306947432695932
0.0010292317935841624
0.001027711005999408
0.0010263492254698658
0.001024898576999139
0.0010237902124110778
0.001112372952780932
0.0012007834980362613
0.0012441936678920518
0.0012656570443712915
0.0012639571110201482
0.0012621488748098188
0.0012606084317452755
0.0012542283125970793
0.00125247794943145
0.001250955021826044
0.0012495098163680424
0.0012475142665607588
0.0012461138074136597
0.001244386004099253
0.0012427728228676933
0.0012413099196890139
0.0012350241251737472
0.0012334288146753282
0.0012125045907046433
0.0012109775962868745
0.0012094544431397619
0.0012033824955715023
0.0012023986796972869
0.0012008909477706864
0.0011992472809619493
0.0011959823636235188
0.0011944188517310356
0.001192755605288242
0.0012782303463805549
0.0012767875232058612
0.0012749056619353132
0.00127321304878451
0.0012718181893065128
0.0012702069022253299
0.0013120749522302808
0.0013587651918542513
0.0013522655984123796
0.0013507536041939714
0.0013490904479651154
0.0013479710950528073
0.0013896148443370033
0.0013880278013443845
0.0013863653029796874
0.0013847856695233215
0.0013830522251574884
0.001381872817347519
0.0013803033990427518
0.0013786593419058966
0.001377253264045717
0.0013753829489697765
0.0014210884738271549
0.0014196440335691566
0.0014179225735583428
0.0014697203802656713
0.001449310311565545
0.0014476811408016448
0.001445812116595165
0.001444271776221984
0.0014427347144537535
0.0014414832166741956
0.0014350526549738428
0.0014333301431336274
0.0014969173302739021
0.0014954161178079618
0.0014937100668081808
0.0014919664363800002
0.001453535265386213
0.0014522851726347364
0.0014503939667410803
0.001448788305314377
0.0015114003256295754
0.0015098562066752927
0.0015078993017939059
0.0015065283331758984
0.0015894423386441452
0.0015879563066495926
0.001586298732216764
0.0015843402849905095
0.0015645904224146155
0.0015633049155356288
0.0015569494108681645
0.0015550776172651099
0.0015352681455255365
0.0015340538659144461
0.0015323403995864298
0.0015305058106614537
0.0015289664849303872
0.0015273058283810982
0.0015254418964450705
0.0015238714488260703
0.0015225102600589834
0.0015031222754942914
0.001501498024717087
0.0014982399728574137
0.0014967857239150623
0.0016166335079138472
0.001615284645375619
0.0016133306194866998
0.0016119006691632399
0.0016101707907889501
0.0016709803561218664
0.001681197343034904
0.001679443378656905
0.001740604820077675
0.0017773521459222015
0.001775787032624925
0.0017738936171563125
0.0017721457990950964
0.0018263174163993582
0.0018247639300270886
0.0018805078926703068
0.0018788115389426056
0.0018769192322692291
0.001875080382203192
0.0018557571176618802
0.001836080344087321
0.0018344321570639033
0.0018324485687409974
0.0018303246063315615
0.0018238201740372515
0.0018218547472608354
0.0018638977044522977
0.0018619419857550078
0.0018602340954727153
0.0018537285860130816
0.001852177064689816
0.0018466586258101539
0.001840666276173315
0.001878025265627019
0.0018763118729231913
0.001870163690476191
0.001868655140753187
0.0018670033982655851
0.0018648217531624443
0.0018630801046615921
0.0018613899513824353
0.0018595102463564404
0.001857922689423479
0.001855954042339529
0.0018537371054799408
0.0018518245575248416
0.0018871397646781636
0.0018850841057329222
0.001883726115742171
0.001882128137237261
0.0018798569032213899
0.0018783136651274166
0.0018767248523996283
0.0018753308402916526
0.0018723284445468279
0.001868708822351207
0.001867181046302684
0.001864989239628789
0.0018616727433432778
0.0018598707727315188
0.0018568483213276664
0.0019102476074222895
0.0019089368911478193
0.0019073857769200825
0.0019051604612627241
0.0018865773002559368
0.0019605609558525725
0.001955005776057609
0.0019490640111880576
0.0019472430539773928
0.0020637243769293535
0.002062059285780322
0.0020603449723719794
0.0020569036112229834
0.002053996513109368
0.0020524997696643806
0.0020510567064239383
0.0020493585562078717
0.002047406590468552
0.00207905501293931
0.0020774421727851318
0.0020759875632465593
0.002072610064464544
0.0020714196528904974
0.002128040057224606
0.0021263422093680388
0.0021248058732175625
0.0021230603269438214
0.00212110660664395
0.0021150150747109298
0.0021120989371212874
0.002110264744559958
0.0021085905541093344
0.002106553722692822
0.0021585612341706883
0.002156586387089329
0.00218930915499337
0.0021876877247553913
0.00218590692320342
0.00218445205873411
0.0022181988373238736
0.00221251282051282
0.002264007083476806
0.00226217099604335
0.0022600603992241394
0.0022583415112855734
0.0022569572146622524
0.002255187789401474
0.0022533108124648104
0.0023086770053650334
0.0022905769826139376
0.0022892341264025267
0.0022676595052083326
0.002279490682017757
0.0022778238190415824
0.0022744801942015565
0.002272874782975546
0.0022656516028603385
0.002263724513353908
0.0022618556200373926
0.0022592907113106056
0.0022563468592944514
0.002238830075017966
0.0022369875503271764
0.002234985892785166
0.0022333655550185265
0.0022315858949283228
0.0022295938882187366
0.002226855646081408
0.002225246491312585
0.0022239608409565068
0.002222035148483098
0.0022208599772424943
0.002218779771197091
0.0022172886915476607
0.002215640189306727
0.0022143656120166173
0.002268244575936883
0.002266832658989521
0.0022652599007927003
0.0022630941568271257
0.0022613645410397253
0.002299412915851271
0.0022977678145569007
0.0022963439630106284
0.0022790970948558535
0.0022771444663921866
0.002275573947234905
0.002274329902624927
0.0022727632620744252
0.002271414441147378
0.002269690284729305
0.002267968743827379
0.002266464536403186
0.0022648014896168647
0.002263065048123715
0.0022606050785548863
0.0022591636725536822
0.0022576708213788424
0.0022563928040730636
0.0022547441716386746
0.002253257153624592
0.002271494257511864
0.0022699446977869023
0.002284283564845911
0.0023333557054487273
0.0023314935776207
0.0023297983436367377
0.002328433014087021
0.0023266332274834824
0.00232548935667351
0.002386132481346067
0.0023847935246111523
0.0023828992395014247
0.0023809523809523794
0.002379119682954352
0.0024128693767804118
0.0024111829989660557
0.0024096111717177076
0.002404107684347789
0.0024023749739828957
0.002400923657719976
0.0024379497317641627
0.002436478838066064
0.0024350661900233994
0.002433429569102136
0.0024664216180925675
0.0024645951042007582
0.002499661382023844
0.0024978707108854526
0.002496486145846392
0.002494584873251415
0.0024891874735040917
0.00248758102789357
0.002486033917863092
0.0024847175263880287
0.0024815830068452916
0.002479985372241418
0.002496407751159204
0.0024946513886701304
0.0024929907691298705
0.0024914466612484584
0.002489847383244906
0.0024885352257439405
0.0024872814120495317
0.002486199589257916
0.0024845501991888636
0.002483073295163191
0.002481768266010301
0.002476205699323548
0.002474567025477526
0.002492502669277833
0.0024910253612923034
0.002537277811227007
0.0025356026209773577
0.0025336990587121384
0.0025323740228242264
0.0025301878668683147
0.002560946737886054
0.002559668327406748
0.0025582171366369463
0.0025565937552611455
0.0025549724328941563
0.002585971799589744
0.002584333812701643
0.002582325659509597
0.002580575404894232
0.0025787692992443162
0.0025771982980917984
0.002560769481886204
0.002559268918295286
0.0026241967839174397
0.002622601599344736
0.002620890411692732
0.002666518904461025
0.0026503962189029146
0.0026830849619499087
0.002713581110195159
0.0027121804736257135
0.00275346672731971
0.0027517389457687945
0.0027502597150493918
0.0027566818557305385
0.0027551400873548505
0.0027667679113050105
0.002817611066773076
0.002816226553160349
0.002798722078695285
0.00279728565159132
0.0028076206618960512
0.002806118658064624
0.0028046807449726
0.0028326192543679666
0.0028312324150757424
0.0028433195099861752
0.0028412970096122992
0.002839908208834422
0.0028381426065552436
0.002858125412039148
0.002856984443810789
0.0028887136713975367
0.0028866661181816433
0.0028700556038685513
0.0028683412659785365
0.002866628974878105
0.0028649187269038762
0.0028852938609359316
0.0028798326066097665
0.0028776732878618397
0.0028764046123243717
0.0028745036950786457
0.002872921515589941
0.0028717202235545485
0.002917605338042136
0.002915077010032497
0.0029134120201978965
0.0029114293241005542
0.0029559082118487063
0.0029776785061640973
0.002976307898167485
0.002993466997541386
0.0029920250893254617
0.0030261311464138026
0.003023749668191682
0.0030218339793644535
0.0030205142283143754
0.0030451226280376383
0.0030287214130951846
0.0030421982844976744
0.0030402762821829512
0.0030383567069030026
0.0030328792018558975
0.0030167981334716844
0.003014565387951466
0.0030132554477489927
0.0030118812352182586
0.003010638979683392
0.003008940710711081
0.0030079618113972965
0.0030065272439917436
0.003004768507628372
0.0029888353704373956
0.0030308980599036426
0.0030425684489036415
0.003026441525490049
0.0030241526805843215
0.0030229769078938553
0.0030216517519749994
0.0030514817738526937
0.003035519091999933
0.0030800700144237914
0.003078808887575372
0.003077018535440709
0.00306140755548721
0.003060089971000235
0.003058576150224354
0.003074846603158223
0.003072996912424574
0.0030570322221779127
0.0030555887712542134
0.0030539501398397094
0.0030488053889709036
0.0030476945702304138
0.003046192985570046
0.003044888462001218
0.0030431291265034747
0.0030379371665678707
0.0030362487021315565
0.0030203834551660626
0.003018899966239164
0.00300325252833257
0.0029875460064099028
0.002972051411751081
0.002970784066472947
0.0029694545166701657
0.0029645126769421142
0.002949055274191012
0.0029438141446568394
0.0029425617775400794
0.0029377043271542856
0.0029420604897716284
0.002958764555322871
0.00298492446051531
0.002983593997942172
0.002981948400913184
0.0029660435117987464
0.002950469610778592
0.0029492195971743476
0.0029477833902987385
0.002945062387190594
0.0029433182355198453
0.002941700514895735
0.0029350307295926614
0.0029333888434684564
0.002932521838089003
0.002931346007360018
0.00292973850301109
0.00293744999001055
0.002963093431606327
0.0029616577940817976
0.0029904657628743257
0.002985699152011527
0.0029841289875367854
0.0029827486082742577
0.002980919552654385
0.0029790411375439072
0.00297760262174194
0.002976415330035474
0.0030545664892341613
0.0030515927938651573
0.003099094225320433
0.0030979903049049183
0.0030962386350642324
0.0030946184838224924
0.00311640278060062
0.00314527263787925
0.0031439575321414205
0.0031426435256916093
0.0031375870244220376
0.003133058845793482
0.0031314896028880614
0.003130248399983045
0.0031284862769548867
0.0031269867732586012
0.0031261398633635543
0.0031247076758415533
0.0031235368617495624
0.003122172020424204
0.0031204189760556333
0.0031187975411869646
0.0031488621683722342
0.0031474888328470877
0.003146573941150803
0.0031453331528046666
0.003143962893153831
0.003155624425534828
0.0031539237034448665
0.00316310790098606
0.0031738963922871965
0.0031730420990845848
0.00316808262732395
0.003253940347244998
0.0032528638415369997
0.0032517208343996263
0.0032494870283850293
0.0032482881961349366
0.0032473491712790466
0.003232448630417502
0.003230981396987833
0.0032289161910391204
0.0032240172231103982
0.0032570911897240686
0.003303868277405623
0.0033275726748080475
0.003369276242733032
0.00334019192299054
0.003325181945949578
0.003320117507349101
0.0033181402729209526
0.0033167780345299018
0.003384229264590438
0.003382424564432932
0.0033919719820572694
0.0033899680718002256
0.003388440339707315
0.0034351120225426532
0.003466457032256471
0.003463745267845775
0.0034621159368066
0.0034557182508856733
0.0034543765534631337
0.0034521434682794182
0.0034744826200522397
0.003477953568764335
0.0034763928348834003
0.0034704299456960433
0.0034981586680422855
0.0035885609243935263
0.00358724533554978
0.003585784701035417
0.0035810792694607324
0.003606012679171504
0.003591284767707514
0.0035891460790357273
0.0035877607587679484
0.003586376507485248
0.0035842657610730007
0.003566123182280288
0.003595533470799669
0.0036007604734037027
0.0035990822734221772
0.003570399776751554
0.0035696767603130234
0.003593653363919529
0.0035907776833605316
0.003575385348336017
0.0035910050770544075
0.0035894084942223636
0.0035748518989927535
0.0035700421628486714
0.0035687448829671477
0.0035672325808737116
0.0035485294112938856
0.003543595351220195
0.003539066329318685
0.0035367245408352865
0.0035467324164815827
0.003551345554165006
0.003550201596345219
0.003552271263015228
0.0035489131458479165
0.0035628282944326346
0.0035610126624275647
0.0035597963962740024
0.003558223637548869
0.003556866463880554
0.0035553676338265458
0.0035532998963529985
0.003548249666554667
0.003555667521039648
0.003577016765855128
0.003562235183548331
0.0035608091771899527
0.003592923445849907
0.0035919172059122825
0.00359033710996279
0.003588973599967002
0.0035874677670046373
0.0035729344599281457
0.0035793999442162356
0.0035847675064809457
0.003583100838249303
0.0035801987182287947
0.0035789851157441007
0.0035629417234328414
0.0035574663134832064
0.0035563326403431545
0.003552164128627686
0.00355082072771517
0.0035481518538942208
0.0035434960161972485
0.003541043138004939
0.0035335721937451363
0.003532167892823628
0.0035306244504409215
0.0035285293804297713
0.003527478659990122
0.003513128180218217
0.0035114213661551143
0.0035255826019228676
0.003524673802473609
0.003510132257828039
0.0035076984142710234
0.0035061005322443205
0.0035129436643838276
0.003512039843380879
0.0035640471211458836
0.0035892905661497406
0.00361305701473363
0.0036118430218637716
0.0036147261694014733
0.0036098644888312905
0.003621366186263434
0.0036166481881500507
0.0036403500719508195
0.0036381137205318426
0.0036229687042574994
0.003621184693668442
0.003618659897825824
0.0036288305497122635
0.00362433772530768
0.0036229121396387878
0.003667503133737281
0.0036651116397578643
0.0036917587781028563
0.003703691895258561
0.003702601119745546
0.003696568277938978
0.0036957704000460494
0.003674268606595008
0.0036899658855421816
0.003687651973954148
0.0036867850051110884
0.0036857018671461344
0.0036845472212495875
0.0036833932985746477
0.0036779667429246753
0.0036765280702303962
0.003746052679539813
0.003744734832762037
0.003739948854060385
0.003768017995541145
0.0037637954184196946
0.0037629136233197132
0.0037611896536216415
0.0037587883326026398
0.0037574688164644272
0.003753486339037668
0.003725098380069139
0.0037229279745650172
0.0037348831601710427
0.003729247404941782
0.003728303401976905
0.0037255543998220815
0.003766542348557497
0.0037619814049322966
0.0037599433117493338
0.0037723657906213693
0.003771046371527805
0.003768506124543818
0.0037670385307323417
0.003765659978357072
0.003764417499859468
0.0037633218759994445
0.0037623728510651462
0.0037763657954720635
0.00377519435258392
0.0037742430902451157
0.003772207788622439
0.003756252209649644
0.0037679228202572223
0.0037666789620021375
0.003765731406484092
0.003764930001023031
0.0037623254406522915
0.0037724712903301197
0.0037711588474296782
0.0037691801531478516
0.0037549182613737823
0.0037503221406123117
0.003748520274092686
0.00380369603022997
0.003801148855990131
0.003808315629304914
0.0038054837346710025
0.003831620354992841
0.0038494813353683838
0.003827732478739823
0.003826039729174527
0.003823211241007309
0.003844400094806273
0.0038683390022023847
0.003893417773660117
0.003891580292774851
0.003877652743290463
0.003921269344462654
0.003919989630522514
0.003947800165890301
0.003946298513488375
0.003941814975407279
0.003940832337299544
0.0039775226343745865
0.003975025326476454
0.003973730678791763
0.003996211140249147
0.003994833901540298
0.003990725927468493
0.003988942510784374
0.004032436976083901
0.0040312992803643736
0.004029582774823953
0.0040149930790255
0.004029208126876343
0.004026780099816231
0.004034560065946617
0.004033404561288023
0.004032018829075028
0.004030864779378688
0.00402986513721669
0.004027671342428902
0.004025018058332994
0.004023790591231761
0.004021446846282372
0.0040189512310696476
0.004017803199829221
0.0040010953599044
0.004025860662085958
0.004031381921582249
0.004029925026546395
0.0040288521985715016
0.004055336443734863
0.004054103232994584
0.004064193676926775
0.0040628813767404895
0.004061955557319649
0.004060875967802753
0.004060028121398664
0.004052855158181237
0.0040785707723813595
0.004074428901755869
0.0040736561465873075
0.004069337466454859
0.004068720304049285
0.0040681033288150524
0.004067090061075878
0.004103307536020734
0.004101122229450511
0.004160579414799139
0.0041563223258874
0.0041837634107977865
0.0041828927168837795
0.004216142353083601
0.004229782904023519
0.004216462145819136
0.00421502805631883
0.0042074481051416765
0.004215068963718736
0.004210967323152498
0.004229174100448707
0.004237731601295912
0.004236692255747061
0.004235573530543257
0.0042484434830421134
0.004244020202509843
0.004240965333022244
0.004266930907912105
0.004287214926774993
0.0043834442699106045
0.004394244739325502
0.004392162802981957
0.004378543097234879
0.004364385053151444
0.004382126899337146
0.00438028563310603
0.004378341687552213
0.004402530586429559
0.004401289947702617
0.004396624016270897
0.004425762194630384
0.00442422232159756
0.004423474860485615
0.004422644644299641
0.004421399904175345
0.004408064057071672
0.0044473749914281015
0.0044780343173789474
0.0044765702532692814
0.004473643770867137
0.004473596370955426
0.004469553820689567
0.004455198397230639
0.00444779136073148
0.004453737779897153
0.004456290264800105
0.004462805672143668
0.004458186917000985
0.004524611156691918
0.004510650162539669
0.004509723033743437
0.004496214200299835
0.004482467264281709
0.004481128040032302
0.004503031235233105
0.004526796414222904
0.004510312763075194
0.004578529218847194
0.004577162621188365
0.004572518054605965
0.004578245997255617
0.004600832630768509
0.004621977104785849
0.004630801506558349
0.004628093749783324
0.004687002162285634
0.004685770828074797
0.004684736266622469
0.004680937168142899
0.004692295856453856
0.00469793376484598
0.004719729654164116
0.004744623572604754
0.004740114219619749
0.004736667120973703
0.004734460197417997
0.004738713858753982
0.004790192049901193
0.004826514527175597
0.0048254392603122725
0.004849156852831956
0.00484767618929801
