0.0
0.0
0.0
0.0
0.0
0.0
0.0
0.0
0.0
0.0
0.0
0.0
0.0
0.0
0.0
0.0
0.0
0.0
0.0
0.0
0.0
0.0
0.0
0.0
0.0
0.0
0.0
0.0
0.0
0.0
0.0
0.0
0.0
0.0
0.0
0.0
0.0
0.0
0.0
0.0
0.0
0.0
0.0
0.0
0.0
0.0
0.0
0.0
0.0
0.0
0.0
0.0
0.0
0.0
0.0
0.0
0.0
0.0
0.0
0.0
0.0
0.0
0.0
0.0
0.0
0.0
0.0
0.0
0.0
0.0
0.0
0.0
0.0
0.0
0.0
0.0
0.0
0.0
0.0
0.0
0.0
0.0
0.00030370081131502456
0.00030037761757638174
0.00029708853238265005
0.0002939077129781249
0.0002908667830133799
0.00028792365909838767
0.0002847264592231035
0.00028173549062223297
0.0002789066857916966
0.0002762321928889941
0.00027332005778766936
0.00027059414743515407
0.00026810678310161247
0.0002655135791230466
0.00026308866087871614
0.0002607950523452927
0.0002583407144966047
0.00025598829767782045
0.00025384392225123297
0.0002514367816091954
0.0002491546538529988
0.0002470181381890042
0.00024499510009799805
0.00024285317790729948
0.00024064906490649067
0.00023860653781913627
0.0002364784973480626
0.00023469456179172536
0.00023303039382136558
0.00023100023100023102
0.00022911757004451429
0.00022733177448687974
0.00022557360144367106
0.00022388537069020664
0.0002220530389544474
0.00022035445588189002
0.00021853829103056415
0.00021693318457914964
0.00021543101591111932
0.00021389067131114982
0.00021233354566687902
0.00021076084665642972
0.0002092487968194183
0.00020770280695507685
0.00020621593754603036
0.00020480411948857488
0.00020357122084569302
0.0002020901899647786
0.0001863318426785919
0.00018504284453554245
0.00018374038896426954
0.00018247150637246644
0.00018128067826863006
0.00018015021756603196
0.00017897461313949004
0.00017778507152430183
0.00017665443674412282
0.0001754954371186349
0.0001743796109993293
0.00017325017325017325
0.00017223105458399576
0.00017118327144399672
0.00017010808405956397
0.00011705033164260632
0.00011634220119444659
0.00011566042100393245
0.00011497777096428024
0.00011435541663490127
0.00011376564277588168
0.00011314777098891151
0.0001124859392575928
0.00011179013265762409
0.00011114404267931239
0.00011052980620440645
0.00010994649270688265
0.00010933741526350318
0.00010877447425670776
0.00010824072737768798
0.00010766580534022394
0.00010707402384181597
0.00010649627263045793
0.00010596962204168139
0.00010538888498559685
0.00010478519035976249
0.00010420284821118444
0.00010363410252867211
0.00010310695628265053
0.00010259917920656635
0.00010210332856851133
0.0001016053647632595
0.00010109860483925321
0.0001005901287553648
0.00010006671114076051
9.958175662218681e-05
9.907529722589168e-05
9.856748587199369e-05
9.811616954474098e-05
9.763718023823472e-05
9.713138638865506e-05
9.668686347814877e-05
9.625874350253482e-05
9.581603321622485e-05
9.535918626827718e-05
9.490667510281556e-05
9.447033631439728e-05
9.400852343945851e-05
9.361542782250516e-05
9.321981231744453e-05
9.281603861147207e-05
9.238728750923873e-05
9.19793966151582e-05
9.159745969711773e-05
9.119649805447471e-05
9.085402786190188e-05
9.047590325110079e-05
9.00846795988229e-05
8.968609865470852e-05
8.931761343336905e-05
8.897852651560091e-05
8.856872933396316e-05
8.818860603210066e-05
8.78322988640356e-05
8.747885927567505e-05
8.714850104578201e-05
8.679048776254123e-05
8.642544365061074e-05
8.607827384368186e-05
8.577310155535224e-05
8.544087491455913e-05
8.510155452172926e-05
8.478887569950823e-05
8.443568815085843e-05
8.4109005270831e-05
8.38129295412639e-05
8.350033400133601e-05
8.319006156064556e-05
8.286377195889956e-05
8.254003191547901e-05
8.223233375363193e-05
8.192692118630181e-05
8.161044613710554e-05
8.134931395411899e-05
8.104165541088119e-05
8.075804888553893e-05
8.04289544235925e-05
8.01153661272232e-05
7.981270618282431e-05
7.950389569088885e-05
7.92393026941363e-05
0.00020178624695127298
0.0002010348926648486
0.00020020542817847877
0.0001994242708008185
0.00019874187750587582
0.0001981460422481822
0.0001974621816995484
0.00019678302532511976
0.0001960884614728801
0.00019530918292827906
0.00019470404984423675
0.00019406334902715198
0.0001934561359239633
0.00019279451457694175
0.0001921566661653884
0.00019150388836155932
0.00019077004744368135
0.00019016436815821674
0.0001895344046147507
0.000188917911060733
0.00018835167714884694
0.00018782563248240155
0.00018720190132018034
0.0001865278250855595
0.00018598483010690082
0.00018535531808584367
0.0001847567637041321
0.00018426829463699145
0.00018379121318182543
0.0001832727736342194
0.00018275725069527213
0.00018217533187593068
0.00018167456556082148
0.00018112518112518112
0.0001805791093524276
0.00018005323312979488
0.00017946317103620474
0.0001789521186374741
0.00017839414246711342
0.00017788089713843773
0.00017746913580246913
0.00017697753154816866
0.00017638307336002084
0.00017592167661006577
0.00017543859649122806
0.000174934209525548
0.00017446446993142785
0.00017394987218465911
0.00017347754597154966
0.00017303120580181155
0.00017257938651779817
0.00017209900930831163
0.00017158288945585842
0.00017113095238095236
0.0001706661917694374
0.0001701661709652121
0.00016966156206662535
0.00022802836378615354
0.0002273860869054954
0.00022674741800520788
0.00022609253748760139
0.00022542175683536942
0.0002248331882796635
0.00031830085217819063
0.0003174328340980579
0.0003165832038220227
0.00031567015338699727
0.0003147353361945637
0.000313980704458526
0.00031312268716196984
0.00031236245403302526
0.0003115794244278269
0.0003107212971201785
0.0003099202659679374
0.0003092537145588215
0.0003084083326324053
0.00030759336157599657
0.0003069496184058153
0.00030633415486583956
0.00030559375477490246
0.0003048949498309219
0.00030413625304136254
0.0003034943232766351
0.00030260515529146383
0.00030184537284763674
0.0003010152423172701
0.00030020195404180996
0.00029942972248308907
0.0002986492907079346
0.000297945530139899
0.0002971126056775518
0.0002964759787076343
0.0002958778831282362
0.00029522275899087496
0.0002945113788487283
0.0002937916483046887
0.00029308714013561945
0.00029246762915104623
0.00029180427891183536
0.0003507935877579657
0.00034994585743337826
0.0004413702239789196
0.0004403607014222993
0.00043940765225147235
0.00043844150405067595
0.0004373425240538388
0.00043643659292842436
0.00043551742069682786
0.0004345344644200586
0.00043355593518662315
0.0004325818031559102
0.0004318791254125412
0.00043107885526044883
0.0004300992437956579
0.0004292560416186156
0.0004283668354559869
0.00042746494149472367
0.00042666462886545417
0.000425753647501398
0.0004248950445822711
0.00042408821034775233
0.00042320422446246743
0.0004223398890569843
0.00042162230193191114
0.00042070100089163496
0.0004198310649923553
0.0004188861379948483
0.0004992448921006976
0.0004982561036372695
0.0004972341351233762
0.0004961424921237379
0.0004952395102081244
0.0004942481867269649
0.0004932608239922064
0.0004923864741435552
0.0005221579251286966
0.0005210823800590969
0.000520125809254568
0.0005190966496891528
0.000518299003646386
0.0005173904045384269
0.0005674224198682899
0.0005665962971051419
0.0005654642982551733
0.0006489269141531322
0.000647705890866985
0.0006464661056737332
0.0006452310576021916
0.0007756119782301182
0.0007502871912693854
0.0007488087134104833
0.0007471490365709791
0.0007456296824830538
0.0007443550110406723
0.0007429262050334138
0.0007417660420215786
0.0007402684801473453
0.000738985927445018
0.0007377338510412989
0.0007129936335659077
0.0007116144386217891
0.0007105897778089952
0.0007096427235316124
0.0007085740967723107
0.0007070389395580714
0.0007058057464448087
0.0007044541930691919
0.0007032055515008282
0.0007020587554938699
0.0006777977922497806
0.0006766726610411768
0.0006752714890484079
0.0006739457399051654
0.0006728102147949476
0.0006717015676850898
0.0006706195519301733
0.000669334884092179
0.0006681235630221494
0.0006672350099460074
0.0006663488171457113
0.00066526134457591
0.000664222508882703
0.0006584668902969313
0.000657353223060357
0.000656420649665034
0.0006554465018494159
0.000654453200422083
0.0006532212885154062
0.0006523879862136878
0.0007295437279349333
0.0007283963011299625
0.0007250250584697628
0.0007237675938896671
0.0007225385409383012
0.0007213376325499451
0.000720140709521123
0.0007189001159516316
0.0007178537166297264
0.0007165973185390661
0.0007154396492037849
0.000714379773505399
0.0007133933854954303
0.0007121525384792098
0.000711079070681915
0.0007100552992375903
0.0007090576395242452
0.0007078087285537217
0.0007067022731713672
0.0007054845736207289
0.0007043167802661473
0.0007021865007345951
0.0007010278146266758
0.0007483256885673064
0.0007471190230478158
0.0007460843987847951
0.0007447891550125919
0.0007436177269906488
0.0007426879962384725
0.0007947938336800556
0.0007936507936507938
0.0007925363290142764
0.0007912736851049368
0.0007900401913063765
0.0007888355939561429
0.000787484805242852
0.0007861386347568247
0.0007848962778006048
0.0007837815090687203
0.0007826205708402929
0.0007816844512994849
0.0008536802522284722
0.0008523410619228396
0.0008511393779894313
0.0008492388728256968
0.0008480450783337201
0.0008470924565532654
0.0008459310434880671
0.0008446676741636294
0.0008435915306428964
0.0008424919792576436
0.000841447449016491
0.0008402494366157742
0.0008389770396074865
0.0008378377583982176
0.000836804729906265
0.0008356456135567781
0.0008344384043652501
0.0008334393223718739
0.0008322639887065529
0.0008310410826711681
0.0009216636822873448
0.0009202850834158262
0.000919022651128492
0.0009178475019064437
0.0009166196122717863
0.0009154505966117773
0.0009141736626726621
0.0009129279304611649
0.0009118786197519448
0.0009107216580859453
0.0009096499622116665
0.0009073027541889584
0.0009059107669299596
0.0009047404450739287
0.0009686707391133499
0.0009674804405967868
0.0009662062969455966
0.0010499427614605228
0.0010487511413382032
0.0010474059870033026
0.0010460642789050798
0.0010448503500546233
0.001043329145302048
0.0010419360171593044
0.0010654934805743982
0.0010642002145599056
0.001102204126683786
0.0011010647798503316
0.0010996357956803934
0.0010980811281244257
0.0010968211939085726
0.001095435382744759
0.0010941493963241386
0.0010926742396011717
0.0010912030552012988
0.001158143128615282
0.001156756576367626
0.001155339644023732
0.0011539934081299733
0.0011527509301407165
0.0011511095982532028
0.0011673571283429334
0.001166070858998629
0.0011646862173970607
0.0011634394825484078
0.0011622625928984311
0.0011610210386085896
0.0011595146102959955
0.0011580454332282934
0.0011566465058181579
0.001155915082330719
0.0011544881495790117
0.001175148463881868
0.001154640862502813
0.0011533855667406436
0.0011523635294501977
0.0011506860486452323
0.0011493737908563283
0.001147933759910183
0.0011872261132868573
0.0011859445215504532
0.0011846993117744277
0.0011830207443571383
0.0011818820328856284
0.0011803782811473382
0.0011793112725316116
0.0011780467026248393
0.001176652171578891
0.0011754263887045373
0.0011741371090004233
0.0011728177055741953
0.0012184072102123294
0.00121710921542713
0.0012156437631754746
0.0012141478791365529
0.0012129267095321913
0.0012114713057898685
0.0011913720087962727
0.0012289855533550208
0.001227550301624376
0.0012074352942421035
0.0013261853251868233
0.0013247890312059662
0.001323249175687323
0.0013216398284671825
0.0013203259986272085
0.00131897839271429
0.0012994410343030915
0.0012984032564336602
0.0012972243512895602
0.0012957270191996885
0.001294055526366006
0.001374811356717268
0.0013731549574923074
0.0013719152750148844
0.0013701909628027833
0.0013686577250987737
0.0014080210203543816
0.0014066021855117126
0.0014048039996632413
0.0014035441884781528
0.0014010392430587877
0.0013996335307721814
0.0013977903688566894
0.0013960506005530095
0.001394578968436309
0.0013888728139720612
0.0013874489823447124
0.0013861775000288794
0.0013848710531174993
0.0013833437724553206
0.0013819683836344238
0.0013805216070805425
0.0013790038995165831
0.001400184990272064
0.0013989855920417803
0.0013977882468615044
0.0013965183112498942
0.001395213432695413
0.0014881111136512007
0.0015664110322429232
0.001565118407475859
0.0015633705088076504
0.0015617094691680333
0.0015599691720678726
0.0015579850043785607
0.001556417781004821
0.00155514159005576
0.0015535800791448835
0.00155189880418197
0.0015503029161565752
0.0015489551107866094
0.0015476096468963207
0.0015461038733364395
0.0015445604501454872
0.001543060601402465
0.0015419275155447829
0.0015407557152840178
0.0015394244520000554
0.001599135965797401
0.0015972973981858232
0.0015958379174669482
0.0015944226878262724
0.0015923045435939425
0.0015909783829205
0.0015896544294110224
0.001627054230192545
0.0016256183208371345
0.001623932257132486
0.0016221236351257854
0.0016206964114735256
0.0016193973064221815
0.0016163778520063244
0.00161491752095779
0.0016135430521730272
0.001611921693339812
0.0016302049432020864
0.0016844616556565533
0.001683076478779825
0.0016814777051998178
0.0016628679892415597
0.0016611210553865645
0.0016599726386175924
0.0016583166149584695
0.0016571297111160617
0.0016541148539513891
0.001652426637117391
0.0016513732504246828
0.001649648600588537
0.0016484308998372182
0.0016472568933461728
0.0016454154008461797
0.0016443709313910418
0.0016428275478020545
0.0016415366714464359
0.0016231984727945428
0.0016049739733950267
0.001603837651172536
0.0016023385481513566
0.0016008826488117778
0.0015996310760761489
0.0015978982599463775
0.0015964905972456948
0.0015952458798463684
0.0015770907820360034
0.0015755467493888487
0.0015741636509130873
0.0015727041562108098
0.001571404726136825
0.0015697487401265242
0.0015682969766005242
0.0015670827000064233
0.0015655967946615725
0.0016002441271741098
0.0015990081095350816
0.001622791884973496
0.0016213386023580317
0.0016200892487245964
0.0016186810002779216
0.001616873988493935
0.001615471321754629
0.0016140710865822315
0.0016867362002075882
0.001685401855978604
0.0017398453157196497
0.0017384713016499796
0.0017370137876129895
0.0017355159561175978
0.0017341914609270601
0.0017328263589210169
0.0017726474055292372
0.0018637303614705862
0.0018624037327554675
0.0018608964162503188
0.0018593915376330164
0.0018986522647059859
0.0018969337331292424
0.001915435219844685
0.001914171956185685
0.0019126769108463487
0.001911090981936002
0.0018933091049178586
0.00189083813882957
0.0018895500392751145
0.0018878505971045905
0.0018539529870045762
0.001852648051769433
0.0018512551508768048
0.0018495057638766303
0.0018467270192577124
0.0018454757583614217
0.0018603475535257999
0.0018588641661661529
0.0018572934593793584
0.001855592747463118
0.0018542951301571999
0.0018526421819842214
0.0018470692884539114
0.0018456031841479828
0.0019163790982082054
0.0019550756364418273
0.0019494804737676965
0.0020240207935061393
0.0020220091008385224
0.0020204110957535606
0.0020151166514520025
0.002013959840400388
0.0020621566344456465
0.0020446098768127806
0.002063033699948405
0.0020617052182317266
0.002044781202111356
0.002042979289507976
0.002077220444785953
0.0021476489539578314
0.002146270390332867
0.0021449445562634274
0.0021436203592205007
0.0021420436442028045
0.0021406722649223767
0.00213945473442594
0.0021381373049894938
0.0021366192087797645
0.0021352547641573178
0.002118334509654273
0.002117183404099247
0.0021158337015537206
0.002134300165071573
0.002133343666743043
0.0021319356518771935
0.0021305294943757195
0.002129024953986113
0.002127422451315756
0.002122004781604254
0.002120758566763875
0.0021478642623551786
0.002144839641028218
0.002143532455761423
0.0021424276197839435
0.0021410231110308366
0.0021515207229492934
0.0021498605989346722
0.0021838101915222724
0.0021819235084231453
0.0021806505669569225
0.002175339818763325
0.002173717641418982
0.002172451997777473
0.002171036225499159
0.002153965595913683
0.0021524637373194046
0.002151213787412713
0.002149915378552469
0.0021481201670471716
0.0021836111892897143
0.002263211765458487
0.0022598356382984575
0.002257849980235347
0.0022930440168951283
0.00234576291316009
0.002367325273558685
0.0023656874017797414
0.002364433234108689
0.0023592320662052728
0.002357602724784288
0.0023558130466025187
0.0023539719754035004
0.0023521878031627897
0.002350891921169449
0.002338072514497217
0.002336625123510368
0.002331467417397755
0.002379698272383655
0.002374848073600504
0.0023734354760869807
0.0023715907668359357
0.0023704528194314766
0.002369153644558986
0.0024057307611635823
0.002400338413885828
0.002397177760702237
0.002429925092901721
0.002413200654721254
0.0024114440826601313
0.0024096385542168655
0.0024082151944747345
0.0024070667847491864
0.00240542809812331
0.002402061933591829
0.002438692715652054
0.0024490597090420416
0.0024477846190993583
0.0024464001568591945
0.0024451278340569204
0.002443746374682665
0.002442145836156404
0.0024407126519802556
0.002439061066750874
0.002437906286401381
0.002435984080498609
0.0024348322112389556
0.002433133822360228
0.0024314924746657056
0.0024305087285532313
0.0024290346010138433
0.002428216413665078
0.002453785787493172
0.002452519814565573
0.002450980392156861
0.0024485315531261884
0.002446448955838573
0.00249094246320259
0.002489661458000603
0.002487992560388322
0.002485803611306066
0.0024841948205558176
0.0024825881108498514
0.002516181899624455
0.002514892556108996
0.002513324702891196
0.0025116470280344503
0.0025096367722926764
0.0025082426535630678
0.0025069614316066426
0.0025059040176919657
0.002503830021025493
0.0025024419347515017
0.002537881426228572
0.0025217095055622514
0.0025203696851435428
0.0025189198187406015
0.0025171376560971714
0.0025158026881669493
0.002513913905704042
0.0025124160093485228
0.002527316593090683
0.002558878237830709
0.002557412478099852
0.0025744106600230237
0.0025913338552261034
0.002589794990709957
0.002588257952819531
0.0025868932277526837
0.0025854163987356765
0.0025941171470929164
0.0025926378505665222
0.0025905523263906258
0.002589133343279831
0.0025878859234092105
0.002586166162535288
0.0025846952069825684
0.0025832259237742613
0.0025819275649917434
0.002580236013661793
0.0025974703247232033
0.0025961101552391453
0.0025949777683616964
0.0025936767440854604
0.0025920946481694115
0.002590627286353295
0.0025889925722381414
0.0025873036582352025
0.0026028992827523455
0.002601372622444001
0.002599904196734415
0.002622248948761845
0.0026174967062467846
0.0026263739704145417
0.0026246104633732394
0.0026399584875445416
0.002633253623106278
0.002672369020415123
0.0026712136761638467
0.0026683305795780375
0.0026671781023268914
0.0026948663257351834
0.002709409797247194
0.002772762904313471
0.0027691753050542818
0.0027673862780245714
0.0027660757933262088
0.0027641718478457517
0.002797183589728888
0.002794248938923021
0.0027789112480820447
0.002809496553862294
0.0028080500374231833
0.002806785556865965
0.002801829863641339
0.0028005093782728706
0.002799190136991512
0.002847018659971991
0.0028451500928565114
0.0028436905737322504
0.002841581143367159
0.0028259499795448167
0.0028246948063806445
0.002819452190145704
0.0028180094308748248
0.0028159178029180548
0.0028427574082526127
0.0028415354842983302
0.0028404468660726072
0.0028388155018092653
0.002837849651382299
0.0028668262571971753
0.0028622492584925085
0.0028768282282828858
0.002874935618298446
0.0028899178638264766
0.002888386116066482
0.0029222346337898
0.002920811085762156
0.002968596696369767
0.0029669009655046395
0.002965457981317568
0.002964016400069913
0.0029622007506338514
0.002960762333717044
0.0029592004206901836
0.0030200147925378345
0.0030506904236396845
0.0030492115348264544
0.0030933136981294695
0.0030918156307695567
0.0030905141424589114
0.003089018784821874
0.0030878495139425016
0.0030866162435152565
0.0030849302058176347
0.0031246073242587502
0.003172137851537575
0.003171006418876836
0.003199736614861816
0.003197992816086214
0.0031962509169531383
0.003193716877199942
0.0031923797827798127
0.003235973832454781
0.003233741193180873
0.0032326598100121465
0.0032399365105896362
0.0032246600936296404
0.0032222374598934525
0.0032209603146457736
0.003234106713872364
0.0032322871497699563
0.0032310752440730755
0.003260757850501972
0.00325620316878876
0.003249791144527984
0.0032485071496071907
0.0032472916689350864
0.0032458073161183527
0.0032445938546007062
0.0032432466277214733
0.003242102364217587
0.00330271864249627
0.0032874576219866372
0.003286299250731533
0.0033113181733271215
0.0033100151257680795
0.003308028239722226
0.0032744479225887877
0.0032729580288058885
0.003270158913919765
0.0032685372134913394
0.003294862236490688
0.0032921252353882297
0.0032908342858191135
0.0032894086242272872
0.003284615147938443
0.003302778104921548
0.003301621312623226
0.003296218074046182
0.0033433677168624347
0.003341099686929074
0.0033364348070230405
0.0033349257908280956
0.0033340347408788453
0.0033545099635164527
0.0033534765559164294
0.003351552970719857
0.00335017738206804
0.0033215200688738043
0.00332077073601715
0.0033193411299192333
0.0033172710044712967
0.0033153649857189656
0.0033449962553828844
0.0033434214950948116
0.0033706288800813694
0.003368836798962354
0.0033678726212866346
0.0033778247474246146
0.0034239686560137554
0.003422151188677665
0.0034204054425655394
0.0034155409736710196
0.0034140786327375226
0.0034274923313255493
0.003422840341498287
0.003408287535530268
0.003401872891155768
0.003396917125958309
0.003394317329877313
0.003415302927319516
0.00341419221454995
0.0034125968300406013
0.0034110722046063083
0.0034186918778879778
0.003427450525664809
0.003455484232439296
0.0034408005073184524
0.00342602996977794
0.003410786369269134
0.0034245350931935608
0.0034091953579704114
0.003480070946524425
0.0034893115399275486
0.00353551404719369
0.0035342988974059277
0.00353152308711906
0.0035295654962321614
0.0035282824844196452
0.003523564717217945
0.0035208684867656533
0.0035198030850731015
0.0035480020988582724
0.003567091944178805
0.0035652947756694147
0.003570213620368717
0.003579209262171448
0.0036045311761293795
0.003602790942615125
0.003613188976320837
0.0036112085563408006
0.003623587695317652
0.003621375053820515
0.0036202842124885607
0.0036155577778751043
0.003627247367464889
0.0036426538282030526
0.0036780275506188343
0.0036767742137770987
0.003675374435989178
0.0036736813934891226
0.0036719899100536883
0.003686083222805254
0.0036847559142910006
0.003683576886720633
0.0036812130028572093
0.0036797416358949576
0.0036773069608264284
0.003700061711166607
0.003697993647290995
0.003696222860229243
0.0037093642259693905
0.003707441547596248
0.0037057320363085714
0.0037185619767035956
0.0037399441941366627
0.003738604219306462
0.0037220843423087925
0.0037155931141730943
0.003701082959701592
0.003699391321855104
0.003698068509646014
0.0036899806861482027
0.0036883693728536025
0.003686613180710988
0.00368522404755151
0.0036840550629210415
0.0036829598131748555
0.003681865214458834
0.0036775427998389726
0.0036761592520656336
0.003674922223021985
0.0036799177721578884
0.003678607674849763
0.003763197970810426
0.0037610413677522984
0.003747126698286455
0.003759792243359947
0.0037449981087206174
0.0037573433507510283
0.0037547676531931294
0.003753730751916013
0.003756910689224024
0.003755873952787205
0.003754005928390165
0.003752231474096996
0.003779642299874653
0.0037783031356245548
0.003777184708245658
0.0038005411404455273
0.00379606724281717
0.0037952461648780677
0.0037931577501972924
0.0037918060118889226
0.0037874153971887425
0.0038326193123860565
0.00381862998905576
0.0038140107310649504
0.003812664055116831
0.0038117667993528455
0.003810347007759281
0.003809152213887056
0.0038070813504254594
0.0038518116821223114
0.0038917218323569923
0.003889282095765538
0.003888216497320575
0.003932495107469678
0.003931418343700764
0.0039304190194830195
0.003915161500930246
0.003924436582243895
0.003919417757247152
0.003918346187957768
0.003916739932200231
0.00396640945409534
0.003964226784524503
0.003958516128901527
0.003983355865899204
0.003981541440120057
0.003977624381373484
0.00396355247036096
0.003962409507469207
0.003961329348326256
0.003984907009960059
0.003983821309889232
0.003982891180587547
0.003981341929880354
0.0039793779343493575
0.003978156809335742
0.0040004717839068225
0.003997855471386316
0.003997001328314699
0.003994697833413152
0.00401998661340601
0.0040188164251816535
0.004017568975082656
0.004038740125983375
0.004024404420914361
0.004006925970602513
0.004031988256436925
0.0040306603771607
0.004029801627128766
0.004086324453217003
0.004072392066701344
0.0040708161550604945
0.004068932511606197
0.004090796515536953
0.004116678647058984
0.004130867587056741
0.00412806469925052
0.004113264442981445
0.004110628495506631
0.0041061443299313495
0.0041048772702935625
0.00410392748861407
0.004102819965340931
0.004072727806636697
0.0040710018750624395
0.004069199055432379
0.004077417181569014
0.004072274845560977
0.00407149145967606
0.004070082124350314
0.0040954185917945
0.004094316551310037
0.0040935297425871466
0.004104713009098926
0.004100199980349795
0.004098300313810771
0.0040972775875067905
0.004096333985406263
0.004091160881829111
0.004114767814238553
0.0041131032503897305
0.004111920780504039
0.004109540371276338
0.004132622902855642
0.004128244197183303
0.0041461235924824275
0.0041451713362599925
0.004213978353459844
0.004213252833982071
0.004253561913063139
0.004249155471838685
0.004292782413780218
0.0042884489539308105
0.004304323005606822
0.004298551376473455
0.004293564266455718
0.004291949640320855
0.004290721403816642
0.004304362549956509
0.004326896512251204
0.00432319975157509
0.0043094221720787
0.00430868307611962
0.004294914866653708
0.004319882158821628
0.004344805319839123
0.004375211582933327
0.004373879276340118
0.004369875595114878
0.004368462471943546
0.00436412987759405
0.0044374118629850355
0.004436399795049584
0.004445987031302833
0.004444298083182751
0.004442553083991583
0.004431292362850432
0.004417187598402019
0.004415930692132911
0.00441467450096314
0.004411987786397705
0.004424883964867663
0.004444767657517084
0.004443672970120378
0.004451543170934115
0.004447965599685036
0.0044736295843872806
0.00447172854191195
0.004467249415779105
0.004463082143849483
0.004511909953784494
0.004490904513589253
0.004486566461884437
0.004523882865340751
0.0045440085730220035
0.0045390009921248125
0.004536525364351189
0.004545330597321311
0.004540726964672011
0.0045397845318598555
0.004539099371857311
0.004538243212630675
0.004540914640286731
0.0045463521881550515
0.004541738399301252
0.00454088263008221
0.0045352042799628855
0.004533923197062064
0.004527994282324104
0.004539006416194118
0.00453704262417417
0.004536104019854868
0.004533571291425656
0.004531636236683705
0.004530358759826906
0.004525506159953549
0.004511846856169201
0.004510486487951278
0.004530199896850294
0.0045489281820156316
0.00454656746268681
0.004585223303566455
0.004593320064777571
0.004591036681932138
0.004602533287232158
0.004601153346585747
0.004615385280790576
0.004614347979583124
0.004611717407313656
0.0046236195994740536
0.004622531551006738
0.004672714512169634
0.004670331020039192
0.004668834056669318
0.004643027682335037
0.0046537396786980835
0.0046963965421909365
0.00470913547383806
0.0047077278446494
0.004705789536305926
0.004719441753885888
0.004768246308301558
0.004767089593266608
0.004753584775412728
0.0047396423184463635
0.0047495931838066555
0.0047786242001811325
0.004774182335262491
0.004802657710024406
0.004833753788769156
0.004820168451029937
0.004819091518961191
0.004818015068005763
0.004856291628359896
0.004854714782895486
0.0048532699810554065
0.0048510373989703775
0.0048722661346999
0.004937179810337579
0.004973213082676911
0.004970866316012867
0.004983271804677829
0.004981699240205672
0.004984024046489252
0.004969308442535649
0.004967889330078864
0.0049653266740594965
0.004963853802356555
0.00495949368280329
0.0049962250521831
0.005005982853955135
