0.004977086749299606
0.004977086749299606
0.004977233751613717
0.0049779433642514305
0.004981647891183342
0.004944076778036804
0.004944076778036804
0.004884891453880283
0.0048589592850248175
0.004871307936860754
0.004872633057718078
0.004832499195852657
0.004836292066314663
0.004839379286458159
0.004839379286458159
0.004839468929493936
0.00484008638495996
0.004840176042754584
0.0048168015268769205
0.004819888918586655
0.004819978205551173
0.004817422090486188
0.004817422090486188
0.0048298618186908065
0.004830568832569647
0.004832377329505789
0.004833140543720975
0.004837023659277993
0.004791941894543051
0.004792030675309972
0.0047922970373500285
0.004792649954029928
0.00474941766074205
0.004757005187800074
0.004757181477645457
0.004714033328742317
0.004726561721836436
0.004670970134696623
0.004671143252208055
0.004671229815775976
0.0046516352233550145
0.004670167469463243
0.004673873918684889
0.004673873918684889
0.004673873918684889
0.004673960537671873
0.004654278697979353
0.0046578068512201235
0.004657893177242275
0.004659301459353353
0.0046607098458744355
0.004653295848246915
0.004650292875719652
0.00462875411068182
0.00462875411068182
0.004583810475485946
0.004596870900533686
0.004597211762976259
0.004598447612499222
0.004598788617142344
0.004611233517034514
0.004614408975898093
0.0046164287375768075
0.004616685533968729
0.004616856747435842
0.004617209945511972
0.004629743575911544
0.0046298294295549795
0.004630275905451158
0.004630275905451158
0.004647273643583059
0.004647359831892473
0.004647359831892473
0.004608804979738619
0.004609061428128477
0.004566655789018157
0.00456674049632815
0.004580951395895374
0.004582528096553029
0.004569729886502607
0.004570069019316686
0.0045702386046004425
0.004570941877049937
0.00456942558089296
0.004572603033384981
0.00455722428537422
0.004560486256782278
0.004561274110878831
0.004573815667090107
0.004589451333261881
0.00459271498525396
0.0045942081049826465
0.004594463935704608
0.004594634505348791
0.004619384530098815
0.00463485329556758
0.004636348983747301
0.0046367793592284896
0.004593545663482353
0.004595124616848005
0.004595209936106366
0.0046111108029664085
0.0046112820573833355
0.004611538962861202
0.004615681705554112
0.004618064257558323
0.004609388263127257
0.004609645125109042
0.004609816382335097
0.004614761773409367
0.004615154399653173
0.00461647867596555
0.004623111110682173
0.004624074021346511
0.004624159937141858
0.004639196417193035
0.00463950382286255
0.004640295638325963
0.004643478895081607
0.004643737767390484
0.004644702461941533
0.004644961436151845
0.004634601851299804
0.004634946437768051
0.004635204911247739
0.0046353772429171165
0.004627407842510179
0.004639887283217146
0.004640059801799902
0.004652540173743393
0.004652713172429832
0.004656071509596721
0.004625341354855495
0.00462612561411282
0.004626555783313143
0.004629552020047696
0.004633978083684207
0.0046342366714011585
0.004606763853173557
0.004607555363778157
0.004607726801319598
0.004608069714678333
0.004609653127627227
0.004587229950074653
0.004588083674103178
0.00458851065529272
0.004589558194226672
0.0045900708412809086
0.004602824545295501
0.004602995940735653
0.004605375177016551
0.004597306406262741
0.004600838123184491
0.00460100948294177
0.004604456249891494
0.004616958272928325
0.0046210274087492885
0.004621199555727467
0.004621457800244776
0.004621543888164606
0.004621543888164606
0.004623130222526634
0.0046391037932724
0.004611415563122227
0.004611845195444056
0.0046195567997893575
0.004606684359582127
0.004547757765178238
0.00454784251653428
0.004548266320701322
0.004548520641117376
0.004548774989976131
0.004549029367282359
0.004529399227682323
0.00452956810593693
0.0045299903566739285
0.004501136246605708
0.004501304092981015
0.004481903665211827
0.004497693533271964
0.0044824887264839535
0.004473320620280712
0.004473570913319502
0.004488001510833925
0.004504020578080835
0.00450560045063879
0.0044531561389162715
0.0044538028163704614
0.004458595493136165
0.004462038640446779
0.004474730454537107
0.004463949217294871
0.004433337823604947
0.004445865357756343
0.004446529390519534
0.0044377743854916865
0.004450638167725004
0.0044540832284081094
0.004441964698398901
0.0044454659191304705
0.0044458811116138116
0.0044496799344729415
0.00443257481128343
0.004432906094901613
0.004433485960404655
0.00443489751389062
0.004436392082164679
0.00442416389208398
0.004436789160646746
0.004437452642959496
0.004439113712463001
0.004440858119390822
0.004454011661109378
0.004454261516846833
0.004454678005375542
0.004455866417937901
0.004468752584306977
0.004481389675546274
0.004418747206543234
0.004433878108489005
0.004436455364338631
0.004436787366012264
0.004391137082437364
0.004391301396802071
0.004394371557224049
0.004395948070742689
0.004366414827374552
0.004351144413471284
0.004308660334380557
0.004309144317568917
0.00432178702543595
0.004304796694371095
0.00430693204964686
0.004307174043843645
0.004307577427941555
0.004320550192754307
0.004321197781496804
0.0042779620194925245
0.004254626059059843
0.0042554235073868464
0.00425604549657935
0.004262533479892183
0.004256218489973037
0.004256617512950365
0.00425677714309092
0.004257613304026807
0.004201827293033055
0.004158767512734874
0.004103254992510757
0.0040786998805273774
0.004054215316178162
0.004042387859320725
0.004046253131206957
0.004019726464396172
0.004023383808041363
0.004024862128352488
0.004028142632885494
0.004014957239945974
0.003990520384563354
0.003991269946978277
0.0039930472112847054
0.003996703794727244
0.004001764466858897
0.004002140501858602
0.004015047234796888
0.004015349106699057
0.004016103985084284
0.004016406015917185
0.0040182638180005625
0.004018943970233208
0.004019548743322798
0.004021332239219215
0.004021861869610652
0.004022315949568834
0.00402299726178975
0.004013964812210593
0.004016376200217171
0.004016678649571456
0.004017835661939521
0.0040183652802287945
0.0040194808727976325
0.00402001087762197
0.004032948723239218
0.004033632621615212
0.004037609792198765
0.004050555392508388
0.004050708085200594
0.004050937145825181
0.004064499408491567
0.0040646526788276904
0.004067948539523915
0.004071935679321016
0.004042446806758796
0.004001879813503817
0.004002408323780297
0.00400286144370827
0.004015895181542828
0.004016349931308601
0.004019979609341835
0.003951699914098693
0.0039552192293263065
0.003934779996289995
0.0039355230104328445
0.003935820294666821
0.0039365637017829015
0.003940009420845857
0.003940530467961891
0.003941126119154992
0.003941796442032672
0.00391777319325331
0.003930820440896437
0.003932526778136701
0.003932749841161799
0.003933493567374694
0.003933791136628018
0.003934535256771142
0.003935205205638081
0.003938656493905114
0.003942406700524937
0.003918881733144198
0.003919623552204762
0.003920068778461117
0.003917210162240269
0.003920811047032363
0.003906811975176716
0.0039072559394914014
0.003911636573453931
0.003912896622374777
0.0039133415393648886
0.003915643799823201
0.003932260325525784
0.003945423866350749
0.003946770989337098
0.0039597924550403086
0.003960980366999116
0.0039621080589440924
0.0039624840989633545
0.003982146209663156
0.003982523710072601
0.003983053069698345
0.003984366945395549
0.00398497240327579
0.003986287031483378
0.003988311268794673
0.003993351076264744
0.003993958279971245
0.00400754346211657
0.004008381700908799
0.003967786067173691
0.003924082583280271
0.00392799992994046
0.00392852310521083
0.003932553047732011
0.003934783035553805
0.0039093945181547275
0.003911631547770164
0.00391215296952924
0.0038605654884724676
0.003861521620142312
0.003865506898148528
0.0038674405026606303
0.0038681039853339294
0.0038689889830998358
0.0038447161278098332
0.0038578699717993353
0.0038589002678507105
0.003859963468046051
0.003860405423293046
0.0038612159374871256
0.0038633732734534585
0.0038385778146332672
0.0038391642711486894
0.003839530897478109
0.0038436684572896265
0.003844549813632421
0.003834944903267887
0.0038364617857287006
0.003815672588736203
0.003816548261842685
0.003816986249134368
0.003818154706860776
0.003818446933078701
0.0038319361324739023
0.0038325962546925736
0.003849136458830924
0.0038511499776004063
0.0038281943695889363
0.003829221029381941
0.0038327807974154597
0.0037932033965680924
0.003794989818906114
0.0037957899739349222
0.003809444686378679
0.0038101751787536775
0.003811892143978908
0.0037281523010605786
0.003728796010810402
0.0036769928377112376
0.003677839680833695
0.003692764571594337
0.0036773319777697352
0.0036654470254746828
0.0036213318747269326
0.0035967572031822903
0.0035974484087329056
0.0035980707209107864
0.003598624068067927
0.0035124548274853974
0.0035004453430667816
0.003501185950071335
0.0035022933118354443
0.0035032368538892044
0.003504383267227596
0.0035052948249598564
0.0035067466353931615
0.0035073544606708472
0.00346616084346264
0.003467162604751477
0.00348182875691403
0.003482768358729732
0.003483794319794784
0.003484600535936982
0.0034850710010314243
0.0034862140881820615
0.0034869541324702574
0.003513430542074768
0.0035174796845131614
0.0034737741775479813
0.0034873905389871157
0.0034878621721743824
0.003488940670063119
0.003502501501882953
0.003503178653979056
0.0035040593432424955
0.0034787459261387773
0.0034805738554577917
0.003481824817944151
0.0034826333694258217
0.003483577154237807
0.003484656392004634
0.0034579071476224287
0.003458711031650703
0.003459046093653653
0.0034438344289310385
0.003430974379801671
0.0033951070330745002
0.003340824931447567
0.0033412136631374473
0.003354467595158052
0.0033549881518922476
0.0033560948715697907
0.0033568113734638062
0.0033577237275548275
0.003358375712744644
0.0033590931889597615
0.0033602026190229476
0.003360594357563229
0.003362096868502015
0.003340067321363375
0.0033540431724053184
0.003313848280878682
0.003315395994478252
0.0033159122203284207
0.003329989498752397
0.0033307028224361865
0.003331481342350272
0.00333557236686255
0.0033360923516424497
0.0033369376727723854
0.0033386104108537556
0.003342446789673561
0.0033315250777797576
0.0033319800532083713
0.0033341913676788668
0.003339526879961381
0.0033207852864620847
0.003321368904262869
0.0033219527272377787
0.0033228991277438223
0.003326934874670228
0.0032984632662146564
0.00329930155254678
0.003299946678187652
0.003326993689228905
0.0033279700725701643
0.00332888188088
0.003329598652283482
0.003330315732422395
0.0033311635890802783
0.0033319466092575317
0.003292417759915112
0.003253744313625959
0.003254573358060155
0.003255402825078168
0.0032562327150031803
0.003255883103862701
0.003228907564490938
0.0032294145170464962
0.0032440051582471163
0.003244960795187624
0.0031707364228679685
0.0031714840911146657
0.003163404124432364
0.0031642125430212695
0.003164772459516957
0.003120881522061462
0.0030938500533826204
0.003096075226900163
0.0030968674828289406
0.003111853606006457
0.003112772840416156
0.0030985290140219703
0.0030991395014643938
0.0030999945881402674
0.003114053780378741
0.0031154663839120375
0.0031165727939921482
0.003117372356794522
0.003118953459478954
0.0030772148248451553
0.0030820772094846153
0.0030830516060415866
0.003076367341471394
0.0030772795965346962
0.003079449827521806
0.0030805463241370813
0.0030846365073397652
0.003085674447655366
0.0030898907302178125
0.0030527606119826038
0.00306753665876365
0.003068083738462621
0.0030694218662578347
0.0030622811830053683
0.003076355141216789
0.0030777707858147545
0.003080204944810191
0.0030810610328993546
0.0030817340074503342
0.0030827746374782754
0.003083815970536815
0.0030247467377321493
0.0030259494681539284
0.003028117751489002
0.0030286598312456088
0.003029322636795181
0.003030347543452803
0.0030316749231632254
0.003032580621706293
0.003033486861557386
0.003034091322424489
0.0030381388332876183
0.003038744486624398
0.003042976915314794
0.003058576152607908
0.003059552631545607
0.0030604075622238562
0.003087574571614257
0.0030884377287061036
0.0030894247850882482
0.0030933718195220996
0.0030941136204819977
0.003108429912028112
0.0031093622545332192
0.003110295156499776
0.0031124379379751303
0.0031133099787038297
0.0031147874356762346
0.003115535837839263
0.003110169324463623
0.0031110417771874847
0.003051970756566775
0.003031805855469701
0.003033386948061209
0.0030339346336296993
0.0030350915084398256
0.0030361273550528925
0.003007220977336057
0.003007825067446206
0.003008489846946747
0.002981558586583711
0.0029828176653972456
0.0029366053130560226
0.002917371662090183
0.002918546080053264
0.0029363832893552592
0.0029372112725587025
0.0029381581110234836
0.0029388686405735277
0.0029094609676370664
0.002910340969139588
0.0029112215031372704
0.002928857094178697
0.002943079648897895
0.0029440897097456208
0.002920227714692918
0.0029208177192822085
0.0029248350917981483
0.0029257811046037754
0.002879543928439825
0.0028803011053865615
0.0028812335622929856
0.0028821666231344995
0.0028832170392031876
0.0028842682212069076
0.0028849694351426535
0.0028860803881071385
0.0028871921970196513
0.0028881291217768223
0.0028906538097975627
0.0028918273219501246
0.0028924144354049923
0.0028462554267892027
0.002847684383004671
0.00284866825900075
0.002851240056168587
0.002851877891534605
0.0028327509040007243
0.00283367334247562
0.00283425017165475
0.0028365888724689718
0.0028379758444545323
0.002839190558041829
0.002839943044836009
0.0028410435510025545
0.002859205886077403
0.0028776180010180847
0.0028785581878228526
0.00289477438915641
0.002895247565469459
0.0028977938967309786
0.002912492632147464
0.002927202191817826
0.0029453331358463533
0.002946659699515612
0.002948108223393953
0.0029529130996374157
0.0029456422912489152
0.0029508919313878377
0.0029521028269463793
0.0029530116509839006
0.002954284945127396
0.0029555593377950697
0.0029571386814070118
0.002958111424394317
0.002972367550517288
0.002928898436273005
0.0029299230324006005
0.002934560407386492
0.002902370098366141
0.0029028484058971835
0.0028730731172771336
0.002874257767567733
0.0028751468965946153
0.00287645194800431
0.0028651366979540334
0.002838730145620359
0.002839726931931664
0.0028096727071891315
0.0028108923596448644
0.0028124038733953714
0.002814033476450957
0.0028150237999946095
0.002830523983453948
0.0028315797332975454
0.002833223577143461
0.0028345165083118557
0.0028352810679144794
0.0028369123812818655
0.0028377370479901556
0.0028534754645831105
0.002854899088138874
0.0028598297860260536
0.0028614364319732594
0.002862151076436789
0.00286292567754002
0.0028650889506330744
0.0028661035639475367
0.002867716486458408
0.0028726272730943856
0.0028778781761925934
0.002879379855439631
0.002880401892804279
0.002882327697421089
0.002818677094955755
0.0028094594172968124
0.00280998825118625
0.002812912192032035
0.002815254900944056
0.002816021502266028
0.002817555958077805
0.002822586953099229
0.00282436369219558
0.0028396031712711657
0.0028411538240992983
0.002843064646343333
0.002844379828273178
0.0028146148769781143
0.0028332214103630633
0.0027852814460521337
0.002800262934231
0.002784234302949528
0.0027851147767661583
0.0027369612121272984
0.0026887143453243286
0.002689962903995325
0.002691439969159082
0.0026570828324287703
0.0025942062972054724
0.0025957973635835066
0.002597257570597674
0.0025985221385208678
0.002614820976917324
0.0026164276768141496
0.0026045425199745786
0.0026053708314234957
0.002580316194408588
0.002581356489943923
0.0025967699976276733
0.0025982593191633692
0.0025497783674037996
0.00255086252598849
0.0025209676891126695
0.002525587228628106
0.0025019321276586385
0.002467079522596036
0.0024682884630472823
0.002469867123642759
0.002471078798318948
0.0024417562041070856
0.0024433204631372422
0.0024447300108596626
0.0024349831987058377
0.0024362329762244207
0.0023733444734835543
0.002343304363906581
0.0023440573698719747
0.002345212919415593
0.002346369608823235
0.0023476785454599933
0.0023486864139835987
0.0022999832606997697
0.0023082954105212604
0.002324016859875488
0.0023251665466622546
0.002326167199319351
0.00232736911998037
0.002278508324263477
0.0022441036485011468
0.0022630429499094573
0.0022790419805763904
0.002279681552844491
0.0022817010188183177
0.0022644786763921345
0.0022351899460828334
0.0022363992812193295
0.0022378037504288094
0.0022426756858634125
0.0022435993378702493
0.0022275601480302148
0.0022289133184496893
0.002231909169448518
0.0022331697242091494
0.002234771711098826
0.0022364733015852283
0.002210922599832042
0.0022300778582349723
0.0022310494003880766
0.002232216368952485
0.0022337255113736463
0.002236496367557336
0.0022086539128023833
0.0022100532915240905
0.002160254795457872
0.002161199664808114
0.0021624765503187337
0.002163849701620666
0.002164892566443564
0.0021662213036610215
0.002135691816839159
0.002136769549775824
0.0021379422329963448
0.002139754356973772
0.00214092991699848
0.002129288702344648
0.0020934187483521985
0.0020946168572134358
0.0020957701789787063
0.0021010605451523253
0.00210231167290847
0.0021034250380205623
0.0021049113605311983
0.002105841379247467
0.0021071447869714806
0.0020751336092056675
0.0020246455373037647
0.0020259905784065398
0.0020268882657557383
0.0020279665411996836
0.0020290909654168982
0.002030757403437861
0.0020429893739241462
0.002044396891716653
0.0020454424330083056
0.0020476278806829725
0.0020485854832460924
0.0020644434117541373
0.0020284388733014364
0.0020294794695918843
0.002030838374691602
0.002000930954118071
0.0020023620432632096
0.0020035711179622615
0.0020050508602945825
0.001970344683693095
0.001971227513938718
0.001987320374041138
0.001988300908438162
0.001942430852431301
0.0019436080568266153
0.001945048801376579
0.0019463604239274084
0.0019474109963044833
0.001948550396950415
0.0019651445702074054
0.0019662516440126466
0.0018959614569733624
0.0018972019615026638
0.0018983155188767313
0.0019148784331107773
0.0019201622509556584
0.0019214656169653122
0.0019231584742814597
0.001939921372280312
0.0019408889579833628
0.0019568463069109493
0.0019582676266063697
0.0019594239700528454
0.0019759559884559887
0.0019499684676733185
0.0019512553705353305
0.0019522772260767206
0.001953700719850149
0.001955037131861812
0.0018880536576319712
0.0018895196047513932
0.0018908581889911448
0.001892198671150373
0.0018640843055137924
0.0018651511303114906
0.0018817479953281292
0.00188261054941473
0.0018837330526088956
0.001884813645672736
0.0018698316449706042
0.001870948937275468
0.001872541234243362
0.0018740068174933856
0.0018523089186530792
0.0018532481367827549
0.0018549154573053626
0.001857100331625714
0.0018579585507354814
0.0018590324407261963
0.0018608393732783357
0.0018118718822699564
0.0018127534287582486
0.0018154336422564086
0.001816781434209456
0.0018192566752256644
0.0018205667090684518
0.0018222598657381271
0.0018232772722606627
0.0018288137353496985
0.001779151062835372
0.0017807688877193883
0.0017328961976901883
0.0017341909135044793
0.0017358931669018615
0.0017370298602758852
0.0017383714472206534
0.0017397151081041096
0.0017408568139829573
0.0017426539539532836
0.0017440451964261495
0.0017215345556196987
0.001722829794634554
0.0017243704246575247
0.0016549405808542962
0.0015861601552646968
0.001618894057544365
0.001619887853773674
0.0016211892759624333
0.0016220708361994983
0.0016237984038324855
0.0015541936362043441
0.0015559997666009767
0.001557921073272628
0.0015591428269660214
0.001560069674443709
0.0015611833470251084
0.0015626707195124493
0.0015633409621543162
0.0015646085459835972
0.001566139839557199
0.0015671124578113549
0.0015684986530572135
0.001570638948547596
0.0015718807388468861
0.0015731999366662714
0.0015744457814482538
0.0015769917116985267
0.0015779768578903614
0.0015787355006105011
0.0015800648821219017
0.0015816630981720214
0.0015828829583619784
0.001584219336776265
0.001585328332377359
0.0015874358021580987
0.0015889324028858915
0.0015902394700904332
0.0015351231219596201
0.0014796954178042732
0.001481095183038085
0.0014863275665819734
0.0014879168354259493
0.0014891834556190638
0.0014906336647054854
0.0014921230632591951
0.001493178338684985
0.0014945998578767225
0.0014959875336634531
0.0015016006565681276
0.001504408653035471
0.0015055510646231568
0.0015075082440792525
0.0015091369422754782
0.0015103978942079801
0.0015117725030404903
0.0015129633732395718
0.0015140442210945246
0.001515649703117337
0.0015172211387867172
0.0015189084398752257
0.0015200353937555307
0.0014640299546333673
0.0014652634941089337
0.001466608239353552
0.001472811126006102
0.0014740553015746818
0.001475191530392068
0.0014761091206652516
0.0014774692510964463
0.0014370370370370377
0.001438255745955729
0.0014398000177564705
0.0014580486395804869
0.0014593984481641805
0.0014606775963582539
0.0014618857058517206
0.0014633894770881078
0.0014648595554216132
0.0014668488526752288
0.001468030247100015
0.0014699540770609324
0.001471882955934637
0.0014728492949289884
0.0014744502585449025
0.0014760920606801922
0.0014180116603637678
0.00134329787443777
0.0013444224578731663
0.0013093222730094242
0.0013107201970387697
0.0013122880840678813
0.0013140606328332517
0.001315468698620041
0.0013171152607124716
0.0013185636024731773
0.0013251300793569471
0.001326115255666362
0.0013272040481790324
0.0013294895080132052
0.001330755004444902
0.0013339457207284552
0.0013354935008752407
0.00133690683094431
0.0013383231555888597
0.001289867319720383
0.0012915713278360609
0.0012934140366046985
0.0012445864026014125
0.0012457509884276712
0.0012465610116983404
0.0012480217112667705
0.00124942069285135
0.0012512146659124865
0.0011740606208424436
0.0011755043897901044
0.001194009439177826
0.001195888486713646
0.0011974903334062892
0.0011986551460235677
0.0012005804682951383
0.001202004757050629
0.0012035277279179722
0.0012047679863771822
0.001162356524602503
0.0011196775940841225
0.001121073589705046
0.0011226519793622123
0.0011237565110514298
0.001125042889764432
0.0011267526358042796
0.0010655647775020091
0.0010667034751349893
0.0010678731687022676
0.0010692171967377497
0.0010705359084585298
0.001071397691732036
0.0009920954751968668
0.0009932161855238778
0.000994259114665135
0.000995196943291591
0.0009961902877816445
0.0009974280252215589
0.0009177358808130536
0.0009187050576165117
0.0008647329899701815
0.000865859616741762
0.000867224880382775
0.0008685471574820299
0.000870110741367083
0.0008706331877729257
0.0008717990762755868
0.0008725382932166301
0.000873422227089779
0.0008750274303269694
0.0008766626360338572
0.0008780622075419762
0.0008796602691374364
0.0008812398132545097
0.0008821170809943864
0.0008832161249238606
0.0008844650234286188
0.0008858650374895861
0.0008874916536835075
0.0008889260435824554
0.0009084907151690982
0.0009145688394661598
0.0009157714115189494
0.0009169771502740658
0.0009183921590632773
0.0009195014841240857
0.0009207947715360018
0.000894047820288875
0.0008954353490034519
0.0008965231476249669
0.0008975882031264732
0.0008988594304705793
0.0009005685311840772
0.0009016944657555005
0.0009032343760377233
0.0009044443177715707
0.0009057609057609057
0.0009070035537008984
0.0009086657312754726
0.0008432283600068834
0.0007823871906841337
0.0007835577550159204
0.0007849127661209744
0.0007859774692872328
0.0007869540927392166
0.0007011148401033829
0.0007021305364006875
0.0007031083773380528
0.0007041503220494937
0.0007053185090323455
0.0007067790513411301
0.0007079559840296035
0.0006652425404071439
0.0005980124879078355
0.0005992773420287299
0.0006003001500750374
0.000601361907850131
0.0006023562760209052
0.0006033539380674927
0.000515647226173542
0.0005164430725394752
0.0005172875107768231
0.0005181347150259067
0.0005190775931505623
0.000519821946046067
0.0005207086425664352
0.000521457684008631
0.0005274958460953298
0.0005282413672129505
0.0005290527245713369
0.0005299784790522738
0.0005308272645776046
0.0005318558438543907
0.0005329369172582571
0.0005339250073452683
0.0005347213766792485
0.0005357161009626626
0.0005366489480865971
0.0005376508636080761
0.0005387391255456396
0.0005398483917230077
0.000541145544534122
0.0005425159563516575
0.0005434390306780099
0.0005444664848334574
0.0005461592670894998
0.0005474016598630977
0.0005485126667915652
0.0005496109963915484
0.0005717032995746194
0.0005727268919881057
0.0005951818611242324
0.0005961392884178653
0.0005973262539110648
0.0005983663648451847
0.0005992960649395949
0.0006002667852378835
0.00060687079593439
0.0006134447527615646
0.0006147388159086309
0.000621157786885246
0.0006223933269169073
0.0006237540994148287
0.0006251409789578837
0.0006262711043677568
0.0006277910814833992
0.0006289715990143951
0.0006301975051975052
0.0006087485868336379
0.000610360875867857
0.0006119014838610985
0.0006128054452140991
0.0005374221286303414
0.0005385917474554289
0.0005396951273239933
0.0005410538403780753
0.0005424194119730784
0.0005439367701256606
0.00046730531726693153
0.00046838407494145204
0.0004695938013618221
0.0004706198736049483
0.0004717457964079928
0.00047313281514025014
0.0004740299316042528
0.00047520450765418693
0.00047602856171370287
0.0004771317565264809
0.0004787797954926303
0.0005028169175037426
0.0005038014106439498
0.0005051026850799556
0.0005063232874190171
0.0005078134016573184
0.000509436146810235
0.0005107133737261184
0.000512372634643377
0.0005134488593266819
0.0005148908782400094
0.0004340888826317519
0.0004356528906158013
0.00043662453829905245
0.00043777138868183487
0.000438877422721989
0.0004399576689377995
0.00044121680439785835
0.00044254667671367234
0.0004434377209698103
0.0004445245389559681
0.0004456166973780877
0.0004468599033816425
0.0004480449498068563
0.0004491217848342498
0.0004504833564662625
0.00045223428180307033
0.00045349806344070206
0.0004548527875099883
0.00045604693585761476
0.00045721346926166207
0.0004589318052144576
0.00046049110754334217
0.00034956304619225965
0.00035069261792039275
0.00035173669995603287
0.00035250720751343927
0.0003537631555673476
0.0003550686043267645
0.00035620690532529316
0.00035698348951360994
0.0003588777380448853
0.0003602908061506787
0.0003614768912987348
0.00036282589540247753
0.0003640571569736448
0.0003651967497489272
0.0003663578793112471
0.0003674540682414698
0.00036870243080245447
0.0003701940874715743
0.0003719793285773119
0.0003731840597094495
0.0003742314889067094
0.000375465980100303
0.00037695207323640273
0.00037884938031065645
0.00038011457739404303
0.00038146619255868445
0.00038340933053992245
0.0003848955970692949
0.0003866175110116951
0.00038819337575732364
0.00038976586207856563
0.0003213322715397404
0.0003227934262417021
0.0003241308361166307
0.0003255346552871074
0.00032675560101720435
0.00032818229813221466
0.0003292534535824207
0.0003305310052453833
0.0003318472348468453
0.000333000333000333
0.000334482207000858
0.00033597732883415863
0.00033766424429274017
0.00020676414119037072
0.0002078045449822624
0.00020879940343027594
0.00020967186353357
0.00021111362436854409
0.00021201520451895266
0.00021257535036972927
0.000213900475164627
0.00021482606760883242
0.00021606938914096985
0.00021766169154228856
0.00021901007446342534
0.00022010502153884854
0.0002213788741302973
0.00022265693337786472
0.00022392834293026234
0.00022531221835972706
0.00022654821431461076
0.00022773114711432106
0.00022887036128821318
0.0002302252918927808
0.0002318149454406968
0.00011660836248542397
0.00011723525766634846
0.00011786892975011788
0.00011879911070379989
0.00011948654922845829
0.00012028111414677734
0.00012116176826946378
0.000121921482565228
0.00012297529953269386
0.00012385653874055595
0.00012451749470800648
0.00012534694242994003
0.0001262557942391285
0.0001272611580765385
0.0001280714272645773
0.0001289276899841603
0.00013016475138532486
0.00013121883552656244
0.00013221517074644908
0.0001335928852246269
0.00013453259532595328
0.0001358089362280038
0.00013706140350877195
0.00013802622498274673
0.00013937004738581613
0.00014026650636208798
0.0001416889320702777
0.00014336917562724014
0.00014465798718743544
0.0001465569583150137
0.0001476326057154909
0.00014914243102162567
0.00015102481121898598
0.0001523560779192513
0.0001545868115365929
0.00015642108556233381
0.00015795649426843578
0.00015964240102171138
0.00016186842409527115
0.00016398435120762762
0.00016675004168751042
0.00016884965144607666
0.00017112822393350446
0.00017459842362566098
0.00017792689746327082
0.00018144116122343183
0.00018385732671446958
0.00018719080090921246
0.0001904606426686257
0.0
0.0
0.0
0.0
0.0
0.0
0.0
0.0
0.0
0.0
0.0
0.0
0.0
0.0
0.0
0.0
0.0
0.0
0.0
0.0
0.0
0.0
0.0
0.0
0.0
0.0
0.0
