0.004782125661180731
0.004784604989778546
0.004787704150525816
0.004790803311273086
0.004790803311273086
0.004790803311273086
0.004790803311273086
0.004791246594133023
0.004792486281483875
0.004795603730557335
0.004787501488228565
0.004760848210185287
0.004760848210185287
0.004761025275669627
0.004761025275669627
0.00476164514239828
0.004774263857945866
0.004786661192518933
0.004786661192518933
0.004786661192518933
0.004781436601520284
0.004793923083895934
0.004797376691321719
0.004766471417485867
0.004768685309570139
0.0047748842074061045
0.0047748842074061045
0.004774973006115608
0.004775061808127959
0.004731843909157973
0.004731843909157973
0.004705982685914986
0.004665859658327015
0.004665859658327015
0.004665859658327015
0.004679499009093918
0.00462688757350712
0.004615813748783764
0.00461607132288481
0.004619257385719438
0.00461934331100424
0.00463174433532885
0.004618103208571779
0.004618189113985087
0.004618275022594458
0.004618360934400072
0.004630762650797622
0.004633329185928943
0.004636688440546901
0.004640229788134012
0.004652719218765729
0.004655819993959528
0.004647955194011864
0.004648128150835278
0.0046493685301432705
0.0046494550364605805
0.0046275607959207375
0.004618869348395391
0.004583513275524664
0.004583701951486386
0.004584043165760513
0.004584128477266771
0.004584555082433283
0.004584861991752382
0.004584947329614715
0.00457165235670987
0.0045573824191253364
0.004538769457058553
0.00453892914386167
0.00450236245690791
0.004474525261711382
0.004472747117287528
0.004474159997139836
0.004474863785176517
0.004474863785176517
0.004476354770488843
0.004476354770488843
0.0044769593928100085
0.004490611947699484
0.004491566998548938
0.004491985168830899
0.004492403416984422
0.004509331138814545
0.004509415116152922
0.004498325079932647
0.004468162030459493
0.004435158676945162
0.004435241282198872
0.004381583269106316
0.004381583269106316
0.004389633343030749
0.004389633343030749
0.004390956872004424
0.0044036205993213656
0.004405026543732254
0.004418237306037458
0.004418319612991743
0.00441848423610039
0.0044102113004995044
0.0044133162927059745
0.004413645196720485
0.004413809667112195
0.004383001266619064
0.004383327966176802
0.004376858762889064
0.004380912577725548
0.004381075883135412
0.004372999292202318
0.004345446820469187
0.004345527821211455
0.004345689831755633
0.004322400111069224
0.004301432372425491
0.00430502111929591
0.004305181661561365
0.004320719938552906
0.004322285372875559
0.004322688405714027
0.004323632567878901
0.004323955142771122
0.004299842289732045
0.004303031487406951
0.004297675813392628
0.004255470586341414
0.004255629366632685
0.004256026369204343
0.004257241972284698
0.004229332678943633
0.00422964836557178
0.00422972729459256
0.004229964099330524
0.0042332324231434
0.004236738205904653
0.004250901458397909
0.004253469717993431
0.0042547935958426875
0.004232709049197117
0.00419746563273207
0.00417163730735079
0.0041731159273315326
0.0041422250010806055
0.004167513917621306
0.00416790312845451
0.00416872609486373
0.004168881847753506
0.0041814921532078875
0.004181804647950673
0.004157515110314271
0.004090868375381415
0.0040915301165338515
0.0040994647253758355
0.004115346957670607
0.004116977766902059
0.004129748308425891
0.004129825511527446
0.004130057138152258
0.004091026179984036
0.00409133215404484
0.004091561664627725
0.004054386413817218
0.004054793577935232
0.004055172743222116
0.004055172743222116
0.00405540027643381
0.004056175440258484
0.004056478926945247
0.004056706571765121
0.0040600521294563
0.004060659842088171
0.004064158400635327
0.004064386557509556
0.004065786251350559
0.004023669890269182
0.003999165588811273
0.003960081984003817
0.00396155232174775
0.003961700641720859
0.0039057601950742583
0.003909099905392942
0.003909470273770431
0.003909616668463326
0.003909836281061027
0.003911670498123428
0.0039118902713554
0.003913138804329156
0.003925844703662021
0.003926212374740134
0.003927440877853947
0.0039292674095401815
0.00392973959383942
0.003944427476705187
0.003947772552772366
0.003949243906889291
0.0039633586790313565
0.003963581544132987
0.003954580267705901
0.003958075507165326
0.003958446558191572
0.003984219677773509
0.003984443799935728
0.003947016169030045
0.003947386259622547
0.003948202959830868
0.003948573231139114
0.003912751101781098
0.003912971306885689
0.00390292659796206
0.00391572875905071
0.003887728898987626
0.003889417767359442
0.003889490760092244
0.003889709754729838
0.0038900748005990435
0.003890512946096661
0.0038645949602281984
0.0038380462593301276
0.003838262454808328
0.0038386949188421453
0.003812351332492557
0.0038254458550846687
0.003803004361857728
0.0038033615923488
0.0038163162705184025
0.003816531395449097
0.0037886312549947555
0.003766025504134614
0.0037663794006825143
0.003766520977925708
0.003766945773524722
0.0037675162654014858
0.00376856791757809
0.003753253915890701
0.0036845905777123118
0.003697404241802302
0.0036976823780524846
0.00372324742986996
0.0037236676530519775
0.003724158033335143
0.0037247186261223078
0.0036967727240957474
0.003709876214298996
0.003714070421208439
0.003714420020261622
0.0037149371565322773
0.003716612226950043
0.0037297275903249772
0.003729938329241466
0.003730430146004288
0.0037310626724519234
0.003731273562270624
0.003731625098284857
0.003732047028947058
0.003732757693368324
0.00373296875454932
0.0037333205762294214
0.0037370961272324326
0.003737730321619903
0.003738512436747332
0.003740051753215604
0.003716583754495408
0.0037168035536483406
0.0037186221334196217
0.003723445352221083
0.003696612088121523
0.0037002555683563333
0.0036849480177340685
0.003698027964787742
0.0036984467833122
0.0036719460138376512
0.0036733432831076696
0.0036738287989208484
0.003674245057494987
0.0036916588985561024
0.0036921470103065063
0.0036771010671486763
0.0036796159266540775
0.0036798940585860227
0.0036803808906545536
0.003683670012341341
0.003687516956893139
0.003703549991549085
0.003707121327654511
0.0037117435353296734
0.0037120242866891143
0.003715738005099709
0.0037161596969802176
0.0037181942882120733
0.003721840274601813
0.003734737014771834
0.0036845557661938275
0.0036887682819202908
0.00370187713068113
0.003705944142011021
0.0037078383197995364
0.0037109958892324662
0.0037138731067505476
0.0037149267702086754
0.003715137921575846
0.003714928684137592
0.00371556231864006
0.0037194963126154497
0.0037201309667468257
0.0037217476846987114
0.003722029972101082
0.003736856611259163
0.00373721102395774
0.0037390429822749477
0.0037392557987154657
0.0037401202945141184
0.0037416693437188763
0.0037425149814127295
0.003742728072284529
0.0037431543268340744
0.003733404733803377
0.0037369941837126185
0.0036691355834636147
0.003670047244161408
0.00367377017204191
0.003662027040821253
0.003662792354727381
0.0036636276075304656
0.0036641323543393158
0.0036770116888331897
0.0036508895249795113
0.0036514447827920974
0.0036519307719444635
0.0036683334034340025
0.003655793015896497
0.003611614695353854
0.003600152983702901
0.0036040978622753233
0.003605058241613945
0.0036067224181229227
0.0036103079888067905
0.0036249057301789124
0.0036255271189178486
0.0036145809086089134
0.003596851636291479
0.0035275280878116428
0.0035288357405116534
0.003529575735805721
0.003530248728166589
0.003512218881212018
0.003513022776584234
0.0035165720615895207
0.0035188393857706387
0.003532166412891605
0.003545159682078532
0.0035456333715510276
0.003546107187625268
0.003548991351843749
0.0035260736047461024
0.0035264776389234507
0.003527855324348295
0.003528529325212677
0.00352920358366357
0.0035296082624370665
0.0035303504146092317
0.0035310928789439038
0.0035321733847208147
0.0035244251837595374
0.0035252343423691095
0.0035288281212662214
0.0035303016739489284
0.0035307070907201056
0.0034742849856190337
0.0034745510716254376
0.0034432330512301403
0.0034472516085938287
0.0034475817608347727
0.00345557451798592
0.0034562366069110398
0.0034568327039055055
0.003457760374703387
0.0034140810241897425
0.003418259893383604
0.0034219816034510063
0.0034224411677743214
0.003439154788172289
0.0034400129430744225
0.0034089895379103355
0.003410709070162614
0.0034126443845865413
0.0034130376596524688
0.0034106881403815244
0.0033866788175393853
0.0033887410220647465
0.003333009240745906
0.003334058992477404
0.003334874045780899
0.0033353229970342494
0.0033361384400045677
0.0033497990296189493
0.003350314690729168
0.00334249092259908
0.0033721374969522193
0.0033725499535490876
0.0033732642842282004
0.003374295961146986
0.0033746858878787546
0.00333359866704758
0.003293653167458653
0.003294097423815903
0.0032947957831356038
0.0032866975188011365
0.003287331135688629
0.0032881552029626598
0.0032889162472359164
0.0033029271527313525
0.0033036281676013077
0.003305031090422742
0.00330708397376351
0.003307658730078348
0.003308744926153362
0.003309767880219262
0.0033139488954476277
0.003314525479503826
0.003316198922517315
0.003316968491016062
0.0033178667724860834
0.003318444496110058
0.0033190866472597204
0.0033259231291009254
0.003319405120535543
0.003332954658169556
0.0033371225466653507
0.0033669516247137347
0.00336760389454165
0.0033681258923939747
0.00336930097944189
0.0033465434892316873
0.0033502942699615364
0.003351268986088024
0.0033197799925901573
0.00332197563378794
0.0033229428989969396
0.003326759334680587
0.0033289584937381714
0.0033293464314887184
0.0033300578855789036
0.0033312878747817627
0.003333425189840628
0.0033341379724755493
0.0033384810481998663
0.0033391303560122597
0.0033445141279314374
0.003346399522251927
0.0033469206059520596
0.003334139225734342
0.003335243116336093
0.0033361384229179374
0.0033498422804037883
0.0033521861537842822
0.0033528396013776125
0.0033538202505736863
0.0033546706106777876
0.0033551286755227057
0.0033591005232242984
0.003359821599386027
0.0033602806272413576
0.0033637305034646585
0.0033641901550775944
0.003346558204320275
0.0033277481457382237
0.0033303976448279143
0.0033313087097013453
0.003331894657527864
0.003332285403940146
0.003334044758426417
0.003334827199063601
0.003335675257623613
0.0033348092662499112
0.003335331339675676
0.0033408781294699146
0.0033143167646721367
0.00331483599573289
0.0033159232918311523
0.003317618994041183
0.003319705327111862
0.0033240130878311965
0.0033247299053333263
0.003293128595113062
0.003295146660842451
0.0032710726430931225
0.0032717786946427872
0.0032758204612964156
0.0032763992168008556
0.0032773642638937355
0.0032945041803116182
0.003239401323918325
0.0032398192020944732
0.0032405832653459544
0.0032411565493296814
0.00324230372602246
0.003256180964465126
0.0032568215162541774
0.003213053625284788
0.003213685979228872
0.003214128775108224
0.0031689491446933544
0.0031706986634622725
0.003158628761370644
0.003159859113319074
0.0031770926319498404
0.003177969503252892
0.0031791603173688112
0.0031830122042560624
0.003187368515900479
0.0031719894805381232
0.0031722399386585392
0.003160202926202806
0.003161264151110862
0.0031453621071323313
0.0031460458274544098
0.0031467298450873235
0.0031476484501395514
0.0031483331410164035
0.0031492373977094175
0.003116949480657783
0.0031069144796807883
0.003112209388683001
0.003113844403687996
0.003114707716062276
0.0031156332249812936
0.003120356484540555
0.0031348113359691908
0.0031084549140710615
0.003109721354841174
0.003111846427651564
0.0030843837191720214
0.003085424871692293
0.0030864054222414345
0.0030641453720669284
0.003077941405114408
0.003078981560245845
0.0030804512119521734
0.0030814930643834003
0.0030822902507048064
0.003083149220458372
0.003087081331850079
0.0030609075361116766
0.0030615782662636163
0.0030624323480754664
0.0030637754398295013
0.003067587160897895
0.0030698957043718586
0.0030710594716979373
0.003071978858826477
0.0030733896553951645
0.0030442289784397654
0.0030453846298002124
0.0029840783083124336
0.0029577808870233395
0.002958989631254504
0.002959818115211897
0.0029635069218235843
0.0029642776956863718
0.00294064189848311
0.002942487257783446
0.0029438622664054314
0.0029483229210700477
0.002949564145987703
0.002907442740194512
0.0029112520828995588
0.0029120697847124268
0.0029130633260924035
0.002914233066621282
0.0029149939018597863
0.0029162237829587568
0.0029171029050445393
0.0029178652397066278
0.0028854631316120247
0.002886159626715604
0.0028539549016094044
0.0028682947092609876
0.002870503551131821
0.002854930055316845
0.002869111749537331
0.0028699792320763455
0.002884172876914518
0.0028866810483656647
0.0028271397472987413
0.00283141668548874
0.0028469075770874547
0.002852482053984536
0.0028567708984661815
0.002857694560398353
0.0028586188198074167
0.002847238470102774
0.002847871880756237
0.0028497964981499227
0.002854438142008464
0.002855131499720785
0.002855883017457455
0.002860589738197806
0.002862520051919514
0.0028637385159124263
0.0028670803871517496
0.002881881864478917
0.002882700448030749
0.0028837535961546493
0.002884983241944802
0.0028842737929215836
0.002838037703330887
0.002839911527346751
0.00284303996411346
0.0028441386453020487
0.0027980462191523996
0.0027992994157489256
0.0028020257040951174
0.002816465040136113
0.0028176131883761147
0.0028187047966012923
0.0028200273492915108
0.0027801910255687633
0.002784842533719625
0.0027995395103910027
0.002783315027170625
0.002788651816994379
0.0027621961170598815
0.0027633257803186015
0.0027641170945390697
0.002778890243336005
0.002779743466278856
0.002782645953432607
0.002783957338911849
0.002798534898641481
0.002799567780088591
0.002814622477774325
0.002753926398013323
0.0027355033861869104
0.002709748005399999
0.002711585840079755
0.002664999430437113
0.0026662043077742893
0.002649661333639028
0.0026546295751730072
0.0026246711439141877
0.0026260771115212043
0.0026273221082966708
0.0026461355930871627
0.0026488764679812762
0.0026495325770822687
0.0026545617627446684
0.002624286156979059
0.0026252081389718804
0.0025807064540550846
0.00254767125500649
0.002562256926277038
0.002563317748487598
0.0025643263435261433
0.002565176302539576
0.002567070679558762
0.0025678689146008105
0.002571965858563111
0.0025729264234534365
0.0025568560930693232
0.002557652489128047
0.0025139667567939225
0.002452454681396635
0.0024532704497777984
0.0024540357256740398
0.0024550057608080777
0.0024560276792466103
0.0024082660900549345
0.0024089180842898194
0.0024098214285714283
0.0024107756939502835
0.0024113787773651432
0.0024124348997127836
0.002413542306293631
0.002414650730031491
0.002415356620827491
0.002416618167166584
0.0024175778240903847
0.002418285427567916
0.002419044033950866
0.002420157517971096
0.002421069313088485
0.0024221846627877405
0.0024232502738389524
0.0024238596155112643
0.0023946274103487032
0.0023991771396615685
0.0023711603908003255
0.002338667434393356
0.0023394040844325384
0.0023435929290110398
0.0023443808403149453
0.002319038609768062
0.002320306803522352
0.0023217229646778216
0.0023229451814417074
0.0022781850353892825
0.002279385419520729
0.0022802024035420624
0.002295226042325811
0.00230102126941256
0.0023023815556118578
0.0022890794401734683
0.002289756482303067
0.002255594070567017
0.0022706447884067783
0.0022724067414145693
0.0022735129567309394
0.002244315975972161
0.0021956954624412156
0.0021970451703160446
0.0021977905472742314
0.0021644883872245333
0.0021691290934306986
0.0021716967907737406
0.002173288238234896
0.002177941131800371
0.0021793776767286845
0.0021808625509096057
0.0021815592824282553
0.0021828145216530944
0.0021836521506080424
0.0021847699897312766
0.0021862021520586217
0.0021875559243171136
0.002188771077375103
0.0021896599279205564
0.0021904089937700515
0.0021912991753854183
0.002192424650051769
0.002194124058084493
0.002195393152976701
0.002197087564980542
0.0021985959062248432
0.0021996340927442027
0.002200815040931008
0.002205673192823479
0.00220681126214944
0.0022144536465885166
0.0022159308067254617
0.002221381294905006
0.002222338498031177
0.002223679969120404
0.0021784263268461303
0.002193565226863312
0.0021945123825561656
0.002196409149886969
0.002172812056080538
0.0021252837900756906
0.0021263877380230936
0.002128936459815628
0.0021301357566903345
0.002131059212604277
0.0021319372376512134
0.0021053827757374776
0.0021208578932191456
0.002122285863218055
0.0020794343938448736
0.002080383535782596
0.002085638048833036
0.0020869091150303052
0.002087499779690238
0.0020886366135353185
0.0020584895830090015
0.0020598813340520165
0.002060375633674062
0.002049635218557086
0.0020350233634656525
0.00203640177420412
0.002037960290387474
0.002038851942597129
0.002041471493820134
0.0020421867017006053
0.0020431261728990043
0.002044380146569927
0.002045680528747733
0.0020504604940710007
0.0020513608653332446
0.0020529384191715
0.0020557131235846354
0.0020607820704626116
0.002010374707431782
0.002011703119608231
0.0020130776577767973
0.002014276367539274
0.0020160341276846123
0.002017369544417457
0.0020124102842497956
0.0020131664114424633
0.001982889455519008
0.0019841182018895858
0.0020001560727045706
0.00200108668702886
0.0019505135180499292
0.0019515085455732212
0.0019530246672818418
0.0019539788644143607
0.001955064311743717
0.001960292222472835
0.0019609463218485767
0.0019621248013973985
0.001964833239471872
0.0019807842912536048
0.0019141687131252578
0.0019151508198532376
0.0019164333441756538
0.0019174606010716252
0.0019189177682695784
0.0019201194523255712
0.0019211506657800961
0.0019225703941861145
0.001923733551859392
0.0018393220223144875
0.001844465960898476
0.001845832999117671
0.0018471605485293034
0.001851738829230791
0.0017779463508920809
0.0017795772579438335
0.0017802184603968152
0.0017813416772360397
0.0017817833288791439
0.0017829889472084483
0.0017840351369271957
0.0017862249428601533
0.0017913627267445616
0.001755213414568487
0.0017298875653893196
0.0017354257671358467
0.0017364483641339778
0.0017377480124979618
0.0017389706677042132
0.0017404322199542884
0.0017418170323508146
0.0017429661188618402
0.0017115280176128365
0.0017128147048868757
0.0016611724952658921
0.0016621199824868465
0.0016627269417409784
0.001629793991603037
0.0016306133953192777
0.0015786246339069927
0.0015797447383622712
0.0015807216091209405
0.0015817550153740068
0.0015830971764924297
0.0015746400479207388
0.0015757613545498601
0.0015767392784355966
0.0015543613108514578
0.0015418765315202765
0.0015429773392510318
0.0015439373887546448
0.0015600914348954562
0.0015621153372722798
0.0015630532846827706
0.0015643899996147773
0.001565077309654843
0.0015662362505978003
0.0015678689182824096
0.0015689592557391998
0.001570160379838847
0.0015711080160940886
0.0015722028648857919
0.0015732261013744907
0.0015740676139755188
0.001575313239458474
0.0015760468816703537
0.001576781207532518
0.0015813639118072067
0.0015825072886297379
0.001599100676048887
0.0015999595242543122
0.0015507046532825396
0.0015519015764606826
0.0015530276431898514
0.001554118942215352
0.001559008734511477
0.0015601865189165292
0.0015613581049822665
0.0015625314519213355
0.0015637433144307577
0.0015104665557553456
0.0015117113480664225
0.0015131008213895728
0.0015139928536617687
0.0015149216836333403
0.001515923237447605
0.001517069493203709
0.0015177867837442309
0.0015187202761125268
0.0015197988105383241
0.0015214194874850343
0.0015380194802628833
0.0015550425751166075
0.0015564829423041042
0.0015179448526249555
0.0015222352468160533
0.0015271436164365556
0.0015276526037149775
0.0015287808552686814
0.0015298742995195412
0.0015351288335611513
0.0015017877749165802
0.0015030437503555784
0.0015040500442920224
0.0015051657283238248
0.0015221379598938684
0.0015233781691161453
0.0015246935365420483
0.0015262676499171097
0.0015434599040250443
0.001544461885641468
0.0015335093182646236
0.0015351345027630012
0.0015360964592141687
0.001537541656471529
0.0015388409456206066
0.0015402540910032453
0.0015417444191029098
0.0015428267116679405
0.0015602485876488347
0.0015780818184232925
0.0015794608252796957
0.001524265374549645
0.0015255255881167758
0.0015266392730256069
0.0015280894966682326
0.0014950449540709375
0.0014962119892109646
0.0014976367790432007
0.0014986247626493912
0.0014997607229311266
0.001501229025276312
0.0015030684511410856
0.0015049123901590962
0.0014652779239489125
0.0014829965413718639
0.0014639892961416433
0.0014652149951337344
0.0014294398539167745
0.001430321092729852
0.001431415339018804
0.0014325112608639407
0.0014337151708617006
0.0014352761791641335
0.0013783902646655511
0.0013794832763981569
0.0013805437858111203
0.0013818802933858166
0.0013834943988033108
0.0013849399845518862
0.0013866303240353604
0.0013880132550190146
0.0013934543120966878
0.001394602849507063
0.0014000595238095237
0.0014017416137460188
0.0014032519219319187
0.0013895407928665182
0.0013740953528572145
0.0013754074350616715
0.0013766181505926482
0.0013784555828980124
0.0013837680449738116
0.0013851295746999256
0.0013867039036265143
0.0013881063145322855
0.0013897929564697486
0.001336468594888727
0.0013377568880980767
0.0013386737646777246
0.0013396599589918527
0.0013033097854526425
0.0013044711736057814
0.0013058675745052702
0.0013080840847846
0.001309788407098271
0.0013117794101710847
0.0012534632200846654
0.0012545550590281971
0.0012553590960584398
0.0012568089628377595
0.0011808432690037663
0.0011822098451560441
0.00118327492648582
0.0011844639943068185
0.0011862980030721967
0.001187155818889717
0.0011929079324037308
0.001194699595662902
0.0011959073639305896
0.0011968380794260217
0.0011982368720804687
0.0012168156657666057
0.0012183043771444436
0.0012195106819631286
0.0012204965434683534
0.0012394007211239588
0.0012404695329931174
0.0012413778503372896
0.0012420924619684335
0.0012439803878258764
0.0012453510931880163
0.001247445605314893
0.00124852834347837
0.0011881571624121905
0.0011897544425155994
0.001151976406074983
0.0010917025071334801
0.0010938965715496113
0.0010953176307507016
0.00109627675301931
0.0010971792780317545
0.001098842643605663
0.0010559745125344655
0.0010574672351537366
0.0010589076183862786
0.00106018180730056
0.0010614590663851748
0.0010626254736570727
0.00106353762299469
0.0010648515845518504
0.0010662548151790837
0.0010676905005552605
0.0010690147499897284
0.0010705735013128218
0.0010721657980913234
0.0010740246254264945
0.001076094317870455
0.0010774395088759998
0.0010561423012784882
0.0010577540731512662
0.0010590817133969744
0.0010604996096799375
0.001061717974568787
0.0010631720640485844
0.0010644549614492573
0.000942337719401486
0.0009483992733435755
0.000949522288399856
0.0009503597481106988
0.0009518288627215915
0.0009530390376161519
0.0009540146745138028
0.0009738070830249368
0.0009748875002806714
0.0009757264740330644
0.0009818251143873921
0.0008779322938614972
0.0008792045885853364
0.0008802103470220988
0.0008811937947995598
0.0008828460023400414
0.0008845044171816817
0.0008859948618984762
0.0008871908391017476
0.000827119880101131
0.0008284025257549941
0.0008491386154868886
0.0008501236114759949
0.0008514244155059091
0.0008534877559517049
0.0008551870603181825
0.0008562098948247711
0.0008573329531413362
0.0008583854359969926
0.0008596125072666798
0.0008610156548300876
0.0008620277722029491
0.0008824570974626963
0.000884056303455682
0.000885355150327927
0.0008866834001711817
0.0008666512595331637
0.0008685581933989576
0.0008694896095991652
0.0008033294618660472
0.0008045910157234534
0.0008065848420357036
0.000813672817877443
0.0008150054593667134
0.0008165577597405769
0.0007686665688719379
0.0007699315289899792
0.0007712006593471286
0.0007729069561626055
0.0007739800892144989
0.000775675755691743
0.0007769869513641756
0.000778348830991355
0.0007422402159244265
0.000743634863352123
0.0007448344535723176
0.0007459932780819595
0.0007474468893019166
0.0007488611903689243
0.0007506422607578677
0.0007720377574715763
0.0007733671681469397
0.0007039838628340898
0.0007052856002505886
0.000615540369526702
0.0006167579630756746
0.000618263168598739
0.0006194158338172519
0.0006213461479599645
0.0006229478012704453
0.0006243656383600406
0.0006255199827442763
0.0006268721242627304
0.0006278609427192874
0.0006288139268345569
0.0005370669315782938
0.0005381361204429513
0.0005390247702134289
0.0005401186387761473
0.0005411830950667877
0.0005423537525863691
0.0005436490478285464
0.0005446931771669658
0.0005457068954640086
0.0005467762326169406
0.0005480233147491131
0.0005248177422256082
0.0005262041162741355
0.0005273958765298202
0.0005285254565991093
0.0005300334476752264
0.0005310378792745338
0.00046469199399012663
0.0004656514819116445
0.0004666451126198944
0.00046768845252368146
0.00046840180870167243
0.00047519854185652913
0.00040561554605856963
0.00040645090988340423
0.0004072897216671581
0.0004082124017773109
0.0004090854253720704
0.00041012446672824036
0.00041115520282186956
0.0004122184647348762
0.0004129577963774856
0.00041393392593579034
0.0004149839235450531
0.0004165270798436628
0.00041756224252194167
0.0004185602872692589
0.00041957727308518665
0.00042077002041806275
0.0004219552478562864
0.00042317597540360557
0.0004240708528030743
0.0004248533515576059
0.00035401464021834713
0.0003549631868823927
0.00035570854847963285
0.0003566292781133161
0.0003575424149106721
0.00035824897147875934
0.00035923286401297875
0.000360184507418639
0.0003609141606417287
0.00036190009222615257
0.0003628404555403397
0.00036351696803395956
0.0003645043328982798
0.00036556172686642846
0.00037243287340829286
0.00037318737560420814
0.0003742381580354279
0.00037513397642015007
0.000399880632646971
0.0004010007062400498
0.0004019823127782377
0.00040285243575405554
0.000404003859141341
0.00040516188333756636
0.0004060901398889616
0.00040696332470814046
0.0004083772186463819
0.00040959053173409625
0.00041059959798009506
0.00041159847647131097
0.0004130753770083478
0.00041456291456291454
0.0004158133184385279
0.0004172427107075689
0.0004184779893069505
0.00041981528127623844
0.00042147907702372864
0.00042307595160516275
0.00042463652381133463
0.0004263225543720332
0.00042767777352227754
0.00042892627589562367
0.00043031470777135514
0.00043172884850828017
0.0004334213113905708
0.00043495760786299483
0.00043633427112639366
0.00043770251907599035
0.00043916571623340016
0.00044095192965829514
0.0004424895651714482
0.00044416159526934753
0.0004464166733296021
0.000447777154008608
0.000449652358325951
0.00045143380767572225
0.00045288018277433046
0.00045396644713662355
0.00048257955765806183
0.00048409971090383465
0.00048566933442779946
0.0004874298032431245
0.0004903789040376832
0.00049239902352419
0.0004945805121346374
0.000503693754197448
0.0005052844330287592
0.00040851399512600547
0.0004102999434069044
0.00044057872146897474
0.0004423705352683477
0.0004443297786951038
0.00044615229624512474
0.00044814525688842633
0.00034897923573547364
0.00035024736219955337
0.0003522056881218631
0.00035345056110276565
0.000355508154468293
0.0003572385460391175
0.00035896975679798967
0.0003606365234639137
0.00036238448994383034
0.0003639010189228529
0.0003657142857142856
0.00026021337496747333
0.000261474098683401
0.00026260098552605154
0.00026397105635005667
0.00018749414080809974
0.0001884303749764462
0.00018967234103086918
0.00019100372457262916
0.00019252984212552945
0.00019348909205243556
0.00019465667429071975
0.0001955607705094358
0.00019644435713584126
0.00019773592367393347
0.00019859987091008392
0.0001999000499750125
0.0002012983745156258
0.00020239842129231392
0.00020343810395687112
0.00020498103925386903
0.00020627062706270627
0.00024272686292867298
0.00024409805767688393
0.0002459505990653877
0.000247411020393737
0.00024894199651481205
0.00025030394049917757
0.00025308675452392573
0.000255316044789729
0.00029371810404963837
0.00029621401462556697
0.00029850189362138767
0.00030118213989910396
0.0003039975680194558
0.0003066015138449746
0.00030948374243215535
0.0003116356978691909
0.00017691808692575338
0.0
0.0
0.0
0.0
0.0
0.0
0.0
0.0
0.0
0.0
0.0
0.0
0.0
0.0
0.0
0.0
0.0
0.0
0.0
0.0
0.0
0.0
0.0
0.0
0.0
0.0
0.0
0.0
0.0
0.0
0.0
0.0
0.0
0.0
0.0
0.0
0.0
0.0
0.0
0.0
0.0
0.0
0.0
0.0
0.0
0.0
0.0
0.0
0.0
0.0
0.0
0.0
0.0
0.0
0.0
