0.00476849114077259
0.0047691100062683634
0.0047818409536099825
0.004783078684601528
0.0047831536986010165
0.004785010295088336
0.004788104622567201
0.004788104622567201
0.0047450050612544295
0.004746242792245976
0.004746242792245976
0.004746861657741749
0.0047394942113634965
0.00474011307685927
0.004744445135329682
0.004744445135329682
0.004744533222166824
0.004745770976138468
0.004745947205588555
0.004735263813297632
0.004676468316413794
0.004676863022738646
0.00467694986288687
0.004677655652195128
0.004626902085519177
0.004626902085519177
0.004600906356246129
0.004600906356246129
0.004602144248116275
0.004606476869661783
0.004605144735384897
0.004617609858526137
0.004617609858526137
0.004592608552382432
0.004593931868975481
0.004594187817339462
0.004550938877874033
0.004550938877874033
0.004551023398691169
0.004551023398691169
0.004557214122510599
0.004557214122510599
0.004557298761444583
0.004514484342753199
0.004515890305630522
0.0045164118688613645
0.004473773418974093
0.0044757140481822095
0.00445885236039646
0.004459018021534481
0.004471568592838234
0.004448119921178989
0.004451298898023098
0.004452620154768253
0.004422894743257087
0.004424916997074836
0.004426155601910349
0.004438541650265482
0.004438624115784874
0.00444205080827507
0.004445312802966026
0.00438035898463696
0.004383537411202998
0.004383618868396501
0.004406081650633489
0.004380765997978529
0.004381466873268091
0.004395176750801712
0.004396824259359081
0.004398499093661511
0.004402380006622002
0.004416174651380204
0.00443005266939804
0.00443005266939804
0.004435092110225925
0.004435339456975082
0.004435669295560415
0.004435834233250355
0.004380301955443236
0.004381622973044332
0.0043817859192315034
0.0043849664999895295
0.0043849664999895295
0.00438831039998519
0.004348181526442833
0.004348343253048741
0.004353117746653734
0.004322443649239333
0.004322604439480167
0.004328884774607257
0.004328884774607257
0.004329206864248225
0.004332629430922152
0.004332710030483698
0.004332790633044075
0.0043250510577733554
0.00432839341771605
0.0043100283012426415
0.004310108498259951
0.004326935376837195
0.004327337979827391
0.004327579577585598
0.0043290619509901394
0.0043291425216573825
0.004329464834319532
0.0043326476380701326
0.0043326476380701326
0.004335830560307954
0.0043359919776252654
0.004336072690791022
0.004336395573505306
0.004312435510704556
0.004312515797329967
0.0043125960869449
0.004284908693552003
0.004302500952293766
0.004302581070370417
0.004303061841497172
0.004307487512326389
0.004307888656628152
0.004308498952152416
0.00430865946249803
0.004268539111388176
0.004274907785224914
0.0042751467092213315
0.0042753060067233055
0.004259859831157359
0.0042448085124134815
0.004245746060255294
0.004249089343176735
0.004249326908274754
0.004249919501691443
0.004250077924128275
0.004250315579930184
0.004275327397043463
0.004275486787394917
0.004275646189631417
0.004277590071334335
0.004294951614597074
0.0042955469920421905
0.004295707178012956
0.004269603359397204
0.0042138237436358545
0.004217246000780546
0.004217560591508291
0.004208826752772435
0.0042127924809181065
0.004200515070508422
0.004200671771063168
0.004201371888671576
0.0042016853829457326
0.004202077316584678
0.004217938759970619
0.004233881570172197
0.004238058548745013
0.004239698313567246
0.004239856579177996
0.004240173145849952
0.004240568920673153
0.004241082842879197
0.004241241198597324
0.00423089891702919
0.004231214909255567
0.004223435858492503
0.004167728925596779
0.00416819595035312
0.004168818812868117
0.004169286081929899
0.0041699092703132825
0.0041703767838722535
0.004170608146835369
0.004136216585221866
0.004137771795632249
0.004141819403848591
0.004142361384927347
0.004142671152090175
0.004146174564681128
0.004146484669171671
0.004156066917086842
0.004159572368459537
0.004128635619823642
0.004129176188989958
0.004129485149216599
0.004129948676257089
0.004120333097037435
0.004120641464810896
0.004120872770933088
0.004123830564450042
0.004042774987001951
0.004017273445039499
0.004017724595968247
0.003975745592971468
0.003975968874202119
0.003961913330876964
0.003962061683806301
0.0039623584229977185
0.003965776071495185
0.003965850332792705
0.003966221681001701
0.003966652676015066
0.003928316719255877
0.003929859761391633
0.003923065283205834
0.0039235797353786035
0.003923873768632153
0.003911823488998372
0.003912116696170654
0.003912776573042771
0.003916560813423368
0.003917223576281778
0.003917297015043988
0.003917590797630988
0.003918914211101772
0.003934208798805817
0.003934725254090336
0.003935241844985896
0.003935389467300254
0.00395156614361656
0.00395215924922911
0.003953706744419435
0.003954300304957556
0.003954671370804539
0.0039551909800018435
0.003983794906149395
0.003985093933345442
0.00392107588366974
0.00392122313753348
0.0038969185681393846
0.003878647722142596
0.0038788662949723806
0.0038554349798516465
0.0038588559580504194
0.0038718173793392896
0.0038844167495769074
0.0038732883500410204
0.003873725088560532
0.0038770757969356627
0.0038771486633429122
0.0039027209904415896
0.0038947954073301574
0.0038868084848537837
0.0038871738688205483
0.0038889391023390683
0.003889451055054989
0.003890924320929842
0.0038914366313324926
0.0039044170912153823
0.0039055191414641122
0.003905739626172889
0.0039061806702831952
0.003906548283137783
0.003893111783779346
0.003906681440030278
0.0039112953385400965
0.003924216858177044
0.003927651005665875
0.003909399227362006
0.003871572235270341
0.0038717910093653838
0.0038765804636221313
0.0038768726388153495
0.0038770187429283632
0.003878786562272674
0.0038792251984445954
0.0038358257086946327
0.0038364042537007517
0.0038146244457535144
0.003814984092053531
0.0038154877108187474
0.003771697527875479
0.003756964012609708
0.0037701072380156232
0.0037572116542746387
0.0037577079085027213
0.0037548465310820204
0.0037584880014876715
0.003759973285904269
0.0037619416906527247
0.0037748837538099027
0.0037786012177277446
0.003779172121989238
0.003780444239148876
0.00378101560531515
0.0037625499380369103
0.0037631187501519616
0.0037370158188071265
0.0036941067577836023
0.0037084587574931914
0.0037247756605635883
0.003726529345042355
0.0037275161503693066
0.003728009749042315
0.0036845666771464004
0.003685054745397702
0.003685333699599583
0.003710988007076273
0.003708395038279823
0.0037100081661783895
0.0037166704789595812
0.0037173743005133445
0.0036893182964131705
0.0036612569783739265
0.0036379547619781673
0.0036387819615450786
0.003639057778335478
0.003639896364347234
0.0036106171996362567
0.0036142555464671565
0.0035957089490582725
0.0035653530151790193
0.003565961541039265
0.0035662320636588745
0.003557626399448751
0.0035578963767888723
0.00355863902579824
0.0035880093147041365
0.003601910075596929
0.003602388752917932
0.0036060321545041
0.0036098136262183492
0.003611201030450803
0.0035847460176618487
0.0035852227941267386
0.003585495294766648
0.0035897536170069197
0.003603178597167637
0.003577106674228356
0.0035674402381734587
0.0035681416655628903
0.0035687525906078835
0.0035689562787813134
0.003570971943292612
0.003571447674177262
0.0035722635078041967
0.003572739582902809
0.0035779993511188355
0.0035799506045744063
0.0035804279676922065
0.0035809054581335147
0.0035814513174667034
0.003566547499656416
0.0035318506361684122
0.003548208274718559
0.003562595740552337
0.0035632751066355848
0.003567065538682015
0.003569017758633056
0.003569766836964385
0.0035633371940660625
0.0035640853656471795
0.0035648338514720737
0.003554422424523878
0.0035548296759331083
0.0035569419389859308
0.0035005154053776404
0.0035009835675449625
0.0034328583971967004
0.003459371351425159
0.003460098763060234
0.0034344335243624694
0.003435024569770796
0.0034484316673737254
0.00343607581961522
0.0034377455110850305
0.0034387322348252963
0.0034522816808037946
0.0034528103609999363
0.003453273089017224
0.0034286654268619347
0.0034328241453499705
0.0034014253775166967
0.0034018815160948806
0.0033705335618311946
0.0033434541863145164
0.0033440950139655137
0.0033580909279907352
0.003358928003885502
0.003344612177194225
0.0033481293657320874
0.003364434298603078
0.0033650151858340225
0.003369052716326452
0.0033726391326725914
0.0033734159997946753
0.0033740636625063047
0.003374646771613253
0.0033880989223878857
0.00340423470518205
0.0034065620202495743
0.003407216637367553
0.0034076750190646155
0.0034078715061210112
0.0034086576809883324
0.0034091164505281693
0.003409640909810586
0.00337014259743466
0.0033705315498002947
0.0033618839437980826
0.003362789780615827
0.003367034265977791
0.0033674880791297827
0.003300732983046728
0.0033013051770650155
0.0033278845964783877
0.0033285900372122435
0.0033360850299729472
0.003336728229893894
0.003338528505497084
0.003339301208682726
0.0032993065021812394
0.0032473935414090516
0.003248396248898004
0.0032502473217406905
0.0032511886220810025
0.003251879255587035
0.0032524445376456027
0.0032529471755991086
0.0032534499689335647
0.003211960829057751
0.00321301627187391
0.003204280681078823
0.003206251590478706
0.0032339515946548953
0.0032023950786526224
0.003202952782085504
0.003206860406674603
0.0032141205464213864
0.0032180323656584185
0.0032184686076275415
0.003219029663982013
0.0032196532893964
0.003220339556495502
0.0032210885452478607
0.003181188466753196
0.003182052115499212
0.0031824841157476265
0.0031560663347894894
0.0031579109460366716
0.0031308297784776572
0.003099266818571874
0.0030999889357654913
0.003100590957192824
0.0031011329764340395
0.003102157307764783
0.0031061198489048046
0.0031066632357306056
0.003106965199459511
0.003047412876497632
0.00304812409952733
0.003048894965866406
0.0030492508818513704
0.003049844259854377
0.0030504972424508386
0.0030526861004646125
0.0030217039322822208
0.003022469248505718
0.0030234706317807387
0.00302429579872705
0.0029604839648124607
0.0029610613047954576
0.002909454368368762
0.0029098516487327327
0.0029129071377783696
0.002903492063492061
0.0029040587090938355
0.002909634563025681
0.0029103163754598993
0.0028868526388009163
0.0028875294167262804
0.0028884887288248605
0.0028937273073087588
0.002894632622644822
0.0028675592812512102
0.0028687376380316246
0.002869299100754847
0.002870141707041409
0.002871751490941805
0.002844458251663938
0.0028448483921091464
0.002848951396608241
0.0028509844705343432
0.00286478444042911
0.0028656273546426533
0.0028662985696534826
0.00282074137193236
0.0028214056749598588
0.0028222918992089332
0.002823234122697996
0.0028239550711460803
0.0028245653921037516
0.002825165384854117
0.002786795118529665
0.00278876342777247
0.002789970257219163
0.002794567926224553
0.0027884470588088245
0.0028022859042881464
0.0028161318354307696
0.0028163536829048067
0.0028174634447784394
0.002818074186681929
0.0028189074433899956
0.002819629997893694
0.0028205198044057214
0.0027932962643510743
0.0027939026518095387
0.002794729968213857
0.0028219983531107343
0.002822667244813528
0.002836675912231114
0.002824061788134352
0.0028244525072274825
0.0028248433344503533
0.0028256253134649125
0.0028018480167284606
0.0028025131306965473
0.0027770160866034993
0.0027789401987802728
0.002721299460171627
0.0027220540292435696
0.0027233485502419024
0.002724212248493713
0.0027249144068145974
0.0027255628742986187
0.0027261575740172937
0.002726698435372348
0.0027272936307921308
0.002727780802169495
0.0027287556672459167
0.0027305672419559246
0.002731814968076737
0.00273273793356469
0.0027334441516216304
0.002734368218489361
0.0027351296839889104
0.0027356194215178756
0.0027398073807881145
0.0027439433825673927
0.0027442711676291206
0.002744926972747343
0.0027458565667259223
0.002696786546344067
0.0026974854882109794
0.0026981847924694795
0.0026785397636020026
0.0026590682429785345
0.002616829832398693
0.00260578999646928
0.002606414511747044
0.0026203048656553503
0.002570416783624894
0.0025713930343522935
0.002572215715587039
0.002572781614362444
0.002573450724933138
0.0025738111594171115
0.0025276817428067483
0.002528592819748027
0.0025290992574535185
0.0025311442150067797
0.0025318036049068854
0.002471933452753941
0.0024760180056679778
0.0024799558216442095
0.0024837958983566664
0.002484792606181047
0.002455386013167089
0.0024562733595419085
0.00245686528018442
0.002458796604506067
0.0024598709619806642
0.002460859854829702
0.0024619485556985534
0.0024458793185912287
0.0024365569617989164
0.0024375869488394127
0.0024379795539449236
0.0024390107443139713
0.0024398953163233534
0.0024407805301925774
0.002441174164790734
0.0024419618150082548
0.002409178120265022
0.002410053230370458
0.002410977647678968
0.0024251215533701736
0.002396903630087485
0.002397678543364539
0.002402259734717026
0.0024063101746060614
0.002407429886793808
0.0024082581701330543
0.0023622323069590776
0.0023630935100766776
0.0023558030608845084
0.0023564714821656153
0.002357092498794133
0.00236114128641757
0.0023619555060992834
0.0023632548619867263
0.0023641182916153978
0.002364886314450789
0.002342101665712324
0.002356887694041698
0.0023577022479216044
0.0023588531653211797
0.002330552882977241
0.0023312644007913875
0.002331928876169275
0.0023339513930911767
0.0023348072608554197
0.0023355209636312514
0.0023024011281610195
0.0023046998798023606
0.002288544647006341
0.0022897125101656625
0.0022957875333186784
0.002296772628396419
0.0022977116004650176
0.0022981813744627822
0.002298839380868952
0.002303095723583048
0.002304626372901683
0.002271213252665162
0.002272440611098757
0.0022935312948628517
0.002294471363023468
0.0022956946043332874
0.002296306714224508
0.002297579062954916
0.0022984280790525773
0.002299419391224689
0.0023003642933784696
0.002315262048474799
0.0023161189358372448
0.0023186815698644533
0.002319254107393536
0.0023205911284972422
0.0023212602172977812
0.0023225038349703494
0.002323461371080418
0.002324563514160725
0.0022945738566676516
0.002300052513661577
0.0023009547930058307
0.0023052526253947267
0.0023094105034560802
0.002310221928277483
0.0023144797991284222
0.0022866691029610163
0.002256294242472313
0.0022621988526845063
0.0022631358525820686
0.0022637922144882697
0.0022646090254817433
0.002265219179208816
0.0022657357199947215
0.002266722497756551
0.0022131163473186255
0.0022141733197009574
0.0022154614321661893
0.0022175376784126645
0.0022184598273588805
0.002218828901716168
0.0022201216295974816
0.002177195483052857
0.0021780860763911604
0.002179129677411034
0.002193977503468562
0.0021947093476927105
0.002195624839849592
0.0021966327637807474
0.0021972287902867513
0.002198192285893267
0.002199156626865582
0.002200167796756924
0.002204342181763154
0.0021927609804876535
0.002194100645886322
0.0021774402519484136
0.0021819331191582953
0.002182435795018784
0.0021832588553031044
0.0021351769732646255
0.0021362963673075648
0.0021373720903744816
0.0021383591219863254
0.002139391993855735
0.0021402909547120308
0.002155429564409636
0.0021562000891198656
0.002145096000408704
0.0021458182397556566
0.002160802005012531
0.0021620309489203383
0.002162349792232234
0.002163398082711785
0.0021784602160385036
0.002179977249615132
0.0021811279248519283
0.0021824642308860835
0.002200627514435045
0.002201697609634352
0.002205874207566076
0.0022070410898172217
0.002208115712360266
0.0022091445918619485
0.002210408618817536
0.0022261876990102127
0.0022415292894574926
0.002243099787685775
0.002243909691396045
0.0022412266723325896
0.0022425608209140323
0.002243944293169957
0.0022454728655767484
0.0022466685125627425
0.002247817532195396
0.002248823888912577
0.0022504551402400866
0.002230119599012472
0.002231214942626918
0.00223226366989987
0.0022332179141908545
0.002234172974668206
0.00223560709802579
0.002237138860340299
0.0022379055289010736
0.0022390085360191434
0.0022403047586374483
0.0022412658915726396
0.002256244099218951
0.002207503148975151
0.0022084040351969983
0.0022097804906006414
0.0021966324753241724
0.002197341249354672
0.0021986181959062438
0.002149784985605881
0.002150804082541461
0.0021516849895810877
0.002152427365909058
0.002153588355016649
0.002154192564456722
0.002158814469346922
0.0021596538217844596
0.002161747547642712
0.002162775616083009
0.002113341119137218
0.002114209884823702
0.002115308294548472
0.002084326213480063
0.002085320040456582
0.002086948348660999
0.00208826189184301
0.002038416165476113
0.0020395232302166614
0.0019625105063327828
0.001963492167054508
0.001946257615317668
0.0019472320787165035
0.001964692896460576
0.001965934936309667
0.001966449343305496
0.0019675218896355127
0.0019689394435590105
0.001970402091663208
0.001971522054376262
0.001977234278380586
0.001993257295474945
0.0019269110268825454
0.0019276289834743352
0.0018814197463172138
0.0018311280802229394
0.0018320124695396373
0.0018478650879081451
0.001849043055189191
0.0018503853289044343
0.00184390451457664
0.0018449195898384463
0.001846057801770042
0.0018475232823950553
0.0018485015627872777
0.001849276769817096
0.0018503386336866908
0.0018514017177118788
0.0018524660239969347
0.001853859656886608
0.0018549678600157937
0.0018559129304743347
0.0018569412738166484
0.0018578471590867099
0.0018587539286374567
0.001827522691462684
0.0018289838978345365
0.0018302847109550376
0.0018312208138759176
0.0018321171131084812
0.001781433904015555
0.0017818305980507867
0.0017867355958137432
0.0017876119347527222
0.0017401228234524392
0.001741093679097205
0.0017568342004004142
0.0017578546800414054
0.0017369495870971589
0.0017417276327270285
0.0017431706224809672
0.0017446160051991125
0.001745476558821551
0.001681329203884076
0.0016823486260507659
0.0016835584320246894
0.0016847699792355377
0.001685641856418564
0.0016862489120974759
0.001687540358306678
0.0016884531590413941
0.0017043618132756067
0.001705938999984953
0.001706632345857418
0.0017079821330380613
0.0017126772027402835
0.0016455553042298123
0.0016468590831918506
0.0016473811734335727
0.0016522402489501191
0.0016536641417577598
0.0016546397990983629
0.0016708295488949438
0.0016715886718158411
0.001689437510892875
0.0016908212560386477
0.0016917065027695578
0.0016925155814677328
0.0016950375620019902
0.0016961971434869528
0.001644076305220884
0.0016461985634282934
0.001647439558347611
0.0016636190476190479
0.0016680767383897743
0.0016694127877706073
0.0016705979343669133
0.0016714400274945584
0.0016732182439589
0.0016742932315875277
0.0016762162919013055
0.0016787173397194784
0.0016449051266967485
0.0016458138094690058
0.0016474532330550018
0.0016484782644478463
0.0016495806457988815
0.001650798778919885
0.001653405554712533
0.0016543605959284896
0.0016560058502331503
0.0016573474284744337
0.0016588833248935653
0.0016600756040151385
0.0016615394475421395
0.0016703985669502908
0.0016713299943243482
0.0016725735145135731
0.0016738967838444275
0.0016747931245509934
0.0016759637082548406
0.0016771359294440518
0.0016782706363463655
0.0016838875488073275
0.0016853832531352926
0.0016879774022631165
0.0016891236427133023
0.0016898358856286143
0.0016912225232859185
0.0016614037204895097
0.001662261843273253
0.0016314606389561156
0.001634563371669136
0.0016516410485762933
0.0016526524876149203
0.0016544117647058823
0.0016556603773584906
0.001657419430999882
0.0016197521527104846
0.0016367076631977292
0.0016415426241017266
0.0016431758063879347
0.0016446562502469748
0.001590540593981097
0.0015753576402076214
0.0015766675377537043
0.0015780171354748717
0.0015830339368848496
0.001584391049301868
0.0015856371147124249
0.0015873773281799243
0.0015884384599468401
0.0015898048586220632
0.0015951595159515953
0.0015964958471959597
0.0015978344193177463
0.001599290269985134
0.001544009467152818
0.0015450101213765075
0.0015463091977770305
0.0015330736804987902
0.0015348449108618563
0.0015362870519832
0.0015418254312770305
0.0015431279315810226
0.0015444326343930174
0.001545590072122165
0.0015466369918797531
0.0015479101598753929
0.0015494482413196972
0.0015505756047083177
0.0015517046098085857
0.0015527221210281325
0.0015536654515998383
0.0015551393382144281
0.0015571088758453287
0.0015627666577272845
0.0015297160144432521
0.0014982462136933687
0.0014996375129314211
0.0015170041409892732
0.0015178578710840333
0.001519158870875578
0.001520797581106481
0.001450022081554542
0.001451339603644312
0.0014528380736989607
0.0014540891644523183
0.00145487666781547
0.0014559877805424854
0.001474045939591247
0.0014753194605580386
0.0014765951839773373
0.00142003543907364
0.0014215467881128006
0.0014227440877262526
0.0014239081029709525
0.001427082299215726
0.0014283939883244327
0.0014298147457416396
0.001435101079229194
0.001436638432154128
0.0014387233512030927
0.001457126689301645
0.0014586196842850604
0.0014606272939606281
0.0014620176009885952
0.0014803112749400276
0.0014818719615767592
0.0014832495812395316
0.0014850405849600866
0.0014863118317471513
0.0014879602090369854
0.00148987540906376
0.0014913056292366644
0.0014932294565015774
0.0014949689357104275
0.0014964089564850028
0.001497319873518322
0.0015196899697077397
0.0015211186489485148
0.0015224725768441761
0.0015239840813244074
0.001525926303536989
0.0015275226236646942
0.0015290441771171224
0.001530607896777713
0.0014895577395577402
0.001491046037967874
0.001415348324401939
0.0014170923933971716
0.0013310021512011592
0.0013326468442957057
0.0013341236706011722
0.0013359484545837747
0.0013372944114354607
0.0013016455903523067
0.0013029259748216031
0.0013042764720617075
0.001305731382518765
0.0013071555947990793
0.0013083448138424619
0.00130980881995767
0.0013115152778501577
0.0013124386152468866
0.0013136374708563876
0.001315594587765842
0.001290738948047758
0.0012921927113346261
0.001293989071038252
0.0012951780869869614
0.0012974944330475344
0.0012986215307940023
0.0013002644456744249
0.0013016710642040463
0.0013029086555391232
0.00130425203789381
0.0013058746713254634
0.0013070856406044394
0.0012644013545894236
0.001265946051222125
0.0012275104138970135
0.0012289481623453836
0.001230618863565685
0.0012316366093977878
0.0012331169814008569
0.001234303843720201
0.0012363201399675078
0.0012386420548043218
0.0012399061789403953
0.0011447268163686077
0.0011463298593344647
0.001147968356706221
0.0011495494522311344
0.0011505126403229006
0.0011520695752589227
0.0011535682023486905
0.0010099640138158013
0.0010110335713833145
0.0010121879389243802
0.0010134828606166183
0.0010145875342888802
0.0010162768057792211
0.00101755440773232
0.0010189188696112235
0.001024376883045741
0.0010258660888169623
0.0010457013616093909
0.0010472260430994954
0.0010486973929493004
0.0010497963836261178
0.0010508106516498275
0.0010523211883304764
0.0010537777285645736
0.0010735105272396367
0.0009915184476076843
0.0009466118335741542
0.0009482982592881266
0.0009495405598758721
0.0009512905717982369
0.0009529137529137528
0.000907563025210084
0.0009083772569249747
0.0009096013475575519
0.0009107263323588936
0.0009120081067387265
0.0009133707326699179
0.0008486935576443577
0.0008496528857113251
0.0008507587976193843
0.000811464414593134
0.0008125928238310109
0.0007474138910992383
0.0007504815036195788
0.0007560000379899516
0.0007759678201580463
0.0007774093975077168
0.0007785442367690413
0.0007797718020755689
0.0007810032446090675
0.0007819462411959177
0.0007835681156915275
0.0007175077665887603
0.0007188352171441235
0.0006977417486971626
0.0006991789724099916
0.0007001946599262035
0.0007009889470622454
0.0007022349136047087
0.0007032184645910536
0.0007042459308611671
0.0007053589721075891
0.0007455831769856159
0.0007467872488279452
0.0007485015254519948
0.000750157306905773
0.0007510877483117752
0.0007526213515619605
0.0007541612303799469
0.0007552585993565948
0.0007122591909211754
0.0007134482004809317
0.0007148973455204413
0.0007160309149837946
0.000717211067825392
0.0007180718071807181
0.0007191938618106057
0.0007203627899510394
0.0007214702720083603
0.0007229085490480362
0.0007245938036128771
0.0007258684136034615
0.0007470164890225016
0.0007482434528697875
0.000770395666270289
0.0006800435716539922
0.0006814588115276716
0.0006829218422532333
0.0006840547653425906
0.0006900228640562681
0.0006961557417447017
0.0006977246766076996
0.0006998420710370667
0.0007017979691333105
0.0007027581703411175
0.0007041156494376421
0.000705720709467899
0.0007068685099462028
0.0007080644150636005
0.0007092198581560283
0.0007314261762548464
0.000733177874414403
0.0007350076343916179
0.0007358444816934965
0.0007371033317493004
0.00073876505577782
0.0007398927261548898
0.0007411182603894587
0.0007430353740193104
0.0007449147296749269
0.000746587943353442
0.0007478357761206822
0.0007493531729416943
0.0007510706522908731
0.0007063289228214335
0.0007079091282450338
0.0007096347818550178
0.0007107204861111111
0.0006142439363795484
0.0006375465899431112
0.0006391347099311701
0.0006404992609623912
0.000592631613604188
0.0005942751493941696
0.0005959870207271042
0.0005972130059721302
0.0005984838409362948
0.0005998800239952011
0.0006014032743067158
0.0006251604764615918
0.0006267978465016845
0.0006279998205714799
0.0006296945981199119
0.0006308650737323555
0.0006324039254215085
0.0006338857194602916
0.0006353095999818483
0.0006366964549650954
0.0006383294007682751
0.0006401024163866219
0.0006415102985313997
0.0006433232239683853
0.0006451464251975761
0.0006476084744194653
0.0006489819096292691
0.0006501799605247881
0.0006517690875232775
0.0006537550053117595
0.0006556609296335324
0.0006573001396762798
0.0006595529173438862
0.0006614928476085853
0.0006626434741450716
0.0006646253174772722
0.0006664048647555127
0.0006679548653355281
0.0006698003755666392
0.0006717286216368588
0.0006732306656568207
0.0006749102128377565
0.0006764510478951501
0.0006778758276742807
0.0006802721088435375
0.0006824857104554374
0.0006837356384992003
0.0006857450742686407
0.0006890611541774333
0.0006914604632785105
0.0006936702588876502
0.0006964654379026441
0.0006979497725431546
0.0006999387553589062
0.0007020447052039064
0.0007048280722952223
0.0007074726801844483
0.0007099481484298736
0.0007128491051197842
0.0007158013140066979
0.0007193874929345872
0.0007220309699712478
0.0007241878750258639
0.0007273482959268496
0.0007298794395568589
0.0007318252505848068
0.0007337526205450734
0.000736415759297249
0.0007383674169007028
0.0007409171495858803
0.0007429223380827298
0.0007457121551081283
0.0007485830392471394
0.0007505696287360944
0.0007534781087699471
0.0007566545061478179
0.0006649838503922049
0.0005444399074452157
0.0005464256929360818
0.0005761791093917194
0.0005779869540087523
0.0005803108808290154
0.0005826050769870993
0.0005847464706373736
0.0005868790609935024
0.00058925038932615
0.0004934720694808672
0.0004956103086944208
0.0004978946170479116
0.0005002215266760993
0.0005022457560233615
0.0005043518358406824
0.0005075111652456353
0.0005097508046780559
0.0005123250775806545
0.0005146075015070648
0.000516727197566953
0.0005183342219062851
0.0005200903471231573
0.000522653286742526
0.0005252889088998949
0.0005274261603375526
0.0005302548253189103
0.0005335528522211042
0.0005366205173021785
0.0005391499915276429
0.0005425347222222221
0.0005448658073354504
0.0004379995932860919
0.00043998177218372374
0.0004421494781057052
0.00044452911665714096
0.00044614404079031225
0.00044891218956920456
0.00045084210865294815
0.0003728198145626661
0.000374513539478612
0.0003763335296812618
0.0003789189278241816
0.00038193925505239205
0.00038454464897761276
0.0003867171080285834
0.00038948723159249474
0.0003928601930139209
0.00039584193859286794
0.0002427394885132206
0.00024434089044801644
0.0002464832127326185
0.0002485045352077675
0.0002502368312867535
0.00025173517459632465
0.0002534028381117868
0.0002555957205973637
0.0002579123834788696
0.00025969207939157855
0.0002618045815801776
0.000263653483992467
0.00017078446999886144
0.0001721269149119284
0.00017366136034732273
0.000175049597385926
0.00017651212049894094
0.00017800984987835993
0.00017949024769654183
0.00018127983563961567
0.00018292682926829268
0.0001857700167193015
0.00018805240393656366
0.0001902828872256755
0.00019241870309794111
0.00019433827816285547
0.0001967729240456513
0.00019948134849391582
0.0002018706681919117
0.00020430400435848543
0.0002063557573256294
0.00020990764063811922
0.00021216407355021216
0.00021502293577981653
0.00021838829438742082
0.00022099447513812155
0.00022374701670644392
0.0002271350696547547
0.0002304501459517591
0.0002337540906965872
0.00023734177215189873
0.0002410994133247609
0.00024594195769798326
0.0002506475060573147
0.0002549286199864038
0.00025978524419812955
0.0002653223666755107
0.00027132133490096773
0.00027782922763474715
0.0002848191398461977
0.0002926829268292683
0.00030069159065851457
0.00031084861672365556
0.00031857279388340236
0.0003288031565103025
0.00033753375337533753
0.0003484320557491289
0.00036175087423127937
0.0003785488958990536
0.0
0.0
0.0
0.0
0.0
0.0
0.0
0.0
0.0
0.0
0.0
0.0
