0.004396851508037363
0.004381415121386751
0.004384502398716873
0.004374623111260482
0.004375056985040841
0.004375409823271568
0.004381584492309308
0.004397102616863809
0.004397184071841707
0.004357127950565798
0.004357745451785363
0.004357745451785363
0.004368323895877962
0.004371941009967029
0.004384372945933767
0.0043844541741267775
0.0043844541741267775
0.004388777083073964
0.004391864875179097
0.004393452882547452
0.004394769420195422
0.004394769420195422
0.004396004559920604
0.004399092409233558
0.004399092409233558
0.004400327548958739
0.004412678946210553
0.004412760701851161
0.0044128424605212714
0.004414077646015253
0.004399873012834465
0.0044122248677742806
0.00437331652471386
0.004351083185822193
0.004345260168493424
0.0043515167199182705
0.004351597346860886
0.004354728614930732
0.004326935911441822
0.004326935911441822
0.004330104219809027
0.004305752066496341
0.004311928337264052
0.0043144787877387805
0.0043299197507607615
0.004330160453411547
0.004345843862686302
0.004346357924819565
0.004349769013248609
0.004323284774900323
0.0043255389763771175
0.004325699332972286
0.0043135818531096866
0.004313808937914388
0.00431388890619516
0.004299915768879424
0.00431235489721527
0.004315524756158963
0.004273739675834167
0.004275213502354
0.004275292772796453
0.004275672067204952
0.004278762493065636
0.004279024195345373
0.004294476897713964
0.00429455653271865
0.004297461912478203
0.004299272153319709
0.004299272153319709
0.004272992518655355
0.004273071759670834
0.0042734510279736435
0.0042737680613226525
0.004273926595637562
0.00427400586720569
0.004274164419164113
0.004274782699232618
0.004274861991091559
0.0042873073460035025
0.0042880847291496445
0.0042912559607181655
0.004287360465544532
0.004261822213392882
0.004261901275116533
0.004261980339773611
0.004262677802135132
0.00426415191530903
0.004246109982823191
0.004246188764758787
0.004240779958330167
0.004240858645752854
0.00424410863432181
0.004217512231639902
0.004217747020496532
0.004218423685397824
0.004200021874978605
0.004200021874978605
0.004200255724863072
0.004200411639253646
0.004210569771892199
0.004182728578061808
0.00418404362363395
0.0041841212856965695
0.004191545879664088
0.004191934922348296
0.004166377357774421
0.004169780906945456
0.00413891619422899
0.004142164207653206
0.004142241112356193
0.004120191031093189
0.004120962973223973
0.004121186860902178
0.004098514169586153
0.004098818620200444
0.004111428205538493
0.004100889471111214
0.004100965642021559
0.004113424873262316
0.004103670875238971
0.004116436712523809
0.00411666613846502
0.004117048571869434
0.004117555478524792
0.00411786152546091
0.004087043691001183
0.00408858643103892
0.0040584589834198334
0.004058987035703922
0.004035198485377285
0.004035348512276151
0.004035723628334777
0.004037113174200306
0.0040376386542616575
0.004037863901880721
0.0040133682186677885
0.003982447214809799
0.0039825953465293705
0.0039744022232792026
0.00396051147041379
0.003950591204550664
0.003951033112612913
0.003951327115634966
0.003954929090221418
0.003957010295565988
0.003969782678450805
0.003983501477126226
0.003983649722501431
0.003999379160758578
0.003999602440077512
0.0040196021771443
0.004007419119688917
0.004007792069389219
0.004010601150510844
0.004010974451932203
0.00401134782285283
0.004024283921266911
0.003964448687030547
0.003964670172859835
0.003978697265482666
0.003979290160669847
0.003980754423125581
0.003993619599241637
0.004006543948552527
0.004006842554399261
0.004019339032985057
0.004019563719324619
0.004013576826266546
0.004013651619916173
0.003995130831262701
0.003964292131505491
0.003964587687468475
0.003953699273189282
0.003957174752991542
0.0039573222959065875
0.003973849502971735
0.003974426930442817
0.00398715445425248
0.003956150510189445
0.003946380599619942
0.003947844741220223
0.003951247856871283
0.0039544301957104575
0.003954651480345833
0.003957359980714704
0.00397063993743408
0.003970714011009511
0.003930587447378491
0.003931027487768913
0.003931320902770799
0.0039319078641985574
0.003932274804104133
0.003933008889418619
0.003947141026359113
0.0039598836226728
0.003960327298827046
0.003961646196940314
0.003961868150338091
0.003962238127939819
0.0039626821922847015
0.003964994467516417
0.003966684487572313
0.0039669809512858836
0.003968449038239946
0.003968671509875681
0.0039813525040861475
0.00398274721098919
0.0039833265079031914
0.003958777121895568
0.003959696209728922
0.003960362476291284
0.0039608808386505144
0.0039297906033134156
0.0039455940834103405
0.0039459630236111385
0.003949227631666382
0.003954109099723824
0.003898141351612106
0.0038987247637837876
0.003899016535361462
0.003899454274620339
0.0038684855563598077
0.003845070766247501
0.00384521928986335
0.003845723071237305
0.003846226984634382
0.0038587784698864607
0.003865808959883657
0.0038663918459458527
0.0038668986573559424
0.00387009211001271
0.0038827944011658754
0.003883230735568164
0.003883667168048841
0.0038839581775402835
0.003884613108377933
0.0038881728802466335
0.0038865175417907597
0.0038900781282429774
0.0038905885319260895
0.0038704724809431545
0.003874032263886602
0.0038745459760101946
0.0038184451284175676
0.0038187315135921065
0.003819804876572125
0.003820378044330028
0.003833457559047069
0.003833673309697623
0.0038341768223375066
0.0038502459220779387
0.0038399727652064096
0.0038228876770543432
0.0037843119688944337
0.003784951354786903
0.00378553017157677
0.0037863121296607357
0.0037476569347508
0.0037480792852693672
0.0037514916187243175
0.0037517735162009274
0.0037522723169914596
0.0037652209924117323
0.003752147719900566
0.003724169603405099
0.0037278622527574645
0.0037000856332773525
0.0036637359698952518
0.0036641493130530754
0.0036332202892305175
0.0036339201767724818
0.0036093190201233224
0.0036095906016899233
0.003602706001712529
0.003576073210260857
0.0035764770125655382
0.003576746264768547
0.0035770828870382754
0.0035773522304779933
0.003590307231326113
0.0035591979842916513
0.0035720861114398803
0.0035692838924294766
0.003569956162576658
0.003529612626172924
0.0035299451003751973
0.00353175948902992
0.003518592784188051
0.0035190568910184504
0.003520711138870342
0.0035213083757047563
0.0035217730333474556
0.0034940236778472065
0.0035070556547749984
0.0035097763456619817
0.003510173543935662
0.0035114881659807982
0.003515858041329738
0.0034966559001209656
0.003456351678221545
0.0034693941763981402
0.00347034340633404
0.0034314690955987285
0.003431598714617581
0.0034321821214034734
0.0034327008717713408
0.003433154906994257
0.0034334792914104285
0.003400917014259166
0.0034030129385692496
0.0033763655760063733
0.0033781368542273866
0.00337845625750773
0.0033821835431352564
0.0033639065220700762
0.003367632670050651
0.003367951278980815
0.003369850372064645
0.0033703606558559136
0.0033706158557087053
0.0033721180780004302
0.0033725011789124786
0.003372692762012966
0.0033776227812438555
0.0033742823770288484
0.003374793757842614
0.003375177395184594
0.0033754971596035707
0.0033759449315931334
0.00337658481197972
0.003380448638088737
0.003381272880751504
0.0033819140626763643
0.003383370719144063
0.003383563214965289
0.0033840766442575962
0.00338471865003329
0.003388330514355104
0.00339226520335607
0.0033931023386024424
0.0033937465699982543
0.0033952701939030613
0.0033543844229171125
0.0033583783764227462
0.003371523368104175
0.0033723561435366266
0.003347821208221801
0.0033515616726990344
0.003352135090215845
0.0033290691842347802
0.0033294489837310043
0.003330208842761144
0.0033370561189552286
0.0033383896459765615
0.0033520927640253934
0.003352858475352908
0.0033662537784619954
0.003380473633529728
0.003365246837670087
0.0033658878614876934
0.003325059806170853
0.0033311558404442074
0.0033316001807560166
0.0033447500705605176
0.003345387639434645
0.0033273418031782337
0.003328039704936966
0.003268031725448103
0.0032683433642753156
0.0032294823163509265
0.003229851977419607
0.0032307765004366343
0.00323133146834334
0.003235480744930556
0.0032392808952802846
0.0032432683151757237
0.0032435780592559443
0.003235919157514756
0.0032366611706212715
0.00323746540226213
0.003223242959823477
0.003191809942598586
0.0032054749610687648
0.0031832565460477775
0.0031837437481210197
0.003184807972133614
0.0031852955515762906
0.0031617815282612488
0.0031188721300715178
0.0031035127310857333
0.0031166957571645624
0.0031177107535797994
0.0031181288854584648
0.0031321404845856796
0.0031328008557610088
0.0031331011165392406
0.003134739575060116
0.003108674868440157
0.003109271096766063
0.0030690023093338016
0.0030702307401336533
0.0030582020736516467
0.0030429095217070572
0.0030470009983872208
0.00303164147766917
0.0030334460151608283
0.0030342619276336863
0.0030187736592302227
0.0030226732527372565
0.003023428688608634
0.0030368290838236624
0.0030370042753943695
0.0030374715517517722
0.003037938971922469
0.0030387573034716757
0.0030394590814906064
0.0030401611837250647
0.003040629432112077
0.0030413906434550416
0.003042035043113689
0.0030570434023094815
0.003058103975535169
0.0030353849811412892
0.003003663003663004
0.002973561910638872
0.002974594417330581
0.0029880311537298933
0.002988377104117219
0.0029893000302404433
0.0029901657913706105
0.0029919729126032355
0.002993838487242385
0.0029943011687433596
0.0029705202274908377
0.0029712091635904466
0.0029752354441612327
0.002975810691245427
0.0029897408550484767
0.0029322842827572662
0.002922199372744995
0.0029228780070628645
0.0029039747673612636
0.0028865797848605865
0.0028869710339358896
0.0028747303542492656
0.00287584431017287
0.002876513098214227
0.002851392165767601
0.0028517791250192706
0.0028524427281432447
0.0028562285093637514
0.0028567271719551045
0.0028574477698408065
0.002819087920122529
0.002820337159054977
0.002820884839876605
0.0028217615717615703
0.002828841031448425
0.002829830694206507
0.002783996015390368
0.0027607157442056207
0.002761413843888069
0.002761736162833352
0.0027202743485750225
0.0027214592063831925
0.0027252869918653953
0.0027259238651643706
0.0027262955120696186
0.002727357918987402
0.0027281020966339322
0.0027298270431932534
0.002730465736178461
0.0027439454721045965
0.0027447483431097966
0.002748589192574051
0.0027490719187470074
0.0027497158174651184
0.0027535063768786877
0.00275751379268339
0.002771235848038721
0.0027722035380529056
0.002772582713182187
0.002786643694401858
0.0027870795245822106
0.0027324892723046648
0.002733130651525142
0.0027339327990876625
0.0027097854034856188
0.0027104219391583567
0.0027143220768032295
0.002669740608203953
0.0026706890247087693
0.0026712646380730306
0.0026719975958554624
0.002672468995439159
0.0026606799733343775
0.0026613583321892943
0.002675010135090952
0.0026757449703058347
0.0026897761028016574
0.002690304172556409
0.002691523585082107
0.00269242246925291
0.002706529510632959
0.0027071679434472304
0.0026803855365733517
0.002680965398529855
0.0026817037676125258
0.002636476078034518
0.0026376813224305534
0.0026383564392266708
0.0026390319017047113
0.002639551723620427
0.002639863715077456
0.002642165984893059
0.002631275082728999
0.0026317420256216674
0.0026160844014535244
0.0026166521057031985
0.0026188972589351483
0.0026195693145297347
0.002590368638422969
0.002590982481975588
0.002591289512862398
0.0025921264523508496
0.002592997204414595
0.0025868705520075124
0.0025720742725743595
0.0025731400442271664
0.002577403083692141
0.002581260779587286
0.002594961574444389
0.0025958860535802626
0.002572137502451089
0.0025729015490783495
0.0025735640900841736
0.0025417835511560103
0.0025423376897928964
0.002556006445236724
0.0025567159824491314
0.0025577302906563196
0.00257232994985728
0.0025454102088614395
0.0025462693764093528
0.002547027947226555
0.0025333689066503163
0.002541001294777728
0.0025413548781007263
0.0025422139902731675
0.0025098701160922656
0.0025120956967178143
0.0025127957233848936
0.0025002228024567034
0.0025008701028855153
0.0025019164503544463
0.002502415018855175
0.0025031133486722685
0.002490152956771763
0.002491444684493643
0.0024923397428586614
0.0024930861162369058
0.002478621261573808
0.0024801290009560896
0.002480922023678672
0.0024383046571952102
0.0024387921718722464
0.002439621394379583
0.0024536423083958278
0.002454427976762269
0.0024550175583084523
0.002455705761540528
0.002459978843609633
0.0024611620234778996
0.0024456275303257223
0.0024461669492949548
0.00244651033982228
0.002400150528760925
0.0024141518654288733
0.0024148786109932435
0.0024303275201635046
0.0024311572166821564
0.0024320851952087242
0.0024325250112904808
0.002433209485908764
0.002425474955333803
0.0024258651697013907
0.0024280847770024546
0.0024287199536218535
0.0024290621094678394
0.0024332488728212574
0.002394090389498798
0.00239471732935061
0.002365120942594244
0.002380808403666236
0.00238138441731256
0.002382152869214966
0.0023835462202957346
0.0023843639693975696
0.002368597906565561
0.0023692676101037193
0.0023697462016823686
0.00237065605856779
0.0023721925092508086
0.0023662673295643294
0.0023673227204994893
0.0023681370565223243
0.00236895195298531
0.0023541957735166465
0.0023278580060626915
0.002267693138843867
0.0022683824771168965
0.002252133546856944
0.0022527728775067406
0.002253595407614757
0.0022544185385848484
0.0022553338340675164
0.0022598640561107036
0.0022605068194438784
0.002264444896023842
0.0022650893026533304
0.002235053334959811
0.0022058574228153317
0.002206620539953872
0.002207878590432751
0.0022083732171103085
0.0022093631356248757
0.0021826852531181204
0.0021833527001406624
0.002185692045168701
0.0022002312453240818
0.0022010396255170896
0.002202028452794226
0.0022025681876982977
0.0022032432285175258
0.0022039637282754566
0.0022048199340257884
0.00220576704099931
0.0021640502943845205
0.0021646705565223313
0.002121354881437632
0.0020917443727157827
0.00209576132783939
0.002096835944977711
0.0020634985773692266
0.0020678093674090787
0.0020684462696783012
0.0020695511635233036
0.0020704869960810096
0.0020712958964763284
0.0020718923329014023
0.0020724891129170514
0.002073043573702117
0.0020753124292273157
0.0020794716535541178
0.002083848457375202
0.0020843638362187406
0.0020849224510551736
0.0020510282634993945
0.002035975081480258
0.0020401705874260553
0.002040928670712742
0.002047278785125218
0.002048209366391184
0.002049056083781176
0.002049903501516404
0.0020265331733620175
0.002027893887348425
0.002028817489234846
0.002031038577306492
0.0020318381159570424
0.002032680415932566
0.0020352856589790384
0.002036341502216873
0.0020370601015762303
0.0020082656642645006
0.002012813852813852
0.0019824276943970947
0.001983252228645898
0.0019492406906594542
0.001949808556683868
0.0019055946482352776
0.0018770442282452448
0.0018811434128720782
0.0018817316378291987
0.001833663503979425
0.0018343520314857693
0.0018348113371587547
0.0018493393725604792
0.0018501117166781515
0.0018510007103162995
0.0018404737025426677
0.0018413202865824757
0.0018419749987799178
0.001842822964838491
0.0017946356303552985
0.0017951617181065649
0.0017957633390585505
0.0017999706640403998
0.0018006120823376515
0.001801065123495618
0.0018018584943259289
0.0018028795701632877
0.0018048090919269958
0.001805643072183715
0.0017761429322122964
0.0017419893027135775
0.0017285145293391676
0.0017327861377108983
0.0017336983224538497
0.001685310413111715
0.0016859497165497039
0.001686838443048117
0.0017015771229284002
0.0017032143686287753
0.001704005574442028
0.0017050496513839003
0.001705950745164359
0.001671955433326282
0.0016728755679733583
0.0016734068757190148
0.0016743995536817725
0.0016291178319875102
0.0016300160456913435
0.001630915250401364
0.001633196054288909
0.001633924462850873
0.0016349314292190868
0.0016365788485119114
0.0016370313652090073
0.0016383904180059749
0.0016394024594586923
0.001632461692560152
0.001633227436515213
0.0016340984725659187
0.0016347261940330361
0.0016213292337475627
0.00162233379624684
0.0016228538861580114
0.0016233396043555104
0.0016239992585780386
0.0016246246888751011
0.0016252853881278543
0.0016258769957675813
0.0016267129401515317
0.0016309822327953882
0.0016318915789247962
0.001632521720476242
0.0015981048894995996
0.0015989631443649622
0.0016003038642357532
0.0016009234166415743
0.0016018191730509889
0.001602715932417496
0.0016037519032434144
0.0016084172398180294
0.0016093193830223282
0.0016096666307044993
0.0016106744969341053
0.0016116488074662985
0.001612450016210959
0.0016131124854041436
0.001613670776552023
0.0016142643844805579
0.0016149982680983726
0.0016158728095826027
0.0016169585573088266
0.001618115957746785
0.0016187830917455087
0.0015871981935035616
0.0015916463909164645
0.001592615134915805
0.0015933771185826344
0.0016089602692723412
0.0015713000058061898
0.001572224279790564
0.0015878898869218924
0.0015899672846237736
0.001577672551116155
0.001551149349987626
0.0015517253933926064
0.0015524714967398829
0.0015535240428075703
0.0015543058868150226
0.0015552928125182463
0.0015563150899025754
0.001557475296731568
0.001558124401354128
0.001573817990254182
0.0015764578390885396
0.001578754578754579
0.0015798656930881795
0.001580908784130757
0.0015819184155857504
0.001582789823138845
0.0016022814135356034
0.001603129779974115
0.0016040144508457869
0.0015401831728362348
0.0015407957340875284
0.0015416132407775867
0.0015093198843862453
0.0015102887034536704
0.0015108906652495156
0.0015115265901673247
0.001512397671188345
0.0014764048764980304
0.0014775518659918914
0.0014799185637608741
0.0014804775447327886
0.0014813991403586785
0.0014820581257414002
0.0014828166840984791
0.0014989197977683254
0.0015000222885926992
0.0015006243310738503
0.0015165714625728912
0.001517214694436384
0.0015182653501913661
0.0015192495399035852
0.0015276566239459625
0.0014762927819055298
0.001477284603096401
0.0014780790200911202
0.0014789406032343893
0.0014798695860253656
0.0014619620518345608
0.0014778214486243688
0.0014937000913898759
0.0014985906201271445
0.0014995349116332108
0.0015005479739975084
0.001517132551848513
0.0015180907696472083
0.0015335785253879082
0.0015349639031294
0.0014827700463883372
0.0014837085933025896
0.0014844468569533034
0.0014853202981201538
0.0014860265205545622
0.0014910829613179544
0.0014920973264699882
0.001493113072681477
0.001493757094211124
0.0014984251014598104
0.0014468039955739475
0.001447824471191403
0.0014489783526125638
0.0014498367129946082
0.0014511923495024598
0.0014520533357673677
0.0014529816950184576
0.00145430998362092
0.0014560035370975986
0.0014098368159659448
0.0014105793450881617
0.0014115490375802022
0.0014123905168065306
0.0014134275618374564
0.0014160294534126315
0.0014184397163120575
0.0014198425293436684
0.0014248227603351447
0.0014256759869178688
0.0014268261761519495
0.0013584261629650137
0.0013592412249325
0.0013215113101972653
0.0013224579077899478
0.0013230081676683626
0.0013242019697215096
0.0012904819239912327
0.0012914687367242116
0.0012425289755901437
0.0012432499342400474
0.0012442606830658216
0.0012456205624283016
0.001246896337678461
0.0012480002485128067
0.001248814908067951
0.0012497472508671244
0.0012515176987017843
0.0012530683810637057
0.0012541825584388238
0.0012551223510127623
0.0012054593323489664
0.0012063640983542476
0.0012074969675627033
0.0012085751658559895
0.0012098829322606702
0.0012106518532467127
0.0012113646890725958
0.001172912247623537
0.0011739359485449642
0.0011749336984835251
0.0011756553510823432
0.0011766003893105108
0.0011773240913786442
0.0011793123046319979
0.0011802346249555635
0.0011812984794933228
0.001182392326321288
0.0011836007130124778
0.0011843607305936075
0.0011855731460540414
0.0011861096555994856
0.0011870426429575955
0.0011879204236439102
0.0011889414124050997
0.001134680617266256
0.0011353043810798538
0.0011360646719762743
0.0011373159343948283
0.0011381334611237572
0.0011410431709325851
0.0011424408364556315
0.0011437594177807703
0.0011446677094613567
0.0011456326268465
0.0011506721628940372
0.0011520885627856088
0.0011530069164311539
0.001097838177685351
0.0010987681212033208
0.001099726279582395
0.0010485892149729164
0.0010495310691946045
0.0010505511951336072
0.0010513175919396286
0.0010523155810859056
0.0010533154667641208
0.0010544715447154474
0.0010595703125000002
0.0009887523313867783
0.000989671223719501
0.0009905675772707988
0.000991489848254684
0.0009596677947259145
0.0009607044074565066
0.0009613180046510107
0.0009620506264801568
0.0009628554322597579
0.0009635904002101187
0.0009642789673837158
0.000964920932373344
0.0009658974042535688
0.000983371630469696
0.0009843931636615468
0.0009482310415686664
0.0009491004609208506
0.0009503250459034292
0.0009513873363638623
0.0009522862328750094
0.0009530919497324873
0.0009540415992028897
0.0009594359780177756
0.000960346190654517
0.0009614984044458889
0.0009684199989990492
0.0009443178117876914
0.0009452648998320087
0.0009465702520839611
0.0009477124183006536
0.0009484038137405349
0.0009494308451697391
0.000950268444534066
0.0009509635758248411
0.0009520442435415037
0.0009525734643858807
0.0009535854306310864
0.0009549380683401302
0.000955930828135301
0.0009568527918781726
0.0009197388145024011
0.0009208618452850348
0.0009217763291912813
0.0009225515431076225
0.0009241294802409886
0.0009251213902376694
0.0009260680480941418
0.0008841325516099575
0.000884857491821901
0.0008856290445293599
0.0008866750541333949
0.0008875638257770466
0.0008457058556124506
0.0008468825959614179
0.0008481282686484999
0.0008488072794263234
0.000849706997587039
0.0007948631644356989
0.0007957490927941939
0.0008137674579495827
0.0008147397767907391
0.0008199421013399899
0.0007775145567038937
0.000778385891755712
0.0007788730680296945
0.0007796660314476902
0.0007806646104518445
0.0007813590065578345
0.0007820955972207674
0.0007834907310248338
0.000784169576670955
0.0007847052538468949
0.000785696121502293
0.0007865030459437159
0.0007875399922652322
0.0007882882882882883
0.0007275097324243866
0.0007283565243461546
0.0007290508217267737
0.0007299786132173852
0.0007307147912243454
0.0007316468253968254
0.0007320164127650902
0.0007326397204261019
0.000671534402814049
0.000672161318716492
0.0006728612624158924
0.0006738328252847746
0.0006750241080038574
0.0006759294029290275
0.000676582720292112
0.0006772191018784769
0.0006780755569906362
0.0006791171477079797
0.0006393654904499839
0.0006401771967261826
0.0006408523065274999
0.0006419284940411702
0.0006428164582711764
0.0006437768240343349
0.0006447400636578797
0.000645530315411015
0.0006461991493074491
0.0006474702218336795
0.0006484800394013189
0.0006493684412417459
0.0006506698879859434
0.0006514210323786488
0.0006522457067371203
0.0006533065027427848
0.0006541540160088325
0.0006549313289302789
0.0006559101098718624
0.0006570192947438458
0.0006579860629112414
0.000658955680364789
0.0006598730370865353
0.0006607376843513899
0.0006613461323808461
0.0006622146469585627
0.0006631039982093395
0.0006641632104024213
0.0005995809481049127
0.00060062592530125
0.0006014543748533896
0.0006069146937241639
0.0006079084561383698
0.000608681723530354
0.0006094397116953934
0.0006104590727825973
0.000611395040696574
0.0006121424036539027
0.0006133629570550983
0.0006143429098551635
0.0006152380952380952
0.0006161006361286754
0.0005312237254452342
0.0005321083357259067
0.0005331952396022133
0.0005339787176827628
0.0005347953638243639
0.000535955272797378
0.0005368401741833946
0.0005375096674400618
0.0005381964610678746
0.00045183935462602044
0.00045256339286581395
0.00045327652786288867
0.00045392557958308973
0.00045460310027607866
0.00045514924206907324
0.00045593746025223314
0.0004566478519912198
0.00036896385920496134
0.00036958402138869225
0.0003703703703703703
0.0003216703175260987
0.00032222354010991183
0.0003228553885158556
0.0003234897197745495
0.0003240975473967809
0.00032474647859263243
0.00032547598366629727
0.00032596414394416614
0.00032663039666556455
0.000327062954602458
0.00032766453584207777
0.00032835760762273125
0.00032888431544646554
0.00032930290816893444
0.0003298326554564034
0.00033037415379626254
0.0003307160103069775
0.000331169556781357
0.0003316648353884345
0.00033255804464030686
0.00033300645583067746
0.0003334867781699146
0.0003340608892577905
0.0003347503747971988
0.0003353598946599595
0.0003361483177117167
0.0003367525075666016
0.00033733792775173584
0.00033807257152931175
0.00033883155082992946
0.00033961517225573234
0.00034030648461313626
0.00034109695105363384
0.00034200946296121445
0.00034262412241980913
0.0003663466397170288
0.0003671931879332721
0.0003682072117826308
0.0003688980760057243
0.0003698272014282981
0.00037066624061351654
0.00033062434675028263
0.00033127090479701644
0.0003321120181697414
0.000332764413529557
0.0003389502227387178
0.00033982782057091076
0.00034062155323428276
0.00034125255939419547
0.00034186364524321154
0.0003428347536487413
0.00034353018158023884
0.00034439779585410655
0.00034537201499901325
0.00034602076124567473
0.00034659184683941244
0.00034731410426038634
0.0003479471120389701
0.0003486750348675035
0.00034938275712907197
0.00035016340959114254
0.00035090064498880457
0.00035729438824501467
0.0003580980517227874
0.0003586519171065757
0.00035958288385472856
0.0003603725351081681
0.00036120235233031957
0.00036203599995474555
0.0003630464132148895
0.00036426140308939205
0.0003649093998380715
0.00036562235780717995
0.00036647655695274745
0.00036730945821854917
0.0003682478307901218
0.00036907604119811315
0.0003699079853886346
0.00037105321134959016
0.00037210167678318105
0.0003731560841933415
0.00037395409713457677
0.000374847718114516
0.00037585153864223635
0.00037691401648998825
0.00037815672232660927
0.0003793132060263386
0.0003806125483199525
0.0003817294730940367
0.0003831004800727891
0.00038450909003520667
0.00038528685810607435
0.0003866835840734699
0.00038775188726113884
0.00038859946324699144
0.00038980655849534673
0.0003911645702690479
0.0003923876790268786
0.0003933861946032332
0.0003949008428664865
0.00039598569501676756
0.00039715044555315614
0.0003987538940809969
0.0004003553153423664
0.0004016064257028113
0.0004031851627860095
0.00040443871489598347
0.0004058698933323187
0.0003757339548864519
0.0003767560664112388
0.00037794347503010737
0.00028916220071712227
0.00029003441741753353
0.00029086678301337986
0.0002917720287881735
0.00029918699186991867
0.000300253257095115
0.0003016472563214773
0.00030282682255664835
0.0003041000621421866
0.0003052624593536399
0.0003061767838125665
0.0003076634963949864
0.000309040094593142
0.0003102908639576925
0.00031145054706965657
0.00031240237425804435
0.0003140660631136236
0.0003150857581237328
0.0003163729899998624
0.0003174077447489719
0.0003192183314596605
0.0003205932368765855
0.00032198003723769126
0.0003230246341394904
0.0003240486354734632
0.00032528603957175385
0.0003269646309564426
0.0003285198040307951
0.0003296215085199994
0.0003310162197947699
0.0003322355116426879
0.00033363795929616894
0.0003350376553190869
0.00023398996768013571
0.00023473145254756977
0.0002358421037115651
0.00023718461857748523
0.00023813776269571946
0.00023943135054246164
0.000240967484450067
0.00024208312529314753
0.00024347561439549568
0.000244345688062186
0.00024593439699960036
0.0002470851671685584
0.0002487562189054726
0.00024986335597719994
0.0002509922035546771
0.00025229827964110566
0.0002537507533225489
0.00025520783488053084
0.00025625010009769535
0.00011280861213176045
0.00011334563943132872
0.0001142894461859979
0.00011489724903158032
0.00011591898918641428
0.00011654429515675207
0.00011729419058630338
0.00011786892975011785
0.00011863602467629312
0.0001534056044180814
0.0001544799176107106
0.00015569856757317833
0.00015664160401002505
0.00015806944517624742
0.00015920186796858417
0.000160333493666827
0.00016175994823681658
0.00016342539630658605
0.00016479894528675015
0.00016601184217807536
0.00016732667744994144
0.00016877637130801687
0.00016984657193002322
0.00017137960582690659
0.00017273146015660986
0.00017426662794074935
0.00017628393465742156
0.00017827430473021154
0.00018077734257306418
0.00018247065263670093
0.0001845245417640546
0.00018626598783062212
0.00018895257290420104
0.00019125334693357134
0.00019309989701338825
0.0001954524724737768
0.00019709611720649102
0.00019916351324437363
0.00020161290322580645
0.0
0.0
0.0
0.0
0.0
0.0
0.0
0.0
0.0
0.0
0.0
0.0
0.0
0.0
0.0
0.0
0.0
0.0
0.0
0.0
0.0
0.0
0.0
0.0
0.0
0.0
0.0
0.0
0.0
0.0
0.0
0.0
0.0
0.0
0.0
0.0
0.0
0.0
0.0
0.0
0.0
