0.0
0.0
0.0
0.0
0.0
0.0
0.0
0.0
0.0
0.0
0.0
0.0
0.0
0.0
0.0
0.0
0.0
0.0
0.0
0.0
0.0
0.0
0.0
0.0
0.0
0.0
0.0
0.0
0.0
0.0
0.0
0.0
0.0
0.0
0.0
0.0
0.0
0.0
0.0
0.0
0.0
0.0
0.0
0.0
0.0
0.0
0.0
0.0
0.0
0.0
0.0
0.0
0.0
0.0
0.0
0.0
0.0
0.0
0.0
0.0
0.0
0.0
0.0
0.0
0.0
0.0
0.0
0.0
0.0
0.0
0.0
0.0
0.0
0.0
0.0
0.0
0.0
0.0
0.0
0.0
0.0
0.0
0.0
0.0
0.0
0.0
0.0
0.0
0.0
0.0
0.0
0.0
0.0
0.0
0.0
0.0
0.0
0.0
0.0
0.0
0.0
0.0
0.0
0.0
0.0
0.0
0.0
0.0
0.0
0.0
0.0
0.0
0.0
0.0
0.0
0.0
0.0
0.0
0.0
0.0
0.0
0.0
0.0
0.0
0.0
0.0
0.0
0.0
0.00020189783969311526
0.00020052709980520223
0.00019920885625658097
0.00019785748607931256
0.0001965574368910229
0.00019530705058452608
0.00019407247220604948
0.00019288528836350607
0.0001916023430229375
0.00019046064266862566
0.00018924033522573665
0.0001881113619262603
0.00018704074816299263
0.0001857897390981235
0.00018468682391430528
0.00018352472340202398
0.00018244845831052726
0.00018128609535648615
0.00018023585148565835
0.00017914267434420984
0.00017822588858335878
0.00017723762501582478
0.00017620701807380556
0.00017516202487300752
0.00017428542973807386
0.00017336602521237336
0.00017240530023151566
0.00017148036549815044
0.0001705029838022165
0.00016959829432572563
0.00016866657028576933
0.0001678294852429931
0.00016689316453281832
0.0001660262795882548
0.0001651332861523944
0.00016424984748228446
0.00016342158098706634
0.00016260162601626014
0.0001618010771328849
0.0001609528408176404
0.0001601903977298732
0.00015935892182306606
0.00015857913098636217
0.00015789236252086432
0.00015710566478139868
0.00015633724176437742
0.00015555555555555554
0.00015484327648373038
0.00015416804316705206
0.0001534381096424892
0.0001526051885764116
0.00015188994488564856
0.00015119117043564654
0.00015045997764594616
0.00014978388325416183
0.0001490566841275925
0.00014836480786757379
0.00014768867227883618
0.00014705573412323268
0.0001463547220305672
0.00014566036165386935
0.00014502662274431806
0.00014445201097835282
0.0001439707122436807
0.00014337798533448033
0.0001427988576091391
0.00014222438945101385
0.00014161153931743236
0.00032235317820086633
0.0003209371364384001
0.000319648386774548
0.0003183129414105242
0.000316988608221892
0.00031560052863088546
0.00031418753068237603
0.0003128238215340098
0.0003115628772831717
0.00031022180859314406
0.0003090354231853826
0.0003076982249658647
0.0003065310266873575
0.00030540762373780755
0.00030413625304136254
0.00030290982753071693
0.00030167618832136053
0.0003004356316659156
0.0002992052360916316
0.00029806814582984036
0.00029684050388675533
0.00029578688554896194
0.00029461046971956766
0.0002935402792301906
0.0002923495770067058
0.00029121619162025407
0.0002899811512251703
0.00028883473237656827
0.0002877749599812946
0.0002866304795686211
0.00028549506628838567
0.0002844596156239444
0.00028340152682572575
0.00028230644364457617
0.0002813087891414807
0.00028031816111286306
0.00027927597702955085
0.000278343162326253
0.0002774742902727919
0.00027652477489155045
0.00027561021824884155
0.00027460268424123847
0.00027363056453405846
0.0002727210745210336
0.00027177605652941976
0.00027089259108763376
0.00027008321939197514
0.0002691835326973872
0.00026820886765568686
0.0002672948094689186
0.00026638696035829047
0.00026541919644338275
0.00026456338773417994
0.00026371308016877635
0.0002628941358176829
0.0002620158847130107
0.0002611946389800349
0.00026041666666666666
0.0002596559558584875
0.0002588242906596784
0.000258072841059389
0.0002572388623611312
0.00025649657737379563
0.0002557830959346474
0.0002550125912466928
0.00025419824285464625
0.00025342519996832184
0.00025262094227611467
0.00025183366386501713
0.0002511576799309316
0.0002504265076458343
0.00024954769480316924
0.0002488606846779587
0.0002480043400759513
0.0002472569927368258
0.0002465255308002835
0.0002457757296466974
0.0002450867760366405
0.00034359538207806486
0.0003425596053713346
0.00034154560772348466
0.00034066133720930233
0.00033967391304347825
0.00033882990738649197
0.00033779219024456154
0.00033674568965517244
0.00033582590784937087
0.0003348662767334911
0.00033406084361498376
0.0003331408519522054
0.0003322995126273815
0.0003313745415985508
0.0003304983915744943
0.0003295254833040422
0.0003286014721345952
0.0003277972027972028
0.0003269113416441461
0.00032597357440890127
0.0003251257152765736
0.00032445059698909845
0.00032351291894923005
0.0003226639132679401
0.0003218607844820187
0.0003210204168985147
0.00032012975926242105
0.0003193663771078181
0.0003185389679337439
0.00031785048313273434
0.0003170040999196923
0.0003865671431985268
0.00038555906063792496
0.00038466918450132885
0.00038373520875195356
0.00038286971291732796
0.0003818489821988947
0.00038091280559595536
0.00038004422332780537
0.00037908550790565594
0.00037810042347247424
0.00037713596094242845
0.0003763308427073925
0.00037539074764186353
0.0003745930557258251
0.0003736463810649601
0.000372886412019146
0.00037211442180184567
0.0003712253135166511
0.0003703853354344283
0.00036963856069465166
0.0003688205788471339
0.000368154008862471
0.0003674014696058784
0.000459871236053905
0.00045884371384112045
0.00045774788042829287
0.0005494432749467106
0.0005482890738538776
0.0005470531630218426
0.0005458658879856891
0.000544748103226484
0.0005432932736365302
0.0005422710048347053
0.0005409774093048115
0.0005398373983739838
0.0005385553738742247
0.000537404659233648
0.0005364668166188371
0.000535470052385745
0.0005341467809612068
0.0005329326706989766
0.0005317649470797776
0.0006201253036696075
0.0006188434645026285
0.0006175905056601852
0.0006163191135170854
0.000614982755122743
0.0006138618874038073
0.0006127683230362986
0.000611331694712296
0.0006100859151917683
0.0006088681329717787
0.000607632363627252
0.0006062424219697254
0.0006050172772975064
0.000603864734299517
0.0006025368665598251
0.0006014832452811469
0.0006003887052648519
0.0005989872792392245
0.0005977691501817958
0.0005964459201869274
0.000595501203280782
0.0005943408943298653
0.0005933157173615189
0.0005920121087837508
0.0005909733391821416
0.0005899166818707049
0.0006736581458014711
0.0006723849676528313
0.0006712626995645863
0.0006701441715569079
0.0006686424750614429
0.0006671956145412579
0.0006658748155346795
0.0006645831088120128
0.0006634629178023239
0.0006622516556291391
0.0006609267264477867
0.0006596070881021144
0.0006583395608697199
0.0006569602272727273
0.0006558423142370959
0.0006545197240403326
0.0006532024574535697
0.0006520972858653507
0.000650812636318863
0.0006499437886453063
0.0006254237684412336
0.0007292797050209448
0.0007280054978975201
0.0007266343459709578
0.0007253441032425783
0.0007242598064777796
0.0007228525496455131
0.0007215007215007215
0.0007201539401062371
0.000719010641357492
0.0007174754049431185
0.0007163898536272251
0.000715307582260372
0.0007141551259198318
0.0007129575761723874
0.0007117883540036671
0.0007104775545930952
0.0007094130600106695
0.0007083517504788457
0.0007070295708047693
0.0007059275323032439
0.0007046620440836574
0.0007035198505161021
0.0007023339963366258
0.0007012937467039194
0.0007002330375548982
0.0006990582287542223
0.0006979107344254241
0.0006966505043749651
0.0006954412435602141
0.0006940511487934615
0.0006930122191914487
0.0006921373200442967
0.000690966579328491
0.0006899597063531489
0.0006887280020276152
0.0006875914496628051
0.0006864586422397223
0.000685509964572845
0.0006845639054096977
0.0006835755925233236
0.0006826795993489967
0.0006814960200632428
0.0006802498966020157
0.0007553280514709877
0.0007540741705184123
0.0007528978442205611
0.0007516276252892954
0.0007508237454761518
0.0007496332729312278
0.0007483982124589457
0.0007473600447340687
0.0007463247532832919
0.0007451724618568196
0.000743975935857499
0.0007427594314417013
0.000741570635936833
0.0007403619784176493
0.0007392044245905126
0.0007382621627363501
0.000737369236318883
0.0007362210146078961
0.0007350763633286795
0.0007338422714266104
0.0007326123163198616
0.0007316636663192579
0.0007306713766059
0.0007295209304278455
0.0007283970025677304
0.0007274363885661653
0.0007265466557946016
0.0007254318668127968
0.0007243657890896962
0.0007233480084512026
0.0007221979757674002
0.0007005417522884362
0.0006994746168433487
0.0007451333478220373
0.000723581521795309
0.00072264032126524
0.000721567657275979
0.0007205204216073781
0.0007196537437415825
0.0007186784529932957
0.0007175292393165021
0.0007166697381084014
0.0007156147130385
0.000714694110920526
0.000785177480701969
0.000782061465143276
0.0007809163565371239
0.0007797983490206829
0.0007784467554582497
0.0008480837153758184
0.0008469522856594199
0.0008913519679395939
0.000890300463803186
0.0008692411514675367
0.0008681393851601479
0.000866988145469158
0.0008657617800784501
0.00086430510070206
0.0008632417076781497
0.0009521811242331593
0.0009507277606520415
0.0009493639361246425
0.0009482304010825546
0.0009471560471888447
0.0009458306040215168
0.0009444807833343243
0.0009431348098885655
0.0009420440279548846
0.0009409278951057926
0.0009397309983039481
0.0009386480709944941
0.0009374292993379957
0.0009365449060015526
0.0009354693052201738
0.001066729415455811
0.001065381941384409
0.0011255512854362853
0.001124133216134388
0.0011901277924104964
0.001188527784272465
0.0011871053118097518
0.0011859282805012005
0.0011844430205238733
0.001182892657339267
0.0011765389419864626
0.001175343896917987
0.0011739470709295921
0.0011724177860120426
0.001170824781012402
0.0011498234371542112
0.0011967586584768005
0.0011957586584452258
0.0011941758747697976
0.0011925630046840429
0.001277450839672743
0.0012757296026603981
0.0012737941892085303
0.0012726648744494655
0.00127113802559415
0.0012697597443360156
0.0012682759996579932
0.0012665433328589728
0.0012653188887941087
0.0012639890927682784
0.0012625904383600512
0.001261445134223432
0.001259945072057533
0.0012585197545179447
0.0012569556252295005
0.0012553245507630683
0.001253874330797408
0.0012524627075710668
0.0012509839199370293
0.0012499297792258864
0.0012485970819304155
0.001247127403172468
0.0012269995894450046
0.0012259700546325821
0.0012243605858309361
0.0012228917903507797
0.0012216648086213306
0.0012200666165650721
0.0012187775151767926
0.0012172882705249616
0.0012160050304694798
0.0012147581568931753
0.0012133458820055734
0.001212305593200026
0.0012522674327596845
0.001250609212208153
0.001249024199843872
0.0012479583035108004
0.0012465513606658052
0.001245284400981577
0.001243815220274188
0.0012425878719769027
0.0012412949627155154
0.0012397673613010265
0.0012793895354131384
0.0012780279255923959
0.0012768432436362318
0.0012754870454091548
0.001255962420878902
0.001254801768500399
0.0012535751783063615
0.0012523170125231704
0.0012511630848171136
0.0012502482442362205
0.001249030535865664
0.001247478022769852
0.00124616478167373
0.001226878067195168
0.0012255892255892257
0.0012241054613935972
0.001222855299935498
0.0012216404886561956
0.001220198986296227
0.0012186629526462398
0.0012558085605472759
0.001254499447592573
0.0012534942933960084
0.0012524239027948269
0.0012509884407957284
0.0012498557517331987
0.0012485257996151563
0.0012473975636766337
0.0012463375556558765
0.0012450811336605211
0.001243794279253017
0.0012427074783099886
0.001241491200225726
0.0012403100775193801
0.0012390657725680698
0.0012774187876390174
0.001355399197125816
0.0013542215200982976
0.0013532238826913635
0.0013518012335295769
0.0014291465378421903
0.0014277970132549928
0.0014266743548077094
0.0014253294928864453
0.0014556388879546696
0.0014717302350586903
0.0014701933404940926
0.0014689661340329123
0.0014673202979307884
0.001464133561902779
0.0014626487166532936
0.0014614706016997704
0.0014429115363694808
0.0014417138509273811
0.0014403688291943712
0.0014393989843308748
0.0014383187739293636
0.0014371286976328998
0.0014617001829278049
0.0014604174271727124
0.0014591369208797069
0.0014577835359532217
0.0014563951706808853
0.0014933907328230074
0.0015515906647734993
0.0015498790588580232
0.0015481712250284636
0.0015467047033867318
0.0015455176698461433
0.0015444114145479252
0.001542952003940384
0.0015417707213037065
0.0015402770240493012
0.0015217283204956085
0.0015207212972490794
0.0015195223562466703
0.0015182481398525927
0.0015169760586913898
0.0015156292089906162
0.0015146302392480815
0.001513019297718835
0.0015120620298531933
0.0015104947300624214
0.0015088544635491457
0.0015078644015651896
0.0015063057871579244
0.00150493990195761
0.0015036521718288429
0.0015021400137679214
0.0015011210252655414
0.0014993128995638412
0.0015315034571359329
0.0015303906689956006
0.0015291263582664265
0.0015274820541400524
0.0015262225426888986
0.001525117412757863
0.001523747751857317
0.0015227221195361208
0.0015523076430332995
0.0015504730608417539
0.0015492388841310519
0.0015463880919239846
0.0015452358480524005
0.00154423862475888
0.0015430130385487538
0.0015418658169587547
0.0015409111012826193
0.0015395764838971975
0.001521949036785833
0.0015207456771995226
0.0015196192545459256
0.001514382521981457
0.0015131132569381357
0.0015367416150802455
0.001535493338772028
0.0015341716234463592
0.0015332289333174166
0.0015319111117347906
0.0015309336240938575
0.0015870680232069293
0.001585590378651584
0.0016210714810332898
0.001620040265078434
0.0016190499477782172
0.0016014566100077958
0.0016000883448704767
0.0015988394040446637
0.0015977481791010135
0.0015964251211091132
0.0015951430703693926
0.0015941344191745485
0.0015928560435376803
0.0015916183631017428
0.0016267771211359722
0.0016819217081028926
0.00168037376494835
0.0016793162866017772
0.0016778948580641456
0.0016765163440206946
0.0017155873529476032
0.0017146350769287357
0.0017094164326770152
0.0017077690008662195
0.0017065355093524122
0.0017051397046104655
0.0017039100069942172
0.001702845702845704
0.0017017010150758034
0.0017003131043479367
0.0016992125516841453
0.0016977880279995315
0.0017528798533395363
0.0017514960339294694
0.0017501980711963508
0.0017489020307738517
0.001747441064353567
0.0017463990104306885
0.001729630436954489
0.001728476580759056
0.0017273242630385498
0.0017260913406523695
0.0017244911704014617
0.0017230576441102767
0.0017574315053785323
0.0017559728484815643
0.0017549740252558264
0.0017500284809662556
0.0017488271642511104
0.0017475861571802538
0.0017462643561726484
0.001745274316851375
0.0017441206888798963
0.0017430919518922356
0.001742228750199321
0.0017408329967236666
0.00173935757559451
0.001737925534119461
0.0017350104765486494
0.001746356118845726
0.001745372186952581
0.001744143830145661
0.001756242632086594
0.0017548027854649869
0.0017889332954298433
0.0017875941168803834
0.001802051535534493
0.0018010830754714678
0.0017999475149671309
0.0017972995499249884
0.0017956652221848433
0.001790777131582949
0.0017896927978671858
0.0017886930393040312
0.001772103384143674
0.0017711557793395425
0.0017699212950362995
0.0017687706612712422
0.0017676215225985524
0.0017667606479962988
0.0018505520313251852
0.0018494804402663491
0.0018327651408687456
0.001831450996460018
0.0018303079536060752
0.0018274573989255694
0.0018317893447750097
0.0018305638132150393
0.001829382096362316
0.0018473171224069767
0.0018461261830206397
0.0018445972297081168
0.0018434097935661306
0.0018424778799796043
0.0018408704284358624
0.0018394767574606533
0.0018382959025369104
0.0018334238970323484
0.0018510341609455567
0.0018492982077775533
0.0018479455782312933
0.0018796763462546812
0.0018784747815385693
0.0018773604175630284
0.0018763329467516286
0.001875007460313844
0.0018738972051504797
0.0019336160212969837
0.001932384418735648
0.0019310665843968876
0.0019431600010816376
0.001941616410522449
0.0019403833026587528
0.0019391517600784091
0.001938360879313434
0.00197149953678389
0.0019706515224037647
0.001969224935472335
0.0019681118507680275
0.0019370022307809032
0.001969786921002027
0.00196831988341614
0.0019669437463754116
0.001965791049774281
0.001964418445261746
0.0019633570994413846
0.001962120311239527
0.0019459835648705807
0.0019450651529939562
0.0019439729351905636
0.0019391840247155103
0.0019377919640386839
0.001936836081099406
0.0019355774935231784
0.0019157455838678553
0.0019631666453510683
0.0019616738765103935
0.0019607530057960377
0.0019594389749644976
0.001958345293911269
0.0019422901811281224
0.0019410341847125511
0.00200694524043013
0.0020055149008378413
0.0020044881029232034
0.0020035069317525657
0.002002348603491563
0.002001236088710531
0.0019998582860865496
0.0020331621330289774
0.002061791420944945
0.002060420275489771
0.0020557231378581613
0.0020544485813191117
0.0020385129730737983
0.0020371154344350864
0.0020212098631336548
0.0020186209631525417
0.002050487943593448
0.0020490856067100337
0.002046486135741533
0.0020716614838409155
0.0020705666217865643
0.0020696095663630286
0.002068289371971569
0.002067016298715574
0.0021021756094907543
0.002144979539262243
0.0021439439539860895
0.0021749370465182108
0.002173697467325123
0.002172697299778808
0.0022030405609749495
0.002201931445665714
0.0022006790071369725
0.002199379905007612
0.0021980823357421204
0.0021966423866194595
0.0021958272525809427
0.0022127134411433816
0.0022767691679981567
0.002261051290272707
0.0022599678688368175
0.002306103788665726
0.002305451311915282
0.002322627697905077
0.002321213740094464
0.002320103980396053
0.0023987438402244205
0.0023972857639061184
0.0023962973640728994
0.002391798367937197
0.002388901276778488
0.0023733682512854324
0.00236826854263729
0.002352812634643017
0.0023512348979047373
0.0023763201778765983
0.0023749340296102886
0.0023591550019843844
0.0023707279679313084
0.0023692453043326453
0.002364733079573125
0.002363510258020299
0.002362492205703784
0.002361525868016579
0.002369834336006788
0.00239851548266783
0.002397226623432453
0.0023958876783796226
0.0024267035538693225
0.002425557875245637
0.0025080665671815584
0.0025070448419505023
0.002505970240646623
0.002504950222339198
0.0024895482818395025
0.002488322769554711
0.002486779277077018
0.0024856096284667714
0.0024845472659294943
0.002482919818503047
0.0025314615502698592
0.002529679363318481
0.002564086941952386
0.002562993864283431
0.0025620108909052723
0.0025607014320092243
0.00255584577757371
0.002554432115986778
0.002553237161670256
0.002552151809309241
0.00255090479427665
0.0025497131370491033
0.002596741035421682
0.0025934354989742016
0.002591731172245036
0.002590358346020782
0.002589315970373239
0.0026313216087747683
0.00265514677434955
0.0026541359744269937
0.0027183202372396123
0.002716999242385368
0.0027458369665901284
0.002793466515893956
0.002792346630174203
0.002789468557409678
0.002787881160135934
0.002786765185374687
0.0027853568094465984
0.0027842428543363123
0.002783305477733556
0.0028093084293778514
0.0027929411128502623
0.0027900135819928992
0.0027711584633853537
0.0027700527700527697
0.0027689479587124323
0.0027673794788029547
0.0027658707692676363
0.002764769290654849
0.002749873783482298
0.0027594829641288655
0.0027581541786800973
0.0028490807841636554
0.002848067533952765
0.0028432722648894767
0.0028362727622869314
0.002835028471152812
0.0028327934506161413
0.0028443708938386447
0.0028382450691378843
0.002837475415698193
0.0028362921482187526
0.0028347672075659056
0.0028313715611964136
0.00283007490276584
0.002825311616223165
0.0028553931278556886
0.002866262739046324
0.002860678182196537
0.0028595493579917247
0.0028578874504400667
0.0028567015558177006
0.002866696426925395
0.0028653296071774878
0.0028644982678928737
0.002863252163082298
0.0028691468027990347
0.002866950179067377
0.0028523292703508643
0.0028516803835811943
0.0028501478242068147
0.002848911189820279
0.0028474885754935305
0.0028935243220957483
0.002891877159223506
0.0028899685656275163
0.002919580602643189
0.002916823251248669
0.0029281607729741517
0.002926630202071904
0.002925040297665201
0.0029235357092235394
0.002943081563579721
0.0029423553400029293
0.002941689949831061
0.0029402996514883892
0.0029392728840163195
0.0029381864997881407
0.00293692006608408
0.0029804121962030724
0.0030238137562664767
0.0031112913975387315
0.003110334881563181
0.0031964724318906774
0.00319503237304724
0.0031905086838556634
0.0031889419569985917
0.00318770272240094
0.003172834530170153
0.003171667331691856
0.0031703066850459136
0.0031689472053353447
0.0031676526950686905
0.0031662307158144567
0.0031651327877742965
0.003160314968376623
0.003201663679174022
0.0031867778654096823
0.0032294697865163564
0.0032541362702580797
0.0032530767655508204
0.003313113054350314
0.00334615143762254
0.0034061202869269717
0.0034048743226299267
0.003433752809133675
0.0035190626705175225
0.003504387512303883
0.003502786587530287
0.0035017206796161215
0.003500371460502869
0.003522673047920864
0.0035213881563351665
0.0035196051388784407
0.0035169015338270093
0.003516047312221789
0.003592764651711978
0.0035912385370292245
0.003588583470700909
0.003586842848160553
0.0035853211879958817
0.0035840179350751056
0.0035557997212921823
0.003554436411204513
0.003553217493265504
0.0035615535504621583
0.00355690139889632
0.003595986756013358
0.0035937941636515498
0.003592491592370777
0.0035901782400353673
0.0035888060961985304
0.003583939574408873
0.003582282910819601
0.0035805558504981997
0.003579549167459602
0.0035777301692461014
0.0035762224566607314
0.0036201830206203083
0.003618658702469909
0.0036162343895511546
0.0036143311929727495
0.0036131005235898396
0.0036116537498001866
0.003656670780657573
0.0036723201522417203
0.0036713651962091724
0.0036696768747153646
0.003685233304461769
0.0037639815813895693
0.0037576673501815336
0.00377968564551374
0.0037782523462309534
0.003776744784046678
0.0037723660474867165
0.003770636328799047
0.003755408523434354
0.003752354263351158
0.003746802369778655
0.0037457580896891308
0.0037579079184381125
0.0037563379805805276
0.003754470716412976
0.003753052836752229
0.0037597927119295688
0.0037577215454095165
0.0037566768010616714
0.003792843071537458
0.003838735552442832
0.003823627417817667
0.0037944180455634956
0.003867747422818309
0.003866061027604523
0.00387339699897895
0.003868562363126399
0.003864190512643327
0.0038702766547611214
0.00388188858174217
0.003880736845509282
0.003865944601046821
0.0038639042542744652
0.003879547854415973
0.0038763466700024816
0.003875198553738955
0.003873745249107942
0.003905254873073189
0.003933536441819814
0.0039450507326308235
0.003940133838056828
0.003938969518843833
0.003937106198734336
0.004009779210070544
0.004006208260040942
0.004004133835339203
0.004003110042170699
0.004001693346390764
0.0040004349027895555
0.003998784396238178
0.003997527781285024
0.004057536955270923
0.004055864466683553
0.00405451155686616
0.0041149513317798115
0.004133024736310754
0.004128412250373989
0.00412703700282326
0.004125985960997521
0.004197236234407462
0.004198609075870059
0.004223874069476982
0.004222304193940117
0.004261715897194282
0.004256792205620415
0.004255544513673325
0.004301915986815382
0.00433011892594339
0.004315329000047101
0.004325859961325827
0.0043379131181772775
0.004336897788106121
0.004335375683865555
0.004332299347307924
0.004330779893891231
0.004345493164153078
0.004343547282043865
0.004339035236501079
0.004337262444424063
0.004336081387605322
0.00431852882707459
0.004313694456168411
0.004318316000658883
0.0043593202274789964
0.004365002293645862
0.0044391523090138605
0.004437515135717706
0.004460543531290194
0.004459418639131146
0.004466265339498221
0.004464533792659096
0.004463149521576357
0.004461766108640321
0.004460556325642608
0.004470531726978718
0.004466008053404263
0.004464539085504955
0.004462984760652162
0.004474234928982517
0.004469457045850097
0.004468679718930937
0.0044774671114655275
0.004521138428918074
0.004518455195995974
0.004513843900386037
0.004512798888003875
0.0045272166569320016
0.004525732867324185
0.004511836152513859
0.00450992373135602
0.004520612783475651
0.004518458193130305
0.004517066265463425
0.004516109812548697
0.0045209690321010975
0.004518295039234578
0.004545959654241379
0.004565974316200248
0.0046349625736062765
0.004675621400902463
0.004675172167485773
0.004674363764836205
0.00467283754457726
0.0047147420755438586
0.004732397195113843
0.004731579855356482
0.004753971589443767
0.004752512952409401
0.004772052832715833
0.004764474338942425
0.004761006238187524
0.004776148744886175
0.004778060011030118
0.0047767792995722785
0.004761007080935112
0.004790712328025764
0.004788611980255213
0.004837151593205304
0.004833316623559315
0.004817725683400751
0.004813067025902928
0.004832520547379449
0.004905366945481561
0.004903493595492833
0.00489834690937934
0.004896944871375281
0.004894645368155873
0.004898200005009085
0.004896332245235964
0.004891679716781226
0.00496361722848735
0.004957469684364845
0.004955392703674019
0.0049678443390248775
0.004977750786897584
0.004976803600098181
0.005013777423470983
0.005012442577337512
0.005010822647984735
0.005009679798709337
0.0050117164874066466
0.005010669285800357
0.004995695385971715
0.0050048238870249295
0.005003240973132387
0.0050119243281652685
0.00503744272691931
0.005036296181526919
0.0050478877051866045
0.005042278358487866
0.005039581632403043
0.005021383925324816
0.0050501675047095185
0.005096071719502446
0.005094528244621949
0.0050933712518905295
0.005092118435984327
0.0050907699386873164
0.005089422155420645
0.005098350920970599
0.005084496933093475
0.005070074891894862
0.0050687340583067675
0.005094558684670298
0.005124389132658278
0.005107499249628356
0.005105764561781771
0.005102703034342445
0.005100682504800619
0.0051097557827438885
0.0051084075876296165
0.005114692975980991
0.0051232327363960346
0.005106477135555445
0.005117779548688401
0.005164012562600798
0.005162652051942404
0.005167369028717914
0.005142610717182844
0.005168781789069463
0.005155083797676425
0.005149052118834507
0.005147697817908985
0.00517283357347219
0.005208684898297334
0.005207022749680379
0.005262151129656051
0.005257345995967433
0.005255768338592147
0.005254684248289975
0.005260145670179975
0.005257220132393499
0.005255250176934888
0.005254239597276571
0.005276287661725586
0.005270568240672507
0.005268136815365947
0.005257204673448798
0.005255072424333121
0.005249563367527233
0.0052641628309117615
0.00526298199582183
0.005261900028939851
0.0052833395901953515
0.005268553869286192
0.005266226206101806
0.005264751182889879
0.005304584082845192
0.00530309898147443
0.005324470954893968
0.005316240206642216
0.005315347787463275
0.005328653642841314
0.00532611921392054
0.005364658825853185
0.005373463540645737
0.005356637810670109
0.005369719835831471
0.005366557941785108
0.005385881462841768
0.00538447810642115
0.005419754396251033
0.005440148998288528
0.005419512598107936
0.005417494097598971
0.0054154487946437325
0.00542509132750768
0.005423881539803634
0.005409582707979538
0.0054046793828405335
0.005408526675700826
0.005418439613724554
0.0054211731171924125
0.005420066673220891
0.00541855861363939
0.005415393524539047
