0.0
0.0
0.0
0.0
0.0
0.0
0.0
0.0
0.0
0.0
0.0
0.0
0.0
0.0
0.0
0.0
0.0
0.0
0.0
0.0
0.0
0.0
0.0
0.0
0.0
0.0
0.0
0.0
0.0
0.0
0.0
0.0
0.0
0.0
0.0
0.0
0.0
0.0
0.0
0.0
0.0
0.0
0.0
0.0
0.0
0.0
0.0
0.0
0.0
0.0
0.0
0.0
0.0
0.0
0.0
0.0
0.0
0.0
0.0
0.0
0.0
0.0
0.0
0.0
0.0
0.0
0.0
0.0
0.0
0.0
0.0
0.0
0.0
0.0
0.0
0.0
0.0
0.0
0.0
0.0
0.0
0.0
0.0
0.0
0.0
0.0
0.0
0.0
0.0
0.0
0.0
0.0
0.0
0.0
0.0
0.0
0.0
0.0
0.0002579123834788696
0.0002553998832457676
0.00025315540125131096
0.0002508690821775436
0.0002486236902859172
0.00024634009009009007
0.00024420024420024415
0.00024197172387569564
0.00024007956922865862
0.00023811953600707552
0.00023619124742720244
0.00023427041499330653
0.0002323805729840985
0.00023052097740894418
0.00022873574486161484
0.00022691173133651007
0.00022529046377651183
0.00022354218560388322
0.00022201078338090704
0.00022014655470641882
0.0002186406796601699
0.00021705426356589144
0.0002154708037060978
0.000213792682181907
0.00021221767470062147
0.00021066570362345008
0.00020911752404851523
0.0002076473554626086
0.00020616127702185308
0.00020469631839050207
0.00020325203252032518
0.0002018629062490988
0.0002004065389790718
0.0001989710355021176
0.0001976228790830298
0.00019632590099565275
0.00019502953304357515
0.00019373408612863942
0.00019250336880895414
0.00019128818932065363
0.0001901347240330291
0.00018890328151986182
0.00018782366041482194
0.0001866965381127647
0.0001854795972443031
0.00018436578171091442
0.00018319332129491505
0.00018213514427705354
0.00018113129431247734
0.00018002726127099245
0.00017897778118687835
0.00017798118484617338
0.00017699562567953677
0.00017595455345247968
0.0001749912504374781
0.00017389576191185967
0.00017296763034346427
0.00017193525409574335
0.00017106549364613878
0.0001701424335229206
0.0001692783904043335
0.00016845955767333284
0.00016751621317634668
0.00016658337497917706
0.00016566086853626787
0.0001647601562867768
0.00016396130513198883
0.000163021961387084
0.00016219472635432594
0.00016139816928362267
0.00016059834354279943
0.0001597954618088846
0.00015895724050230486
0.00015817064352856107
0.00015739179314221472
0.00015663108903358615
0.00015579444036411383
0.00015497697484945092
0.0001543005775250187
0.00015356939142644024
0.00015281507193223742
0.00015203840055602613
0.00015141682889898333
0.00015071265555699088
0.00015001500150015
0.00014938113529662823
0.00014872415917734292
0.00014806354041077056
0.00014745534209639364
0.00014683363748872527
0.00014618051204945076
0.00014554224883566198
0.00014487354609048385
0.00014427337743976585
0.00014363393864778905
0.00014296509609296813
0.00014227642276422762
0.00014168032869836257
0.00014102951546287899
0.0001404945407835581
0.00013987970345502866
0.0001393534002229654
9.906482802345854e-05
9.863683888658735e-05
9.821253191907286e-05
9.779185980558978e-05
9.740322989110319e-05
9.701767662068028e-05
9.660155721710233e-05
9.618899213174043e-05
9.581297307655455e-05
9.543441746831577e-05
9.5085957705766e-05
9.466469764095572e-05
9.428447511832701e-05
9.392317084624775e-05
9.354886992965124e-05
9.318796011555306e-05
9.281431568005048e-05
9.246930019233613e-05
9.210647508519848e-05
9.18121889862098e-05
9.147457006952067e-05
9.120925226654991e-05
9.082157193976713e-05
9.049118615846816e-05
9.014856483484782e-05
8.982304859426928e-05
8.948545861297538e-05
8.915039671926539e-05
8.887940841865756e-05
8.861006255870416e-05
0.00016776153139789503
0.00016715052344506024
0.00016658775667666192
0.00016602006221383384
0.0001654389356181321
0.0001649133770787765
0.00016433143054834804
0.00016377898457029566
0.00016319659176802033
0.00016276041666666666
0.00016217692649117416
0.00016170488008306524
0.00016121094876885743
0.0001606874037989885
0.0002781570828908107
0.0002771897994153815
0.0002762986034361499
0.0002754682961033757
0.0002745881178232651
0.000273604616456074
0.0002728174603174603
0.00027187345526445873
0.0002709760063063507
0.0002700844627774504
0.000269317402800901
0.00026847603241237917
0.0002677180685358255
0.00026688664596273294
0.00026611186375072576
0.0002651113467656416
0.00026421983089930823
0.00026337212086386053
0.00026256743209051415
0.00026174273069052493
0.00026104703592956475
0.0002603057409247953
0.0002595686441077918
0.000258762644083745
0.0002267041901188243
0.00022606797630183976
0.00022535123710058438
0.00022476438492063494
0.00022408703849660782
0.00022341376228775695
0.00022279585753357307
0.00022216093644665075
0.00032849001543139143
0.00032757412316787034
0.0003266931060157117
0.00032592053602558855
0.0003249599467972552
0.00032393177846079676
0.00032296830404085925
0.0003220394835385399
0.00041829128012070685
0.0004171508596287357
0.0004160908266833102
0.000414907016374009
0.0004138216428719221
0.0004127054314982681
0.0004114319300565718
0.000410292479924975
0.00040930286950547435
0.00040805024847345484
0.00040694716953709753
0.0004057794588641073
0.000404565814188701
0.00040349891199400513
0.0004022641726287963
0.00040124385595345565
0.0004001600640256102
0.0003990821111443679
0.00039800995024875615
0.00039697730140501603
0.00039600039600039597
0.00039492799616355653
0.00039394451010186274
0.0003931314322620501
0.00039220630051407037
0.0003912691093038204
0.00039025478062106256
0.00038937560839938807
0.0003885327338828296
0.00038746817225727883
0.0003796821715058886
0.0003787722270429597
0.0003779756995986586
0.00037716699583059037
0.00037620728337300614
0.0003753138988972596
0.00037445533769063185
0.00037344849126809534
0.0003725075856090161
0.0003716316657206952
0.00037078984979640274
0.00037010120585701987
0.0003692811774026777
0.00036839073530790773
0.00036765197395687113
0.0003669161696620369
0.00036600785253210893
0.00036506040090269484
0.00036421911421911425
0.00036352580372250425
0.0003627920475983167
0.0003620469476150981
0.0003612194769541974
0.000353898784947505
0.0003533014053544791
0.0003526093088857546
0.0003518098663122508
0.0003510825043885313
0.0003503308680420397
0.0003495145631067961
0.0003487831343977678
0.0003481624758220503
0.0003473830477072719
0.0003465670607262505
0.00034596755593142153
0.0003451979134703897
0.0003444316877152698
0.00034374761286379957
0.0003367516805815002
0.0003360087235472377
0.0003352308665401644
0.00033463398618529877
0.00033384985575166603
0.0003331950259640652
0.00033245514991845433
0.0003317434684092587
0.000331072048773784
0.0003304775088231259
0.0003298727811387457
0.00032925798916554836
0.00032858435938449323
0.0003279621791539813
0.00032734235068865417
0.00041292262939269565
0.00041205412054120546
0.0004112498312034275
0.0004105090311986864
0.00040983105173658267
0.0004092002882724419
0.0004084369665935138
0.0004076318415224746
0.00040693366373917376
0.00040603107652776774
0.00040520598979122826
0.0004044281868337499
0.0004821135859608523
0.00048129564788410397
0.00048041123201460445
0.0004795300605406701
0.0004785833931562574
0.0004776062375374622
0.00047665010307558475
0.00047585058291696404
0.00047488454369531405
0.00047388873092597854
0.00047306486902016435
0.0005314061005420342
0.0005305227417415293
0.0005296984250300163
0.0005287648054145516
0.0005276116778051355
0.000526592943654555
0.0005256149695143318
0.0005245855773938589
0.000523633317042519
0.000522866703848299
0.0005219751539826704
0.0005209418628881017
0.0005198405822214521
0.0005189234069051408
0.0005180989223542415
0.0005173484169138442
0.0005162978005713696
0.0005155525004296271
0.0005148800329523221
0.0005139098259558723
0.000513153843522288
0.0005122950819672131
0.0005113868812218738
0.0005104297818763399
0.0005095627951217855
0.0005086297514495947
0.0006094257854821235
0.0006084369929691726
0.0006861719479409218
0.0006850622732836945
0.0006836112605343376
0.0006824869376475459
0.0006814119749776587
0.0006802721088435375
0.0007292606076800607
0.0007280932848678873
0.0007269054911883518
0.0007257698146239848
0.0007444772619166143
0.0007431208868866218
0.0007418675661673116
0.0008398828787178302
0.0008387472655520012
0.0008372562574755023
0.0008358529424652732
0.0008344817026489052
0.0008331695385354562
0.0009300145008122636
0.0009282838176080096
0.0009268918155344026
0.0009254437356247016
0.0009238800797157959
0.0009227108010168208
0.0009213653056815727
0.0009197856349540107
0.0009183299959089637
0.0009167902667612476
0.0009153146192806249
0.0009136968840044132
0.0008912713188247629
0.0008899287416001624
0.0008883911907428144
0.0008873407473688695
0.0008858686404628212
0.0008845422785724146
0.0008833884788326122
0.0008821255731698277
0.0008807545095053818
0.0008793877012404328
0.0008778030686224919
0.0008763900724889268
0.0008750643429663946
0.0008737426182909049
0.0008726442272436804
0.0008714665327558429
0.0008703465713778224
0.0008690934510208979
0.0008676541049517738
0.0008666791518405227
0.0008654095891122539
0.0008642244286055173
0.0008630961632111736
0.0008618638193086466
0.0008605816416137196
0.0008594096588153971
0.000858161288993283
0.0008573928258967629
0.0009075958474663376
0.000906059206813401
0.0009049449141685881
0.0009704265577495931
0.000994673945267376
0.0009930598081241068
0.0009913296858921456
0.0009902400797891287
0.0009887608479157773
0.0010381149537262541
0.0010362536846263712
0.0010348385530468559
0.001033302021150874
0.0010317076122473676
0.0010304293959447616
0.001024216997172839
0.0010229202463851123
0.001021565262767057
0.0010202138640850644
0.001018682517286582
0.0010171252722658514
0.0010157855874194256
0.0010146921037418016
0.0010133588166198809
0.0010121497743045198
0.0010109134963903039
0.0010093498716003846
0.0010081204198851257
0.0010067147279002383
0.00100537252113455
0.001003855673559546
0.0010027580772261622
0.001001367289324323
0.0010001866753126811
0.0009991265004073058
0.0009976577583080978
0.0009962518227102355
0.000995141597505303
0.0009939756095179511
0.0009925509925509924
0.0009911594033570898
0.0009899160807880431
0.0010517422211863419
0.001050426281025402
0.0010493270935674212
0.0010459603289791968
0.0010864942195414297
0.0010851725269844946
0.0010838226927786937
0.0010824762124889246
0.0010811330736305487
0.0010797932637808133
0.0010785809559451496
0.0010577752227651624
0.0010564997703261369
0.0010554695118453507
0.0010542600126052827
0.001052872510872053
0.0010513985314705293
0.00105001854652324
0.0010916034885709398
0.0010900190682186868
0.0010889653407636973
0.0010876047139003265
0.0010865556469687083
0.0010853240386522712
0.0010839418124186336
0.001082961036023299
0.0010818292235121316
0.0010805778128879359
0.0011827260002442485
0.001181427472176867
0.0011802645517525851
0.0011791370477555187
0.001159330788232652
0.0012045940919752913
0.0012033795453484572
0.001202133810829463
0.0012007228556524332
0.0011994156454419415
0.0011983117655808419
0.001194390266555215
0.0011931602044887317
0.001224474662365711
0.0012229443240941325
0.0012863550191889765
0.0013680282288606844
0.0013663243936416557
0.0013650776094089885
0.0013639838274436124
0.001362741309188612
0.001360900528371238
0.0014235365383556363
0.001422126863618859
0.0014204467401159437
0.0014189652806367505
0.001417370325693607
0.001415934050885986
0.0014147329246935202
0.001413108839446783
0.0013753117433965012
0.0013739611180824559
0.0013725757369305537
0.001411914159974593
0.0014106853065702035
0.0014090373992574484
0.0014070878887351584
0.0013875338753387536
0.001386068924443001
0.0013846445087486818
0.0013831109190123726
0.0013816925734024183
0.0013807610366494973
0.0013792731876835218
0.0013735992607147023
0.0013720113273828728
0.0013705742804708833
0.0013511096804191929
0.0013498061496131928
0.001348505131637662
0.0013471705851410029
0.0013460185110950767
0.0013448324967068961
0.0013433260432780358
0.0013421805326085028
0.0013405372795344053
0.0013654084706716289
0.0013643204957945998
0.0013613927073934508
0.0013601293846276217
0.0013585085535723746
0.0013571428571428575
0.0013557799038004126
0.0013544554455445547
0.0013484173237344307
0.001369093096574194
0.0013680478772881241
0.0013669682940516278
0.001365495616224786
0.0014211207952675982
0.0014195556021747875
0.0014005308745459629
0.0013992114170068742
0.0013981503273101299
0.0013967988574812341
0.0013956685548217568
0.0013943946032408375
0.0014361752932697737
0.0014348297549338542
0.001431939532626032
0.001413647939296295
0.001412070084360805
0.0014104957477701727
0.0014306559259547064
0.001427450168620247
0.001426084858511702
0.0014250533856857482
0.0014239498907301297
0.0014213486044471965
0.0014199567054942795
0.0014187501609290115
0.0014178009932326384
0.0014165252712221713
0.0014111884638768298
0.0014314928425357876
0.0014133641144029759
0.0014121687426316063
0.0014111199323891723
0.0014098561997850677
0.001466615535387107
0.0014637136945359803
0.0014835987477882133
0.0015165038805158159
0.0015154990358232036
0.0015099816663271546
0.001508637138423182
0.0015071800737069517
0.0015057640546442541
0.0015297579785884627
0.0015285171102661604
0.001527239571461136
0.0015259641664136052
0.0015249222365526143
0.001506843546009687
0.001505398059559573
0.0015042208993374373
0.001502931935413412
0.0015017208092000342
0.0015005116333685613
0.0014989652196499348
0.0014979862175220017
0.0014967454779713208
0.0014956193151417878
0.0014943450441871739
0.0014929981806953423
0.0014918030052867705
0.0014865923370498148
0.0014852927708536277
0.0015256634223442314
0.001524560047216473
0.0015232684656849315
0.0015220548570480108
0.0015164705784808767
0.001514850337093542
0.0015136468212589179
0.0015372148214300488
0.001593793376958161
0.001591822917956721
0.001590640959004695
0.0015851818878749667
0.001584124159746936
0.001582755129756291
0.001581622581918674
0.001580569596843793
0.001577758613609298
0.001576593212688252
0.0015756233595800532
0.0015743062726393607
0.0015727595749209942
0.001587885927453002
0.0015867176770649406
0.0016040640645545953
0.0015988834749394
0.0015974362737903038
0.0015960306985383986
0.0015909072405005586
0.0015899363699978853
0.0015874952220622809
0.0015861794365487605
0.001585290582464348
0.0015842484153457844
0.0015830150272891689
0.00158166820620027
0.0015804388308638985
0.001578480891252374
0.0015772561055168177
0.0016327651541376469
0.0016316580874891613
0.001680441818850124
0.0016628617938967776
0.0016619376692831491
0.0016969926930086301
0.001695477959590669
0.0016945377307040967
0.001693598544049169
0.0016921306009763668
0.0017085116255090998
0.0017073204239622477
0.0017059669376675171
0.0017038972677745547
0.0016868411312322652
0.0016857492199728067
0.0016847798182409426
0.0016797801496077364
0.0016944054199096914
0.0016932709814276496
0.0016920167665651757
0.0017210484786054246
0.0017200217715644737
0.0017545592765565586
0.001753346813633713
0.001750381811811846
0.001733435313447211
0.001732157576745745
0.0017308817223280122
0.0017294845575275765
0.0017282536368679047
0.0017610885127895964
0.0017560546313063786
0.0017544334275704412
0.0018082983027632473
0.0018067597619497789
0.0018053517309627829
0.001855291948039688
0.0018541979742979786
0.0018530179308022558
0.0018516213042439574
0.0019012203718833667
0.0019000129923076577
0.0018984055363073973
0.001896889878855783
0.001895732478666863
0.001896921815773544
0.0018915489609872206
0.001890264302442288
0.0018889371803015608
0.0018873470914812162
0.0018862003578773063
0.0018849229516892574
0.0018836472745457572
0.0018829881188448779
0.001882022191206792
0.0018809257483754123
0.0018794366347106993
0.0019117435198421925
0.0019104541744603134
0.001909077830527981
0.0019076591669597096
0.0019410051989237503
0.0019398348611493013
0.0019408486453677642
0.0019879036482023625
0.0019860369175437667
0.0019845215248577176
0.0019817886715633682
0.0019805072341848085
0.0020330295877235773
0.0020314824880719026
0.002030218429554712
0.002028488753948699
0.0020329438574003163
0.002031635085229916
0.002030281346489241
0.0021360344284664626
0.0021309354436161534
0.0021292941338347925
0.0021278302319185987
0.002126417038818275
0.0021941672008057864
0.0021774107456040007
0.0021761164456637694
0.0021672074212859284
0.002166168040742685
0.0021652779363086393
0.0021640428929956637
0.002162710627721913
0.0021614785105510217
0.002189196370952434
0.0021879007231036538
0.002186507124062572
0.0022126011190216344
0.0021961458975773896
0.002195048622646732
0.0021939524436460005
0.002192807608330442
0.002191962193322922
0.002190571165232331
0.002189330666916912
0.0021881906486841953
0.0022495032948467637
0.0022597939121369545
0.0022433465396193954
0.0022419783363989364
0.002240510642506172
0.0022378943229104547
0.0022365822780732463
0.0022356748402054378
0.0022303596634617438
0.002225202164424206
0.00222365045444564
0.002222150858769943
0.0022168594277498935
0.0022155654053637973
0.0022142232108800794
0.0022131307727055742
0.002211841098364172
0.0022105529262306353
0.002209464105803521
0.002208376357457745
0.002220709796365704
0.0022194687326354506
0.0022180308354157285
0.0022168422597118416
0.002215506633768783
0.0022145183183680745
0.002213037497452618
0.002210369087931019
0.0022093846891210384
0.002208155422941882
0.0022069275238900217
0.0022054068243136673
0.002202700958643553
0.0022232863665145493
0.002222053180519633
0.0022207721174415914
0.0022196401000062252
0.0022183126816776137
0.0022156582459424913
0.0022141877413768022
0.002213110611306258
0.0022118389897395406
0.002210568828644629
0.0022610059521181412
0.002259808649641401
0.0022561585768571266
0.0022548658487570256
0.0022679582084105406
0.0022517891595115994
0.0022503529431478746
0.002249363516071218
0.0022481773514468175
0.002247140483145138
0.0022455623311543414
0.0022443801710730123
0.0022434451767024987
0.0022428058924409276
0.0022395339399042037
0.00223801391643052
0.002235526446052761
0.0022344506628252272
0.0022330341658807528
0.0022315219641387794
0.002230450030620339
0.0022263720755744403
0.00225220593199653
0.00225127291453822
0.0023083588889407777
0.002337952805242524
0.0023367310649301627
0.0023647328650919733
0.00236344690142654
0.0023621109820509785
0.0023553996875743557
0.002353031205532942
0.0023516012881409174
0.0023862715024194248
0.0023850816774854226
0.0023932306498609143
0.0023918831684434346
0.0023903819973679513
0.002373897020577962
0.002369369619807447
0.002368396677884466
0.0023670665777975257
0.002366197704439666
0.002365125270551091
0.002363747854569881
0.0023622669713825755
0.0023615032581129516
0.002357098226789907
0.002355727820844099
0.002354409675892049
0.0023527863385476347
0.00233739150731884
0.0023344526019414284
0.002378344827022029
0.002377017682636431
0.0023760487826306365
0.0024248578433024243
0.0024238703540401057
0.002408394108087759
0.0024070533898175464
0.002430627733418111
0.002475719948343781
0.0024743440191689506
0.0024587795679726363
0.0024571522105575638
0.002456313126693456
0.00245347643120728
0.0024776462132563423
0.002476431965469061
0.002487499366093614
0.0024866519447705824
0.0025317065062946805
0.0025305216538623605
0.0025291765761223366
0.00263714233089844
0.002635741949448697
0.0026343989817653904
0.002632945643618477
0.0026282381457354937
0.0026271794732012238
0.0026260103532830797
0.0027046832289365635
0.002703480663930367
0.0027018760606756865
0.0027008472100496627
0.0026993624750306063
0.002698335537452922
0.0026971384307393586
0.0026819778889297817
0.0026810720065944876
0.002677855666126202
0.0026764440990514732
0.0026612651509905273
0.002660143839278816
0.002658660802652041
0.0026747443163311823
0.002708680821650211
0.002707484709755715
0.00270634653726969
0.0027050956522783054
0.0027002325855796927
0.0026795647206637727
0.002664564430442857
0.0026921321882635327
0.0026908344760547456
0.0026880288553134644
0.002683582018115897
0.002679194427498873
0.0026781853147201536
0.00267700897681446
0.0026760574598661065
0.0026771100424958618
0.0027423025355183413
0.0027411574283964448
0.0027398417368992697
0.0027383559534983025
0.0027373282778490942
0.0027358452184974916
0.0027341250829492117
0.0027330434110095117
0.002731792017506302
0.0027579418734536986
0.0027553570521183703
0.002750806019377447
0.002749377771184624
0.002748407409274807
0.002743466333614279
0.0027577221256061537
0.002755773508867349
0.002764705379382377
0.002781279323389601
0.0027868633756101147
0.0027859982662242545
0.002816564728813131
0.002814817877562084
0.0027968960631259377
0.002822878652252749
0.00282194597025473
0.0028206645383825044
0.0028467752287689575
0.0028718407002589303
0.0028695781649085423
0.00286570677511243
0.002864290095483965
0.0028628748158518393
0.002860324516152636
0.002858756054797777
0.002858050464953116
0.0028565816042174894
0.002855114252513007
0.0028539414560897853
0.0028525353715754633
0.0028510721727513554
0.002892110953881631
0.0028869759285828148
0.0028858521083315685
0.0029155089511040113
0.0029143152200863014
0.002912943637314417
0.0029119902539695526
0.002939606068248482
0.0029710480654802454
0.0029853761741965063
0.0029845225127087868
0.002969571588656149
0.0029687836627320234
0.002967572285128134
0.002966361895698083
0.0029647147300202277
0.0029633856137228657
0.002962238699222321
0.0029610926721553663
0.0029598610606244185
0.0029759764736056473
0.0030357921832524647
0.003065058417952946
0.0030638124339215822
0.0030626919141050436
0.0030615722135982114
0.0030592861171541376
0.0030735424070245767
0.003072419970713707
0.003080336719263356
0.00307902524673265
0.003105113087074618
0.003104106465468029
0.0031158392298194226
0.003114703788861092
0.0031135691751319216
0.003137195593804405
0.003136307373081357
0.0031318601095210816
0.003159750892259683
0.0031584104731186722
0.003143419286129323
0.00314234068674566
0.003140439080649675
0.0031354958833335407
0.0031343583916290845
0.0031329692442930014
0.0031322120464333104
0.003114612737277041
0.003140637726059552
0.0031359570536197362
0.003146510471235945
0.0031455615266460313
0.003168223345072219
0.003166568787426056
0.0031639586994363523
0.0032057873184057153
0.003204951221803463
0.0032291324466039682
0.0032277083814589314
0.0032235273983605606
0.0032226232374490335
0.0032215260094290727
0.0032069536323875744
0.003205734209576668
0.0032081066292698242
0.003213220677522105
0.003255055012176451
0.003271749622595962
0.003270638472212709
0.0032691235301632953
0.0032679486899144694
0.003253339440898065
0.0032355460554961803
0.0032342555794545027
0.003263387882683295
0.003262152145084224
0.0032607874182071844
0.0032584856083223007
0.003257012796558514
0.003255023254227266
0.0032537930132965046
0.0032523696850740376
0.003297256576531559
0.003296470392321609
0.003294826064625242
0.0032921285423072417
0.003289302701849589
0.0032879976042632024
0.0033098292959081827
0.00329565388152168
0.003294478168625941
0.0032901968221260487
0.0032882041705571117
0.0032739627352148634
0.003272666783532476
0.00325818255130169
0.0032555754572524726
0.0032544813192461604
0.0032904086176942806
0.0033189389556079266
0.0033032757668864554
0.0033115113838933135
0.0033636914748135503
0.0033621651785714275
0.003360839089915369
0.00336004393871113
0.0033884823417117396
0.003373813276295545
0.0033988084688177235
0.0034186327905697277
0.003417623788722918
0.003423104951489231
0.003433893959526666
0.003452200765117244
0.003450369538778184
0.0034494885299198546
0.0034841290098196246
0.003483103220089953
0.003481480235659658
0.0034770501179555552
0.003462029256146905
0.0034887656879032825
0.0034873986167089626
0.003486499745216349
0.003561985410609714
0.0035606605785135277
0.0035562841159710048
0.0035540753166406138
0.003552754667516461
0.003584578893027753
0.0035767324379966576
0.003575264931574644
0.003573589255234343
0.003587370210437523
0.003572890720905162
0.003568872294484906
0.0035995241484045415
0.0035975159780969883
0.003592865481386238
0.003591535542284632
0.003590346431074044
0.003601610995675492
0.003600419082519182
0.003611044835939746
0.0035965307781827263
0.003595271880508347
0.0035909135792495054
0.003586418590888257
0.0035995504756432617
0.0035981524290841895
0.003615434988478907
0.003613821236907268
0.003604866735807572
0.003627454741496125
0.003625960375015335
0.0036239793932996024
0.0036233474630777652
0.00361913661350003
0.0036182955894801614
0.0036301640621947246
0.003629250831046638
0.003627916934813155
0.003627215277926043
0.0036248743093290677
0.0036107277554569698
0.003609820730262849
0.003607417195224101
0.003606720473282848
0.003605675894832523
0.0036029691604120275
0.0035986225275041264
0.0035975810585110227
0.0035956891862616303
0.003590950959372013
0.003588766254764752
0.0035873142647187043
0.0035847176189606335
0.003596448903443648
0.0036038899932494027
0.003598498212180499
0.003596798049900504
0.003595552836796851
0.003634754444214164
0.0036624683551220285
0.003661201649442369
0.003647130574640083
0.0036745307779446263
0.003673895912478394
0.0036601141024900754
0.003658779934583788
0.003657587029597541
0.0036564650058524334
0.0036551334964398455
0.003651239386877298
0.003649980435284244
0.0036489319719561594
0.0036672393529432455
0.003663206783242004
0.003662155305922768
0.003661034395242606
0.003659675549199869
0.0036456693002456953
0.003643911669369899
0.0036715282492567726
0.003670546369686771
0.0036855496397539436
0.0036830644053279936
0.003680948246601341
0.0036894358768643164
0.0037009921746372263
0.0036964023367272846
0.0036944296821934185
0.0036928812157907766
0.0036791287419810953
0.0036751844006913978
0.003667859191474718
0.0037427899706881824
0.0037680015191858558
0.0037672016414240905
0.0037638061230233296
0.003777106352691063
0.0037760293334858476
0.003774952928316667
0.003788586813495139
0.0037685849099604843
0.003791564247870501
0.0037897079118438654
0.003802129834089749
0.0038396993913548294
0.0038388253584490067
0.003838024511101432
0.003836657303270883
0.003832046622175692
0.00384056146371417
0.0038269153196985877
0.003813059792874602
0.003863234528273144
0.003878055795272894
0.0039058536106506563
0.0039048191236087317
0.0039003379047254432
0.003898339870317859
0.003897234522730721
0.0038932009308469202
0.003927513381100395
0.003923326609902229
0.003981487089505892
0.0040042861024456086
0.004003001514890098
0.004001793243983099
0.003984240902428889
0.004011773383308622
0.004046055428817556
0.0040449907604719285
0.004047961363494975
0.004045637999034371
0.004061275176257751
0.004047118360131385
0.0040423823729241765
0.004037726084681326
0.0040364352029827605
0.004075878854506814
0.004075036129282206
0.004073964073776156
0.004129251778133984
0.0041280884993909655
0.004126770908904509
0.004113250220242239
0.0041090419939713374
0.004105375115394625
0.0041016322505516515
0.0041006321714163445
0.004142993333272174
0.004141513970341443
0.0041402719974148496
0.004153238240825374
0.004151848118576602
0.0041508372175887865
0.0041811131635863825
0.004195224916637038
0.004181884830909792
0.0041806449247465535
0.004177835898406798
0.004183871647543539
0.004181052297240917
0.004179567465300437
0.004178239825124981
0.004164537588481088
0.004162358928132766
0.004161270770360995
0.004205346201537527
0.004219644006496814
0.004201983365617688
0.004200437379864284
0.004199340619013112
0.004198244430754867
0.004196375440782595
0.0042536130378880155
0.0042523068082620024
0.004251593706203525
0.004250247387995358
0.004268159031261049
0.004267682141983814
0.004260088806660395
0.004241990509438858
0.00424045218072569
0.004262513375488596
0.004249244118142301
0.004248059164400487
0.004245951483921034
0.004245162434937755
0.004243979411184847
0.004285754221673085
0.004283481627449237
0.0042791947137916725
0.004302688079298627
0.004300732340370103
0.004312841877546227
0.004299356327624088
