0.0
0.0
0.0
0.0
0.0
0.0
0.0
0.0
0.0
0.0
0.0
0.0
0.0
0.0
0.0
0.0
0.0
0.0
0.0
0.0
0.0
0.0
0.0
0.0
0.0
0.0
0.0
0.0
0.0
0.0
0.0
0.0
0.0
0.0
0.0
0.0
0.0
0.0
0.0
0.0
0.0
0.0
0.0
0.0
0.0
0.0
0.0
0.0
0.0
0.0
0.0
0.0
0.0
0.0
0.0
0.0
0.0
0.0
0.0
0.0
0.0
0.0
0.0
0.0
0.0
0.0
0.0
0.0
0.0
0.0
0.0
0.0
0.0
0.0
0.0
0.0
0.0
0.0
0.0
0.0
0.0
0.0
0.0
0.0
0.0
0.0
0.0
0.0
0.0
0.0
0.0
0.0
0.0
0.0
0.0
0.0
0.0
0.0
0.0
0.0
0.0
0.0
0.0
0.0
0.0
0.0
0.0
0.0
0.0
0.0
0.0
0.0
0.0
0.0
0.0
0.0
0.0
0.0
0.0
0.0
0.0
0.0
0.0
0.0
0.0
0.0
0.0
0.0
0.0
0.0
0.0
0.0
0.0
0.0
0.00024923153609703416
0.00024770869457517957
0.0002460024600246002
0.0002445187056809846
0.00024313153415998054
0.00024156534342539658
0.00024019215372297838
0.00023879646581230599
0.00023722916337181717
0.0002357934449422306
0.00023439331197749826
0.00023300970873786408
0.0002315886984715146
0.0002301849152152229
0.00022876315388134817
0.00022734161867232495
0.00022612497173437853
0.00022487069934787497
0.00022359692926883805
0.00022237046920169
0.00022117369507519905
0.0001710529531070547
0.00017003084845393376
0.00016918020108275326
0.00016816816816816815
0.00016730001673000166
0.00016640517282365803
0.00016546116390110148
0.0001647717910693689
0.00016396130513198883
0.00016311313060701383
0.0001622511183737802
0.0001614875308556532
0.00016067575632373868
0.0001599597815406412
0.00015905476028175414
0.0001581920903954802
0.00015737056271216923
0.0001566942000761086
0.0001558985323266742
0.00015522441014724142
0.00015438225045211944
0.0001536401747108272
0.00015282508077897125
0.00015214745261693616
0.00015148564132528292
0.00015075160442778996
0.00015009219949397486
0.00014940983116689077
0.00014877157187792229
0.0001480447518135482
0.0001473436052875305
0.00014664906877841325
0.00014597018037743718
0.0001453246968942036
0.00014470284237726096
0.00014405070584845863
0.00014342205011576206
0.00014283382304929805
0.00014213775178687459
0.0001414913184969579
0.00014093581380365626
0.00014036776354047604
0.00013968710089399744
0.00013912905213364337
0.00013861660626943105
0.00013804255654814725
0.0001374084761399996
0.00013681227401544024
0.00023360392454593236
0.0002326798906404514
0.00023168259484506227
0.00023072042452558112
0.00022989827001551814
0.00022893772893772894
0.00036099711202310374
0.00035954205695903105
0.0003582404736316156
0.0003568678274262316
0.00048629035274754044
0.00048452321052533495
0.00048244637422994134
0.00048062703342206445
0.000478900738612293
0.00047710799155885856
0.0004752764829540261
0.0004736142229994353
0.0004718607647774087
0.00047037539574853007
0.0004688232536333802
0.00046705468132499816
0.0004652744224333852
0.0004637308933954019
0.0004619758351101634
0.0004601118425709634
0.0004584810171225026
0.00045703035736258324
0.0004554451976807329
0.00045394231440743063
0.00045228403437358656
0.0004508019072388383
0.0004492828754104026
0.00044761216127810487
0.00044609155171230526
0.00044485507990281627
0.0004432624113475177
0.0004417036168730781
0.0004401110434017198
0.00043855210336335725
0.0004371805219262846
0.00043579557835101654
0.00043433229761785435
0.00043294368401771734
0.0004316069057104913
0.0004301929249809722
0.0004286821321989744
0.00042730828649377114
0.0004258804258804259
0.000424358158285593
0.0004228879997397612
0.00042177665304003633
0.00042032429636096156
0.0004188616628808016
0.0004175097151299097
0.0004162064383934431
0.00041471273168086257
0.00041350573341603444
0.0004122272957889396
0.0004110152075626798
0.0004097714736012608
0.0004086893646452262
0.0004074021843024804
0.0004060660013431414
0.00040494657820141415
0.0004035888361118872
0.00040248301057291903
0.00040140181865900914
0.0004002709526448673
0.00039916482436747725
0.0003905173205917486
0.0003893189208995557
0.00038837613085991043
0.00038713791218801237
0.0003860127157129882
0.00038491147036181676
0.0003836259421401814
0.00038253825382538256
0.00038142248148979136
0.000380398299395838
0.0003795151136312899
0.000378400035614121
0.00037745903459301033
0.00037645599893706543
0.0003756241990366344
0.000374614367562803
0.00037360995121093576
0.00037272527954395967
0.000503106133519993
0.0005018108827507964
0.0005004133849701929
0.0004991536090976172
0.0004979432777657502
0.0004966100962991753
0.0004953267002627386
0.0004940711462450594
0.0004926530437390225
0.0004913689967526919
0.0004902378719413421
0.0004891119428376999
0.00048782557054381954
0.000486607709558668
0.00048539591423265243
0.0004840882303418085
0.0004830512034275634
0.00048209943824935027
0.0004808898553148784
0.0004795863046832646
0.00047844899317690137
0.0004771586241234804
0.0004761313294414773
0.0004749710887163391
0.0004739727156575857
0.0004728812862370986
0.00047177551690187077
0.0004706171222786054
0.00046946440235140437
0.00046833638770107927
0.0004673087081961885
0.00046634225466342263
0.0004651162790697675
0.0004640277609651778
0.0005570095966713645
0.0005556671353016001
0.0005545311205537295
0.000553200565197686
0.0005519424383885941
0.00055071194447762
0.0005496615938861738
0.0005484629820527054
0.0005472695863169417
0.0005460813727038266
0.0005450271200241651
0.0005437844779013851
0.0005426539044929129
0.0005413796702149865
0.0005402590639848988
0.0005391851158923189
0.0006028782574873591
0.0006014045706747372
0.0006000541984437305
0.0005987098767816448
0.0005973945887612735
0.0005962226410739702
0.0005948954135482634
0.0005936422826503256
0.0005924397049268051
0.0005909714808601495
0.000646830530401035
0.0006455042527339004
0.0006442322267697438
0.0006429895230530655
0.000641775831477217
0.0006403254359862895
0.000639121771495169
0.0006378747514164571
0.0007237154051558483
0.0007223093974943335
0.0007210163844757713
0.0007195672671331448
0.0007180706185311741
0.0007167130058696324
0.00071520173621387
0.0007138022275552273
0.0007123556865634979
0.0007110195775562992
0.0007096103260537101
0.0007082585387893663
0.0007068085158239803
0.0007053901537264059
0.0007040800223363317
0.0007028513954023824
0.0007014743054799656
0.0007001533094315479
0.0007832929636190544
0.0007817950013230377
0.0007804432917897365
0.000755096904102693
0.0007536876861788033
0.0007523106684817653
0.0007509118214975326
0.0007495181668927117
0.000742297916815126
0.0007410569250287528
0.0007397675354496601
0.0007384302744597643
0.0007138137712964274
0.0007122255577138148
0.0007107696284025894
0.000709669094790677
0.000708397733127254
0.0007070565411495221
0.0007058686267646716
0.0007047585765041645
0.0007035538189599032
0.0007021819870009285
0.0007008154943934761
0.0006995270965578643
0.0006985336566216373
0.0006973259566620563
0.0006959542625760661
0.0006944205318916934
0.0006931078727889287
0.0006919425859209699
0.0006908758707319858
0.0006897652517928196
0.0006887052341597796
0.0006875078125887794
0.0006862444845226347
0.0006849625251907705
0.0006839404010943046
0.0006830369743155518
0.0006818361113928616
0.0006806394635886013
0.0006793783407447334
0.0006783043512383259
0.0006773702360159434
0.0006761438565904468
0.0006750348675034868
0.0006739745560679991
0.0006728502157569287
0.0006718862790826809
0.0006708581439960968
0.0006697886567692938
0.0006688556487899794
0.0006675272803504243
0.0006664463538224279
0.0006653689223223026
0.0006643606215340691
0.000663202665965097
0.0006566634927931183
0.0006556947085437022
0.0006547073458164201
0.0006536802196365539
0.0006525711302531977
0.0006516993059402393
0.00065055459779462
0.0006496881496881498
0.0006485715212245031
0.0006476054787423502
0.0006466841271380995
0.0006456194718832721
0.0006447245414396701
0.000643769916631796
0.0006869206451267213
0.0006857962083279839
0.0007382478632478632
0.0007371374318601251
0.0007362656096833311
0.0007350203699567072
0.0007339196193389412
0.0007329854039375424
0.0007320302982149478
0.0007308688984081653
0.0007298499107491787
0.0007289490896048273
0.0007279584505335904
0.0007269705003576989
0.0008710270554242184
0.0008699302166955243
0.0008688088201387578
0.0008674724009836236
0.0008662215395546638
0.0008650555138158442
0.0008637306077371091
0.000862948389648783
0.0008616567924332189
0.0008603958443607226
0.0008592988784542984
0.0008582580157571615
0.0008571399030160156
0.0008558126090412626
0.0008341324094981801
0.0008329729618418071
0.0008319193788883746
0.0008308172612812454
0.0008090565109053435
0.000807938068321455
0.0008068227137466638
0.0008057104344096563
0.0008047981884390588
0.0008036669213139802
0.0008026123046875
0.0008017070568510898
0.0008005844570941524
0.0008502057112745992
0.0009198822065029296
0.0009136019565634822
0.0009122467102607572
0.000976538880154795
0.000975270992481657
0.0009690390028146363
0.0009678131839447425
0.0009666195389505562
0.0010355014771418558
0.0010341344374768721
0.0010330186322993157
0.0010519277024262205
0.001030578479448232
0.0010291322046719021
0.001027567427901338
0.0010263129162572336
0.001025000495648209
0.0010237218327987013
0.0010225373562365882
0.0010163866417755654
0.001014973072142984
0.0010135933806146573
0.0010121875645527786
0.0010109643951898139
0.0010096550100082422
0.0010081711833519488
0.001007046388725778
0.0010055407346603736
0.0010041865503410722
0.0010031586335985027
0.0010017815940886125
0.0010004958725899134
0.0009993590117126042
0.0009789653432685217
0.0009775142655079876
0.0009754115017272913
0.0009743084150089892
0.0010356343139525906
0.0010340773293242358
0.0010308682971903787
0.001029649284725427
0.0010282850394607984
0.001027190332326284
0.0010258915486077186
0.0010243020686884917
0.001023274478330658
0.0010221318750536835
0.0010207874646155606
0.0010195630444095388
0.0009993249089577927
0.0010405985340473207
0.0010393551446183026
0.0010380852252815428
0.0011221178318337071
0.0011197097258837205
0.0011184415437324802
0.0011175555241193947
0.0011164184166643117
0.001114968809100404
0.00111358574610245
0.0011121747944588356
0.0011108923699974691
0.0011097999550460779
0.0011086785674188843
0.0011075594436967251
0.0011215935430353178
0.0011203698152921823
0.001118691021731147
0.0011175044460926225
0.0011160714285714287
0.0011796048671709903
0.0011781288440632768
0.0011767545512858667
0.0011756769970322333
0.0011743735134721333
0.0011728456088317683
0.0011712569143320513
0.001169672517987125
0.0011685434281826805
0.0011674165161063464
0.0011662917754637642
0.0011652653360574156
0.0011638946892820947
0.001162585040236878
0.0011612146686159847
0.0011598792812855573
0.0011586737174811576
0.0011574390314246597
0.0011561754172087426
0.001154851588318506
0.0011534993767321404
0.0011519936666787535
0.0012142919674095812
0.0012130725340474557
0.001211756979840702
0.0012105754183218975
0.0012091344130625598
0.0012079906063527247
0.001269922709488491
0.0012687578313758646
0.0012626602837580126
0.0012613687682999414
0.0012602154393199171
0.0012589965640662831
0.001257881331162053
0.0012565995685699647
0.0012552195406506609
0.0012542452521575698
0.0012692172838185572
0.001267657882241216
0.0012661023078245513
0.001264887562259771
0.0012636415003357685
0.001244466901878742
0.0012256616919829359
0.001224522903577855
0.0012807140057929
0.001279323031640913
0.0013399618288060184
0.0013387571139375888
0.0013374485596707824
0.001336107299107405
0.001334733536626448
0.001333432832326638
0.0013324501994361985
0.0013312239430406194
0.0013298601990485368
0.0013283946730105424
0.0013256019902236674
0.0013244560867350654
0.0013232428974381347
0.001304566345354925
0.0013036460283867076
0.0013372605664033045
0.0013360398971853477
0.0013955110891094844
0.0013912744264589375
0.0013900806342107472
0.001388997144927411
0.0013874470858276531
0.001386080142885951
0.001385038760359365
0.001383784001426493
0.0013783640099429577
0.0013771530128541942
0.0013713915278351463
0.00137018886309575
0.0013687766612270607
0.001367508166148953
0.0013662068827565317
0.0013648730048617
0.0013594730972083168
0.001357869575003348
0.0013565130271928779
0.0013550898322770685
0.001353877270428889
0.0013525286837676694
0.0014628986888072233
0.0014922286251777815
0.001490974044539559
0.001490100886648221
0.0015256642973066204
0.001524345458038126
0.001523106278720546
0.00152190774350947
0.001516599165179943
0.0015153307200144186
0.0015140643948666438
0.0015127619079748221
0.0015114616601079177
0.001510087361121635
0.0015086774889954302
0.0015075362806073853
0.0015062070509859907
0.0015051832457803963
0.0015040094807659522
0.0014859309898015039
0.0014844386417149301
0.0014832097092953571
0.001482057109751886
0.0014810546913054494
0.0014796832070833475
0.001478499105287142
0.0015183936277978994
0.0015170294948688304
0.001515743395808226
0.0015143840185568099
0.0015130647373777606
0.0015115597993059704
0.0015108460019607035
0.0015097578206062217
0.001508446584006772
0.0015071002575651148
0.001505681739996753
0.0015041542259832956
0.00153989836560912
0.0015552261747913928
0.0015541511690420552
0.0015525797320662797
0.001551049682316775
0.0015498278121059447
0.0015487602537714476
0.0016050171810042017
0.001604149604149605
0.0016028893471690298
0.0015647955081292508
0.0015634148400502173
0.0015622661430993341
0.0015608517394756023
0.0015595924033370556
0.0015584493144288904
0.0015570798176309936
0.0015515723014808498
0.0015504757572311315
0.001549267574690066
0.001584636515043368
0.0015834805773044364
0.0015822878786651664
0.0016133905208923422
0.00161213807082518
0.0016109656636176567
0.0016096779836636934
0.00166510672174886
0.0016784521150646787
0.0016773566256258192
0.0016764245582104537
0.0016882085620315377
0.001723218139364061
0.0017216396823483725
0.0017201469671304214
0.0017551741936174031
0.0017542452842796855
0.0017528958972674274
0.001787663573352123
0.0017866764829841608
0.00180546892077049
0.0018040406461837602
0.0018026146295764003
0.0018013202057435866
0.0018517632676924715
0.0018743808939559318
0.0019290436795154564
0.0019276162590240976
0.0019264206955046648
0.0019246301283528098
0.0019235298943752364
0.001922385154150532
0.0019210132631322981
0.0019199171593256513
0.0019186855367330073
0.0019568428827688084
0.0019556821027932663
0.0019540710126434574
0.0019526355916488851
0.0019513871034189307
0.001950140210701091
0.0019489871003589075
0.0019477432718740305
0.0019466849658203308
0.0020005313864652347
0.001983434182745276
0.001982124800062274
0.001980630478015391
0.001963628916588374
0.0019624276377217553
0.0019609050526220723
0.001958324707707859
0.001957174916310661
0.0019562101344219136
0.001955062824016045
0.001954008486400805
0.001952955285351236
0.001990520199587266
0.0020241763098905953
0.0020228036339719063
0.002025327536509272
0.0020239559401672336
0.0020230583149282526
0.0020214540237863854
0.0020548578649632067
0.002053278714278691
0.0020520362433924006
0.002089512674710609
0.002088007157153002
0.0020863584369471633
0.0020853414098539443
0.0020799759056816416
0.0020784813237643422
0.002077325702400993
0.002072796275963236
0.0020715973239052296
0.002069873267598491
0.0020685343175813314
0.0020671016492325505
0.0020657662814412463
0.0020644326378572763
0.0020630056435683034
0.0020614382266544167
0.0020602049686265053
0.002059020534356857
0.002054961950148821
0.002076515403417277
0.0020749426106446
0.0020718432167448264
0.0020704186820798475
0.0020689961049999523
0.0020673862123880425
0.002062392014588899
0.0020612133971069637
0.0020597067310028153
0.002058437193695725
0.002070857849740857
0.0020695358246657827
0.002068215486461931
0.0020670851081672718
0.0020508757364040286
0.002102980501342462
0.0021018806661628068
0.0021499744239619695
0.0022018514011699695
0.0022005018599951854
0.002197491975632713
0.0021959974897950954
0.0021937498966179128
0.0021924585205693697
0.0021876449177361166
0.0021825396825396817
0.0021811091559085674
0.002176014364304931
0.002174589917530257
0.002173412474596907
0.0021708799276110866
0.0021698034905752173
0.0022133542160575267
0.0022119589727316318
0.0022105157524870884
0.0022055750260647823
0.0022044349122157356
0.0022028011539993024
0.002235534660443742
0.002234230615277011
0.002232627723615078
0.0022313270666396356
0.002230127804544429
0.0022291793025793418
0.0022279325022177042
0.0022397023760731246
0.002237606542982117
0.002273573907899432
0.0022721532730235936
0.0023078529657477014
0.0023213746188827525
0.0023202368929512024
0.0023191002816921303
0.002317706870747793
0.002316160598901274
0.0023145649506821097
0.0023133311192482246
0.0023116880554621914
0.0023584698045089787
0.002342433843664359
0.0023413955998225645
0.0023398399586028297
0.002338596933191526
0.0023372001073089454
0.0023356500342838035
0.0023808120918024124
0.0023793925946956735
0.0023783422061757773
0.0024135317153956156
0.002408580296099861
0.002473737656759891
0.002472266620799788
0.0024671830725099472
0.0024950493943168323
0.002508004902042888
0.002505949939593812
0.0025042442011021138
0.0024737728589369085
0.0025346200541971438
0.0025172643233679786
0.0025155546374572278
0.0025146731272577202
0.0025132970037094002
0.0025121422233335576
0.0024947327134075426
0.0024896726181803533
0.002485106802062211
0.0024836417827684186
0.0024819618522570657
0.0024804464478247147
0.0024790949710311564
0.002477852912427159
0.002462150862943389
0.0024763010052967606
0.002475223767230291
0.0024740398873494495
0.0024726422158141068
0.0024712997893157713
0.002469905211147559
0.0024686728572013935
0.002467183606602512
0.0024661676225429217
0.0024649922648232892
0.0024621612416879466
0.002457063174362751
0.002455522329451919
0.0024544608032849415
0.0024963419949269707
0.002530103552450523
0.0025285748879387603
0.002523780424136295
0.00252231159176322
0.0025209530854014544
0.0025198130704397114
0.002518457253407643
0.002517427807862814
0.00249820982307113
0.0024971895976732073
0.0024942019883378293
0.002493023861325131
0.002488430361592717
0.002486882564739461
0.0024715765716558963
0.0024664698184153093
0.0024650437774915803
0.0024639885135614914
0.0024624073106393573
0.0024616174699572174
0.0024603547782568033
0.002459303524292414
0.0024841418998261633
0.0024831343064590284
0.00248165092098441
0.0024803808576065738
0.002479270618071879
0.002477897412071498
0.0024767366561080886
0.0024755243007099892
0.0024710306063353603
0.0024696120439444127
0.0024686147722852566
0.002467723159063347
0.002466465506897002
0.002449852698197068
0.0024802702712713523
0.0025096120284737507
0.002540503511336137
0.002534107160931726
0.0025772516687960424
0.002575997027379154
0.0025743623732032215
0.0025727297923213866
0.0025680666192424797
0.0025667649867772346
0.002564490514962361
0.002563245879346321
0.0025603803605364216
0.0025591929753062985
0.0025577372341371823
0.002528954321325684
0.0025351819497945313
0.0025343284070637124
0.002519186905229306
0.0025179158724819655
0.002564896704979921
0.0025633345501034233
0.00256193561434845
0.0025610217508744496
0.0025586028470018633
0.0025515612576064214
0.0025504382112782496
0.0025843408812548344
0.002569135735990867
0.0025681677119757987
0.0025670929849453436
0.0025660191570423293
0.0025648389834951675
0.002563445631769909
0.0025448639280559403
0.002591970861924108
0.0025775184940077874
0.002576550714848585
0.0025756910766085825
0.0025976987287605812
0.002582833844737904
0.0025814891510516874
0.0025803069782966833
0.002579018569527743
0.0025847167875079915
0.002580392362610545
0.0025793199694750567
0.0025781413660743912
0.0025772848762721156
0.002575733938100841
0.0025746654126862674
0.0025731709656298357
0.0025718381031621424
0.0025706130886370584
0.002564453156103749
0.002562171661135501
0.002571772422295216
0.0025704431485903414
0.002569540027095539
0.0025676836176107653
0.002566358211052286
0.002551276269909768
0.0025503289161633346
0.00254769227292008
0.002591458368600413
0.0025908175529800862
0.002589696887907426
0.0026159212621335534
0.0026113609136641965
0.0026056475528564286
0.002601148691706443
0.002599812164786442
0.0026156493397772687
0.0026110991282207595
0.0026098665423793894
0.002611877776701203
0.0026107529600715718
0.002609736103316183
0.002608292458193572
0.0026285966673019363
0.0026275741811379737
0.002612481466095467
0.002625155673505509
0.002624082209725707
0.0026096513890856952
0.0026088515368005243
0.0026080521746709765
0.0026068806625766717
0.002605391168472965
0.0026289067676192267
0.002625062300112735
0.002623885238099803
0.0026227092311887044
0.0026220682170786744
0.0026202685720148095
0.0026155442235497465
0.0026437956643571544
0.0026426668019897946
0.002658313457480701
0.0026572334130092914
0.002655776744336292
0.002653076531558276
0.0026521615847880865
0.0026605442060560064
0.0026570860400978473
0.00268486933195319
0.0026833235354089473
0.002682399582073954
0.0026721354857633037
0.0026707294402150594
0.002669648873197656
0.00266878504893841
0.0026678139146061237
0.0026656039859593358
0.0026646885075100476
0.0026638812544581302
0.0026628594357951236
0.0026616772562453807
0.0026606034580582924
0.0026596749362755245
0.002718962378356428
0.0027163594248868607
0.0027138135304062196
0.002709366119281302
0.002708384800687683
0.0027076220442110556
0.002706641988372495
0.0027371003076795534
0.002736220281859224
0.0027349562356929003
0.0027198583726145936
0.0027180574671731464
0.002723161425176554
0.002720842141062601
0.0027198061075406122
0.0027250664707834872
0.0027238661451846956
0.0027227758573308814
0.0027217953442580586
0.002720597898000136
0.0027143967018657417
0.0027101979526372253
0.002709385754181797
0.0027082494938303605
0.002715872846253864
0.0027118960546996932
0.0027075429964500334
0.0027066250205233537
0.002717398467481734
0.00271609879503814
0.002715178945654399
0.0027143678310964283
0.0027102389326128817
0.002738403803984673
0.0027372053301307764
0.0027363887901480396
0.0027354639668988844
0.002774177498261371
0.0027732956697132
0.002800825605106992
0.002814933644386046
0.0028105090265984137
0.0028082944017156124
0.0028075703417560264
0.0028057406698455112
0.0028362794694795643
0.0028222295693506204
0.0028214470451097323
0.0028202740720543345
0.002819102073884525
0.0028180289242415793
0.0028166360118467427
0.0028437381332118163
0.002850516585154443
0.00284961587685674
0.002848490791624248
0.0028607478727341444
0.002858473229705022
0.0028570766309593846
0.002866689265399386
0.0028644600221493875
0.0029316804217838746
0.0029300425025553813
0.00292911956368264
0.002924917076432132
0.0029223972085286112
0.0029158644238917127
0.0029150044221936833
0.0029120647646963416
0.0029112636307242505
0.002910634477483819
0.002909605540357563
0.0029084060327828655
0.002893357696007346
0.0028759334177554984
0.0028735548020377717
0.0028848417921846286
0.0029112549127563725
0.0029105135695140106
0.002909430746764436
0.0029471320746990524
0.0029463246096506006
0.0029455175869448737
0.0029832444499547665
0.0030273463674435645
0.003026222235545084
0.0030216067801313554
0.003020839635218034
0.0030198370332813534
0.003018894015686012
0.0030295821312569574
0.00303855189627566
0.003037781412257333
0.003066202126352501
0.003065425040327692
0.003104383422847705
0.003103321662945904
0.003101992203184545
0.003100905310331292
0.0031004224912872546
0.003098341037411174
0.003097738282506322
0.003119808667852996
0.0031150532424149315
0.003114024293106241
0.003135496990817662
0.0031541273229167797
0.0031532699235435353
0.00317798647028731
0.0032096504618943406
0.003209089998299202
0.003207800978324109
0.003206992356953218
0.0032028289879767334
0.0032019600033675925
0.0032009054414973317
0.0032142639151146266
0.003213330549024981
0.0032064055974074853
0.003205289074526704
0.003204731104629202
0.003233243784262593
0.003335675486731782
0.003333741840750569
0.003331680634057964
0.003330457904498035
0.0033298790300071023
0.0033164916487815922
0.0033151473587041077
0.0033371715186019395
0.00333562724238917
0.003349382842250098
0.003348478807859778
0.0033919598515804394
0.003461685494641831
0.003460685412162302
0.0034581359379709706
0.003457004457882715
0.0035273787467951503
0.0035263609009378136
0.003525140261022872
0.0034979842359130946
0.0035204497234333984
0.003536350404854905
0.0035353312837007682
0.003534652195862946
0.0035337697716018852
0.003542691344903807
0.003541807304142832
0.003551364658688237
0.003580625968507107
0.0035795959875013234
0.0035657856578205425
0.0035633462193052756
0.0035911304228791897
0.0035903049389110157
0.0035889088533266255
0.003586533258259718
0.003630299687615406
0.0036288065757177617
0.0036146662364193623
0.0036383384558386312
0.003677094898205489
0.0037254213088995887
0.003723150799565301
0.0037668733236600285
0.0037655784452186505
0.003764787568774281
0.003763288870951225
0.003785328653644239
0.003783812182484421
0.0037830183252651316
0.003782008443170827
0.0037812153425536336
0.0037801343776186556
0.003789549838596161
0.0038262023289453956
0.003824890837877851
0.003821333081917913
0.00382024216597804
0.0038190792086414153
0.0038498373809946517
0.0038469107898233524
0.003839476767748094
0.0038367505519403054
0.003823064199239748
0.0038853599775934477
0.0038806464931393724
0.003878865237712552
0.0038778346231231916
0.003861992108671425
0.0038613326780432963
0.003865975114102259
0.0038644359945641505
0.0038633373735623413
0.0038604177926231083
0.0038586677441893743
0.0038964427443009407
0.003901576784681373
0.0039005430392474033
0.003899436062564679
0.003873110146162406
0.0038698279442871773
0.003868438208884651
0.0038548902806272408
0.0038535322183536787
0.0038524404630741376
0.003851131173035142
0.0038503314893619553
0.0038493868367233514
0.003848224823452639
0.0038472812041168746
0.0038844707651014615
0.003892242671223374
0.003889739424411399
0.0038727217606965986
0.0038716277302922432
0.0038701981940862037
0.0038567013520397864
0.003856265796247883
0.003855322429443509
0.003895288152651344
0.003912012320215908
0.0039047881331284867
0.003903393565938084
0.0038981283239602474
0.003908522553257415
0.003907421333506878
0.003928091931084707
0.0039529113468843935
0.00395187266897793
0.003949435401089715
0.003942441297473907
0.003941923654702307
0.003951745411303005
0.0039476576076881344
0.00399275376728922
0.004038907802868672
0.004043441290660888
0.0040381610375871835
0.004036875384398949
0.004045481744099281
0.004044724390170852
0.0040505896306668975
0.004095290632695304
0.004093402205457579
0.0040788452434678026
0.004086322637736459
0.004085635141872631
0.004084417839788405
0.004083567424205914
0.004085714948039221
0.004084024031870194
0.004070204149138248
0.00405684787211418
0.004063647284660037
0.004054652935765461
0.004053140569881177
0.004052299903113794
0.004089995950385194
0.004089157414693728
0.0040883192227668935
0.0040749091063937235
0.004109855086275711
0.004108469043479561
0.004106930589811826
0.004118498798250861
0.004117502455239951
0.0041399954624824825
0.004138994421990475
0.0041373740218041645
0.0041737109163858584
0.004172857539555801
0.004172082045207355
0.0041705437711420795
0.004169536599270392
0.004166595313869894
0.004174863964911278
