0.004127137024316526
0.004127137024316526
0.004130231064576178
0.004130231064576178
0.004092483773408425
0.004092483773408425
0.004052261250032951
0.004070206683538931
0.004070825491590862
0.004070901064781586
0.004059143493524516
0.004059143493524516
0.004059143493524516
0.004059218851242766
0.004032683983529969
0.0040451359329321595
0.004045211034783797
0.004066871327135858
0.004070041218857025
0.004070050525277865
0.004070050525277865
0.004082579661870026
0.004082655464530019
0.0040864573492038255
0.004079649323160031
0.004079870362966648
0.004079870362966648
0.004079870362966648
0.004037165472328304
0.004037165472328304
0.0040393758703944705
0.004044327162062684
0.00401345610835556
0.00402900399140372
0.004008831182764405
0.004015020757045485
0.004018115544186026
0.004010888233216333
0.004010962717203654
0.00401111010170358
0.0040111845911944
0.004014973310799786
0.003994619245006798
0.003994767622513856
0.004000413570318074
0.0039572246899816635
0.003932814190282814
0.0039022850997659357
0.0039022850997659357
0.0039027113689044297
0.0039027113689044297
0.0039052604243058607
0.003906024668569586
0.003906097224057068
0.003906097224057068
0.00390678896961856
0.0039068615419992495
0.003908172537842032
0.0038895962263544403
0.003889813001488273
0.003902197899343828
0.003902342889698087
0.003902342889698087
0.003902962157599574
0.0039031071817391965
0.0039031071817391965
0.0038950563998844208
0.0038950563998844208
0.00390132179059736
0.00392616683184597
0.003926859104525639
0.003887841602388967
0.0038879860781081193
0.0038880583199944066
0.0038880583199944066
0.003892140317849076
0.003892212640955919
0.003892438941126058
0.003892438941126058
0.0038957532690110245
0.0038958980710207263
0.003858872308022957
0.00385985049978284
0.003872241843190335
0.003872313817945785
0.0038741950645251972
0.003850172838814691
0.003850530734744976
0.003863544547978165
0.003823548034294522
0.0038271432480569165
0.003828453980456506
0.003828596355093191
0.0038311468288782817
0.003856083058623174
0.0038562981858068666
0.0038564416172650906
0.0038565133369953776
0.0038565850593933132
0.0038580401605119333
0.003864599134027351
0.0038667468775545675
0.0038705392533731134
0.003859593307355331
0.0038484313473151482
0.0038485745394325507
0.003848646139487237
0.0038386723151737634
0.0038402303808388067
0.003840301834961701
0.003829280298801341
0.00376243360286903
0.0037625036159619953
0.0037625736316606808
0.00375637069643173
0.0037565105047798184
0.0037598919666402704
0.003760171887126173
0.003692064335421366
0.003692201781044753
0.003655246621088018
0.0036331114635003506
0.003633382020830122
0.003633720274164898
0.003638820898065673
0.003612334167889721
0.0036061943407107435
0.0036061943407107435
0.0036226026137195994
0.0036228050125992188
0.0036243165859861375
0.003624519107029163
0.0036248566924013507
0.003625346573968989
0.003625616734117579
0.003588268741040048
0.0035903324764369614
0.0035906669773850706
0.0035914888567504825
0.0035921769439276824
0.0035924447220781457
0.0036051376015032686
0.003605675210331573
0.003605887756393623
0.0035986324416766944
0.003600479368113183
0.003586939700490638
0.0035480471438726156
0.0035481794744389246
0.0035270413481852635
0.0035303471614667086
0.003531656416424709
0.0035348968010164112
0.0035351847845037326
0.00352288140838507
0.0035229471215245662
0.0034828566088660642
0.0034830515375968317
0.0034987287658880344
0.003498924601220192
0.0035129346765362733
0.003525791294886521
0.0035259886965602733
0.003526317748474917
0.0035010441469441166
0.0035024846076072776
0.003502746138314038
0.003491610810247623
0.0034918063639194376
0.0034918715533444975
0.0034927546903786035
0.0034930155578586524
0.0034931460062120104
0.003493341697011783
0.0034724374452974895
0.0034852130019426123
0.0034859657804136098
0.0034862913586129573
0.003486421606921799
0.0034736051090688163
0.0034632777434222893
0.0034634071561137837
0.003469635008314395
0.003470024002653575
0.00347492187384428
0.003475311548290464
0.0034769474393530333
0.0034773374284102205
0.0034777925262301896
0.003455485959500933
0.0034020782033111065
0.0034035156710787227
0.003416173496486481
0.0034164929441670953
0.003378094696778289
0.0033782842537446087
0.0033817812021739837
0.003381473927847065
0.003384845289963105
0.003385098627684081
0.0033853648774783696
0.003385554934828753
0.00339086251158689
0.0033892446978945633
0.0033895619062783953
0.0033898791740445302
0.0033901330310239022
0.0034061170433726047
0.003406180819975735
0.0034076205100575
0.003407939581623452
0.003408194881901128
0.003411996954459727
0.0034122679103702246
0.003413556985034654
0.0034141326593814473
0.003414516550162285
0.0034147725253145735
0.0034165982660995043
0.0034168544597307357
0.0034184246230064873
0.0034188091981801703
0.003419065629705095
0.003422640141652782
0.003420027590624283
0.0034264083939802735
0.0034268583491206517
0.003427179818008937
0.0034304998586513875
0.0034308860964617476
0.003431079247983467
0.003431465616278349
0.003431980909384371
0.0034336190139147263
0.0034345026841120273
0.003434825118131077
0.0034039149775576274
0.003404234605992269
0.0034049697419568196
0.003417876840523871
0.003420269336949005
0.0034207834892037983
0.003424687486281893
0.0034260692628708565
0.003426198057625297
0.0034121723888095802
0.0034124931359650022
0.0034160118278044765
0.003416333002289979
0.003416333002289979
0.0034166542371750087
0.0034169112685821425
0.003417618304397688
0.003431994174994157
0.0034323816425837696
0.0034454445877972243
0.0034489705770350213
0.0034491004108574926
0.0034506150097903883
0.003454012331503192
0.003454532582640428
0.003454727717224271
0.003455472370601594
0.0034684840472803936
0.003445774429841942
0.003433539815575007
0.0034339279616088726
0.0034343161954089414
0.0034348987107358044
0.0034350281854228786
0.003449044289499507
0.003452804948152758
0.00343867780350884
0.0034423388093553823
0.0034434866670953485
0.0034469544772262684
0.0034066079716838322
0.0034069412201828547
0.0034075197027973562
0.0034081626917024975
0.003408419955214543
0.003421452674645941
0.003381389474368501
0.0033818363765345115
0.0033954242575157333
0.0034089651576514786
0.003409351493728881
0.0034254798999909606
0.003410639913317237
0.0033954478485658467
0.00339641062276158
0.0033967316688352685
0.00337110471783375
0.0033725564371103515
0.003372952090403824
0.003373398619351415
0.0033741643726699724
0.0033303409459787756
0.0033312866650930003
0.0033315387965340668
0.0033352603482805416
0.003335512842581753
0.0033361442456223537
0.0032967662873382196
0.0032863404170641987
0.0032865893728171672
0.0032567192359786363
0.003257379752567871
0.003258319867990015
0.003271694510395263
0.003272004541335904
0.0032421109543576696
0.003242356787652789
0.0032111891129636546
0.003173060687897905
0.0031733013675746204
0.0031750472108353265
0.0031484005643685454
0.003148938150076476
0.0031050233880243563
0.003081749496154507
0.003082158968782738
0.003082510031937676
0.0030868927592682506
0.003060807878031577
0.002989734030815091
0.0029618076097123244
0.0029641576963650136
0.002980855328251649
0.002981251929545988
0.002981875373420154
0.002982385657842895
0.002982952845408572
0.0029689370739292183
0.002969332442701548
0.002969784421687061
0.002970575716091713
0.002974370412648929
0.0029756846887015772
0.0029763307144559546
0.002976670808235816
0.0029488343391811654
0.0029495085639367133
0.002950070653459894
0.0029506891994292065
0.002952674025208427
0.0029605821126498177
0.002961895338652661
0.0029751766422053487
0.00297551718130976
0.0029765392665214614
0.0029769369337581376
0.0029772210468459177
0.0029775620541435863
0.00298114205301801
0.00298159745862866
0.0029821669113413987
0.0029826796047932053
0.0029536152519312074
0.0029399428858283842
0.002898353027674419
0.0028986853694961913
0.0028767191127215407
0.0028773790620476984
0.002877654130309753
0.002823968536433581
0.0028166426454302646
0.0028302585956329267
0.0028308001475436137
0.0028471812807489894
0.0028475815077691454
0.002819401369531988
0.00281977921130992
0.0028202111545112696
0.0027936654568623065
0.002794307641899227
0.002797875478901295
0.0027984116141634157
0.0028116713334112474
0.002811886898652534
0.002812264217371442
0.002812695562778455
0.0028176553432804467
0.002819690709952981
0.002820502209581709
0.002776106572833369
0.0027765860937752447
0.0027772790276643826
0.0027779189659952255
0.002752633965716053
0.002738489528448108
0.002741147437558895
0.0027419903488250575
0.0027457739854430336
0.0027460907141542254
0.0027143617802700567
0.0027148315736551035
0.0027153537570699248
0.002728491622359419
0.00272891158412983
0.002729436718175962
0.0026979874856616504
0.002698247162218048
0.0026984549394564517
0.002700154196367369
0.002700622178723079
0.002701732349044962
0.002702617275443439
0.002669551851676718
0.0026831229298329724
0.002683433284891173
0.0026838989521214534
0.0026973254266092262
0.00266549109581983
0.0026672399641287413
0.002604056815758864
0.0025753600614905506
0.0025761555241453995
0.0025767524436898924
0.002590125320553168
0.0025906256441677934
0.002582512175159149
0.0025958432401661648
0.002599917773881242
0.0026004204162734857
0.0026039446373366205
0.002608164694817696
0.002611062287124347
0.002578128839255
0.0025656260981969294
0.002565973710365465
0.0025408057463931384
0.002495969892136026
0.0024982584320785432
0.002498645578898949
0.0024989844308092165
0.002499468664426906
0.002512776333489912
0.0025136532062531936
0.0025139456331894515
0.0025143356416263496
0.002518055990426376
0.0024991447164415515
0.0025007776361094165
0.00247272951910166
0.0024729695293436477
0.002478076400427422
0.00248174627835546
0.0024673843301103843
0.002468055505438683
0.0024816838544901047
0.0024823110296477323
0.002483035087313162
0.002447259748286706
0.002447783450351394
0.002415735889322814
0.002383724737575982
0.002336358574679061
0.00231017816776602
0.0023104930407590175
0.0023110330227729837
0.0023115732572427947
0.0023124742095198504
0.002312879867211804
0.0023133758643759817
0.0023138720743190065
0.0023142330880019817
0.0023147980427109627
0.0023157015019318167
0.0023161082887046117
0.002317203711244869
0.002317837272137718
0.0023185164719478736
0.002318833568100889
0.002302911758885496
0.0023069349847698855
0.0023073409129559914
0.002308960319167394
0.002282091346974605
0.0022859316179609586
0.0022870646784711127
0.002287333207845126
0.0022881839670203714
0.002288811247279203
0.002246824946055249
0.0022499650959697587
0.0022507146434248143
0.002251067544470391
0.0022515529641443663
0.00225234773898316
0.0022533841239949764
0.0022573620058020205
0.002257937987785483
0.0022715133928766194
0.002272048643253922
0.002272628782557485
0.0022438719218490135
0.0022446216432065492
0.0022450187573735377
0.00225852337448421
0.0022723008739882894
0.0022730608408357772
0.002286671308100302
0.002287346453160169
0.002287886856322831
0.0022623932225113914
0.002262794308651773
0.00225262840529234
0.0022665680508547224
0.002267193680837214
0.0022679985699195987
0.002268714506807866
0.0022410990538716457
0.002182367354100477
0.002123777868668776
0.002150614490392896
0.0021509543405839704
0.0021515068262875107
0.0021521021283857763
0.0021524849965815396
0.002129143208621263
0.0021295221271492256
0.0021313883096390315
0.0020899779739487687
0.0020610319832425486
0.0020619298763420424
0.002062419966038719
0.00206286941963303
0.002063196418035127
0.0020637689147618983
0.0020656634316428128
0.002066277907626445
0.002066728755743712
0.002009460621117464
0.002010138765210826
0.0020239757903333425
0.0020249006044460584
0.00202590347477558
0.0020271300106691047
0.002027895999893931
0.00202829938468067
0.002028945134245993
0.0020294297163177023
0.0020331919919840207
0.0020337993017112053
0.0020345630533858796
0.002038248162441325
0.0020388574313366563
0.0020390606019193387
0.002040836667568452
0.002041406381299902
0.0020153022217283567
0.0020427912969365964
0.0020435660391347242
0.0020454275350950996
0.0020461629036139187
0.0020532307455215335
0.002054092481984399
0.0020547084510219985
0.0020556947702576435
0.002059399017669002
0.002033498864534106
0.0020340280399132184
0.002047824035009939
0.002005306157870594
0.0020191426263019376
0.0020195471749237448
0.002020235279745441
0.0020208023064879517
0.0020213696516187185
0.002025118054282046
0.002025930767202137
0.00202654073009947
0.0020272324655506726
0.0019806605293682827
0.001981496150372717
0.0019820536228638795
0.0019834087914445053
0.0019732687824171105
0.0019738643483588046
0.0019746192481699724
0.001974937273495817
0.001928544835889218
0.0019438216954533127
0.0019443308466298129
0.0019452762181482479
0.0019459822363340866
0.0019334366647365923
0.0019096822250638914
0.0019104917718103555
0.0019110704398348523
0.001911803922752533
0.0019128085490913414
0.0019136594425740333
0.0019142013145087454
0.0019146272863575769
0.0019017560401755485
0.0018598986745470409
0.0018608781237396646
0.0018618295752238253
0.0018016319560674157
0.0018022529061779734
0.0018030571243422653
0.0018069140987033421
0.0018076842780504392
0.0018081246753895775
0.0017662433027518843
0.0017670687842597135
0.0017678231589312887
0.0017682185646805413
0.001768614147348716
0.0017692258506467494
0.0017701261833816236
0.001709547146600473
0.0017101739283224163
0.001710975485225567
0.0017152107257718092
0.0017158404176556331
0.00171722075109139
0.0017104934246216627
0.0017112270022452598
0.0017121694551923783
0.0017128693568623258
0.0017132895725936572
0.0017139202829238823
0.0017143760848116144
0.001714867219583911
0.0017166880796731787
0.0017171449915138876
0.0017245013753236324
0.0017251019760648539
0.0017270903262419479
0.001727656782696448
0.0017283299325379546
0.0017428232390994745
0.0017435744560128795
0.0017442905030174022
0.0017447204135915932
0.001745329816460469
0.0017461190876882874
0.0017311427978341416
0.001735176866837019
0.001708257052169129
0.0017088549474129344
0.0017094532613336417
0.0017101929336903476
0.0017109332464296182
0.0017114977245709674
0.0017120978908557033
0.0017127691632437812
0.001713511708557023
0.0017278454519022016
0.0017287736908787798
0.0017365941090900256
0.0017386193269799245
0.0017395547068400747
0.0017537487992409753
0.0017558554259316222
0.00175661923668138
0.0017576751160882482
0.001717253119248266
0.0017179657167623221
0.0017186432324047
0.0017195355149376703
0.001719964139731074
0.0017203214903241909
0.0017209293272393406
0.0017216091828837433
0.0017227912623443394
0.0017233291079733102
0.001724010861389057
0.0017247290795449433
0.0017253759877223097
0.0017261313275405707
0.0017268153003293773
0.0017283394951515215
0.0016852261044132794
0.00168607077635334
0.001688168181075019
0.0016888032950317408
0.0017033067870425953
0.0017040906209856359
0.0016733445001456463
0.0016740801439763082
0.0016745709326435544
0.001675237463443182
0.0016895574014484434
0.001690053173987696
0.0016815346189494418
0.001682098904146346
0.0016829813583496376
0.0016837233357292975
0.0016843244634323258
0.0016885339170825341
0.0016891017300853363
0.0016897409763563412
0.0016906296215045186
0.0016916972302494432
0.0016925879347428562
0.0016931584780150064
0.001693800799137167
0.0016946937207148493
0.001695659134050559
0.0016995700534795182
0.001700323599867557
0.0016708375998224331
0.0016716497316256395
0.0016723919330794883
0.001673382560837606
0.0016742680421376575
0.001675415917115053
0.001676267823513586
0.0016777733021452414
0.0016785917975838647
0.0016791972859362364
0.0016799815078202577
0.0016807307668710207
0.001684986095176041
0.0016857740743889877
0.0016263764828205493
0.0016268954839319695
0.001631239387188474
0.001631899343927962
0.0015970905613663855
0.0015481434119541543
0.0015489026779727682
0.0015493982528238751
0.0015503903544969034
0.0015652208983976507
0.0015707731996686865
0.0015749050332383666
0.0015759152353122848
0.0015551990493166965
0.0015560977581823847
0.001556897482934443
0.0015574978161469455
0.0015582321857638519
0.0015586664570500272
0.0015596695459832582
0.0015608198804559555
0.0015618252826506537
0.0015627312527153546
0.0015634702280304552
0.0015785122584683906
0.0015797012041739598
0.0015805855810592903
0.0015814028082975476
0.0015859162088931718
0.0015865658382474529
0.0015874214249934177
0.001588380778339985
0.0015890667409744952
0.0015899593786598218
0.0016052646297571608
0.0016060979021939334
0.0016072798534217119
0.001607801855712478
0.0016121783895373706
0.0016130519338217815
0.0016138914274011315
0.001614977067411752
0.0016304694352680454
0.001632079147829745
0.0016328595716962955
0.001633569695890301
0.0016345649080636024
0.0016361445599951344
0.0016367859337936429
0.0016374991613564097
0.001638213010766304
0.0016397498965405584
0.0016402866981217045
0.0016407522105341213
0.001645360488741878
0.0016464754021859095
0.0016510567950762164
0.0016519238898284393
0.001652719527142103
0.0016555563554840487
0.0016563184819136415
0.0016572266906748076
0.0016582086755022715
0.0016589368222881594
0.0016598479055367084
0.0016605774929767808
0.0016080530231473628
0.0016240348139461196
0.0016250720102464287
0.001626003037355556
0.0016267916631673245
0.0016273298013291396
0.001628479020176767
0.0016291261693623985
0.0016301338688508148
0.0016308904619473509
0.0016318281698644369
0.0016329114813292728
0.0016337068243285032
0.0016347202002939707
0.0016354448103118315
0.001603230574643939
0.0016039419990963113
0.0016054380475087134
0.0016067940219437187
0.0015595721727293655
0.0015604050550646015
0.0015610998035307925
0.001562177887112727
0.001563710629381273
0.0015648272415281993
0.0015657356637998347
0.0015667851548272493
0.0015397793934259377
0.0015038388254351753
0.0015047140114290269
0.0015053879249060194
0.0015060287020768242
0.001506906439546372
0.001507954310780691
0.001512507178410761
0.001513390295110484
0.001518531243856606
0.0015192142055799893
0.0015202398008041709
0.0014685264702150895
0.001469750848947749
0.0014710104459766172
0.0014733446878318823
0.0014745092556745678
0.0014756089642522627
0.0014766769160074605
0.001477345171201943
0.001478315216258431
0.0014945603305523548
0.001495916186789815
0.0014647956006610973
0.0014659264857952393
0.001466759133637855
0.001467726190927283
0.001468895028621992
0.001469797976184153
0.0014705680297935433
0.001471070673531652
0.0014722112724438793
0.0014888402651191126
0.0014901668534293626
0.0014948626061007195
0.0014967537501911008
0.0014982619180297068
0.0014617393588649268
0.0013932628618472682
0.0013939663523102055
0.0013951510988309819
0.0013958244188290387
0.0013966268381279425
0.0014130615041923558
0.0014139726109513799
0.0014155225090205052
0.001416305683445709
0.0014169916723137663
0.0014183983916633875
0.001370896378174063
0.0013715618310875125
0.0013722914021255803
0.0013730217497340792
0.001389380475679594
0.001390378501324836
0.0013916361203973983
0.0013925404303459033
0.0014089278295868952
0.0014101722629719289
0.0014267290348330573
0.001398013434878079
0.001398990201449562
0.0014012281365544646
0.0014062912386179106
0.0014071444312956393
0.0014235976760493436
0.001424995121531372
0.0013868843452566563
0.0013881505010820405
0.0013891258966794748
0.0013901352465481478
0.0013910711912634949
0.0013921159066550889
0.0013929658940578795
0.0013944394815615846
0.0013621041078708063
0.001363129981798783
0.0013642538022440507
0.0012948684696580295
0.0012958462131401564
0.001296978571316109
0.0012981742823598016
0.0013000070973999862
0.0013010228241310735
0.001302070991896119
0.00130798785693957
0.0013087949119559548
0.0013099140183364217
0.0013111285452773228
0.001312282872507496
0.001313470515385349
0.0013145349668684757
0.0013153814964104282
0.0013165747570961356
0.0013173924467907228
0.001324548186768071
0.001326038723682741
0.0013270236811628935
0.0013082162214015066
0.0013135993341975966
0.001314767202505387
0.001316032101081528
0.0013174263035818912
0.0013186963262879687
0.0013200961824571568
0.0012649007155563071
0.0012662154540327133
0.0012673795928900935
0.001163663663663664
0.001164933207263559
0.0011510285270716091
0.0011521184897414112
0.001169043627558169
0.0011173523976266905
0.0011183586049115296
0.0011191757800131528
0.0011201579678701157
0.0011211965937095872
0.0011219631302649253
0.0011229502187247982
0.0011406084332436183
0.0011416978929408214
0.0011434806366642386
0.0011609085788146314
0.0011616212998792016
0.0011628206433880127
0.001163764723524602
0.0011688428941950071
0.0011699087521638357
0.0011915921884838407
0.001192887013542946
0.0011941256106892699
0.0011949527720642463
0.0011960179505863657
0.0011977380716222219
0.001198570246957344
0.0011994333627767118
0.0011590832430897055
0.0011601212539046816
0.0011090122587209094
0.001110118009016259
0.0011108933471118555
0.001111864044082244
0.0011295230003843413
0.001131515190497631
0.0011327335491602426
0.0011343241878109854
0.001135434595524957
0.0011359763513149918
0.0011366042937187941
0.0011380053908355795
0.0011390369714890036
0.0011399842313881779
0.001141192115989664
0.0011420564590298742
0.001145098350750239
0.0011463153074995182
0.0011472733039324576
0.0011483202188127286
0.0011494273704711886
0.0011509851591131755
0.0011525367071314118
0.0011537104594109967
0.001154974912430181
0.0011561831376594217
0.001157689584443455
0.0011588738610374333
0.0011778903293046391
0.0011790070132798433
0.0011805194138818237
0.0011817017826417147
0.0011828865222181422
0.0011837994781138596
0.0011851715573544296
0.0011863020963773776
0.0011877719595840405
0.0011889381870261414
0.0011901374884071521
0.001191462602648517
0.0011925433643717954
0.0011960690523776154
0.0011414016144483475
0.001142322027788823
0.0011433034552013985
0.0011447041606309652
0.0011453311176851944
0.0011463177246674597
0.00114766584032735
0.0011494080959609935
0.001150582590046001
0.0011688765700302146
0.0011701344492231393
0.0011720109464470367
0.001173306463336993
0.0011751931562133224
0.0011762163574732833
0.0011774589926826999
0.0011792654846299964
0.0011803582933345438
0.0011816097002558346
0.0011823618188821744
0.0011836489056115224
0.0011849387975693692
0.0011865156463671356
0.0011929835252237875
0.0011942889678557447
0.0011953736989800462
0.0011962684876121222
0.001117621112802352
0.0011190291110949435
0.0011203203909300949
0.0011218859251751869
0.001123546547019917
0.0011246967603550488
0.0010810776097357354
0.0010823036853874217
0.00108367902398076
0.0010849110107447053
0.0010863813189394588
0.0010879737345535394
0.001089422749611383
0.0010909486628397312
0.0010927919335059274
0.001094193407552936
0.001095478759732277
0.0010970972066427732
0.0010986602372667744
0.0011046793412160618
0.0011066527418970669
0.001107840170211205
0.0011093051231898033
0.0011111111111111113
0.0011124925173826958
0.0011140314474108915
0.0011156673685766008
0.0011174011174011175
0.001119015858900252
0.0011201053344089312
0.0011216654131498557
0.0011229166085687462
0.0011239823214701096
0.0011255532261821573
0.001127065431373098
0.0011282970933273557
0.001129943502824859
0.0011318810025767161
0.0011337613094567708
0.0011354237160688776
0.0011370588955091823
0.001138795403339084
0.0011403111312490563
0.001141960428424227
0.0011441019084150212
0.0011462840658923558
0.0011536559385224075
0.0011573412585014575
0.0011587319752803847
0.0011655345695642623
0.0011680788931973766
0.0011703648276589827
0.0011723554735547357
0.0011742172686936352
0.0011768337384728171
0.001178402395440935
0.0011799067680225925
0.0011821361782118737
0.0011837534687857796
0.0011854442986930964
0.00114093241046309
0.0011622351576135181
0.001183362624487405
0.0011842645248285163
0.0011863162531199531
0.0011888996792325125
0.0012112989017687718
0.0012336555420891346
0.0012359206720565445
0.0012580482449633563
0.0012600671639573242
0.0012625059552167698
0.0012649164677804295
0.0012667304015296366
0.0012690051478510714
0.0012907350796219704
0.0012934875106372327
0.0012260582528168238
0.0012282764928786098
0.0012302426255914628
0.0012328117591275487
0.0012344930698670546
0.0012368546240346563
0.0012393006368909983
0.001242021384721714
0.001244107795526506
0.0012467352269017304
0.0012491055913319022
0.0012522544679455648
0.0011624205456804578
0.0011645012293100435
0.0011673833905681199
0.0011690108846066467
0.0011722795244604616
0.0011754200153676823
0.0011784301478242768
0.001180273172766135
0.0011824183170385228
0.0011846456528109173
0.0011191172923025287
0.0011206688302822152
0.0011230396800336806
0.0011249934103010173
0.0011268825380732102
0.0011300332549617673
0.0011322636784243812
0.001134937349756419
0.0011370417732310314
0.0011394094719419082
0.0011418603655665425
0.0011443218257670817
0.0011482007575757574
0.0011024454440525116
0.0010289333463030814
0.001030570711007188
0.0010321461484252181
0.0010343666134272087
0.0010370031480452708
0.00103846237755525
0.0010409491006505933
0.0010423852226565495
0.0010667369044875382
0.001069695268909505
0.0009730910535200079
0.0009751567216159739
0.0009782717199614014
0.0009808500700607193
0.0009835078446459036
0.000985518905872888
0.0009876709107400812
0.0009174414948569374
0.0009188654205187033
0.000920978469169203
0.0009239468476109696
0.0009261463469931417
0.0009283563433895801
0.0009313088480040124
0.0009337036148158305
0.0009364326158219287
0.0008696651157447296
0.0008714070288128374
0.000873639626539256
0.0008764312921862155
0.0008781393190650193
0.0008806831402112708
0.0008833035787213683
0.0008854733246774514
0.0008058272925610528
0.0008077886345197361
0.0008116844812533919
0.0008133829875273394
0.0007325486291383664
0.0006511484214403688
0.0006523809523809524
0.0006545784658018586
0.0006565075714011884
0.0006584006151480199
0.0006608301377131418
0.0006628444250913225
0.0006646291175471789
0.0006115204123811607
0.0006127719708598299
0.0006151550728891497
0.0006173976016005695
0.0006193589696230899
0.0006211947192273968
0.0006231340047819031
0.0006247593496540845
0.0006261592660367728
0.0006283180313534445
0.0006308238333521452
0.0006329193562593585
0.0006349807485955942
0.0006370798186285685
0.0006396561371382063
0.0006417617188496772
0.0006442028150254222
0.0006460894249418776
0.0006488145912339086
0.0006506273444573794
0.000652729655727281
0.0006549735015690716
0.0006565893901420217
0.0006594818544157751
0.000661903070019607
0.0006645264423394501
0.0004635884394288591
0.00046527085410435364
0.00046687209038643674
0.0004688420939827467
0.00047101888112829215
0.00047269829693556454
0.000474293302978562
0.00047656005337472603
0.0004780441166427645
0.0003839297956945016
0.00038585031763749365
0.0003873716831299632
0.00038914832110295756
0.0003909577067537944
0.00039266832148316435
0.00039454401983992786
0.0003959332004129018
0.00039761996052201825
0.00039913331052571563
0.0004008991595435477
0.00040276758871675373
0.00040426791412194457
0.0004056207446037955
0.00040714244169138603
0.00040831802140753055
0.00041018428994169523
0.0004121040857176499
0.0004141521713406698
0.00041623927812216624
0.0004181226293940209
0.0004201743723645313
0.00042986425339366517
0.0004319949070074121
0.000433591967138293
0.0004359798072510326
0.00046857476456038476
0.00047118073257017507
0.00047383793189162323
0.0004761681732315427
0.00047904003518195676
0.00048130789502753716
0.00048359732990851294
0.00048662965090305707
0.0004893466820690541
0.0005253544121688247
0.0005286357943362775
0.0005319061881147608
0.0005347417608634846
0.0005378212447665856
0.0005411255411255411
0.000543596434007393
0.0005463654091856634
0.0005497758606106742
0.0005527492899297583
0.0005567547195669305
0.0005603255060170339
0.0005649422889723266
0.0005682314887665006
0.0005718005559660791
0.0005750787415507662
0.0005791368188460031
0.0005854589998558871
0.0005904367415158783
0.0005940956036925327
0.0005981301531213192
0.0006016513014180458
0.0006061284246255992
0.0004891171435558816
0.0004937708903068976
0.0004979698153681146
0.0005029110814522525
0.0005071785268414481
0.0005115794030261889
0.00051529024714113
0.000520739450019027
0.0005258580587747507
0.0005319584254030608
0.0005363700127903619
0.0005420732215828537
0.000547068972772798
0.0005544892301130304
0.0005607678205542974
0.0005679335954565312
0.0005735715861460401
0.0005804867157847733
0.00038384248910564695
0.00038911396461351825
0.000394093237823678
0.0003997648442092886
0.0004053699597014569
0.0004107470764472794
0.0004183585578934416
0.00042574505384422736
0.0004303361684892669
0.0004386304409526021
0.0004461590950843765
0.00026651741691319523
0.0002722644232078194
0.00027803264103205713
0.0002821272393849626
0.00028757944382135564
0.00029196227847362116
0.0002984183825723664
0.00030547409579667644
0.0003139027529271431
0.0003192236480878503
0.00032856908164941674
0.00033653037186606087
0.00034506556245686676
0.0003560873126090517
0.0003671071953010279
0.0
0.0
0.0
0.0
0.0
0.0
0.0
0.0
0.0
0.0
0.0
0.0
0.0
0.0
0.0
