0.0
0.0
0.0
0.0
0.0
0.0
0.0
0.0
0.0
0.0
0.0
0.0
0.0
0.0
0.0
0.0
0.0
0.0
0.0
0.0
0.0
0.0
0.0
0.0
0.0
0.0
0.0
0.0
0.0
0.0
0.0
0.0
0.0
0.0
0.0
0.0
0.0
0.0
0.0
0.0
0.0
0.0
0.0
0.0
0.0
0.0
0.0
0.0
0.0
0.0
0.0
0.0
0.0
0.0
0.0
0.0
0.0
0.0
0.0
0.0
0.0
0.0
0.0
0.0
0.0
0.0
0.0
0.0
0.0
0.0
0.0
0.0
0.0
0.0
0.0
0.0
0.0
0.0
0.0
0.0
0.0
0.0
0.0
0.0
0.0
0.0
0.0
0.0
0.0
0.0
0.0
0.0
0.0
0.0
0.0
0.0
0.0
0.0
0.0
0.0
0.0
0.0
0.0
0.0
0.0
0.0
0.0
0.0
0.0
0.0
0.0
0.0
0.0
0.0
0.0
0.0
0.0
0.0
0.0
0.0
0.0
0.0
0.0
0.0
0.0
0.0
0.0
0.0
0.0
0.0
0.0
0.0
0.0
0.0
0.0
0.0
0.0
0.0
0.0
0.0
0.0
0.0
0.0
0.0
0.0
0.0
0.0
0.0
0.0
0.0
0.0
0.0
0.0
0.0
0.0
0.0
0.0
0.0
0.0
0.0
0.0
0.0
0.00021269053527118043
0.00021152083480222803
0.00021037868162692848
0.00020938023450586265
0.00020837674515524068
0.0004145077720207254
0.0004124278251306021
0.0004103125213704438
0.00040813550098632746
0.00040620134046442355
0.0004042854255104103
0.0004023335345001006
0.0004003736821032964
0.00039819485001327314
0.0003964059196617336
0.0003944513838669384
0.0003924390084374387
0.00039057414399166774
0.0003887521057405728
0.0003870967741935484
0.00034253907086277034
0.00034074452679103845
0.0002968428641095774
0.0002955082742316785
0.000294092933366944
0.000292654375182909
0.00029132072330773876
0.000290035218562254
0.00028876100901346864
0.00028758653273351
0.00028628100525530134
0.0002851265758334861
0.0002838259741312898
0.00028263985625744456
0.0002812769975689631
0.0002799776017918567
0.0002787567449176672
0.00027766208524226016
0.0002764940553778094
0.0002753845548605374
0.00027444522857366895
0.00027335207747578884
0.0002723629430761449
0.0002714125082393083
0.0002703120172999691
0.00025956047759127874
0.0002585315408479835
0.00025745179930201955
0.0002564687108172803
0.0002553626149131767
0.0002544673150870844
0.0002535068446848065
0.0002526386705591736
0.00025173416871783396
0.00025079418157498745
0.000249805706672588
0.00024882499308819466
0.00024793388429752067
0.00024703557312252963
0.0002460764477497676
0.00024527170654602934
0.0002443925487427361
0.00024342745861733204
0.00024253530236067694
0.00024161073825503356
0.00024070607114201658
0.00023985928255423485
0.00023904382470119523
0.00023808264113009894
0.00023712915634715708
0.00023627008295705134
0.00023549112983410958
0.00023464386275941183
0.00023380267054605913
0.00023297954957287082
0.00023222210754463826
0.0002313862607980255
0.00023067459503793315
0.00022988505747126436
0.00022911257064304262
0.0002282641777417064
0.00022762911629318632
0.00022682594888855285
0.0002261533822494723
0.0003758079871724207
0.0003746628034768708
0.00037346877801015837
0.00037231930103256554
0.0003709932726553225
0.0005178025446296478
0.0005160465916351305
0.0005143277002204262
0.0005128956623681126
0.0005112972341254383
0.0005095355947008298
0.0005080809058356722
0.0005065367359737566
0.0005050747991726394
0.0005034522439585731
0.0006929841330529536
0.0006910356002478198
0.0006890979944872162
0.0006868457202406329
0.0006848021158023992
0.0006830922881236163
0.000681198910081744
0.0006790932933683028
0.000677158735347686
0.000674826639363336
0.0006729475100942128
0.000671047760088856
0.0006693131462333827
0.0006673416789396172
0.0006654734040111984
0.0006633119853613908
0.0006614058294941386
0.0006595705967976711
0.0006578051989293654
0.0006560492263143607
0.0006542435590849615
0.0007450715838392926
0.0007431331210095846
0.0007411384005129813
0.0007394512884603942
0.0007373121485899092
0.000735152725390134
0.0007334602499963107
0.0007315816589386915
0.000729744809561566
0.0007279811340100483
0.0007261304697202134
0.0007241308972229509
0.0007221737866899159
0.0007202585394837907
0.0007183845742451181
0.0007163654184323562
0.0007144500028750505
0.0007130968778696053
0.0007113515679791606
0.0007095236055791113
0.000707795721894671
0.0007058957205959637
0.0008035031034775955
0.0008013228186212161
0.0007994247525590052
0.0007976702962775387
0.0007957559681697614
0.0007938841517200824
0.0007918883814471866
0.0007898696088264795
0.0007881567973311094
0.0007853320181745437
0.0007833119972184028
0.0007816257816257816
0.0007799790300719783
0.0007780184762218716
0.0007759082921407241
0.0008669544151034741
0.0008651456000498709
0.0008630624432771108
0.0008610944683260331
0.0008590656476263983
0.0008570463646451488
0.0008551748573585282
0.0008263780011681884
0.0008244817994828059
0.0008226273197956533
0.0008208140582298966
0.0008190415252720299
0.0008170484055113248
0.0008151947293803686
0.0008132525564228233
0.0008116733000813372
0.0008099399842192581
0.0008080865015171585
0.0007799057590445452
0.0007782210327279257
0.000776421854008061
0.0007748733218992498
0.0007733611379058474
0.0007652431956229424
0.0007635777485375246
0.0007617422962671673
0.0007602979276998315
0.0007588590262106155
0.0007569878269165496
0.0007553580811048804
0.0007536775115124879
0.0007521483442163327
0.0007506540478191734
0.0007491656770997882
0.0007474840801833382
0.0007458666406354508
0.0007443971754042223
0.0007428492210525557
0.0008206958393757894
0.0008188109581181869
0.0008713005969160827
0.0008694704767620262
0.0008678104365435901
0.0009219631072451393
0.0009203472566264825
0.0009184635449892966
0.0009162812734241306
0.0009142447911154386
0.000912284777886907
0.000910736250219645
0.0009090255379526493
0.0009931357565635716
0.0009910589813737513
0.0009890270818732412
0.000987328157387731
0.0009852396409163614
0.000983374675631965
0.0009814454392111068
0.0009796658463929542
0.00097760958688111
0.0009757733687659639
0.000949942999986265
0.0009480971229801743
0.0009464283576141042
0.0009443929548592797
0.000942501128514364
0.000941053612673014
0.0009365984455079251
0.0009347994728943721
0.0009333387449730939
0.0009315192422270719
0.0009296410463725638
0.0009280325004750301
0.0009854938131675676
0.0009835169991419992
0.000981617050599524
0.000979964902262318
0.0009780101850370608
0.0009764383707504384
0.0009749396165359328
0.0009733098505126088
0.0009714828645585042
0.0009700666104692485
0.0009682182244108453
0.0009662766327012775
0.0009644759308285554
0.0009629472848299297
0.0009614565517964445
0.0009541145166381284
0.0009523156581980113
0.0009508814478693999
0.0009492568981395608
0.0009988385598141698
0.0009970699213727103
0.0009954767247213022
0.0009935850824890529
0.001011953142134665
0.0010102424903966592
0.0010083674410607225
0.00100683847904011
0.001005178873783173
0.001003457330275787
0.001052028307383834
0.0010503029781428605
0.001048723469603729
0.0010469740226521332
0.0010449171677195121
0.0011431358020000128
0.0011411249089233757
0.0011390833376719474
0.0011373123513381538
0.0011355093593022124
0.001133973824365988
0.0011268042983232026
0.0011248778838205459
0.0011234005028331272
0.0011215959912894845
0.0011199805464756857
0.001118186996348968
0.0011162899091120954
0.0011149803074459272
0.0011129854498645366
0.0011109616428316305
0.001109376664644004
0.0011076527473950508
0.001105826946163081
0.001104042778776564
0.0011024419434279272
0.001100704082945751
0.0010992541594951235
0.0010975263268841254
0.0010960496448707625
0.0010945069006489355
0.0010929684933007194
0.0010914344045644291
0.0010896963409862323
0.001088032999881884
0.0010864782228028873
0.0010846527299735518
0.001082627779460359
0.0010807127740701135
0.0011515795923516374
0.0011496579362830427
0.0011481396633740754
0.0011777686083852105
0.0011549529541003969
0.0011519944210747481
0.0011952380952380953
0.0011935224067783515
0.0011917373667233457
0.0011898095889883362
0.0011830056657642868
0.001181647450304167
0.0012731174036492
0.0012713837701458402
0.0012697333368656856
0.0012425556187712343
0.0012406405180980565
0.001238807567103298
0.0012163409969254905
0.0012150341472541867
0.0012134696296815374
0.0012117607268231812
0.001210463695554983
0.0012084679992963206
0.0012064420989073516
0.0011997530048181457
0.0011980390198573125
0.0011962209995534227
0.0011948792128262209
0.0012388882880934359
0.001237015441097074
0.0012354093156073953
0.0012337329467866514
0.0012318756424979894
0.0012704522477782838
0.0012690021340748244
0.0012675553269612678
0.0012660359319034778
0.0012643309605751625
0.0012627437919603985
0.001261160603230516
0.0012595062769465777
0.0012579311909369972
0.0012562479645441289
0.0012546064930694023
0.001252969305641469
0.0012511881492512898
0.0012451091037947862
0.0012436372131380557
0.00124198549025891
0.0012407404287342963
0.0012390963864713168
0.0012376750700280115
0.001236329652465035
0.0012623785206986478
0.0012608613722493252
0.0012592372643896405
0.0012579115576629837
0.0012562583444592794
0.0012939520627788363
0.0012921047447007475
0.001290262693771466
0.001288912693568723
0.001348798711034282
0.0013466884653325335
0.0013399961147552504
0.0013384471206047373
0.0013372491111129446
0.0013165556947282839
0.0013150006927554248
0.0013134871535585145
0.001312165661941447
0.0013106962715025428
0.0013090049050131641
0.0013505476667894317
0.0013491563854981703
0.0013475368425637092
0.001369671216378419
0.0013679140261418747
0.0013663169513612322
0.0013649565424713357
0.0013634051028913502
0.001361519289823105
0.0013412646653353268
0.001339821015504347
0.0013385319605076819
0.0013372075804936104
0.00133547094727219
0.0013339268760717681
0.0013324614352783373
0.0013309992107932405
0.001329203949542838
0.0013232191984086884
0.001321549731844963
0.0013201432372416833
0.0013187397332544639
0.0013170815436938164
0.0013156478154943004
0.0013608761872892828
0.0014430436501303965
0.0014227682670408253
0.0014212260779798305
0.0014195295862564
0.0014179157687919893
0.0014159526578533062
0.0014145817114087334
0.0014133696596383167
0.0014120426985617248
0.0014106793093799637
0.0014082058186332214
0.0013880752521181863
0.0013872353133018208
0.0014315807378041205
0.0014302053514241276
0.0014285975419478754
0.0014269151819132652
0.0014253927434788108
0.0014240292159281996
0.001422668294579389
0.0014666952432909883
0.0014654161021216514
0.0014640594570344615
0.0015081265108470075
0.0015065690370071286
0.0015957274870088147
0.0015760852014751383
0.0015745049306915878
0.0015547116987173295
0.0015528622025499312
0.0016146378047666651
0.001612851411815199
0.0016111992564979416
0.0016095938281056644
0.0015901415452104224
0.0015888163916336724
0.001587280272656935
0.0015812753692070055
0.0015794531351694889
0.0015776350961189149
0.0015762426928514124
0.0015746844333159031
0.0015733812346018022
0.0015717447872020242
0.0015702372388488612
0.001568398602488605
0.0015667308473752374
0.0015651081975173759
0.0015575054643773142
0.0015561842148449439
0.001554453472947277
0.0016148723220900177
0.0016838672240326973
0.0016823996659724532
0.0016809790202760443
0.0016749015206863054
0.001673005089546681
0.0016712448190471187
0.001669707618146597
0.0016669479184244905
0.0016632332009888387
0.0016992546855022302
0.0016977870503310207
0.0016917424293359034
0.0016903281506970313
0.0016892689925429732
0.0017482712884861857
0.0017469955771321356
0.0017456308079192308
0.0018005510993490393
0.0017982117491004309
0.0017966711050284544
0.0018711762155512002
0.0018694304891728902
0.001866155198711713
0.0018642725339916098
0.0018625380580722503
0.0018609509546065445
0.0018420716411016197
0.0018405996172603557
0.00183875105460396
0.001858822837438931
0.0018572934534675724
0.0018558142607572267
0.0019483630914182552
0.001944954330120138
0.0019439571988852965
0.0019420654635384851
0.001940524930545402
0.0019385407537248032
0.0019370552818828686
0.001935522684099801
0.001987395493706855
0.0019854715381171966
0.00198385425189549
0.002041378592076693
0.002039441917202471
0.002037836465210768
0.0020360268933147284
0.002017526069394447
0.00201563542115172
0.0020139521544015934
0.002012119066882417
0.002006231316576145
0.0020035671319081636
0.002002051230317857
0.0020315676293197592
0.0020298284486520973
0.002028041223281595
0.0020457325758718352
0.002044345081095565
0.0020262241858285644
0.0020245470582825427
0.0020182911550989733
0.0020584013486221694
0.002056393453557107
0.0020536591866993194
0.0020522745244932793
0.002033798225260515
0.002032277097720493
0.0020141501208240957
0.0020126459386124325
0.002011093975424109
0.0020304589558113144
0.002070241673083134
0.0021100659369751727
0.002108234555043066
0.0021061953376850795
0.002104943512818699
0.002103276725913567
0.002101612576590324
0.002131245323507405
0.0021295091390625717
0.0021274084617200354
0.0021256261418398275
0.002119952208593777
0.0021182831602317397
0.0021167208124798784
0.0021150048896437816
0.0021136030206853826
0.0021118403455473293
0.002106305669067637
0.002104448666053251
0.002102234865959301
0.0021006417576686725
0.0020986922061534347
0.002092883811568992
0.002091709812064917
0.0020902823717837125
0.0020882973949763986
0.00212078554049357
0.002118929543812858
0.0021902610337240862
0.002188559777520407
0.0022397921641062607
0.0022377836253260393
0.0022319590660471685
0.0022302847186691926
0.0022283250139615756
0.002256032793261823
0.0022539084685977346
0.002251472872491981
0.002249844438474556
0.0022480558796234163
0.0022460539043768083
0.002284353774216933
0.0022825971279579528
0.0022811170577741184
0.00227936538408798
0.002277944128872231
0.002275035895188333
0.0023414865610898957
0.002379584672547813
0.002430047705619421
0.0024201635144102335
0.0024180827968471558
0.0024162362713848217
0.0024144501371704727
0.002412666641703742
0.002411000594160895
0.002409222189363527
0.0024512701356759
0.002449406317676051
0.002447254808197761
0.0024456291496219376
0.002444005649392216
0.0024407469583739485
0.0024630386346620476
0.002461231990607567
0.0024592535550759533
0.002457220249906633
0.002455422128249831
0.0024536266362939945
0.002447905266997783
0.0024458512408190827
0.0024445842289445856
0.0024421891965483275
0.0024405237804099675
0.0024390325786264873
0.0024372569871947557
0.0024355982888790545
0.0024337706192128854
0.0024321736568643205
0.002430635712445591
0.0024290997117847276
0.002423837371205792
0.0024224773839025488
0.0024210057854917666
0.0024193664951095662
0.002413784291569588
0.0024078730454764954
0.002406246255840888
0.0024048456142334927
0.0024033347516221677
0.0023976155599769264
0.00241409416693501
0.00239720952248241
0.0023958740917099396
0.002392383072857132
0.0023911075788683577
0.0023895566380740586
0.002388228860723767
0.0023947819935138566
0.002393286639355094
0.0023920142913277922
0.002388596152598277
0.002386942267386332
0.002385235657065538
0.002397033592718339
0.002395211551244167
0.002462343561765766
0.0024605876579560783
0.0024588342566413037
0.002457309135462133
0.0025247191355190243
0.002515506810759546
0.0025418518894636203
0.0025394934106725492
0.002536628988020262
0.0025354676607967203
0.002572088751768923
0.0025706185162925597
0.0025689151474596454
0.0025672726560996366
0.0025504188576688054
0.0025483253474224117
0.002546873541814519
0.002574330875701985
0.002573158754008363
0.0025718706523293745
0.0025928548689929365
0.0025877117511398534
0.0025856550268395103
0.0025841292896805566
0.002582605352066428
0.0025804982495219084
0.0025788033601772176
0.0025769357194048814
0.0026752455495160084
0.002673733462094564
0.002671740122038331
0.002668726728877103
0.0026666795590379266
0.002665116194169835
0.0026636056185045283
0.002661177977035012
0.0026592615216447764
0.002657646658141461
0.0026561531619188894
0.0026548402730747858
0.002653409510122508
0.0026520993314843597
0.002635657672669784
0.002634298568428558
0.002642651198425857
0.002641230736415505
0.0026377881009396337
0.0026310351915934667
0.0026295060328814642
0.0026282135170130325
0.0026269222711751555
0.002625632293496848
0.0026244606854142543
0.002622939157155491
0.002621653087453527
0.0026424090072603252
0.002640820808978948
0.0026391170915208186
0.0026326179785033633
0.0026272778627601558
0.002625819527837777
0.0026099744556366154
0.0026086428360163924
0.00259224422233201
0.0025909805535331777
0.0025899475587169377
0.0025885715129051693
0.002587254173712851
0.0025858809876589998
0.0025844521346687363
0.0025685817805383006
0.0025517674896275793
0.0025499036540045984
0.0025483857872852077
0.002545849568570328
0.0025444477307831324
0.0025432153899483923
0.002541704602165316
0.002539008844948631
0.0025377810573985957
0.0025220187309608357
0.002520966366664085
0.002519306525758986
0.0025183116699504723
0.0025353144583492113
0.0025335367327610444
0.002532704281806181
0.0025313734975263985
0.0025615762349027096
0.002559951651278247
0.0025582156320613806
0.002556930012301785
0.002555813131959198
0.0025544086513307187
0.0025492123053098645
0.002547600533080288
0.0025462681931270525
0.0025451589739015393
0.0025436630600111794
0.0025275551370358496
0.002526565771102031
0.0025246442195594717
0.0025363042020659548
0.002534487759540928
0.0025333331956035247
0.002517451714199679
0.0025157609047027516
0.002510518201420204
0.0025056618187826373
0.0025041986111282743
0.002503007630769313
0.002501979968107848
0.0024865530567967043
0.0024850500888839526
0.00248376327603047
0.002482531330302565
0.002477921829075093
0.0024734226945100288
0.002502242569437606
0.0025008422012167317
0.002516315460352294
0.0025153953983480357
0.0024999812311159416
0.002498960457828356
0.0024833528860850195
0.0024822865430890835
0.002481167868094344
0.0024981399474588344
0.002532752815795957
0.0025314500710985907
0.0025299860842945628
0.0025289027408624026
0.002527982628145284
0.0025270091206508116
0.0025235739707792034
0.002538773338978518
0.002537688578536295
0.0025367130864076986
0.002535630085474254
0.002548827347717776
0.0025470621887768385
0.0025442296735672114
0.002543145546383997
0.0025415689647245265
0.0025406490670813933
0.002539567686729787
0.0025462329865648297
0.0025452042930619967
0.0025427053929253747
0.002541355016181883
0.0025367367258053958
0.0025353908055153825
0.002534422626918966
0.0025792935520017385
0.0025769508493042634
0.0026204114882520564
0.0026190795553525065
0.0026179706451527254
0.0026143040170333075
0.0026131429887298416
0.0026420581407793665
0.0026402932466739757
0.00263870369141307
0.0026232957899554195
0.0026475734999840904
0.0026461776894083923
0.002645006345392086
0.002643780334823883
0.0026417978498591717
0.0026368997922953837
0.0026306044408114407
0.0026598058173353096
0.002671011717489612
0.002670001437573774
0.0026688798003045295
0.0026683753709248253
0.002667479078236099
0.002662694499150842
0.002725899247282722
0.0027239567062668636
0.00272130458479525
0.002719486102719634
0.0027635191358116942
0.002762074082927459
0.0027609191282617985
0.002760053545924586
0.0027583816247809213
0.0027651395752629837
0.0027954696513958384
0.0028568001458059047
0.0028552508403161263
0.002853941201451833
0.002852751662771668
0.002847438698735167
0.002869149744279859
0.002902880447105212
0.0029014915957690473
0.002900224674250539
0.00289549493539933
0.0029299364813791173
0.002928172558647957
0.0029270180362753343
0.0029258644239560255
0.0029109485647452705
0.002909319741433806
0.0029184721372901095
0.002951469463540356
0.0029504920344014594
0.0029491491259117865
0.0029477464825590294
0.0029465887831260514
0.0029453102781064095
0.002986506623658863
0.0029850269647135933
0.0029975518017448634
0.002994693022536685
0.0029798368045486773
0.002987662205320538
0.0030171464622684133
0.0030466655245306976
0.003071734892162211
0.0031047629973600097
0.003111822181962627
0.0031418268343685655
0.003137562074611214
0.003162359777529471
0.0031950900675104454
0.0031936473224624122
0.0032371215911104283
0.00322225235258012
0.003202478599206363
0.0031976191599931243
0.0031962436145405184
0.0032255169952501994
0.003223740829144021
0.003222553641965237
0.0032194113126533114
0.003218358378718959
0.0032169117186382156
0.0032462330789639155
0.003245172630011029
0.0032439804527891543
0.003242656838348128
0.0032412682051737468
0.003240078894433101
0.0032351646035706414
0.003233846790742042
0.003238073439425285
0.0032366896191963843
0.003235241170799844
0.0032306680601684556
0.003222972601746003
0.0032215973340450105
0.0032440508980634496
0.0032411826213596543
0.003225945061706596
0.003224505608693503
0.003223132783193603
0.003219988274699519
0.003231634975432442
0.0032294178348061696
0.0032266967996573024
0.0032533612996405504
0.0032386320236617435
0.003223783745823397
0.003222350981992199
0.0032012439858547076
0.003199693089476894
0.0032068220743468887
0.0032061105253238364
0.0032050761084255045
0.003202264822905821
0.0032074068568506728
0.003205920959259528
0.0032045654720213776
0.00320301774660625
0.003232032948387804
0.0032302784217857483
0.0032153876848410585
0.0032128857031424405
0.003198400599746114
0.0032068961212460656
0.00322015449543945
0.003215390382919566
0.003238031761770632
0.0032364095338785204
0.0032942023696491177
0.003293146789301557
0.003291622227451637
0.0033126515642528426
0.003309793439437516
0.0033073347763347737
0.003301677606386191
0.003286095507607029
0.0032806551747232237
0.003282673380134982
0.0032814282055647574
0.003280183975268688
0.0032754972574220815
0.003267282667258736
0.003294017685238829
0.0033051271101441435
0.003290860446664763
0.003276276106994487
0.0032745157548644027
0.003259627347661398
0.003255664754889189
0.0032843837915106015
0.003282687076324938
0.003281383103226634
0.003278756600244022
0.0032772601047327183
0.0032627355496910354
0.0032611183165339825
0.00325958974511207
0.003258025131972546
0.0032551014488031707
0.0032541991159130384
0.0032827947219982202
0.0032690812302520415
0.003268240383906561
0.0032670962049101996
0.0032530735651101063
0.0032515304528349283
0.003250245643804864
0.003245349853762175
0.003271368734797812
0.0032982322669952145
0.00329587615504803
0.0033260594153225877
0.0033243529822788477
0.003320085081196738
0.0033189075836801076
0.0033178616201720835
0.003323070303812268
0.003321892884311685
0.0033499026524112592
0.003348716682902312
0.0033475315528362056
0.0033419582706083204
0.0033405137525142226
0.0033392672187180883
0.003338545966373486
0.003385698502886001
0.0033847019080245773
0.003426278445406217
0.0034252704792831863
0.0034517801497527764
0.0034505623519735613
0.003435879330205792
0.0034300724485013855
0.0034290278567852914
0.003434142625209719
0.003439592100505567
0.0034385827712900894
0.00344283521088824
0.003445600600493285
0.0034728037688756845
0.003468529885448903
0.0034643261688711777
0.0034630410308882703
0.0034897995326209847
0.0035230427970506777
0.0035215999126286777
0.0035202954637976263
0.0035191977298779076
0.0035179635972575484
0.003546056368472074
0.0035442614212204382
0.0035414466934111967
0.003538909727996391
0.0035510496768446456
0.0035467045392579568
0.0035422244057644716
0.0035394840152766782
0.0035352157742275622
0.0035333375357836133
0.0035541663394481264
0.0035531320089844023
0.0035862247828888616
0.003585807505056621
0.003606066665854962
0.0036242588181579233
0.003633257082635204
0.0036629057476511803
0.003658402815309212
0.0036571284311883836
0.003701352992263489
0.0037001359835624756
0.0036855991406719397
0.003682957014293026
0.003682031809145375
0.0036809648421965847
0.0036798274254821167
0.0036778341427079805
0.0036856851348234473
0.003684618510401809
0.0036836235511157386
0.0036797701275572245
0.003678918772330767
0.003664934820612016
0.0036611401840356494
0.003658938656337549
0.00365409949345228
0.003674855289684368
0.0036724397730154247
0.003671154225490752
0.0036679586437148187
0.0036663928718017064
0.0036794410181832543
0.0037213647968154626
0.0037072702138405654
0.0036933272356180847
0.0036918932080686894
0.0037469884279987525
0.0037453422699796164
0.00374426459769154
0.0037434746987506746
0.0037512735229288767
0.003755378192815898
0.0037924771709668906
0.0037870629045296676
0.0037860475283870406
0.0037848153033955105
0.003771257772674203
0.0037977850364233562
0.0038003758554297994
0.003839739289277415
0.0038837705622293056
0.003893200034399445
0.003892232724272783
0.00388538511185969
0.0038927476867996035
0.003890773258362191
0.0039010381643095867
0.003913578501349027
0.003919379421153757
0.00390554247293838
0.003930820742710615
0.003929136384056136
0.003921324992161423
0.0039343730183715704
0.00396461505699922
0.003951091115028663
0.004003870492533466
0.004002424692145493
0.003988749789419552
0.003984413635689248
0.003992304484924692
0.003991165800220582
0.003986632209940009
0.003982404409974103
0.003999633989375241
0.004025334560106104
0.00404005023755954
0.004038516895280217
0.00403729891833713
0.0040362267979870406
0.004059746508981479
0.004045879252005221
0.004041418007993724
0.004057625490932935
0.004056549625762331
0.004076932881249838
0.004074835840365614
0.004072649020232565
0.004071416331641068
0.004077427030106987
0.004096090586333382
0.004095006513812519
0.004080847752176424
0.004072364131507778
0.004070027729730013
0.004089250860611442
0.00408786116693076
0.004086267165237383
0.004082530766497928
0.004081015944223492
0.004080169116670976
0.004079245705521096
0.004078553421403022
0.004075989714738796
0.004093759839759879
0.004136875149988916
0.004175105161240865
0.004174082988184949
0.004223897284787479
0.004219488140396136
0.004218535301523634
0.004217741597798042
0.004227916746726467
0.0042235251047331454
0.004218936140610202
0.0042173503128622655
0.004241532324547788
0.004232982205818093
0.004242591331519868
0.0042413168255717205
0.004240520648134546
0.004227053821671241
0.004222816333254068
0.004221246527207437
0.004212280410525233
0.004232966957223184
0.00423068614087431
0.004223488914689632
0.004222460358538737
0.004221669502334781
0.004231757996668765
0.004226082186503806
0.004225345318735557
0.004224554514648279
0.004234367600509699
0.00423326857644967
0.004227043815754397
0.004245220479605997
0.004242863034225904
0.004241197953705661
0.004240247065761329
0.004267395369311907
0.004266518698305045
0.004292707437778385
0.004310793162869689
0.00431358517288728
0.004312539026081177
0.004307061120198742
0.004306097374213503
0.004327780811637346
0.0043263291315917
0.00432201514974397
0.004321210110321066
0.004320405370743376
0.004306512500364782
0.004304930096490506
0.004302373597990978
0.004301043853949131
0.004312805705234315
0.004333541714277107
0.004341734029931261
0.0043565800936785455
0.004355527486277416
0.004354313571147461
0.004351831511832254
