0.00478438966679287
0.0047887244615713006
0.004790582230762056
0.004790582230762056
0.0047943868377851254
0.004772712461233087
0.004772712461233087
0.004772712461233087
0.004773420195977642
0.004774658731780616
0.004748737702143114
0.004749976260956079
0.004739536563967584
0.0047426330185271134
0.004742721132249961
0.004742721132249961
0.004742721132249961
0.004699369963006996
0.004699369963006996
0.004713082180893334
0.004713701494817368
0.004713701494817368
0.0047142305638060026
0.004661673538485127
0.00467414735517078
0.004674766715124204
0.004677863514891325
0.004659369291091013
0.004660075252081489
0.0046435244790721825
0.004644230184981656
0.004644316488108874
0.004656926292962189
0.0046572802523966676
0.004657453350099828
0.004677449662489333
0.004643378534363307
0.0046438712399124935
0.0046438712399124935
0.004646435681302971
0.004658912924251281
0.0046726297423297465
0.004672716592569377
0.004672716592569377
0.004672716592569377
0.004649173040095135
0.004649259455950899
0.004652616788981263
0.004653942524787934
0.004641904100971683
0.00462889198111147
0.004641543317579226
0.004641715894527696
0.004654463645744708
0.004658888033121155
0.00465914788520622
0.004659234509009537
0.004662687345913458
0.004662687345913458
0.004662687345913458
0.0046630341301420785
0.004675870955783931
0.004612117563028677
0.00462459973607447
0.004624685730342313
0.004626545226790675
0.004626803332521598
0.0046299887654445565
0.004630443849940618
0.004633629469045665
0.004633974181846517
0.004640432570312598
0.004632458965283899
0.004632458965283899
0.004608899210305352
0.004609070665950986
0.004609242134353738
0.004610739509450371
0.00461250559194936
0.00461250559194936
0.0046126772104857
0.004616171039121306
0.004619615535573631
0.00461987340336551
0.004620665578575589
0.004621009518847171
0.0046000051396705415
0.004600261960592472
0.004600347573939216
0.004625954157881718
0.004629142183581039
0.00462940066491353
0.004629755190925546
0.004643577300627085
0.004643663734572819
0.004633022562362492
0.004636470173161779
0.004639831917128757
0.004639918297437748
0.004640263850839158
0.00464035024723177
0.004640955112073501
0.004631730720630364
0.004590218306068348
0.004592166127476014
0.0046059861056787854
0.004609347836884711
0.004609839117327376
0.004610182622477699
0.004610526178824854
0.004569173883354191
0.004569344149378054
0.004569788238523209
0.004571456376271696
0.004561203297715843
0.004574138418141767
0.004574479447268392
0.00457846325725836
0.004559726934181687
0.004544362422223873
0.004544616576457885
0.004518148410538127
0.004495154761756792
0.0044845901123167185
0.004500210261158854
0.004503569460499759
0.00450382138025478
0.004505148445107417
0.004508424289135851
0.004509298109298102
0.004510961913050678
0.004511130176018825
0.004512088467771677
0.00451553400070467
0.004474718943101701
0.004487405547901372
0.004487907860046433
0.004488948476372905
0.004489199756305529
0.004489283522534747
0.004489451064371752
0.004502513202830419
0.004503574679357016
0.004505154990365396
0.004517764903521572
0.004520337616339997
0.004511258705065973
0.004512839884748417
0.004516287982155701
0.0045210655420489946
0.004521403174366089
0.004522985613578982
0.004526351043949767
0.004526689140421837
0.004487725594956485
0.004501302345051171
0.004501554570663065
0.004504667566174125
0.004508033164451269
0.004489521864461149
0.004492886928298179
0.004494636092020486
0.004498441940754297
0.004499939791804204
0.00450010796355814
0.004504013487643932
0.004504350173383991
0.004504602720723968
0.004473704977405629
0.004446002076843192
0.004446750128266639
0.00444708267637203
0.004451861270043083
0.00445211100515051
0.004412365362546754
0.004414107355118796
0.004414272473412856
0.004416180155077976
0.004416758502743793
0.004419876623390116
0.004420372820597345
0.004420703680635189
0.004420951858168814
0.004422072142726427
0.004415788339981128
0.004415788339981128
0.004416036315815427
0.004416201648511638
0.004408172349354321
0.00440894159488535
0.004387510338754506
0.0043883319852907245
0.004390073724068812
0.00439040263629598
0.004390567110892279
0.004392144934077754
0.0043923094924387465
0.0043928855438204505
0.004353866835598141
0.004312725983546118
0.004312887608744593
0.004326028217967717
0.004327845373167005
0.0043280076166674055
0.004289127293588896
0.004289127293588896
0.00428936852232253
0.004289690202846168
0.004290333708661442
0.004291280631646309
0.004291683039807566
0.004291844024204573
0.0043045898217988566
0.0043049935537273695
0.004296259171310759
0.004269608679635129
0.004270089374136805
0.004270329761979222
0.0042714085815754275
0.0042560078700699545
0.004244582988834509
0.004244901705058258
0.0042457784215200614
0.004249450393546829
0.004249849395480459
0.004253682065683189
0.004254241361195037
0.0042059988580135065
0.004209683171883515
0.004210078647821726
0.004201157823120727
0.0042013946681891175
0.0042151035742104565
0.004215499715668879
0.004215816682450764
0.004219425525260986
0.004207525117949302
0.004215591725699096
0.004217868740003614
0.004230565317227467
0.004186449346040819
0.004147731293732759
0.004148121470141335
0.004161368741840297
0.004174306253797388
0.0041745419349635
0.004178464985994395
0.004179015632760123
0.004180664226227457
0.004181294022175292
0.004182864460448684
0.004183258356830751
0.004183415936156356
0.004184204010893783
0.0041845193239315286
0.004194492222302971
0.004202424921125453
0.004202820905608156
0.004203287325849
0.00420352499664924
0.004207142109121371
0.004207776646598709
0.004209430313847982
0.0041997703692529436
0.004200166372267375
0.004200641674472795
0.004216915447911032
0.004202142153472088
0.004202538544581746
0.004202776415145757
0.004203331551194555
0.004218245130939047
0.004238077859099489
0.00425106388972046
0.004251625753834882
0.004264696537526809
0.0042650992396983944
0.004278335880247367
0.004278739969548082
0.0042664689961323474
0.004266872033124935
0.004267517050722203
0.004270843551900418
0.00427108571812586
0.0042715701329742355
0.004244877211208001
0.004258285334920421
0.004258849026246904
0.004230962978173324
0.004235466499724512
0.004248479061191884
0.00424124413111697
0.004254261425504538
0.0042550244923536835
0.004256219217132313
0.004269727075482467
0.004282916153099626
0.004284665242492798
0.004285070971938889
0.004285720298903611
0.0042876327838249515
0.004287876477786104
0.004250871373587962
0.004226005852022108
0.004226406330193142
0.004226726767384104
0.004230447147169101
0.004220225945756283
0.004233626814394291
0.004237670516850533
0.004183672394198706
0.004187548251968918
0.004191982169211767
0.004206615810115456
0.0042072545916290545
0.004220549792452969
0.00422111073740146
0.004221591666048767
0.004223418991247304
0.004224702729613534
0.004180455063847286
0.004181169956692953
0.004181408308645792
0.004123050488431809
0.004125101414538578
0.004130243225300255
0.004137209594313331
0.0041187435006965235
0.004119605260853781
0.0041204673816967585
0.0041353629867644775
0.004148759601540229
0.004135704933359558
0.004137205868041006
0.004109270191921111
0.004083787804718032
0.004097109777650777
0.004097578116896446
0.0041105924444021
0.004053973940402533
0.004055227325667572
0.0040571938095812915
0.004057657886654163
0.004058122069904939
0.004027923433014475
0.0040283843026076805
0.004029306358258992
0.004030767143269046
0.004031787832333597
0.004032711301135261
0.004048599312329906
0.004021137756054506
0.003994304372376201
0.003994762041167077
0.0040114420326434405
0.00401228503016673
0.004013051699068432
0.004014609169228636
0.004016343902803107
0.004017034959356249
0.00401945920351121
0.003963260258203644
0.003977075009519432
0.0039670694828263225
0.003974131850466672
0.003974968621906963
0.0039791490021242985
0.003979529964211625
0.003983407749494767
0.003940828510314186
0.003914686036879302
0.0039157363148394474
0.0039164868584863925
0.003906374098276243
0.003884336913733444
0.003884932888020663
0.003898391628576538
0.003899894857902871
0.0038849522347555484
0.0038856978354147474
0.003887350333607525
0.003888171252681988
0.00387948969075464
0.0038800112677499013
0.0038648967098269694
0.003865639330822632
0.003870077126092187
0.0038257510234676762
0.0038167278599027256
0.003817314902043714
0.0037784529784683565
0.0037343719946143434
0.0037354497354497303
0.00374908252215004
0.0037254249622169187
0.003726500804010328
0.003727074840410992
0.003727864429287685
0.0037291527929891317
0.003730158730158724
0.0037042645155961735
0.0037052642014474024
0.003705978593187935
0.003706979204549206
0.003714767030225533
0.003723344634014125
0.0037244307217290562
0.0037255091207412353
0.0036943355666685922
0.003694977662765692
0.003695762750059552
0.0036674974079583676
0.003615039802148538
0.003615878169449593
0.003630962736721368
0.003631594550352521
0.003632015881609813
0.003639094642247015
0.0036400098012664217
0.003653188882440183
0.003666440940311497
0.0036381228834058963
0.003623048135243252
0.0036238197577236034
0.0036320565947613646
0.003633041502027318
0.0036466607255866766
0.003602887993387058
0.003604075014373658
0.0036045640150927736
0.0036184678221980893
0.0036190291513153584
0.0036228230091928113
0.0036231743507186167
0.0036219372611403134
0.003593953154411902
0.0035946507249471037
0.003595418365365943
0.0035958372165268665
0.003597046120837143
0.0035981158849180085
0.003598535310922623
0.0035990247648656224
0.0035993744563507435
0.0036007219214216246
0.003613960454142387
0.0036144522545891104
0.0036155065635463837
0.0036162097779556006
0.0036168429048499024
0.0036212122475719694
0.0036221467820697056
0.0036229929297732786
0.003623627800029664
0.0036246864117153287
0.003627256424030047
0.0036281753610357837
0.0036039823768593674
0.0036041931196305077
0.003617963279125616
0.003632376828795992
0.0036330145354021713
0.0036469439388406777
0.0036477980407409114
0.0036615950354530772
0.0036622384364433168
0.0036099300277880036
0.0036109173108587016
0.0036023663441694586
0.0036032112098249728
0.0036039155673216155
0.003605923658322669
0.0036256744650377025
0.003629785704039446
0.0036438242824718484
0.003644608713399441
0.0036451794207866903
0.0036456789363879887
0.003646821200575162
0.0036158122516682907
0.0036110908911049983
0.0036120111306828387
0.0036128609989906795
0.0035852281483349413
0.003586283247848871
0.003599857226017378
0.0035768020215386533
0.0035906603293000346
0.003591576817642941
0.0035931484084432844
0.0035952343536613156
0.0035969678429699603
0.003597836816227617
0.003552852969195377
0.003580110662731406
0.003593780866061302
0.0035609870300135744
0.0035616174047754814
0.003562598431467335
0.003563720266796368
0.003564632278361161
0.0035656851796110954
0.0035257907583663033
0.003497067792634291
0.003455804841599945
0.003456690665855422
0.003470588511511493
0.0034859449974260948
0.0034864264340440684
0.0034462179290173805
0.0034472384863287455
0.003448463953263096
0.0034490088849508872
0.0034510755798911443
0.003455324146614829
0.003414767769246189
0.0033893485419002954
0.0033620646629130397
0.003388968475303249
0.003346643794903964
0.0033233616461389374
0.0033243486073674727
0.0033253361549792785
0.0033263242894970915
0.0033269174521403542
0.0033282363490490323
0.0033326629483907424
0.0033336544582528126
0.003335015083789906
0.0033258205048242724
0.003326612712654236
0.0032980161882068134
0.0032989839895363102
0.0033002949048725983
0.003315523860624314
0.003291136964038431
0.003291856724398772
0.003247631358399976
0.0032364073448928436
0.003237244441160001
0.003238919933455615
0.0032404680818375023
0.0032415010032302584
0.0032453386240223455
0.003246567722927154
0.003206676426302407
0.0032075077513306635
0.0032104378064074777
0.0032115912110722684
0.0031790237006742964
0.003193097762677826
0.003193926873669613
0.0032088449376273358
0.003211203921848599
0.003211974410462803
0.0032130665691350543
0.0032277164712192614
0.003195202835987306
0.0031960982807727936
0.00321060019185695
0.0032148389361353062
0.0031733470709730347
0.0031774499672221246
0.0031780868200806866
0.0031253281553991225
0.0031259548253051617
0.003127899100090669
0.0031318085911519844
0.003132688701157929
0.0031468919261309577
0.0031477135359285094
0.003149938106143658
0.0031097294344024098
0.003110917117510347
0.0031117302656460187
0.0030854178098130066
0.0030862246334749043
0.0030875288557457065
0.003088336783988957
0.0030895805764915704
0.003091065193200567
0.003098966355450505
0.0030996534876800946
0.0031004034340862434
0.0030545902656516225
0.003058877446021081
0.0030595564832326208
0.0030604211485555097
0.0030614099361322812
0.0030622137966257214
0.0030636989563937117
0.003064504019589724
0.003065557433164348
0.0030933936649840447
0.003052333842962825
0.00305522783965825
0.003057263973184754
0.003058750547506169
0.0030130029836108927
0.003013797165257019
0.0030147751945172026
0.0030329689654406077
0.0030479805962458873
0.0030047273848926737
0.002997206276977129
0.0030257059432109725
0.0030264440552907946
0.0030274903307400147
0.0030289686576563477
0.002985736381820718
0.002986769739960968
0.002988070024360346
0.0029888613081051605
0.0030037876692587395
0.0029440292203820307
0.002945170154055053
0.0029473715914048056
0.002948634956922023
0.002949839169515718
0.0029505019057928504
0.0029208794501782392
0.0029221332258758405
0.0029242533567421596
0.0029301631461847466
0.002931362459849688
0.002946452946452945
0.0029472374281598675
0.002947841159939403
0.0029527674326001907
0.002953857148715063
0.002955190116742462
0.002947873727334384
0.002962528472690656
0.002964354188676291
0.002965085105300441
0.00296703597961925
0.0029105697266671162
0.0029116474715207502
0.0029129058497241243
0.002865946675137155
0.0028703235145281438
0.0028853606798964686
0.002885895831800004
0.002886669179545168
0.002887859754971855
0.0028886341557807543
0.0028892897424712223
0.002890721146851936
0.002891676204635649
0.002892698543839718
0.002901021539818009
0.002902221027750786
0.002906387642424366
0.002908487944788024
0.002909691614763312
0.002911016802953454
0.002881037684400907
0.002867194188968982
0.0028681447713772602
0.0028223940091051643
0.0028271371996101925
0.0028284274068081394
0.002830586802817095
0.0028314682943370623
0.002801257156306894
0.0028024211700013145
0.0028169745838442185
0.002832182856509202
0.0028366507900192033
0.0027686449142666878
0.0027693364415952034
0.002725713968372971
0.00272679291929693
0.0027296604339941215
0.0027339894630023483
0.0027353012760335167
0.002739168544953668
0.002740598442296046
0.0027423824643493756
0.002743471325378415
0.002690375140250744
0.0026915005612376513
0.0026923452450693225
0.002693415939329245
0.002695277591599643
0.0026663174436877945
0.002667491195706859
0.00266888986765662
0.002670346043271147
0.002636256131438447
0.002610817092293906
0.0025667696316375626
0.0024733533752391355
0.0024746539901560716
0.002475903868007912
0.0024765814124828958
0.0024920313969979072
0.0024966460866328107
0.0024624086565486225
0.0024456674538911377
0.0024480540027423266
0.0024499662219219726
0.0024514152936206167
0.002452451394759087
0.002404462863506294
0.002377275740012128
0.00237777871812232
0.002346935895807758
0.002347830383106067
0.002363347457627118
0.0023789838173980636
0.002380043408485157
0.0023809523809523807
0.002382013726738838
0.0023827724103761896
0.0023836834689267934
0.0023848486136495654
0.0023899143699671085
0.0023908278587735764
0.0023916417922545835
0.0023645799118421104
0.0023693891896332943
0.002370601075926822
0.0023716624938321237
0.002373028571428571
0.0023744469077147793
0.0023770370099175835
0.0023785609469671523
0.0023440960057666987
0.002344848025616269
0.0023602169930325018
0.0023611769442872937
0.0023623400358172906
0.0023633523515679835
0.002364618966972816
0.00231534241763269
0.0022658397350059905
0.002216361238223969
0.0022210330918955835
0.0022223688220938966
0.002223515013088229
0.002224997260801403
0.0022258588279885478
0.0022272962570024247
0.0022282555748691212
0.0022112141133599256
0.002212749930471532
0.002222999321151025
0.002223862640484359
0.00222496674704938
0.002175585275682458
0.0021771838989966983
0.002178455068559732
0.002161650068309812
0.0021626795146147478
0.002164244362910395
0.002165229026810153
0.0021664024146032302
0.002167624087764634
0.0021586729785336594
0.0021600323443891588
0.002161064730041485
0.002162427110797799
0.0021635558980318322
0.002052118175148901
0.002043533742382166
0.0020459202933721626
0.0020469010369650984
0.002048195272876403
0.0020490441083295427
0.0020499383797511505
0.0020522440425512012
0.002053588982614476
0.001989270647601978
0.001991229276587233
0.0019925371733840454
0.001993846789438763
0.0019947645454517
0.0019956831467291543
0.0019489398953684675
0.0019505659375241783
0.0019516371826294727
0.001956415932677061
0.0019573194101495995
0.001962106352838619
0.0019119856489679698
0.0019136288274675237
0.0019147258497701684
0.0019162045983026153
0.001880507131870478
0.0018817119460014485
0.0018824189343781812
0.0018833346495038047
0.001862582083638908
0.0018639018937956053
0.0018692481425194194
0.0018706992611839017
0.0018719864205281708
0.0018877471709964886
0.0018892995256510397
0.001890838825802695
0.001892774737707855
0.0018955242401198886
0.0019122889714141336
0.00191864596910663
0.00191997372214356
0.0019210458300494273
0.0019222480132566639
0.0019231506385479834
0.001924097155640781
0.0018577311413352777
0.001859062549992002
0.0018603958684195365
0.0018616058412869291
0.0018624830115137067
0.0018637375467498065
0.0018186612411160896
0.001821058805146548
0.0018222874792234282
0.0018231485380417727
0.001824421113126869
0.001758019748015918
0.001759010561255929
0.0017598040163334047
0.0017606379149353632
0.001761552139707195
0.0017661921111053747
0.0017671101526103902
0.001768429010829952
0.0017506907714656425
0.0017518404812048236
0.0017677380655699154
0.0017684191667691966
0.0017846208672833007
0.0017891715175951495
0.0018051979497024219
0.0018062229547841308
0.0018076188311442322
0.0017706211495582245
0.0017403247565950944
0.0017418706197005291
0.0017468203864265583
0.0017634210291935762
0.0017642660998586242
0.0017158405775827854
0.001717409166843517
0.001722438586632164
0.0017388788261219256
0.0017401532552006646
0.0017418687138304732
0.0017428676292281372
0.0017593306116202934
0.0017608665447937622
0.0017617165010627978
0.0016940454556906145
0.001698738918825913
0.0017001475241714785
0.0017013623631270687
0.0017024611302219933
0.0017036399566520044
0.001705450664554176
0.0017067914896615813
0.0017080158454681185
0.0017088066850770862
0.001709915091665039
0.0017111042669148235
0.0017121759397333506
0.0016816640519363925
0.0016829534918200745
0.0016838533623376116
0.0016730103326961963
0.0016898601735936677
0.001656201307781432
0.001661363320838539
0.0016623326109907201
0.0016788310616825998
0.0016804005760673822
0.0016819336806704335
0.0016831937035612552
0.0016454080636542033
0.0016468742497585264
0.001650101381334656
0.001651419353683965
0.0016528171505600258
0.001654100544662675
0.0016553079741833622
0.0016560878969001842
0.001657649949245874
0.001662677812984561
0.0016639734978696411
0.0016662954162954158
0.0015966651467301664
0.0015980631449891709
0.0015990469876148983
0.0016002216151501714
0.001581374186111365
0.001582574897321605
0.0015844546632051086
0.0015143744721510875
0.0015155635168007577
0.0015208317032430574
0.0015219552384129857
0.0015234074164945783
0.0015405594055804138
0.0015412585058385052
0.001546605924833119
0.0015474937583146537
0.0015504233868209735
0.0015513890124631271
0.0015528397083052175
0.0015541066329346508
0.0015559735173890808
0.001558069760008798
0.0015593452366620688
0.0015601716584588592
0.0015611871013953742
0.0015629201629973866
0.0015651172529313232
0.001566669084987868
0.0015276197852377147
0.001528766813609133
0.0015462626262626262
0.0015642064898187022
0.0015657645401098098
0.0015674019309808115
0.0015727556691412115
0.0015744034566216724
0.0015755167060850627
0.0015768623814404479
0.0015679712056806893
0.0015693897677906286
0.0015706187038623109
0.001572003559561423
0.001573275157695199
0.0015750124741315142
0.0015765599796942677
0.0015785762889725112
0.0015801308090630823
0.001581142889989243
0.001582507355721025
0.0015841478263731203
0.0015856349951413938
0.0015869679886592162
0.0015890110252855351
0.0015323439783960556
0.0015343206568926594
0.001535653987486344
0.001462547840349918
0.0014392337355392463
0.001382559249574565
0.0013842138944988819
0.0013862877785268974
0.0013873617219778754
0.0013890278889778487
0.0013922983150476762
0.0013975233129449511
0.0013987505331560326
0.0013999096022498994
0.0014179317047015847
0.0014192158046555307
0.0014377586916186013
0.001385983043869157
0.0013875219757572698
0.001388538141656986
0.0013536742587021914
0.0013550786983146919
0.0013731996015061716
0.0013152335564118162
0.0013169361457302162
0.0013224421352168497
0.001264058037341198
0.001282671418873048
0.0012833248429274917
0.0012845026854306884
0.0012859452101412283
0.0012870292316993213
0.0012881480155787928
0.001289631753182485
0.0012908542782232924
0.0012923774101150014
0.0012942032708279816
0.0012958009704576237
0.0012976031042890009
0.0012988073142228636
0.001299812531173142
0.0013013568894858281
0.0013028712299483676
0.0012264354428195505
0.0012278337781693486
0.0012292353058171409
0.0012305441576204573
0.0012316636774020258
0.001233736935007239
0.0012351838131723983
0.0012371828576897882
0.001181766602962255
0.0011832196580398018
0.0011238828856142242
0.0011249144575484656
0.001125770624235312
0.0011272498382581687
0.0011281689047193228
0.0011294462227872796
0.0011313825524934876
0.0011330561069057554
0.0011344345206611153
0.0011359967715899918
0.0011378349053088436
0.0011392552346552133
0.0011410339195502713
0.0011425832880078198
0.0011435880646561238
0.001145083270119959
0.0011466436625417011
0.0011482697592991118
0.0011495924381003404
0.00115079471492547
0.0011521850860303309
0.001154044148719564
0.0011549759315934358
0.0011565945912647075
0.0011173119763202319
0.001119002586173621
0.0011201527024311834
0.0011211837596590425
0.0011224904652198324
0.0011234648757368015
0.00112505190606845
0.0011265208419956399
0.0011279936188011905
0.00113045682310047
0.0011367438251716116
0.0011382062953288182
0.001139172964602405
0.0010586075560694852
0.0010602647915178816
0.0010619274257888801
0.0010629216577171968
0.001064181737979709
0.0010676975470569287
0.001069173694640306
0.001070920807252719
0.0010720490924549925
0.0010736565409748063
0.0009913741186498785
0.0009924223452702267
0.0009940265507278694
0.0010143025971729807
0.0009737052980749523
0.0009761611179613649
0.0009789332809239037
0.0009988568430126872
0.00100086297463605
0.0010215781361602948
0.0010228181604328393
0.0010244086325511262
0.0009836684603039744
0.000985175100219348
0.0009864341635663098
0.0009882303847649396
0.0009897510424681085
0.000991106672373615
0.0009928348197271134
0.000994170459207526
0.0009968525480967005
0.0009983711794576986
0.0009997793193440988
0.0010009894617520197
0.0009807884807884809
0.0009338228916707624
0.0009402724280073754
0.0009239125182414736
0.0009252269515901128
0.000926976369859693
0.0009285159285159285
0.0009310334763447452
0.0009326394573734067
0.0009339774557165862
0.0009352918755680653
0.000941171866592312
0.0009426659219409902
0.0009437479153177545
0.0009501911191030668
0.000951987162448192
0.0009530567793185694
0.0009549768415647005
0.0009560815487136897
0.0009574447018752847
0.0009588973176657247
0.0009604115765846294
0.0009622177776451038
0.0008989883888971943
0.0009005501143159512
0.0008122030507626907
0.0008136435599911822
0.000815531250313859
0.0008164660693996159
0.0008176746621553582
0.0007482931453524138
0.000750017689096441
0.0007512706801935889
0.0007525965595585849
0.0007540650406504065
0.0007557239468752547
0.0007575989626407736
0.0007589705822184036
0.0007603939291460428
0.0007623157137720245
0.0007638459954704551
0.0007653350661674455
0.0007667824074074074
0.0007681397973021937
0.0007693583841400191
0.0007711574637025952
0.0007934772421979945
0.0007709722178752883
0.0007723742932095863
0.0007740975844803387
0.000702472830366987
0.0007036920164089619
0.0007055845594051574
0.0007069490235861019
0.0006131266281212275
0.0006144344337970774
0.0006153748047061825
0.0006166134185303514
0.0006199118679513032
0.000621762767004837
0.0006232634977847862
0.0006242277733011012
0.0006253161559738679
0.0006269761619562518
0.0006281760190290841
0.0006293804772892225
0.0006308155000380009
0.0005614676503231704
0.0005624775172504007
0.0004658945503461399
0.00039018402218349605
0.00039110993924612456
0.00039196256537296994
0.0003928839447313821
0.0003936528998728368
0.00039445109249656513
0.00039538422239251877
0.00039637472999755043
0.0003972903902596895
0.00039835733548177735
0.0003993628143860357
0.0004001573652559995
0.0004014298118015854
0.00032343794175855237
0.00032389947791028204
0.0003250147733987908
0.0003256587187720616
0.00032649519960729244
0.00032734722842198025
0.00032805689378297766
0.0003289057558507273
0.0003295082722706115
0.0003096368698947466
0.00031067060801020114
0.0003346696879902388
0.0003355587402565626
0.0003363346529797148
0.0003372799775146682
0.0003379686674881183
0.0003386482291519684
0.00033935451942451126
0.00034049797829325385
0.0003417221371871996
0.00034272250187426367
0.0003436672155795804
0.00026695397138923804
0.0002678485634668973
0.0002683804503496167
0.0002690215096570277
0.00019353824194699474
0.00019410173357110798
0.00019456199231480132
0.00019520288900275727
0.0001957186544342508
0.00019621549366591863
0.00019673663113111268
0.0001973700441615474
0.00019825043986816348
0.0001989530097860012
0.000199541055572184
0.00020003500612607208
0.00020074274816822245
0.00020140986908358512
0.00020197429877048147
8.868280693752929e-05
8.897023310201071e-05
8.922198429693075e-05
8.961950120346187e-05
8.993730085311953e-05
9.026783756947399e-05
9.055158853358169e-05
9.083359285788434e-05
9.125990821860658e-05
9.163623034730131e-05
9.194677595197751e-05
9.2263081586925e-05
9.25742246908682e-05
9.29133649238774e-05
9.320657239487629e-05
9.354661962608078e-05
9.386649502507575e-05
9.416575863970835e-05
9.457797954413413e-05
9.485866059571237e-05
9.533927160796491e-05
9.566762334290009e-05
9.614460148062685e-05
9.663036125950773e-05
9.7104887150249e-05
9.742519137091161e-05
9.775580599662043e-05
9.808454888113552e-05
9.851107545948379e-05
9.885330170027678e-05
9.918104791861485e-05
9.952795313655233e-05
9.986019572598361e-05
0.00010031527658354828
0.0001006918971791884
0.00010104509498238927
0.00010150223304912707
0.0001020437913641797
0.00010247401551749377
0.0
0.0
0.0
0.0
0.0
0.0
0.0
0.0
0.0
0.0
0.0
0.0
0.0
0.0
0.0
0.0
0.0
0.0
0.0
0.0
0.0
0.0
0.0
0.0
0.0
0.0
0.0
0.0
0.0
0.0
0.0
0.0
0.0
0.0
0.0
0.0
0.0
0.0
0.0
0.0
0.0
0.0
0.0
0.0
0.0
0.0
0.0
0.0
0.0
0.0
0.0
0.0
0.0
0.0
0.0
0.0
0.0
0.0
0.0
0.0
0.0
0.0
0.0
0.0
0.0
0.0
0.0
0.0
0.0
0.0
0.0
0.0
0.0
0.0
0.0
0.0
0.0
0.0
0.0
0.0
0.0
0.0
0.0
0.0
0.0
0.0
0.0
0.0
0.0
0.0
0.0
0.0
0.0
0.0
0.0
0.0
0.0
0.0
0.0
0.0
0.0
