0.005112330887694811
0.005112330887694811
0.005073502398677727
0.005073502398677727
0.005073502398677727
0.005078168861076606
0.00505166687650939
0.005039340372059523
0.00503943354995964
0.005041282559814863
0.0050043023627104125
0.005007384045802449
0.005007384045802449
0.005007384045802449
0.005002453352855189
0.0050036860260920055
0.00500984939227608
0.004995673650052707
0.0049151271569965885
0.0048998996592336565
0.0048998996592336565
0.004899990265562531
0.0049280796832486505
0.004928226440916812
0.004928760939352921
0.004901203981828717
0.004904376816659662
0.00490570041704217
0.004908782670045825
0.00492234458326191
0.004925426836265564
0.0048822752942143865
0.004871269270307267
0.004875584504316244
0.004887913744341887
0.004889146668344452
0.00489231945622215
0.00489231945622215
0.004895492361458378
0.004857360138293438
0.0048324227031555315
0.0048480894545848965
0.004848179126081329
0.004849591608276523
0.0048496813125347505
0.004854659677633402
0.004867081455775177
0.004867081455775177
0.004867261524644013
0.004839513550246143
0.004840219709427814
0.004819790736226768
0.004819879899145523
0.004821643950751557
0.004823234205006317
0.0048233234431828784
0.004823501929442733
0.00483715986592763
0.00483724936837681
0.004837517895598325
0.004837696930309487
0.004851446675436877
0.00485510371395827
0.0048551935617239484
0.0048551935617239484
0.0048677109495982905
0.004869034826742613
0.004872480001756005
0.004872480001756005
0.004847802353535881
0.004860583676308241
0.0048606736404689785
0.004860763607960056
0.004860763607960056
0.0048526778782004894
0.004827030569543066
0.004804376973967706
0.00480455486444161
0.0047812816236118515
0.004781370146192456
0.004794947375943869
0.004794947375943869
0.004813729150132019
0.004829248092927225
0.004829605788512214
0.004808797779146703
0.004812589525836861
0.004825113448905719
0.004819736402105797
0.004824682994836956
0.004798490863372827
0.0047880831988708576
0.004788171891715145
0.004788585011340421
0.004788939865911643
0.0047892060413557876
0.004795030684098768
0.0048076499981256895
0.0048078281681183934
0.0047770336152795955
0.004778446051976232
0.004790799966931881
0.004792700028615865
0.004793321857282093
0.004793321857282093
0.004793410703121045
0.004789881199727213
0.0047900587770234385
0.0048026836628865125
0.0048026836628865125
0.004802861731317898
0.0048031288587246715
0.0047799113920958805
0.004780088642490514
0.004781590690155014
0.004781679353064158
0.0047847697789248425
0.004773379990521358
0.004789628732786499
0.004775236079664538
0.004775324642807024
0.004788399326337456
0.00478866580251871
0.004694598661256965
0.004696317682120698
0.004696927672727546
0.00470063872982216
0.0046758004045435635
0.004676060730451321
0.004676935001646064
0.0046773690720525425
0.0046776295529735775
0.004693360264206656
0.004698132742442374
0.004660821134741685
0.0046611672845873735
0.00466142693071508
0.0046618597385487985
0.00466246580455745
0.004662638995219185
0.004665821129757212
0.004678290158133817
0.004665635301915534
0.0046391835787901944
0.004641025423063853
0.004579802984566158
0.004581211766385342
0.004582341882776357
0.004582597332477153
0.004582767648100979
0.004589217780720895
0.0046021703938066896
0.00460296099811345
0.004578264784661873
0.004579395013522986
0.004592482810555469
0.004598401677447255
0.004599268829318892
0.00462423176922317
0.00462423176922317
0.004628466922930568
0.004628725150275075
0.004631549287939381
0.004633581484840319
0.004634184826985707
0.004609775723022044
0.004610204523413009
0.004599384415094441
0.004599469989813311
0.004612485632409391
0.004612743116581573
0.004589600289592519
0.004605279608718446
0.004605536738472706
0.004562450186341013
0.004574858596761596
0.004571129540597392
0.004571384825392466
0.0045639560448652505
0.004564550863191709
0.004571182575092822
0.0045285785801662485
0.004454953441767117
0.004443198970432408
0.004443941095891467
0.004436302919852975
0.004437875597096073
0.00443828904579058
0.004451125549068301
0.004455018476113476
0.004455516651729561
0.00443099731849452
0.004434434364720673
0.0044095563865520215
0.004397538210950591
0.004398303338301843
0.004386266282814789
0.004387836664759739
0.0043925155159559555
0.0043932529001170315
0.004393498749856821
0.004354569907866177
0.0043057673435271246
0.00427523228810662
0.004275551388872652
0.00427906059694213
0.004279459904588212
0.00428188563758056
0.0042822852983580234
0.004261142892796518
0.004248708279294798
0.004249302000002277
0.00424985753693521
0.00423703113510924
0.004231279549295797
0.004234630078050832
0.004234709184177713
0.004234946520292504
0.004247639121996895
0.004260810798108052
0.00426120892286727
0.004262372937499552
0.004262771275219404
0.004263169687399079
0.004263647880331057
0.004270597997459368
0.004283303516647442
0.0042962514808119094
0.004297055074228069
0.004261675902685233
0.004261835339857746
0.004278143849706054
0.004278944400576133
0.004279104546704378
0.0042668685711635046
0.004270147451327617
0.004282944757219024
0.004284049730767433
0.004297091797091793
0.004288212983213915
0.0043072586494673866
0.004307581278481241
0.004312515942818402
0.004313000595006248
0.004282264430626265
0.0042826655569733205
0.004283066758475669
0.004283387773803555
0.004248025373835812
0.004249433864904966
0.0042502303251263
0.004250947394634709
0.004218156124721305
0.004218709740412184
0.004231606050469726
0.0042320028255330615
0.004233263011888963
0.004233818870847568
0.004234295437582242
0.0042347721116155175
0.004236261387964171
0.004175045671274137
0.004175280704150491
0.004175672484421496
0.004182398974065637
0.004195852116116396
0.004197812604518441
0.004198600822518802
0.004199152751265423
0.004200099252505425
0.004225540873860522
0.004226375053211054
0.0042268515239710786
0.004228122638046513
0.004229773150825779
0.004243141066842985
0.004174603381206247
0.004175196985334989
0.004179025917461416
0.00418239586583043
0.004182867821881566
0.0041832611999636
0.004197839357910078
0.004198234195976813
0.004199182110447089
0.004199735258259906
0.004199893327259803
0.004200288551821494
0.004200604785031366
0.004204058320764199
0.004205087330369749
0.0042060241992449175
0.00420743808438955
0.004220549146529479
0.004194654844519217
0.004195208010132367
0.004195603217760121
0.0041959194374780705
0.004199613738858058
0.0042000886381669995
0.004200722004344929
0.004204735477359908
0.004205052600482116
0.004205369771443082
0.004199044246004109
0.004199598658923023
0.0041997570895052705
0.0042014901010543225
0.004202594609741372
0.004203308338682151
0.004203784292672339
0.00420410165521897
0.0042059155627307806
0.004148485698914272
0.004149034036305318
0.0041495041551695535
0.00415036877926396
0.004163116520523785
0.004163431050330413
0.004149577354957434
0.004149969334832645
0.004123747043248175
0.004124292584595343
0.004131373019715833
0.00413191974557673
0.004133241870803563
0.004133710891157697
0.004134414621306004
0.0041351185911036046
0.004148754320933232
0.004149372114441084
0.004166954355258668
0.0041465727019663135
0.004147043680408562
0.004150827367784027
0.004108370643758987
0.004108993053431185
0.004109537816615602
0.004110160580013396
0.004024342020249717
0.0040413333358322095
0.004041716284448348
0.004042099305646245
0.004042712290584451
0.00404321634344195
0.004044231652210114
0.00404476848015295
0.004047030318795427
0.0040494647153093526
0.004024026206723989
0.004024560676933409
0.004024713408785819
0.004025782856424192
0.004026164939759718
0.004016608803873144
0.003989114708283686
0.003989796621185633
0.00399372079590169
0.0040069946541417744
0.004007679974956021
0.004009404027459374
0.003968753172311501
0.003972525281055538
0.003973974394166429
0.003975968895039973
0.003976498318328261
0.003945545089951484
0.003946521208210744
0.003942906132833041
0.003944257523030516
0.0039450709211906665
0.003886554884555076
0.0038779921552534536
0.0038788049811086735
0.0038838430725687046
0.0038845093311012818
0.0038865949366778704
0.003890291554746425
0.0038918176033406636
0.00389248572653437
0.0038949461138398176
0.003909833849525055
0.0038833679656434285
0.0038986320694615858
0.0039025598930484545
0.0039031562727837817
0.003904125778707816
0.003911167333235827
0.003912737572668368
0.003868720833672365
0.003869534709306744
0.003870571046413724
0.0038717271741933595
0.0038757316074753334
0.003819125866211714
0.003821497945169815
0.0038348481021810927
0.003848349742407235
0.0038491606041312987
0.003804903164098568
0.003806489710067231
0.0038062336511874655
0.0038083141855641727
0.003810322541269492
0.0038118930732970215
0.003812916616192477
0.003813501744675137
0.0038137677034027636
0.0038275873605214937
0.0038283221068186723
0.003829130653622332
0.003810168395062099
0.0038141748975402466
0.003815968567279732
0.003772652559186255
0.003773522686052238
0.003774465776542062
0.0037615145807958603
0.0037621011930186413
0.00376296952050448
0.0037638382489187635
0.0037649247236653917
0.003769147545855921
0.003795763104155966
0.0037965671983312484
0.003797298488723099
0.0037828953723465495
0.0037837700470891873
0.0037844992517466463
0.003787882264588575
0.0037880282921629147
0.003788977745905214
0.003790439373705201
0.0037910974741809872
0.0037596706948589183
0.0037617554378786434
0.003774985745030716
0.0037402634732647475
0.003740769002107845
0.003741852738492108
0.003744369753179816
0.0037576855587405705
0.0037713688567926917
0.0037722437152168465
0.0037744666142902747
0.0037721192451784656
0.0037325106095536078
0.0037142462373666186
0.003718979196975869
0.003723285346042272
0.003724006228410961
0.0037379994646524455
0.0037107442692703657
0.003711535212106841
0.0037123264921931493
0.0037132620764825184
0.003715346784260149
0.003689929052079265
0.003691002704620024
0.0037078149266031243
0.0036775531593379943
0.0035908407700541885
0.0036064765751719586
0.0035914791349257232
0.003591967581670322
0.003596198348229131
0.003613165159027892
0.00361523397237683
0.0036164292305018502
0.0036173437848339616
0.003618329206942221
0.0036059885163674354
0.0036065500328274053
0.0035779100966867434
0.003578537091329646
0.0035797220143064597
0.0035969341919426675
0.003526970826006196
0.0035279333333952155
0.003483197009225475
0.003487194392828279
0.003487874568839675
0.0034669600918796222
0.003471498144813005
0.0034738160462875955
0.003474697828780698
0.0034885325040006506
0.0034930837961141005
0.0034944492687392845
0.0034951324054602467
0.0034961576114925885
0.003497388652905086
0.0034991034668226837
0.003499993632280673
0.0035008842507668076
0.0035017753226270127
0.0034748686057002095
0.0034756854850495887
0.0034766034893390987
0.0034449287628852197
0.003445806606579698
0.003459620360904549
0.0034601630783759147
0.003461767056494711
0.003462582053349353
0.0034399841011297735
0.003444133489869985
0.0034450802377368256
0.003445418488128356
0.003452574236807091
0.0034541108220459142
0.003467752624840747
0.0034689794964575314
0.003470964174225877
0.0034755392467216875
0.00347656490311274
0.0034776596040445844
0.0034519630769999834
0.0034525067253377987
0.0034533905191986482
0.0034556559147853223
0.003470127084193278
0.0034382411249553493
0.003441807911725907
0.0034559718102399467
0.0034174102251025343
0.0034187588479222273
0.0034231957262571325
0.0034245476192043345
0.0034289896840760045
0.0034301415113128456
0.0034321564980403867
0.0034213106552648614
0.0034237797287424445
0.00342540580899673
0.0034273354922947207
0.003428149715170622
0.00342896432500393
0.003429643462323202
0.0033839658705947686
0.003384904594582015
0.0033435339988622586
0.0033441305968517064
0.003344860061366765
0.003345457132719872
0.0033466519151327
0.003347685168122169
0.003348881458309503
0.003350344752358696
0.003368755247939214
0.0033826702152386133
0.003383611395814032
0.0033840821825317957
0.003400212936474794
0.003414692446700245
0.003415779647049422
0.0034168675399242512
0.003359346951056094
0.0033604174886440663
0.0032720407697996888
0.0032740210259188515
0.0032748692855118235
0.0032762404799091065
0.0032538875292310596
0.0032246793258163694
0.0032255157851262964
0.003226223897401002
0.0032273832974599624
0.003219796583688968
0.0032205684857767565
0.0032433038638942733
0.003245202454423872
0.0032029058940135375
0.00320520087941011
0.0032060988924244136
0.003160288704278295
0.003135811368525971
0.0030983398213621956
0.0030993331774816584
0.003100451464754789
0.003101570559309835
0.0031288719525783292
0.0031296879562572573
0.003130881342930792
0.003085168083160453
0.003042891254379504
0.0030136726379820294
0.0029980750506918186
0.002970773636408309
0.002926816733477231
0.0029278765769873817
0.002929689246590653
0.0029304557641949692
0.002931834703349547
0.002933782783747538
0.002922405658944544
0.0029228766823206206
0.0029248446467723646
0.0029121703789042473
0.0029166202524676323
0.002917855933975527
0.0029023904356941625
0.002904674091679419
0.0029053780275607537
0.0029060823047167557
0.0029068456570426598
0.0029217329751018853
0.0029224419184989375
0.002923565116096872
0.0028991156389165107
0.0029042515101317156
0.002912062437463504
0.0029131245878966216
0.002893682066091663
0.002895913811142616
0.0028973236724215467
0.0029255575301397876
0.0029398023968205626
0.0029406380597219346
0.0029415936849672996
0.002942729296963691
0.002943387157389798
0.0029588263392655405
0.0029632395507138685
0.0029689519068321416
0.0029605408760286713
0.002974655524533373
0.0029754429992685212
0.002976837245641742
0.002977625876079136
0.00297847563783108
0.002979568901590148
0.002934484143174472
0.002901135424753534
0.002903000252405219
0.002860951084534544
0.0028621783585627177
0.002863172637576461
0.002865588953816431
0.002866643750265761
0.002871285038838229
0.002872401561540137
0.0028774026163140296
0.0028786994871154493
0.0028808325177103215
0.0028822500467810554
0.0028521983067437595
0.002868141538734118
0.002869142347579917
0.002887669768252989
0.002888974983359959
0.0028453371017800283
0.0028467969210232997
0.002848302206604173
0.002849063972747315
0.002850922757072422
0.0028538807188340748
0.0028687315778906553
0.0028735857809603616
0.002879166441685768
0.0028802352847973308
0.002882858806599159
0.002883810834275229
0.0028885624346927704
0.002889934956870189
0.002846820491569027
0.0028653493589901394
0.002866001329099127
0.002867233058020624
0.0028236256721920717
0.002824561247804635
0.002825790132080012
0.002827137280448503
0.0028315896317886854
0.002807581041667282
0.002822813742318192
0.0028238685397556904
0.002839459286248351
0.002841288644642966
0.0027938989642178947
0.0028086354646677408
0.0027754745410615085
0.0027766875981161685
0.0027777860399817956
0.002782240947699582
0.0027519158342560286
0.0027418200515567774
0.002744991728183953
0.002746897486703513
0.0027482158507574797
0.0027497651111807065
0.002751610095735421
0.002753047718564959
0.002711103677065038
0.0027271522532136445
0.0027283511269276385
0.0027290366709940383
0.0027300084483637393
0.0027348170501697465
0.0027362506028138296
0.0026935179358086835
0.0026945919288157635
0.0026954970085021506
0.00266985873689221
0.0026712611798653846
0.002654923063987218
0.0026557604558740022
0.0026575486586007347
0.002659649122807016
0.0026611617831890392
0.0026274377564210628
0.0026309076922767915
0.002635645362879727
0.002626869513112228
0.002631499541350841
0.002633056773305314
0.002634337307544758
0.0026357306060276345
0.0026403737925918746
0.0026411004753335637
0.0026275656097096006
0.0026289577417030465
0.0026139841259744563
0.0025513486760702785
0.0025521606902892697
0.0025534609886921685
0.002476305749616007
0.0024791427640618127
0.0024426125272357614
0.002457989300934268
0.002462739661054051
0.002477613786237888
0.002493558139063038
0.0024948869028587656
0.0024710726597921384
0.002472548965817149
0.0024736573534763335
0.0024755843434697833
0.0024779077977385875
0.002479232004039083
0.0024956547504497973
0.0024972032546169212
0.0024701552639895597
0.00247131923365645
0.0024731732660483213
0.002439016916849745
0.002440273089857844
0.0024452665202471945
0.0024103077093024674
0.0024110845429682576
0.0024124841061677277
0.002413729527087238
0.002414976234543229
0.002416172204945539
0.0024177339476932256
0.0023927555331124594
0.0023946652368318057
0.0023959055943516927
0.002347635089278001
0.002348649449409905
0.0023503250613833245
0.0023657608387791145
0.0023665798130844966
0.0023675530818387954
0.0023684758646432017
0.002369758701409371
0.0023722770968368253
0.002373564055746205
0.0023424373549224262
0.002343709588984409
0.0023443716970022455
0.002324105253130215
0.002325622359131214
0.002290453799074488
0.002291451470386917
0.002292649823809938
0.0023082832435350415
0.0023128242835125843
0.0023140355033520773
0.0023170069809661047
0.00232331933079082
0.0023255547572188714
0.00232687771415235
0.002327998315476971
0.0023294260973325226
0.0022797651663405078
0.002253533777418498
0.002254869072961112
0.002259667260545531
0.002264271331816636
0.0022656648214377287
0.0022668107573767943
0.0022681574665203937
0.002283781347354473
0.0022850388531070413
0.002214993218872946
0.0022164101109728093
0.0022015454014218017
0.0021514705975150335
0.002152421355656142
0.002106075294112693
0.002070654406420829
0.0020347345382198995
0.0020365087096699368
0.002042443591536594
0.0020443906733979005
0.0020486638207427074
0.002020160382533587
0.0020207434661253486
0.002036585120753323
0.002039062541340572
0.002040286849484501
0.0020415580562443045
0.0020136363491745327
0.002029840038799054
0.0020307451869735873
0.0020324671943621796
0.002033510881468014
0.002035055688197166
0.002040694615727044
0.002071764772326457
0.002087944895826669
0.0020889739470321034
0.0020903319744360787
0.0020916448497705084
0.00209258362800698
0.002093617257855341
0.002095546295285609
0.002097195849304344
0.002098281256697098
0.002047480704328214
0.002048911153752044
0.002049835085549371
0.0020547511083753105
0.0020067320961064754
0.0020082277970476727
0.002009725729268245
0.002014722433132475
0.002015816622863306
0.0020320982462950087
0.0020339403750168623
0.0019881956956632574
0.00198936899195649
0.0019901368962471117
0.0019912672448114104
0.0019963690570915433
0.00199786790085739
0.0019764658435999843
0.0019779518742859747
0.001979079143625717
0.0019270729802448134
0.0019283486049064683
0.0019296259194845338
0.0018294507838559945
0.0018307059816493776
0.0018317952137948017
0.0018329277122096318
0.0017847866986193135
0.0017860555528254184
0.0017873672315643256
0.0017352110581014062
0.0017358888593464999
0.0017368067278407979
0.0017136634006155204
0.00171500500543306
0.0017159532860488967
0.0017187563472118373
0.0017201444240070843
0.0017212167589669835
0.0016873627092841242
0.0016885718688770001
0.0016895873397700658
0.0016215477347937177
0.0015685859230995785
0.001569967905086497
0.0015718994780232534
0.0015727391874180863
0.0015738358097451646
0.0015752637071205905
0.00159255094277685
0.0015936644071257663
0.0015956353373224217
0.0015963803520707921
0.0015977604649972518
0.0015989186143744564
0.0016003780280133024
0.001601614998968319
0.0016027411785058568
0.0016036432630790174
0.0015698648541406094
0.0015708972960881357
0.001517232424784784
0.0014829848766904799
0.001484416430382103
0.0014855356623929468
0.0014868669444996594
0.0014879196433488083
0.001489044166354575
0.0014904169790463586
0.0014917923253819903
0.001445358786079008
0.0014462833226159455
0.0014476551825378008
0.001449064042526978
0.001450579043545659
0.001451855475828079
0.0014528229187915054
0.0014541725792053325
0.001455281867210638
0.0014570880742683023
0.0014344183041330816
0.0014396376826444255
0.0014407399558378172
0.0014421547125783953
0.0013752175525692607
0.0013767023124028888
0.0013780247930103842
0.001379051464369545
0.0013756740974822249
0.0013768327689636802
0.001393882056133712
0.0013946545318527395
0.0013955624443870377
0.001396505232729809
0.0013977192625377894
0.0013990368457157593
0.0014003230362643923
0.0014020869236217332
0.001346543659643631
0.0012754276467868701
0.0012768532596495858
0.0012780333458414985
0.0012793090455902386
0.0012801505322456404
0.0012811492843675407
0.0012861220805203042
0.0012709420552749328
0.001272246860122685
0.0012735231849964287
0.0012745835446949685
0.0012771544103488718
0.0012782194627133433
0.0012793491030879027
0.0012232695019278137
0.0012247608273283981
0.001242317570506035
0.0012437872253029368
0.001193619769173186
0.0011945336297028075
0.0011417838519140946
0.0011083347764775737
0.001109432653970927
0.0011104501288915329
0.0011117177031118172
0.001112932876235902
0.0011139567844443894
0.0011194927842922465
0.0010847536463005414
0.0010858088278086781
0.0010870831876675156
0.0010878438036217035
0.0010890957003235598
0.00108994099630288
0.0010910883313700426
0.001096474720863129
0.001098624833446464
0.0010997584054761426
0.0011022128202545249
0.001103379888737626
0.001104131453030265
0.0011054142567288833
0.0011065041883669584
0.0011251793703047186
0.0011260348031762123
0.0011274920280477387
0.0011286662602452077
0.0011299291357271218
0.001148050096731494
0.0011491324177644153
0.0011503047925115416
0.0011518618787352507
0.0011531872459024778
0.0010947005571624816
0.0010960472248562668
0.0010973127384068012
0.001098383672351209
0.0010998242681411
0.001075296500351853
0.0010764049963060325
0.001077626984536526
0.0010789911045665523
0.001080246913580247
0.0010814776454341449
0.001083048093213014
0.0010846794438961894
0.001085892069434695
0.0010868245294474803
0.0010880419586491957
0.0010895178470501285
0.0010908267822786354
0.0010920531994631248
0.0010930534837263269
0.0010947725267140226
0.0010962091983587484
0.0010976496456510125
0.0011002026689126945
0.0011014492753623189
0.0011027568922305766
0.0011218541413500998
0.0011233082043821366
0.001124259832861215
0.0011324157318269817
0.0011338591040654293
0.0011350949013770005
0.001136484616203556
0.0011380597014925373
0.0011390919276529905
0.0011401564711222664
0.0011414365527012216
0.0011424443493150685
0.0011440973152564173
0.0011455706390513497
0.0011465549648246604
0.0011483742570529544
0.0011497347801502464
0.0011508503355523814
0.0011708063354931605
0.0011722938573964445
0.001174134741212039
0.0011751847235018879
0.0011766195476209857
0.001177993879140182
0.001180270164838654
0.0011863883287004232
0.001124116668030886
0.0011255907985684235
0.0011269146608315099
0.0011302529831192427
0.0011319581596079293
0.0011335127909318978
0.0011348219851134824
0.0011359152926495822
0.0011375748888153786
0.0011394910028073083
0.001141097961139992
0.0011473881458096795
0.0011490427724932287
0.0011505424117886631
0.0011524304879518632
0.0011544212569539255
0.0011559994791957295
0.001157679053739406
0.001158974358974359
0.0011602400754202721
0.0011617691042320921
0.0010796183413391764
0.0010812889188986422
0.0010847597830480435
0.0010863834914896823
0.001106618028259292
0.0011088757284671259
0.0011102284763201697
0.0010739856801909309
0.001075238230692647
0.0010771071978115919
0.0010793523885668601
0.0010808955992107749
0.0010829083825130352
0.0010843684557789955
0.0010861132660977503
0.0010880515817046142
0.0010899339696087197
0.0010918228820657983
0.00109375
0.0010952712100139083
0.0010970831519373097
0.0009944173063503139
0.0009958651214256593
0.000997870043474455
0.0009989192978356748
0.0010003802615029104
0.0010013761602201854
0.001002991377793419
0.001024074563593464
0.0010259730069052102
0.001027242551018404
0.0010296086306008348
0.0010313445933287978
0.001032658057892035
0.0008513541573966953
0.0008525681014763983
0.0008540141641373563
0.000855337664659951
0.0008616401010884921
0.0008628248047186353
0.0007491869675385565
0.0007504221749253074
0.0007716559075213931
0.0007726302498271352
0.0007740963855421686
0.000775638317136476
0.0007778921242205943
0.0007792601576713158
0.0007805855910581944
0.0007819393312441049
0.000783393281716759
0.0007847567864667622
0.0007857645152413855
0.0007358194027718244
0.0007372188139059304
0.0007386462591306307
0.0007399197479552148
0.0007413119473575981
0.0007430308651517493
0.0007445501203052552
0.0007464231732819843
0.0007483056740459361
0.0007499635940002912
0.0007520287043411144
0.0007534905108268539
0.0007548631614213622
0.0007559791555261971
0.0007786394300485466
0.0007806820695976484
0.0007157334684570559
0.0007168231413346866
0.000718555258807071
0.0007200662715860575
0.0007214684756584197
0.0006483880944001878
0.0006500727054999573
0.0006567036263324229
0.0006581419568181576
0.0006596291872464518
0.000612154719949993
0.0006136825273348027
0.000615038115038115
0.0006165000596963086
0.0006401045068582627
0.0006416762154198724
0.0006427072402938091
0.0006438684668703394
0.0005685060801615523
0.0005698193738587112
0.0005709876543209876
0.0005721417762903564
0.0005737196526670211
0.0005750954791722177
0.0005765164162493043
0.0005777316782101471
0.0005789520743919885
0.0005805092343553882
0.000581957083473767
0.0005834318860167821
0.0005854099564898005
0.0005871418208197315
0.0005886631210509568
0.0005902528515593842
0.0005918309054555841
0.0006158424908424908
0.0006174327193435474
0.0006189670842968741
0.0006206379419738132
0.0005471497316305756
0.0005486157022396975
0.0005520303093694071
0.0005536904928428219
0.0005546020292596355
0.000556101901283132
0.0005573743560859412
0.0005587906593729781
0.00045376328878202866
0.00045492142266335815
0.000456134115277531
0.0004575000297077942
0.00045898903195040535
0.00046048775820206443
0.0004615642833165492
0.0004625624759707805
0.0003554944988732632
0.0003568620335087401
0.00035788809627796385
0.00035912981020902576
0.0003603537574513828
0.0003614531642467684
0.00036253256648478594
0.00036353777712053436
0.0003647243549324333
0.00036572817098721815
0.00036665548056725956
0.0003681241888789059
0.000369271596129533
0.000370412224859055
0.00037175658135168174
0.0003730116581948765
0.000374018992557656
0.0003752321351344476
0.0003767705020626589
0.00037816149418656825
0.0003794895543892148
0.0003806206051222502
0.00038159545707374494
0.0003831716219200146
0.00038444496572575393
0.0003855906726269835
0.0003873373511377214
0.0003885925047750774
0.0003969514131470309
0.00039812086949597903
0.0003995365376163651
0.00040121970791205273
0.0004298475384512056
0.00033717715287612113
0.00033850570043599535
0.00033984475891412805
0.0003411665165533994
0.00034225946005147584
0.0003436426116838488
0.0003447657661384855
0.00034614053305642093
0.00034743937182961577
0.00034912787855935875
0.00035068523895692184
0.0003520630897056753
0.0003531971405159504
0.00035486664111626854
0.00035662829346229017
0.00035813027346827685
0.00035966048050640196
0.00036104732608350306
0.00036238186351249496
0.00036383746652695313
0.0003942872163322527
0.0003966330263099907
0.0003981596177667669
0.00039998222301231056
0.00040225261464199515
0.0004038772213247173
0.00040668775417984637
0.00040931417136619975
0.0004114473804516778
0.000413526925197574
0.00041572359000415724
0.0004178466966897256
0.00041985445045717487
0.0004218420435903445
0.00042488905674629404
0.00042716787697565144
0.0004302308905779435
0.0004326923076923077
0.0004352241404323226
0.0004374453193350831
0.00044009779951100246
0.00044184790613186706
0.0004452359750667854
0.0004473828105582343
0.000449842555105713
0.00045301253334675595
0.0004559732495693586
0.00045880913539967375
0.00046153846153846153
0.00046363074386977126
0.00046651461745801366
0.0004702931493964571
0.00047403349836721794
0.00047780845190061586
0.00048074355002403717
0.0004843136199752462
0.00032555615843733043
0.0003277972027972028
0.0003315649867374005
0.00016726137377341658
0.0001686814731515322
0.00017049329393043874
0.00017207754961569348
0.00017356089094590685
0.00017508024511234317
0.00017673048600883653
0.00017825311942959
0.00018022347711161841
0.00018135654697134566
0.00018275967103259215
0.0
0.0
0.0
0.0
0.0
0.0
0.0
0.0
0.0
0.0
0.0
0.0
0.0
0.0
0.0
0.0
0.0
0.0
0.0
0.0
0.0
0.0
0.0
0.0
0.0
0.0
0.0
0.0
0.0
0.0
0.0
0.0
0.0
0.0
0.0
0.0
0.0
0.0
0.0
0.0
0.0
0.0
0.0
0.0
0.0
0.0
0.0
0.0
0.0
0.0
