0.004714823119554847
0.004731517300705262
0.004693182514359865
0.004699365544415575
0.00466845039413703
0.0046685369912506285
0.00467295352321307
0.004685673135264902
0.0046887647076386115
0.004701218202071346
0.004704928157737377
0.004704928157737377
0.004708638113403406
0.004721004632290172
0.004721004632290172
0.004726569565789217
0.004716676350679803
0.004701218202071346
0.00469291496796166
0.0046960065976833516
0.004708373116570117
0.004708373116570117
0.0046540467650041766
0.004623543963354681
0.004604993496810447
0.004605697283528626
0.004608960085198887
0.004608960085198887
0.00460904558990336
0.00460904558990336
0.004616784863740882
0.004618021699173743
0.004596377079098667
0.004531095997378792
0.004532332878706213
0.004544786012394762
0.004472593077335107
0.00446251521381267
0.00446251521381267
0.004455176039047647
0.004458351253689729
0.004441115393412143
0.004389159630033534
0.004392408711147953
0.004344163178498716
0.004334081996749959
0.00433486141883515
0.004336179019148501
0.004336179019148501
0.004336179019148501
0.004337496668365103
0.004338195765145315
0.004338356787945275
0.004339136469965083
0.004339217003307139
0.004336123709567965
0.004336204188487573
0.004336903352107638
0.004337064347851647
0.00433838228253405
0.004261922812795726
0.004222004116962101
0.004222004116962101
0.004166316561274546
0.004158582178540163
0.004128151477161623
0.004128304746318716
0.00412907684639717
0.004129306823014499
0.004129383487579926
0.004109037214459997
0.0040658668017359515
0.004069036851375158
0.004072433865785827
0.004072433865785827
0.004061292632079882
0.004073747424928911
0.00407389872193082
0.004073974374646176
0.004030868697260076
0.004031783694918869
0.004044314900513856
0.004044540248198734
0.004044690493940601
0.004044840750845479
0.0039905776678295255
0.003985803035390175
0.003998616309188634
0.003999854844991608
0.004000077785771464
0.004000300751404903
0.004001539425280652
0.004003075609467206
0.003980925765580165
0.003984170864686289
0.003984864343913933
0.003989422836477726
0.003989496978293747
0.0039651598334095595
0.003965380930757246
0.003965602052763088
0.003954522934618412
0.003939032891618053
0.003939606638578226
0.003942998006896736
0.003955538724565413
0.0039588580508369406
0.003962177747410563
0.003955241691452929
0.003967785196353532
0.0039724194032176655
0.003972714909673057
0.003972714909673057
0.003975888415002727
0.0039526253284237235
0.003952698845122848
0.003931145708784169
0.0039200585309579865
0.00389528196163816
0.0038954268861846903
0.0038406850650562663
0.003840756519662128
0.00384139676535718
0.0038446408383736538
0.003858572954054466
0.0038601008117007903
0.0038614133038842534
0.0038646587860511608
0.0038770658109086352
0.0038227594759668035
0.003826481860526352
0.003801878244255798
0.003801878244255798
0.0037864379193588396
0.0037868608354130508
0.0037874813483290267
0.0038003930767675125
0.0038003930767675125
0.0037588987819149704
0.003774625330711735
0.003774765902189864
0.003775401780824061
0.0037785758076857804
0.0037923734217973452
0.003792655944541226
0.0037927972216992055
0.0038055683473702403
0.0038087437638741803
0.003808885661449348
0.0038213754262183238
0.0037810847220354576
0.0037810847220354576
0.00378129604239326
0.0037815073863732723
0.0037820736432894802
0.0037824260082105015
0.0037827784387952927
0.003769253135469618
0.0037696746421385114
0.0037699556989617836
0.0037701665190840064
0.0037736249564886905
0.003786547153586893
0.0037866883557256354
0.003786970791598445
0.0037871120253348688
0.003799756139961579
0.0037999687295891477
0.0037999687295891477
0.003756803751043837
0.0037570139689248197
0.003713769266030574
0.003702853401410932
0.003704235271333688
0.003697532818093562
0.003710454962296147
0.0037109396541941085
0.003711078160852845
0.003711355205190267
0.0037122544484131815
0.0037126009217993174
0.003701815640194023
0.003702092091083847
0.003702437712766455
0.00370596484191331
0.003706241680193095
0.003709631322786664
0.0037099777712272844
0.0037101856713545596
0.003710324284384704
0.0037150299516010257
0.003715307586303335
0.0036922649636792165
0.0036925409177123764
0.0036926789101978095
0.0036928859182652784
0.0036964147448584916
0.00370915098120362
0.0037096363088208848
0.0037131681357206003
0.0037168397386626475
0.003718086217360326
0.003718433838502958
0.0037214919627810727
0.0037254409552798726
0.003738187938213681
0.0037383277698084293
0.0037386773945671187
0.0037386773945671187
0.0037115212728063276
0.003715055954283232
0.003705711816233753
0.003705711816233753
0.0037102856859836273
0.0037107717071633473
0.0036949684050892407
0.0036955908844641503
0.00364456334563926
0.0036574536207818324
0.0036576590495405823
0.0036589757132562254
0.003659736844989825
0.0036350445055842754
0.0036355210273929404
0.0036319796202027945
0.003589174632521822
0.0035900021304887623
0.0035711198198304095
0.0035837441108017873
0.003584079862278375
0.0035846171955161
0.0035850203011889158
0.00358528908867565
0.003587143804817991
0.0035908068306008912
0.0036073271736346254
0.003608983287761632
0.003612650827205116
0.0036161159642463018
0.0036172840459874293
0.003617555517050375
0.003617827028863269
0.003618321973038087
0.0035905788920929473
0.0035909158458178056
0.0035913202737765646
0.003592976325971303
0.003593604590397359
0.0035627140796732288
0.0035180003769896056
0.003518330736683191
0.0035201117031644002
0.003520640754877288
0.003533563561017415
0.0035353475537855212
0.0035359455714524023
0.0035396768002211253
0.003540076079437559
0.003521673154862521
0.003522136724610989
0.003522467920586824
0.003526491131892738
0.0035332261251441134
0.0035332925928929543
0.003520918889084783
0.0035213164410397408
0.0035179459174109256
0.003484059537540505
0.003460802700978476
0.003434374936214105
0.0034473171977865954
0.0034478366165187225
0.0034483561917995286
0.003449364748819813
0.0034123051090886635
0.003412626624287575
0.003387883737487959
0.0033882668811232165
0.0033900985536389444
0.0033935604156192403
0.003353153277728542
0.003353785673722305
0.00335397543903768
0.0033557391617830765
0.003359073197213891
0.0033594534481276744
0.00335970699656807
0.003360023985943902
0.0033618951763884773
0.003374730911249992
0.0033560480165995147
0.003345165585614091
0.0033616574540598406
0.003363551234344753
0.0033638053269781313
0.0033672073193472354
0.003360223638101115
0.0033605410475734667
0.003376667272484073
0.003377473869168723
0.0033778568533732664
0.0033810156893913958
0.003355186376569168
0.0033571449582568674
0.003357716408801083
0.003358033965395696
0.003358605718657933
0.003359241228453512
0.0033596862284270023
0.003360067750824053
0.0033607674336495912
0.003321603926511344
0.00332198129573726
0.0033098592819447306
0.0033137059115882065
0.0033140197808304195
0.003314208130917423
0.003314396502415145
0.003314961745409133
0.003315652859832383
0.003246404517301822
0.003246958416724668
0.003234503902801025
0.0032350558973233755
0.0032322020061912346
0.0032328150713265085
0.0032343863053121927
0.0032361420160467763
0.0032377139532194176
0.0032381440345840597
0.0032385742302234997
0.003239329819385999
0.003240392985272543
0.0032541128992888877
0.0032577717981963606
0.0032169374462532583
0.003217426221813436
0.003217609550942884
0.0031909918222608187
0.0031806812649426
0.0031811044288474672
0.003167195324635823
0.0031675566154063433
0.0031692458695177787
0.003169788321551282
0.0031705721912878215
0.0031709341080952283
0.003171416792385301
0.003171959987892694
0.00317555484859773
0.0031761593822550614
0.003179877053639429
0.0031804220612279867
0.0031814520298918507
0.003184748333532909
0.0031862611680855838
0.0031867468786294993
0.0031587525432096066
0.003159294404886703
0.0031596557492971824
0.0031317186728260548
0.0031323158959605806
0.0031235551922247193
0.0031372292472485177
0.00314370944630261
0.003147490268890348
0.003147910815404611
0.0031614203617182013
0.0031746334845496552
0.0031751791625741193
0.0031885204893800875
0.003173208144549374
0.0031803059092464373
0.0031809745898856503
0.0031402206429927905
0.003140701001039827
0.003141061366028855
0.003141481896382918
0.0031420828493999215
0.0031426239037305494
0.003144010958514584
0.0031171151462116233
0.0030782723166993945
0.003067079135929774
0.003067666485196502
0.00306889251898733
0.003070816433397375
0.0030711106123517745
0.003039702006818364
0.0030241964924577615
0.0030246022770318804
0.0030249501790632475
0.0030268665220344925
0.0030271567464502823
0.0029860873297444398
0.00296091508067418
0.0029615967171121972
0.0029489769163233846
0.002917840967660572
0.0029181209746628233
0.002918569097664979
0.0029321542176518074
0.0029463868440571524
0.002948006962528388
0.002961153724769131
0.0029616088754944015
0.0029749322381629538
0.0029754468432897766
0.0029758472148230324
0.0029763621365720837
0.0029765338167568505
0.0029512949344497525
0.002955011292511773
0.002944264277469356
0.0029480966765710764
0.002949719922991422
0.0029340793284211293
0.002934474657955496
0.002935039599267695
0.002935491708958542
0.002921179641383003
0.0029248962191294322
0.002925403338626478
0.002927138755928181
0.0029274207756171673
0.002927759270985325
0.0029285493980150457
0.0029322143756862653
0.002932949479087749
0.0029337415412143903
0.0029343075618470647
0.0029351280870876413
0.002930427677083534
0.002933984543412932
0.0029098690349776356
0.002913593120405771
0.002914549891505211
0.0029281063431033476
0.0029288419913419904
0.002930866727236408
0.002931660124652757
0.0029322271001347325
0.0029331060057587186
0.0029467424001621534
0.002948488643285167
0.0029168014584237695
0.00291854367330083
0.0029199237298606073
0.002920489212029997
0.0029006182303226184
0.0029010678165946103
0.0029015737677689024
0.0029053101200166853
0.0028253758997637537
0.002826526654106171
0.0028036394511627804
0.0028077377602961145
0.0028084461794965617
0.0028091004222779324
0.002814067145963696
0.002827560122584784
0.0028280544032704843
0.002828988516211644
0.0028295932711269777
0.002830846213227738
0.0028321547540352213
0.002836387783680454
0.002836939545689496
0.0028102520485196168
0.0028108536398893497
0.0027824203205254754
0.0027442357280548745
0.0027450909465283925
0.002700063915071803
0.0027021522198653015
0.0027061909495685282
0.002706560244185009
0.0027070351996746583
0.002708038431101549
0.0027087252811572376
0.0027093596059113286
0.0026838111596279987
0.002687357745347435
0.0027040510783285336
0.0027062513778928765
0.002706727253442895
0.0027071503944525394
0.0026929055437655896
0.0026804508583233477
0.002681079862963821
0.002681814074924807
0.002682496203333612
0.0026830736600008008
0.0026870715008133024
0.0027008089419978507
0.002701284967309289
0.0027018670039511525
0.0026828046370775877
0.0026833829297037925
0.002684435009815809
0.002654503247687026
0.002654815603432979
0.0026273753709656162
0.0026279424378156855
0.0026416968765800033
0.002642319172226319
0.002646578053082118
0.002651524716731433
0.0026527230400137727
0.0026535572952350994
0.00265475745683403
0.0026687068005399133
0.0026694944634026124
0.002612444926798681
0.002613422214721681
0.0026138339231561217
0.0025687779100294593
0.0025693852220242653
0.0025832322168762648
0.002583894192409862
0.002584862305632946
0.002585372130351518
0.0025872993952853474
0.002588627184486094
0.0025925821463827375
0.00259299170084684
0.0025941109364963364
0.0025946746285729324
0.0025951872885406424
0.0025956488557520104
0.0025845579791179524
0.0025983013170865345
0.002599020740744925
0.0025995862817353547
0.0026005122435248675
0.002601335874624602
0.002601953940408776
0.0026026238431918415
0.002603397236702834
0.0026074221698825363
0.0026080423448218565
0.0026089214311678854
0.0026134178181309808
0.0026140919273719516
0.0026148182801948795
0.0026155969634230492
0.0026163241529831398
0.002604978032527937
0.0026069753976453477
0.0025744245751797247
0.002576414997898656
0.002576927228006791
0.0025579102586322
0.0025621421797535422
0.002562856024616456
0.002563468208311649
0.002563876493279824
0.0025649488603599487
0.002566379489456411
0.0025205450853119232
0.0025211479903713982
0.0025100387306524756
0.002510639469892744
0.0025119555862084674
0.0025130083966527416
0.0025137609445854588
0.0025145641593299043
0.002514815269214197
0.0025158202104794427
0.002516725344572078
0.002517530455149168
0.0025183864497437024
0.002489270590701018
0.0024901174847140246
0.002494151762478621
0.0024951507418363647
0.002495900501669846
0.002497401373907215
0.0024994891889466198
0.002499990450215059
0.0024744270200456986
0.002400447626119422
0.0024012668586265292
0.0023733496290430844
0.0023741124880182277
0.0023629134129536044
0.0023482611925439187
0.002260887465471761
0.0022348875588210208
0.002221101300652241
0.002174944364897268
0.002175732578607668
0.0021772804352163024
0.0021308837835815296
0.002131442044986712
0.0021320005989817294
0.002132731457608954
0.0021066094926865896
0.002107247112089921
0.002107970214185267
0.002108778974616379
0.002109503128592108
0.0021098867056116113
0.0021105689648535228
0.0021116785776873924
0.0020686615902556008
0.002035853298678869
0.0020366776475941725
0.0020372550891597434
0.0020414571955324388
0.0020119643617221485
0.002026421551302922
0.0019830483917705
0.0019870739465334044
0.001988001712936244
0.0019718455596364685
0.001972646764609707
0.001956710484669505
0.0019710627403247923
0.0019410738015814889
0.0019166114398880727
0.001856477873292464
0.0018571205540476713
0.0018574231460440945
0.0017868664611670779
0.0017875584803835917
0.0017885427986788288
0.0017892361171832336
0.0017898934412527352
0.0017907706250024301
0.0017916486689470257
0.0017921612589941352
0.0017926741424288432
0.0017493138704330257
0.0017500297168423365
0.00176435613647772
0.0017651871528427878
0.001765838059729156
0.0017665618528429523
0.0017671413146832387
0.001767938695701432
0.0017687730910803565
0.0017692813696426244
0.0017700443354474315
0.0017713471863961784
0.0017717475319694342
0.0017860323724178694
0.001755852024171787
0.001756285353891474
0.0017089658618307932
0.0017099847781361888
0.0017035444430392027
0.001704456836808263
0.001708629210483962
0.001709228025017498
0.0017099330502923212
0.0017120141637854717
0.0017125795231510278
0.0017132513725675268
0.001714065369583971
0.0017147383855381372
0.0016981839768220037
0.0016986756238570866
0.0016992378548821318
0.001714128002681097
0.001683915085315077
0.001684787381312526
0.0016855557496947243
0.0016862898463130742
0.0016574293617862084
0.0016583583176903087
0.0016867716516744597
0.001701358692694838
0.001611337114351041
0.001611672111672112
0.0016127722330014393
0.001613241988775121
0.001614148719565265
0.0015522798040499004
0.0015531207273925117
0.001567533929241379
0.0015683511533614765
0.0015690382804210733
0.0015696277258659865
0.0015703159722118658
0.0015710048223834994
0.0015718913754236155
0.0015728154566516234
0.0015736709092774616
0.0015746920890101
0.001575219668234159
0.0015758796396051302
0.001580498486018879
0.0015948383000769647
0.001595574158020416
0.0015963776869834746
0.0015975509518409863
0.001598390054595278
0.0015991291945049175
0.0015997344539935541
0.001565215388020967
0.0015694143819143824
0.0015703396662295008
0.0015711005377945912
0.0015733667368260467
0.001574096668042389
0.0015888587502511555
0.0015930807199090618
0.0015937198359073361
0.0015943257874312755
0.0015279530229029452
0.0015287929125138433
0.0015296337259784402
0.0015304106827916356
0.001531447853824914
0.0015318696062261367
0.0015326488366483285
0.0015335589413590818
0.0015482226579665967
0.0015489127139097433
0.0015495375804949671
0.0015503276066656357
0.001551283297095729
0.0015524713118739676
0.0015532973932820694
0.0015539919813587894
0.0015549853283169579
0.0015381468125370572
0.0015083275689918045
0.001509293393137922
0.0015098734815601133
0.0015108090069631825
0.0015116164253597723
0.001512101290777196
0.0014771562640716728
0.001477851842791912
0.0014781682315401013
0.0014828156817616074
0.0014835149132315512
0.0014840875023995367
0.0014849153564021624
0.0015003772797820985
0.0015155049108517506
0.00151586312465594
0.0015167430950794034
0.001517460863757838
0.0015188330375533001
0.001519781940093027
0.001520764811917697
0.0014910988979392333
0.0014915492060752864
0.0014922895887609395
0.0014931596720920387
0.0014940307706237577
0.001387044027488607
0.0013874340426802958
0.0013880645307547414
0.001388665528559883
0.00138935731974351
0.001390381231066178
0.0014090550022459384
0.0014244691887691638
0.0014253042554929357
0.0014258615107895075
0.0014267292189962867
0.0014310046697522244
0.0014313158930383818
0.001431845283421552
0.0014325309584446312
0.001433248503025062
0.0014350455523081192
0.0014358902488398897
0.0014366419254522912
0.0014372689240668124
0.001452418896259358
0.001453275499802368
0.0014538471303909885
0.0014562267738311302
0.0014567364229415552
0.0014063745642693018
0.001407021187421416
0.0013966550370011117
0.0013988812706761432
0.0013998015873015882
0.0013690593730964979
0.0013842940868425435
0.0013522587852106607
0.0013530612244897968
0.0013535967132994537
0.0013263592760304234
0.0013271767008038008
0.0012804456569737751
0.0012298622197451804
0.0012303232282505532
0.0012197824821903887
0.0012205902138358441
0.0012209405631939917
0.0012216418656272854
0.0012221278548327863
0.0012231821590784613
0.0012387234271295459
0.0012395739725854025
0.0012239275003535085
0.0012245787854408324
0.001225502626718568
0.0012276628787518391
0.001228590260783823
0.0012293003812022117
0.0012302302397743906
0.001230914857261577
0.0012004458783825356
0.0012013556314109104
0.0012022667643903434
0.0011665614417723706
0.0011671084994592739
0.00116776042797135
0.0011683869649084715
0.0011689880273386957
0.001169668234323697
0.0011704540728346526
0.001171004788364531
0.0012029114523958969
0.0012037209123477131
0.001204396294954457
0.0012051536238021456
0.0012062878503312697
0.0012073460451705095
0.001207998165283128
0.001208841530441423
0.0012095497775016452
0.00121020428102249
0.0012109960851049207
0.0012119257276177581
0.001212801990062599
0.0012014300893644378
0.0012023270846800267
0.0012047348429715364
0.001205717609152837
0.0012063736778634647
0.0012070852251428925
0.0012076605494671776
0.0012083187348879063
0.0011905303104102949
0.0011913156027792678
0.0011444353753884615
0.0011453739714361658
0.0011458699625351103
0.001146523237239527
0.001147255789795096
0.0011480154924462368
0.0011491700680272114
0.0011499849144809007
0.0011505638940016592
0.0011513016207421855
0.0011521722998485311
0.0011533087990317369
0.001153970585663572
0.001107043350085511
0.0011076028996352485
0.0011083668339507962
0.0011091318227930758
0.0011137092910696066
0.0011143249827514916
0.001114838579406598
0.0011152755089494306
0.001116150396294368
0.00111715563531835
0.0011177493178417398
0.0011188091879134694
0.0011196118884509929
0.001120623375018891
0.0011231042854162048
0.0011238077562951134
0.001115539521908476
0.0011163427580402013
0.0010784574173695518
0.0010793606480373654
0.0010801144967928045
0.0010812220483625756
0.0010434023380743549
0.0010441330460939223
0.0010446451509580645
0.0010454997762744016
0.0010461600147017062
0.0010509184947387201
0.00105182948938074
0.0010523719110015733
0.001053236008427676
0.001054250043330706
0.0010549684673192528
0.0010556630477623712
0.0010565822902553039
0.0010577024477038618
0.001058425586327136
0.0010590497757887837
0.0010636085812520306
0.0010642365679917052
0.0010666927796480832
0.0010673992154159619
0.0010200779575439208
0.0010209240338630362
0.00102596776143143
0.0010264791381282413
0.00102716176723397
0.0010278208771447362
0.0009729681984800774
0.0009737786965509742
0.0009752684001243048
0.0009760588064363812
0.0009928493036762355
0.0009794924107249478
0.0009801478244541937
0.0009812030075187974
0.000998346164813231
0.0009991598518782337
0.0010000228498309117
0.001000983486574265
0.0010018014800978802
0.0010030792573569273
0.0010042393056487748
0.0010087896017071827
0.0010097389018342599
0.0010106655810177042
0.0010116673286019355
0.0010125485505968947
0.0010134803963967709
0.0010145123287260069
0.0009585959999584128
0.0009757631895129166
0.0009764983080818604
0.0009776863200387461
0.0009682968902438319
0.0009695487132310238
0.0009705430250431961
0.0008981454001617755
0.0008989143602646538
0.0008998388522361292
0.0009008535753976037
0.0009015387023777396
0.000902269177166054
0.0008891853620288125
0.0008900384340102921
0.0008908931444142713
0.0008916396170573312
0.0008925634591709192
0.0008937099194978852
0.0008942179476768341
0.0008951249970547349
0.0008961226595901519
0.0008970113395550362
0.000897924067626753
0.0008574764779579567
0.0008580947171768115
0.0008589061744546515
0.0008596977536126164
0.0008601905521454918
0.0008609630242038943
0.0008617584008960004
0.0008627708657705657
0.0008636776366119242
0.0008647162828653032
0.0008654535033672446
0.0008664746746236967
0.0008677818045982378
0.0008687647431102928
0.0008693993731400215
0.0008703859815979652
0.000871528854964035
0.0008723879815556382
0.0008729616742364295
0.0008740449178050474
0.0008749311933250282
0.0008761082806012365
0.0008770210325325434
0.0008778017170906104
0.00087869563161704
0.0008796586225478059
0.0008805113963540413
0.0008661767817920445
0.0008674174053477342
0.0008681723764664579
0.0008689064004070024
0.000869730874346969
0.0008705122234730283
0.0008713845250330347
0.0008722361430555452
0.0008729096498065919
0.000873674215938114
0.0008746205311090806
0.0008758402384764659
0.000876768587013927
0.0008784419305012639
0.0008790563528659998
0.0008802649441835929
0.0008813852813852811
0.0008825084739885392
0.0008831975568916302
0.0008839107406442647
0.0008849480592863039
0.0008858259151939156
0.0008866128428221807
0.0008876565170381219
0.000888609561718211
0.0008895180175456989
0.0008908257201862156
0.0008918324616503278
0.0009101909822696901
0.0009115338005163602
0.0009128805867764235
0.0009142796744530177
0.0009156103628039906
0.0009164591831329131
0.0009176988568548923
0.0009231967568620161
0.0009242029524872844
0.000925334468930764
0.0009269380826690129
0.0009296574056775824
0.0009308747550329593
0.0009317462440372699
0.0009331690241463067
0.0008540358784496789
0.0008551600626818894
0.0008561950869643177
0.0008571402927739931
0.0008582958109771989
0.0008592920513235796
0.0008601743767113417
0.0008611516889393857
0.0008623881378737391
0.0008636515731119491
0.0008646602926263943
0.0008655772176450862
0.000866401756391414
0.0008679608826844075
0.0008873235591230513
0.0008881722780935724
0.0008894605763704534
0.0008087509595350365
0.0008142130493650967
0.0008154439588429857
0.0008166336342949423
0.0008175338036449147
0.0008187747817367224
0.00082011020806841
0.0008209271865257254
0.0008224292156427884
0.0008232965162531682
0.0008428735504427401
0.0008447514017303478
0.0008459293137747037
0.0008469213014667559
0.0008481052768923931
0.0008494828423135804
0.0008506978526890464
0.0008516532367502409
0.0008525628413764673
0.0008540511116742216
0.0008553274682306939
0.000875458909912454
0.0008767712192776536
0.0008780874688420575
0.0008201839028266544
0.0008213727440670739
0.0008224011838023959
0.000823526059328071
0.0008249600365380222
0.0008260447035957238
0.0008270612139770482
0.0008283175695041558
0.0008291969127478265
0.0008310806924713865
0.0008327330355856503
0.0008336217837775469
0.0008345124310588778
0.0008360333256190695
0.0008375112296055871
0.0008390187255044272
0.0008401162790697673
0.0007978103890053575
0.0007990900871999766
0.0008005843681519357
0.0008021312099300331
0.0008032834945763705
0.0008241570009298682
0.0008254901960784313
0.0008270957348578612
0.0008287809439440916
0.0007902489974085351
0.0007917234298801556
0.0007925919337464299
0.0007938393316704281
0.0007957770236748626
0.0008179532285796634
0.0008195905035054174
0.0008415945371230045
0.0008433373349339736
0.000844985716433619
0.0008464875286179057
0.0008476877130531841
0.0008487374652651926
0.000850124039450596
0.0008517732646256441
0.0008530920792980964
0.000855143031040779
0.0008561852528945765
0.0008581200757344408
0.0008594060617182004
0.0008610387620652673
0.0008631811758923634
0.0008649347451366657
0.0008663480807769384
0.0008675249297644407
0.0008684901869881006
0.0007774026698051847
0.0007792369066467976
0.0007802785376771947
0.0007821507587797201
0.0007835424861085096
0.0007854058451717879
0.0007868585222107275
0.0007884651630332348
0.0007898049087476399
0.000791623300848393
0.0007934751683368633
0.0007949075247023054
0.0007966483638556511
0.0007980922098569156
0.0008208036017669045
0.0008222704450685048
0.0007279509725552891
0.0007294203084283822
0.000730801741940316
0.0007326596726094698
0.0007345744738059131
0.0007359993103373958
0.0007371909033017086
0.0007603041216486595
0.000762133975130365
0.0007635743534599802
0.0007653200082737298
0.0006743706419615674
0.0006759195458870624
0.0006778768633387081
0.0006802272552445632
0.0006817105538485258
0.0006833813577098444
0.00068508311751555
0.0006865648465488747
0.0006880759440201865
0.0006893402824179251
0.0006907248705588288
0.0006921846869513682
0.0006937439759711295
0.0006953337377277527
0.0006968601889065262
0.0006985588696662942
0.0007003847024213623
0.0006739737218326638
0.0006751457701094553
0.0006772240653965864
0.0006792219820932386
0.0006813020439061316
0.000579350300020691
0.0005816167561017828
0.0005831915853785537
0.000584774966062167
0.0005858966310943711
0.0005874125874125873
0.0005894323205389094
0.0005912578306468641
0.0005926134960668806
0.0005945850291983718
0.0004897959183673468
0.000491243058521999
0.0004924526281982656
0.0004936328516239805
0.0004952804794889279
0.0004972793773197361
0.0004989875614694821
0.0005007438586305743
0.0005023113602446036
0.0004599715255722264
0.0004613694617356279
0.00046260601387818035
0.00046379799020870903
0.00046501328609388834
0.0004662522202486678
0.00046763657957244647
0.0004692737430167597
0.0004707640575378292
0.000471963141926059
0.0004731150495644337
0.0004748087575837509
0.0004758667573079537
0.0005026204457915008
0.0005038803853798725
0.000505377572917857
0.00044983051711394847
0.0004511758691206543
0.00033732220041812565
0.0003381418910231685
0.00033968795205621
0.0003409031990459896
0.0003419136765470619
0.00034321209985775625
0.0003445475030131531
0.0003456206058216703
0.00034737356526792676
0.00034883875160823954
0.0003497293918963844
0.00035132716173072047
0.00035295380733821834
0.0003542946438193771
0.00035532857760484223
0.00035670206561690473
0.0003580715870876391
0.00035983526932917406
0.00036116947499965674
0.0003626185748952129
0.0003639433189416584
0.00036575020512606563
0.0003668982450266455
0.00036901404498323304
0.00037044862314247485
0.00037208381081731113
0.0003735583205499688
0.0003749803955116415
0.0003768178236263343
0.0003782648717063629
0.0003811594202898551
0.00038551622805103365
0.0003877159870663799
0.0003900270811256329
0.000391548463356974
0.0003935020194820623
0.0003954574622076973
0.0003967541022876992
0.000398688090509719
0.0004003142088884861
0.0004026866034524678
0.0004045863295622834
0.00040719740622935206
0.00041757527954345094
0.00042022692253817053
0.0004223369310183012
0.0004241681591101894
0.00043443917851500785
0.0004369865408145429
0.00043876443933882185
0.00044070512820512816
0.0004430910028357824
0.00044522155843735326
0.00044892828574693503
0.0004519161243673174
0.0004551247041689423
0.0004910528506034124
0.0004942863845045408
0.0004973111481987222
0.0005012914627514954
0.000504817153515752
0.000508550544752448
0.0005121261045431662
0.0005167008214667297
0.0005208057482831065
0.0005247242974030595
0.0005279358602670103
0.0005304419750422556
0.0005341880341880342
0.0005383408153582248
0.0005415427543415208
0.000546630348175737
0.0005603182607721186
0.0004326317175479187
0.0004361264387431974
0.00044008189350018176
0.00044418694476631906
0.00044768856447688566
0.00045217733215374033
0.00045588789122118494
0.0005012531328320802
0.0003239194250430205
0.0003273389390126639
0.00033109841900504924
0.00033406409854890907
0.00033802340812101237
0.00034113683851434907
0.00034461962608770566
0.00034810608532950414
0.0003534115256333797
0.00020103196408228908
0.0002036106963485815
0.00020666850372003307
0.00021002520302436292
0.00021284143313231643
0.0002155636990730761
0.00021816595156715876
0.0
0.0
0.0
0.0
0.0
0.0
0.0
0.0
0.0
0.0
0.0
0.0
0.0
0.0
0.0
0.0
0.0
0.0
0.0
0.0
0.0
0.0
0.0
0.0
0.0
0.0
0.0
0.0
0.0
0.0
0.0
0.0
0.0
0.0
0.0
