0.004985631229333847
0.004986958664546267
0.004965697798126262
0.004990619768099918
0.004990972645550873
0.004990972645550873
0.004999000607560086
0.004999093221091916
0.004943513992902134
0.0049466017278015665
0.0049466017278015665
0.0049466017278015665
0.004947836821761339
0.004961606696832702
0.004962224266695294
0.004948020159855708
0.004951328569833872
0.004946388010933147
0.004950710999971281
0.004935889323269106
0.004935889323269106
0.004935889323269106
0.004936242220333443
0.004901484445502376
0.004901575259139666
0.004901575259139666
0.004863284508826238
0.004863374616372908
0.004875726700169443
0.004875726700169443
0.004876344304359269
0.004875064981394629
0.004875155308884974
0.004878333775106495
0.004878514561267743
0.0048415452747511915
0.0048398716546372185
0.004816399651178186
0.00481648890326571
0.0048178135730500065
0.0048178135730500065
0.0048302572274779325
0.004857747483140335
0.004857927536420905
0.004857927536420905
0.004873371361053187
0.004873461678918212
0.004831543240068986
0.004832778791835517
0.004796154142080891
0.004808599009485372
0.004809041167954755
0.0048103659452207945
0.004810544268734547
0.004771796953465265
0.004771885405251308
0.0047657066157997365
0.0047658833001365105
0.0047658833001365105
0.0047660599975746
0.0047660599975746
0.004769238032290211
0.004769326446476416
0.004738516907531639
0.0047386926066327545
0.004731276254299423
0.004717149858867486
0.004718910804628178
0.004718910804628178
0.00471914546842831
0.00471914546842831
0.004720381638772584
0.004720731776490106
0.004745545018309482
0.004748811857259527
0.004764442705297358
0.004764707799108625
0.004749340315280996
0.004718516119748104
0.00471886620997809
0.004725312071187967
0.004726636401134131
0.004726899454824947
0.004728136198478906
0.004728487074061806
0.004731170274293962
0.004731345837693569
0.004669932703941901
0.0046824768964094194
0.004683800898405431
0.0046838878157320785
0.004687154609376033
0.004687154609376033
0.004687154609376033
0.004672927042537398
0.004673187213298633
0.004673360676568182
0.004685820587988807
0.004699602058466534
0.004692438760392868
0.004669359612252732
0.004681735773291339
0.004681822687778646
0.0046440746958480526
0.00463673494043537
0.00463673494043537
0.0046032488161521215
0.004603419743663768
0.004603505212179831
0.004594307356725174
0.004596022163540289
0.004596278190325497
0.0045964488906965265
0.004597323979927625
0.004588294376464782
0.004588379589472052
0.004591816007536808
0.004598797011988632
0.004572344279865569
0.004572429210846323
0.004576763361476633
0.004576848376120665
0.0045773585303174125
0.004580880257786911
0.004581305839854376
0.004594483137207995
0.004594653888230469
0.004594995428353361
0.00459550783375379
0.004561773306477376
0.0045688325423212245
0.004581480764441495
0.004584749580730687
0.004600498508577109
0.004600755118266343
0.004574445517804083
0.004575770219122153
0.0045236919982870535
0.0045239443754279025
0.004524112642500318
0.004486011758759424
0.004458509983281646
0.004461692937667561
0.004461858920180448
0.00445404710135213
0.004454295676206637
0.0044544614081909436
0.004440363851980821
0.004440446463401323
0.004453369645261878
0.004427278583580545
0.00443195027064286
0.0044321152264545525
0.0044321152264545525
0.00438926404035516
0.004334910098219984
0.004319833953402259
0.0043201556089460715
0.004324200597821561
0.0043244421148061546
0.004340441518720395
0.004340926475222366
0.0043512417501471974
0.004351484854386814
0.004353050685536412
0.004325516370961705
0.004325758091942125
0.0043262416149599655
0.00432656402369529
0.0043266446333877565
0.004295912551773917
0.004300340315914282
0.004313383470121631
0.004313704980517436
0.0043275315382919205
0.0043177288771307
0.004280853991653656
0.004282655327185547
0.004246772766232565
0.00424701029477254
0.00425995349056454
0.00425995349056454
0.004267650012425959
0.0042803996444599045
0.004240856667594637
0.004241173025489312
0.0042478648164337544
0.004249130118101608
0.004262281647751966
0.004249618129601404
0.004250093939648012
0.004251893408195523
0.004252991769255392
0.004253626935199986
0.00426607240847022
0.004269582304081083
0.004269901179491224
0.0042704593260852455
0.004270778332515192
0.004274518043103307
0.004274997114892951
0.004288090817950956
0.004288331163822973
0.004301188435492581
0.004276594796707356
0.004289889267814917
0.004269419448356043
0.004282102078226173
0.0042822621508245146
0.004295445315463329
0.004308471804336584
0.004313076234692891
0.004313560152216464
0.004313802151701385
0.004314124859922945
0.004330195825104991
0.0043367550117236545
0.004327726034996008
0.004328835477269971
0.0043292404576682555
0.004332845355016872
0.004305017645908126
0.0043182209293692935
0.004295377662849654
0.004258658733690535
0.004262534554311818
0.004255523379256126
0.004229000696862563
0.004232438832105916
0.004232755916225792
0.004233152338193333
0.00420778954766336
0.004208540527763885
0.004209559301623296
0.004209874801664639
0.004210427040549477
0.004224327720585729
0.004225040326476516
0.004218202168265402
0.004193760695594522
0.004195482343028625
0.004181500582112278
0.004182049479537076
0.0041824416373622796
0.004184398207016447
0.0041848691931951525
0.004185811483702871
0.0041863613491557195
0.004186911359092733
0.004187382911222375
0.004187854569581377
0.004188404971976884
0.004188640903009141
0.004182227344433903
0.004182698616718518
0.0041738569572267355
0.004165560909194062
0.004166265291581383
0.004168222691831141
0.004168379353650315
0.004168692712619936
0.004169084477591801
0.004182165107289149
0.004182715495628141
0.0041842074981815035
0.004185636978479751
0.004186030572568602
0.004186502983196361
0.004199595257083173
0.00415695441800313
0.0041010241376193725
0.00410117846520654
0.00410265479568777
0.004103118110740925
0.004116130786279874
0.00411651823058288
0.004117060775160642
0.004063622356156018
0.004063775402965281
0.004035908418841864
0.0039330554469084985
0.003933499968781677
0.0039337222674009666
0.003934315186576097
0.003948355023760599
0.003948652625375385
0.003950355480140832
0.00393845979899812
0.003951546983669443
0.0038809065679281753
0.0038972051798729047
0.003910356089741733
0.003910503569652339
0.003910946076138541
0.003911610023674763
0.003909203590831394
0.003922447283613433
0.0039022060427850434
0.003905090824008214
0.003909789925475388
0.003913305152120422
0.003858249664125688
0.0038586868182751495
0.0038598265051577756
0.0038771904462364037
0.0038383264541804606
0.003811752274228186
0.0038130099493735876
0.0038088159050413592
0.0038093919183353787
0.0038101841587179935
0.003813209621457553
0.0038147587214377447
0.0038196766721589437
0.003820037905057767
0.0038209051428431673
0.0037695508430376857
0.003664151210276673
0.0036663840808187887
0.0036671476216156274
0.0036689654631599654
0.0036680761385340425
0.0036685624457173174
0.003640497567364258
0.0036542411686860147
0.003667356863169673
0.0036234228040162575
0.0036241095005261344
0.003619893269363544
0.003593340699057803
0.0035528083375313507
0.003578697345407626
0.0035791045476998725
0.0035799871373110126
0.003580258790923891
0.0035806663486522344
0.0035813458177684537
0.003538736340205255
0.0035233223608693385
0.0035249222408729646
0.0035261707366321007
0.0035266394375256392
0.003529506362409246
0.0035026192752248254
0.0035044844496064016
0.0035175490336210734
0.003517950031002927
0.00352165195915196
0.0035235214171829214
0.003524419316519228
0.0034974038924109278
0.0034980690004081153
0.0034985347265431717
0.0034988009114461857
0.00350286644351136
0.0035030663712030488
0.0035035329579140833
0.0035206935249755696
0.0035244690866550175
0.003525408551397662
0.0035262813600812812
0.0034697430083144376
0.003473513070872619
0.0034738439698810096
0.0034512641460870347
0.003451461443858258
0.00345536166194866
0.003456152136449535
0.0034569429727029414
0.0034269564282914146
0.0034274793582974483
0.0034029916743139412
0.0034035111951985354
0.003404420738543057
0.003404940695891441
0.0034179944690684552
0.0034188430601860193
0.003432033750054952
0.0033929484864555263
0.0033938561252977997
0.0033974302391432476
0.003398339424335793
0.0034023707248440533
0.003403346790804477
0.00340399781262876
0.0034054171431001055
0.003407279425344337
0.0034080620482886776
0.0034087797685523266
0.0034094977911760115
0.0034100201794689867
0.003426439500146092
0.0034268989843702496
0.0034180407170884097
0.0034184337233222895
0.0033930776859101893
0.003393663024492413
0.0033941834950212543
0.003408568713986867
0.0034091569729837005
0.0034231051760443224
0.0033500363227604575
0.0033509361790252054
0.0033519008473427447
0.0033558079686232646
0.0033576677927258714
0.0033610612812640397
0.0033760491469641057
0.003319005877641273
0.0033193246817560034
0.0033053583704980654
0.0033060571643339608
0.0033073920460961414
0.003304632302959322
0.003306613715907453
0.003310201342363847
0.0032991674743954556
0.003299548352653871
0.0032261631384134554
0.0032268461871002526
0.0031728614391379564
0.0031768649410611163
0.003177537979741284
0.003178027641563489
0.0031816057958463746
0.003182464131706818
0.0031835070195037033
0.0031846406713861254
0.0031854390424276256
0.003186299274413158
0.0031874956170289256
0.0031912036079908726
0.003191757893008472
0.0032053662584123547
0.0032060470266405427
0.003165130499133357
0.0031657419058902596
0.0031662923739664015
0.0031671490382476947
0.0031680061662084044
0.003169047588353772
0.003195386525818785
0.003173620553485909
0.003180622777008435
0.0031811767423487046
0.00318228525213193
0.0031830246879429743
0.003210129681743372
0.003212019656494243
0.0031869861821018923
0.0031874186341397065
0.0031896384035141495
0.003193551296768844
0.0031941088301656265
0.0031950215008362884
0.003195393483547165
0.0031995588090308583
0.0031999935907687346
0.0031877944734005773
0.0031742332460918585
0.0031749731893482612
0.0031770705626724275
0.00317787328982229
0.003178243916104974
0.0031787382189808404
0.003156855028512782
0.003157530436092695
0.003158513363190588
0.003129877402581677
0.0031315620021529844
0.0031335306914053425
0.0031372032657229518
0.003140938012203543
0.0031588352780405754
0.0031596969016600383
0.0031602510508136317
0.0031623512755588226
0.0031666491802588665
0.003167266737678423
0.003168255330718021
0.0031691208560098443
0.0031729303090402266
0.0031768031123852155
0.003177361327657116
0.0031776094863081093
0.0031783541948961942
0.0031789750520827033
0.003179658275199676
0.003180590416504189
0.0031818341220652205
0.0031832033220786276
0.003143357202646899
0.003143972401238277
0.0031449572200174195
0.0031461891114449906
0.003148358046976912
0.0031488515490318094
0.003126284391352897
0.0031272038507048888
0.003142260087603383
0.0031427531555025027
0.003143616396770274
0.0031583416899296237
0.003159457821281714
0.0031607327925442796
0.0031612914891255683
0.0031751956491166355
0.00317622487494975
0.0030719812947450093
0.0030881495874812946
0.0030927020957499753
0.003093432037436127
0.003107277679881011
0.0031080725677128515
0.003108623112953053
0.003079585672448016
0.0030836470935305376
0.003084618780026057
0.0030690530286684864
0.0030703232068991487
0.0030712311209492114
0.0030426801917069896
0.0030447153975173362
0.003045496340224457
0.0030462776836442224
0.0030503494645387316
0.003051192701496783
0.0030523981347701304
0.00305336316737676
0.0030539062664203457
0.0030544495586994082
0.0030555367233766327
0.003026474490221966
0.003028511767384169
0.0030294107023106707
0.00302989035250994
0.0030337292946659884
0.003038110953952536
0.0030395554951779674
0.0030415993548127324
0.003045384820594903
0.0030464112394761283
0.0030471966149989375
0.003029709043516099
0.003030670989514477
0.003044564920830252
0.00305870781479811
0.0030594367293801292
0.003060287568938567
0.0030612605366703706
0.0030624776166968772
0.003063512895878468
0.003064731767882876
0.003065646558572352
0.003066806077715022
0.0030691107406627715
0.003070027750823717
0.0030712512837933774
0.003025357659324133
0.003030793524214575
0.0030318770776633797
0.003034477298816449
0.0030355673778748376
0.0030255273024301084
0.0029843830618529093
0.0029988316775493417
0.0029998503024398137
0.003001595867876097
0.003002436045862147
0.0030031565728709927
0.0030075121118792445
0.002961662789970073
0.002962433438814541
0.0029632638169858343
0.0029638572293170153
0.0029653075488245135
0.002979916405573256
0.0029343883943290447
0.002927014049043526
0.002928607412417545
0.002919895900028348
0.002920833755538856
0.0029027383765050144
0.0029201159362631057
0.0029239917113287515
0.002938445615025538
0.0028926629819163866
0.00289622049465994
0.002896803047659912
0.0028307804536224167
0.002831806098714309
0.002832376222752705
0.0028331177272917585
0.0028508755100213573
0.002853253133370821
0.002854115890582516
0.0028583399268187113
0.0028597782728388534
0.002861221322588994
0.0028623768113712365
0.0028631862089749365
0.0028066956759604774
0.0028072061080062992
0.002808341066406884
0.0028094201272627502
0.0028105568769956047
0.002825015837037206
0.0028257592773068773
0.00282638864784325
0.002827575852852312
0.002828377839520463
0.002829352292295362
0.002830442181468049
0.002820715887341988
0.002821917799395275
0.0028361354012839623
0.0028402097068357707
0.0028442859979166003
0.0028146852075924015
0.002736571685373536
0.002720740329776336
0.0027217364717110424
0.0027229549695514943
0.002737524109386574
0.0027384160471093056
0.0026919422973448364
0.00266462435781613
0.0026654390947676416
0.002666634943941409
0.0026681040443818677
0.0026690298642862292
0.002670337998511496
0.0026711562337570923
0.002671756591702647
0.002672466453659608
0.0026731766929248293
0.002674762434003129
0.002675747633696432
0.002677226794789545
0.0026781041066462736
0.0026785978472890788
0.0026593116325670857
0.0026606202684199822
0.0026618209832224445
0.0026624217471195154
0.0026633507339978847
0.002663952188690432
0.002630708215814596
0.002589585561292395
0.00259080992645931
0.0025925153182733284
0.0025932087751803375
0.0025943297588007326
0.0025954517119903537
0.0025963606708116595
0.00259859057719998
0.002599233341905558
0.0025998228222832865
0.0026143222796071873
0.002615616899120456
0.0026169818695671665
0.002618224860294906
0.002618873846048924
0.0026196855308163835
0.0025772529534492344
0.0025783721542437755
0.0025790121340942477
0.0025801862559995136
0.002581735596540439
0.002558106575963716
0.002538126748620343
0.002539389655324471
0.0025403903481265276
0.00255543632348911
0.0025564442177482653
0.0025579309855974074
0.002538584049660983
0.002515622715826452
0.0025181604218189814
0.002519522920954671
0.0024995968631991595
0.002515858305474481
0.002517168866768798
0.002518743343771489
0.0025202146337457367
0.0025211087558479903
0.002490948288004346
0.002505966389285099
0.0024777418941891783
0.0024789331411543395
0.002480281148216645
0.0024812671577955905
0.0024824098329498966
0.0024836055737226426
0.002484281936896314
0.0024855836712641207
0.0024727508623165885
0.002474670861097452
0.0024801691450861024
0.002495214622632858
0.002510325499229797
0.002511750650904122
0.0025130716793526557
0.0025141824175772764
0.0025157708907682565
0.002516618897472963
0.0025185945774862987
0.0025339283664005804
0.0025351045257368423
0.0025363888545447645
0.0025377816800715805
0.0025386395640563083
0.002539927478097303
0.0025414316970821956
0.0025442947573227756
0.0025453182282094253
0.002546288592036763
0.0025124258117815786
0.002503932503932502
0.0025087949637260325
0.0025104455217573045
0.0024618137065591512
0.0024665041604293924
0.002467290255455557
0.0024684441016307587
0.0024692839405663935
0.0024701243511734655
0.0024359670796907404
0.0024585057963108286
0.00241476576286878
0.0023669256784423272
0.0023677333306252038
0.0023571101757109553
0.002358267447069051
0.0022883823898347594
0.002289849615132794
0.002290681878264457
0.0022491243153089637
0.002250279588478372
0.002253153085165763
0.002254166866469482
0.0022570943961536124
0.0022580626490797647
0.0022590802091241985
0.0022599046201570664
0.0022609723986383055
0.0022617010081293484
0.0022160100186707243
0.002217439733300289
0.002218775799073188
0.002220065673902552
0.002221309193819857
0.0022233205469177958
0.0022245673135352843
0.002225335249780221
0.0022268246360391953
0.0022292746864533363
0.0022303827237483277
0.0022316366147450725
0.0022326021060554238
0.0022479473008590704
0.00224901805324868
0.002250187310733635
0.002251260198638885
0.002252089949384199
0.002253409046692774
0.002254387152492497
0.0022233287761238064
0.0022262754208858737
0.0022277762589610183
0.0022293761505095314
0.0022308325927585084
0.002181065604015994
0.0021347441911958036
0.0021360943816288295
0.002120390949516612
0.0021252333579037065
0.002159187320456495
0.002161096344142892
0.0021618053342387354
0.00209724640565578
0.002118331110645371
0.0020503833828256456
0.002052092035644667
0.0020529924709389385
0.0020687988649089758
0.0020714901082594973
0.002050425872035734
0.002051372513712574
0.002028125594605304
0.0020290181573050974
0.002030269065740365
0.0020313425012387404
0.0020179451435513506
0.0020186571291360917
0.0020382021275627024
0.00203901193769638
0.001993934772510145
0.0019950804841078655
0.001959589768648108
0.0019754253274931253
0.001978082263031118
0.001967842458646801
0.0019695411787723567
0.0019371895112130653
0.001901953488109862
0.001902967367629089
0.0019044478810633482
0.0019056339514979615
0.0019066517597729352
0.0019079255500589433
0.0019092861369954504
0.0019113733005844378
0.0019124826292557
0.0019138924790661643
0.0019150475395725522
0.001916332576393416
0.0019172331287711604
0.00188484732809505
0.0018861566018059705
0.0019022031185162885
0.0019032699260170829
0.0019047654683683603
0.001920853853866703
0.0019222356388528493
0.0019274605959718662
0.0019299153763053655
0.0018000465496917964
0.0018011013199311866
0.0018023198995662409
0.001803377336492535
0.0018047620123002345
0.0018061079973482799
0.0018075786362676805
0.0018090107220197543
0.0018099530431369
0.0018113478392263527
0.0017637184402150491
0.0017648394052888438
0.0017693856541617465
0.0017709540802024382
0.0017718803535422447
0.0017767209732714425
0.0017321980131897495
0.001733145022286006
0.001733855958919199
0.0017348047822088463
0.0017512435540546715
0.0017522030957490531
0.0017551275313973244
0.001742692732746466
0.0017445276080172744
0.0017458063235372722
0.0017122319743948181
0.001728856577146833
0.0017455872564096685
0.0017466296134677666
0.0017479945755855385
0.001752832589730617
0.0017364387470944285
0.0017376784891754956
0.0017388799262502885
0.0017404041336039865
0.0017419712326553233
0.0017432591668399534
0.0017462923565504276
0.0017493307411607692
0.0017508706093106942
0.0017522913092533352
0.0017533075073263903
0.0017546506948958435
0.0017557104142470002
0.001757179832922615
0.0017586107944189803
0.0017751961446231931
0.0017762299664554606
0.0018085536233235428
0.0018104950371822398
0.0018120596364202578
0.001813881355403847
0.001764421464723269
0.0017659501397149506
0.0017671915518480336
0.0017844438711291447
0.001785742227229342
0.0017330920712506465
0.0017346002775360447
0.0017354166176435986
0.0017220389569588442
0.0017232570934528023
0.0016889633422205446
0.001658834919360552
0.0016600108698220661
0.0016613849210103115
0.0016625644909357697
0.001628490892294574
0.0016317320307930642
0.0016335912896231946
0.0016350662104796306
0.0016012458096574028
0.0016028463314215003
0.001603685977569827
0.0016051766051766057
0.0016066316793893135
0.001608127790644923
0.0016094343680550583
0.0016268427053186321
0.0016283226800092574
0.0016299225177729857
0.001647042836702558
0.0016490596238495406
0.0016506448770327654
0.0016561628018858853
0.0016579574734510083
0.0016600361663652809
0.0016619194747513764
0.0016628828132547585
0.0016639276910435502
0.0016655377618655964
0.001594855772723971
0.0015964797439813813
0.00159787435393463
0.001599621046494681
0.0016014105058365768
0.0016025407023435797
0.0016040631394329153
0.0015486581817590749
0.0014973640534999518
0.0014990470605483073
0.0015005136232451213
0.0015014316830229322
0.001519346040145688
0.0015209109933948081
0.0015222175858880904
0.001523900792870717
0.0015249125050202045
0.001489531029503463
0.0015068673086553546
0.0015087252073418332
0.0015104385250285966
0.001511968895698447
0.0015130158102115178
0.0014565750068064257
0.0014579462405549368
0.0014598992830740995
0.0013866818949250178
0.001387439757539624
0.0013885781059645465
0.001390098812753566
0.0013919003115264803
0.0014094634811378794
0.0013637611359269338
0.0013817076724532706
0.0013827438236887063
0.0013841624128382217
0.0013860352459701
0.0013873910026502142
0.001405380528011381
0.0014068285001088948
0.00140859836285561
0.0014095559416202976
0.0014110480991388371
0.0013581150423122872
0.0013609995537706386
0.0013620660599932598
0.0013807330160980058
0.00138185226466714
0.0013833240350966177
0.001388747884940779
0.0012377516366438854
0.0012387587831939044
0.0012398622281041098
0.0012581740976645441
0.0012599074735517234
0.0011845476755965305
0.0011852135769345432
0.001186608338236674
0.0011873981346372103
0.0011883411901345907
0.001189743326664273
0.0011906901125229969
0.001191883372734437
0.0011715534979423869
0.0011730016481252576
0.0011739690721649485
0.001175605223765034
0.0011766681305055411
0.0011174315880198233
0.0010642060944887324
0.0009733418213132189
0.000974250495800208
0.0009752368096733802
0.0009768851115254985
0.00097810590000124
0.0009794318686857403
0.0009807358346789784
0.0009818892796782087
0.0009831483426856731
0.0009839207924743373
0.0009852625847485675
0.0009429136714040591
0.0009442031599090298
0.0009454463831142611
0.0009461689538115944
0.0009472423870080986
0.0009486941378390485
0.0009502257881158445
0.0009512832450751425
0.0009524188495432128
0.0009533546018848336
0.0009545459149308984
0.0009556893271323489
0.0009567589860727769
0.0009580866477832293
0.000976893936502848
0.000977468395676457
0.0009159812255381604
0.0008720893166349171
0.000872907389752288
0.0008739614559933348
0.0008749475504794653
0.0008761479466023086
0.0008772098583022952
0.0008781085904299708
0.0008791752630327336
0.0008804110945056529
0.0008864980714846665
0.0008876278277037495
0.0008886398361939921
0.0008896299775991054
0.0008908889450459731
0.0008284253236431767
0.0008297366598177164
0.0008305073060447713
0.0008316432134032045
0.000832531380480337
0.0008333986006683373
0.0008343592116027484
0.000835322039575254
0.0008362640889115925
0.0008374850132879992
0.0008386401013014715
0.0008394737395731429
0.0007760740881178836
0.0007771914835266257
0.0007781610606594665
0.0007792628433938816
0.0007799340803869965
0.000781454038783029
0.0007824124771859962
0.000783657591687074
0.0007849286246937253
0.0007859396208503
0.0007871297705846218
0.0007881021905617592
0.0007892989038593897
0.0007905215202367875
0.0007922395602327862
0.0007933367519020835
0.0007948644300695952
0.0007955853751040961
0.0008159151107559636
0.0008172842515845928
0.0008184481425723237
0.000819358281363927
0.0008208796859313913
0.0008222655531437401
0.000823302131212626
0.0008247672077642515
0.0008257626450677974
0.0008271174453317105
0.0008286917258540282
0.0008299123259412068
0.0008315213347333261
0.0008328951127710584
0.0008342007804950876
0.0008351463114890224
0.0008360696620807182
0.0008372633165034318
0.0008384848497480168
0.0008397344911079569
0.0008412833177888656
0.0008426895684960201
0.0008444726191875598
0.0008461386380175579
0.0008476611883691529
0.0006914575551006337
0.0006034779032294413
0.00060481964107494
0.000605699470145498
0.0006070260396754597
0.0005188536696447193
0.0005200622880180892
0.0005211205588259184
0.0005221205203215817
0.0005231871928582159
0.0005240846790142565
0.0005248112143416827
0.0005256984155734382
0.0005265567765567765
0.0005275937138875304
0.0005281217236090773
0.0005292774212596715
0.0005303735674692609
0.0005516017078297807
0.0005528666946230547
0.0005538150079929055
0.0005552776973451379
0.0005562514191955816
0.0005573316189184508
0.0005586057952592801
0.0005594354078264969
0.0005600765846096205
0.0004938337278683583
0.0004947241269051765
0.0004955405796134428
0.0004965300837504514
0.0004974146938265211
0.000498474150043404
0.0004994440658512967
0.0005001661233982563
0.00045764188472882623
0.000458493700969567
0.0004593341761483355
0.00046054229912011077
0.0004612877970333694
0.00046206509183013817
0.00046311048796550045
0.0004640420617942251
0.00046490302080334393
0.00046587169295208793
0.000466889402895571
0.0004677158090088931
0.00046859046697834386
0.00046954424054449905
0.0004918457157649495
0.0004931382409239854
0.0004964608197023403
0.0004977557519046222
0.000499024831388444
0.00050012011618511
0.0005011215055528202
0.00044751563014149394
0.00044826790599558327
0.00044933425843327724
0.0004502565800364179
0.0004513024722083956
0.0004523983766881778
0.00045316717203691985
0.00045402951191827475
0.0004551234857104612
0.0004560085836909872
0.0004795679406590698
0.0004863474520110973
0.00048759613977005287
0.0004885699456141539
0.0004898300866535443
0.0004913809734563489
0.0004923531752800047
0.0004934810357403355
0.0005006000342876735
0.0005019942236281117
0.0005028067637841375
0.0005039522280901591
0.0005053301952097466
0.0005067333055671248
0.0005083919493000905
0.0005093319379033664
0.0005109182530795073
0.0005120830556627267
0.0005134156204944263
0.000514791438947851
0.0005162476574378558
0.0005199286279792502
0.0005218154433652353
0.000523043638481747
0.0005241464751149549
0.000525950895311865
0.0005276728428374409
0.0005295399020351181
0.000530670333116241
0.0005324813631522897
0.0005348893751519572
0.0005365330211686665
0.0005377724000537773
0.0005391958628971974
0.0005406866720735334
0.0005422458838607908
0.0005442378814303562
0.0005456755214921746
0.0005472636815920398
0.0005489227391244683
0.0004632759872786919
0.0004649350975735415
0.00046632385561605174
0.0005180496064086527
0.0005196846401500748
0.0005216882340217074
0.0005234465765317196
0.0005249343832020997
0.0005264509501797638
0.0005281803542673109
0.0005297568286947309
0.0005314667185170783
0.00044212114119268685
0.0004438178780284044
0.0004448456778008923
0.0004459308807134894
0.00044779854333767966
0.0004495213919297689
0.00045132943066119766
0.0004527718961820676
0.0004548434134660406
0.0004572473708276178
0.00045945325063174823
0.00046145494028230187
0.0004635689354275742
0.0004652626681445599
0.000467488897138693
0.0004692308753916008
0.0004714168850436061
0.00047413853212288556
0.00034975796748649935
0.0003510989396812022
0.00035980358956992897
0.0003611488783140721
0.0003626434574853877
0.00036411925976696373
0.000365874655647383
0.0003674563375410687
0.0003686835827369335
0.0003705156706333639
0.00037176347095871246
0.00037377424035882334
0.0003755910034907871
0.0003775764036958068
0.00037953205929630297
0.0003813882532418002
0.0003834182867968786
0.0003861354654068051
0.0003878091066703167
0.0003895151681789021
0.00039204833725381676
0.00039450478046969284
0.00039621498158765684
0.0003981264637002343
0.0004001694835459725
0.0004024621212121213
0.0004048582995951418
0.000407049133224787
0.0004095793379270468
0.00041178180408875116
0.0004146543733840676
0.00041697326465538393
0.00041931823787676984
0.00042250720747589234
0.000424024743090891
0.0004265355279004417
0.0004291195476575122
0.0004315377976341576
0.0003581845161950571
0.0003606760098928277
0.00036291995022812114
0.00036488740617180983
0.00036807235250815016
0.0003712149334464655
0.0003747323340471092
0.0003779289493575208
0.00038012489818083084
0.0003834565872363736
0.00038667624150693253
0.0003894080996884735
0.00039299348753649225
0.00039590520898139246
0.00030353043841177703
0.0003060736489717839
0.00030835646006783845
0.00031099966956285114
0.00031420604061113076
0.0003173469792534413
0.00031978254786745015
0.00032299741602067185
0.00032581912965564996
0.0001855402313068217
0.00018762899493401713
0.00018994554894263645
0.00019198771278638167
0.00019378593114139912
0.00019560539870900438
0.00019808517662594916
0.00020066889632107025
0.00020347259902333151
0.00020569077819677752
0.00020738282870178348
0.0
0.0
0.0
0.0
0.0
0.0
0.0
0.0
0.0
0.0
0.0
0.0
0.0
0.0
0.0
0.0
0.0
0.0
0.0
0.0
0.0
0.0
0.0
0.0
0.0
0.0
0.0
0.0
0.0
0.0
0.0
0.0
0.0
0.0
0.0
0.0
0.0
0.0
