0.004862959310743767
0.00486605191570678
0.004843520079547688
0.004834153904516851
0.004834153904516851
0.004790857435034678
0.004795187081982895
0.0047970426449607025
0.004798986568080312
0.004828146644034269
0.004791034695842548
0.004791034695842548
0.004804731566654
0.004804731566654
0.004778841398559708
0.004782022914074576
0.0047857343154997555
0.00478929945581766
0.004783113557192166
0.00478929945581766
0.004789388335829831
0.004763495480591464
0.004763583885013648
0.004763583885013648
0.0047698586505609255
0.004794647343179321
0.004797740522101162
0.004806136293460446
0.004818509009147811
0.004818598437870536
0.00481064440159483
0.004798271456277062
0.004798271456277062
0.004799508750808839
0.0047995978285510586
0.004806492282132142
0.004806581492798502
0.004831508111261619
0.004831687474520751
0.004832041033177016
0.004832041033177016
0.00483578739509244
0.004835877157819504
0.004811306209089803
0.004811484838958897
0.004812103624036275
0.004812282290144431
0.00481263966216531
0.004800262582042283
0.0047799291421882495
0.0047839976132894564
0.004777278288613864
0.004793370285321193
0.004769658446129034
0.004759313302782683
0.00475949005808621
0.004772046894609569
0.004744589029056419
0.004746179643104092
0.0047505131497776925
0.004743260466487687
0.004743260466487687
0.004756261154968413
0.004754757155567022
0.004754757155567022
0.00475634887973274
0.004760329342315742
0.004760506227324003
0.004773334846909341
0.004773423534339145
0.004785987887994577
0.004785987887994577
0.0047874044891771305
0.004788821195651878
0.004792007212336118
0.004783513304688486
0.004783779993778136
0.0047839578030256
0.004788119161585819
0.004789625286456201
0.004789935591050833
0.004790644215168835
0.004790822315963124
0.004792239702547353
0.004792417875904576
0.004795752862379871
0.004797259749015685
0.0048010258825743
0.004802533287500099
0.00480882067810294
0.00480882067810294
0.004812009199409487
0.004755693952949336
0.004768090595938415
0.004780576133570909
0.004780665031520432
0.004781153134415924
0.004743250608122008
0.004746703277400546
0.004746791561879164
0.004703393627620835
0.00470362495509434
0.004705127485581719
0.004705127485581719
0.004694054292268579
0.004666412909060379
0.004666499716354616
0.004641248876096515
0.004653737628641356
0.004653997372136908
0.004654790728691153
0.004655050555134285
0.0046706427772221165
0.004673558472475461
0.004658138103744565
0.004670804728495247
0.004646078065142345
0.004615767320250598
0.004616196869770425
0.004616368711964885
0.004616798373429858
0.004616798373429858
0.004616970260411128
0.004617676733168747
0.0046194337470030055
0.0046194337470030055
0.0046331730698061626
0.004633259332570449
0.004634138791697398
0.0046349320439256205
0.004594224152154955
0.004594309704084197
0.004606981490664309
0.00461034283922821
0.0046105145689821535
0.0046106004386567605
0.004609057464337777
0.004612419429786763
0.004612763108003687
0.004612934966318845
0.004603792207883193
0.004603792207883193
0.00460511994846359
0.004587101559621354
0.004562006950500448
0.004563589113617062
0.004564014305931756
0.004520618932515176
0.004520787417436816
0.004521661375124913
0.004522437755747481
0.00452348056217653
0.004500121947834732
0.004500121947834732
0.0045007092230194825
0.004500793131987434
0.0044896907361251
0.004489858152578391
0.004493216898124416
0.004437280143947805
0.0044374456214844055
0.004440967372435903
0.004430191632727999
0.004403624566629527
0.004352704945833606
0.004353489075193171
0.0043537326997193804
0.004358166498145606
0.004302606004003314
0.004303930008194774
0.004304331516675491
0.004304714265531506
0.004306279556788037
0.004292337545738556
0.004292577860247313
0.0042928983214537515
0.0042935393874317185
0.004265778567146895
0.004242529038100689
0.0042556108010959
0.004257253062130655
0.004259438600298031
0.004260032988742086
0.004272723203075641
0.004288367694232467
0.004288768214237532
0.004261147138972656
0.0042617044326589745
0.004209239550346113
0.00419599865809198
0.0041963094112225105
0.00419662311880007
0.004182450843448151
0.0041827635500532685
0.004144444131545969
0.004144831527942704
0.004114210657166625
0.004090604486049851
0.004090986935654934
0.004091522485261263
0.004092184819909812
0.004092414438435198
0.0040707455863732145
0.004071202485816099
0.004029026913188994
0.004016780564459745
0.00402970539091785
0.004008649800427954
0.0040090538153750395
0.004009579032037481
0.004009879217635448
0.0040102545128470266
0.0040107049598410004
0.0040236352576045135
0.004024011946046096
0.004030404137133715
0.004031405716767411
0.004028263942484905
0.004024003102447694
0.004025230628827479
0.004027083070401662
0.004040233696582067
0.00404061225791638
0.004023876044193549
0.004036825411973027
0.004037279489558221
0.004016986615085563
0.004017287879667176
0.004017589189440454
0.004011089944780824
0.0040117670235643825
0.004012398010709768
0.004014173064561385
0.004014549621573877
0.004015152259762243
0.0040158864472030625
0.004019240380317603
0.0040193912442096635
0.00402007027190043
0.004010835404438045
0.004011513126658722
0.004012040402306285
0.004019928708666946
0.004020457209548936
0.004021136914909807
0.004021514628315303
0.004038175487682296
0.004039086131807834
0.004039237945761031
0.004040471846798556
0.004053231021276132
0.00405478902546351
0.0040513339787666735
0.004051482345298037
0.0040520156756804855
0.004055531252687596
0.0040563870292278335
0.00405715011042525
0.004057608096966915
0.004001994421820919
0.004002596984359729
0.004003425804186316
0.004003651905532587
0.004005133147011299
0.004005736466006104
0.004006038193670009
0.004006264519249208
0.004009757112153132
0.004010361446307187
0.004001544798952093
0.004001997240605765
0.0040055153924097205
0.003974988373902686
0.003978729778978618
0.003993005904770609
0.003994865361587339
0.003995317388747026
0.0039956941561965975
0.003997403876683324
0.00398834873650946
0.003988649709888814
0.003992396565701217
0.003936791019990686
0.003926542356723343
0.0039301328121848665
0.003931836398094065
0.0039323560109695115
0.003915400590186743
0.003917251166594897
0.00391747311555425
0.0038743559684336075
0.003851493507447707
0.003851930159962581
0.003867968653773372
0.0038686265958993208
0.00388144668674655
0.003882327249375172
0.00385477081642273
0.00385698138965031
0.0038572002213351757
0.0038577109251795713
0.003857929839657223
0.0038626357730818374
0.003880395296992584
0.0038808358671735244
0.003881203085419505
0.0038817173077308567
0.003882452147445329
0.0038957364177472074
0.0038964741767506627
0.0038966217620839487
0.003897064585171861
0.003897655172541983
0.0038980243805569635
0.003912584599462854
0.0038993455974373494
0.003900223905341028
0.0038737196627443965
0.0038747319235355304
0.003850108618469983
0.003828584916766094
0.0038415215597149286
0.003802263220009712
0.0038026960906113864
0.0038034899427520667
0.003810322205501096
0.0038106838533945564
0.003814652886265885
0.0038152366320979227
0.003792250211665694
0.0037959919196742784
0.0037964245524317684
0.003798774291792244
0.003800001612537245
0.003800434973931513
0.0038011574626152
0.00380180793733928
0.0038023140160591174
0.003765147287822677
0.003765792017090555
0.0037664369671981442
0.0037686378988699234
0.003770552771085818
0.0037710553104395544
0.0037463819509486107
0.0037470241633892516
0.003749863036638665
0.003719808532337108
0.0037206591631471554
0.003724473991498976
0.00372525501204775
0.0037257521956944226
0.0037263205681046657
0.0037401117739868004
0.003744076287335151
0.0037450050903222393
0.003722393415279596
0.0037228908334589438
0.003723246213557214
0.003724099402675603
0.0037257458842377454
0.0037296764616381764
0.0037076726032269254
0.0037080976569292654
0.0037088771752227757
0.003709869763547694
0.0037037253152963517
0.003716969019286594
0.003712437751796685
0.003699970899305302
0.0036910356982672405
0.0036918852896123877
0.0036940105293687985
0.003698119248720181
0.0036513313998671718
0.0036521003219576963
0.0036686859734766895
0.0036693182996111145
0.003670302351412631
0.0036727050858922764
0.003686115354826304
0.0036899566839571803
0.003677742144663141
0.0036785345269670826
0.0036827308430115915
0.0036833665638545073
0.0037096517327491656
0.0037101499591906326
0.0037107907327246794
0.003714701877884923
0.003674032711430959
0.0036888196398930278
0.0036902506175820033
0.003692027212626462
0.003679717433607324
0.003680353708212071
0.003645144651889592
0.003646577442921787
0.00360285968175848
0.0035490033240336066
0.003549710847507084
0.0035399994260632006
0.0035411149371482537
0.0035420007269150984
0.003555375937116438
0.003559037804215487
0.0035594489368074257
0.0035602029266455677
0.0035612316095422754
0.0035620549839655057
0.00356418714834747
0.003537959526318171
0.003493997546321669
0.0035076619433601114
0.0035083384843255213
0.0035093537852451248
0.003510030979059575
0.003523779498996159
0.0035243237015403564
0.0035440388466742353
0.0035459421220051498
0.003546421497714492
0.00354710654503967
0.0035479975023216376
0.003520983755204757
0.003497554929715733
0.0034725904486962323
0.0034732618958613773
0.00347400078771073
0.0034888580007252264
0.0034894654864473774
0.0034900731837592064
0.003490951342536524
0.0034921679845006976
0.003493317814171564
0.0034648694754851037
0.003471797450292073
0.003472604798109128
0.003473277874843978
0.00347361451106508
0.0034870781710642116
0.003500885425372015
0.003505098588305849
0.0035058465675184385
0.0035068333853790364
0.003507513901055777
0.0035090119656223315
0.0035133388941599596
0.003514430883404036
0.0034115557480043452
0.003414045099986517
0.0034146424251400914
0.003416008827773533
0.0034169390591168025
0.0034178032991216377
0.0034054951992991997
0.0034062906279505463
0.003407285436451535
0.0034080153320659645
0.003409043828421287
0.003409707996872897
0.0033649698682728666
0.0033666626141923835
0.00328823605683996
0.003289133798699118
0.0032930904020082455
0.0032936685992734686
0.0032945684209222115
0.0032913078702090114
0.0032953970051311037
0.003296562633853219
0.003273247634796012
0.0032414565096729577
0.003245473160280304
0.0032461708796064923
0.0032471862797760626
0.0032525109746017467
0.003257710732920496
0.0032721055609275028
0.003279524604665494
0.003281407027370429
0.0032817924027382034
0.0032828205130595828
0.003299976995629169
0.0032898253430312116
0.0032907278483670223
0.0032913727982618476
0.003269532566491807
0.0032704943445843976
0.0032609115308212993
0.0032619992904905485
0.003262639488180673
0.0032637284011557605
0.003264369277800531
0.00322233008316515
0.003226363686820214
0.003227124412332884
0.0032450285664360756
0.0032220449398363505
0.003226019945461384
0.003228347022244206
0.0032327708067213285
0.0032366242298922107
0.0032376439201154666
0.0032286887285705524
0.003233181305413488
0.003233754745263494
0.003178420006707612
0.003179359978318988
0.0032067223649741784
0.003207544747463075
0.0032223710072748052
0.0032230070224741093
0.0032369320170634996
0.0032513772465977545
0.0032524050047806883
0.0032680550497108133
0.0032688302816992003
0.003253772058281105
0.0032268234468080157
0.0032280367784028974
0.0032320387394715855
0.0032260152790740786
0.0032300823480672174
0.0032311061053979305
0.003202661377129292
0.0031732504590581754
0.0031876633704620533
0.003141076614957063
0.00314182434198304
0.003142572425083635
0.003156552053070927
0.003156990645825279
0.0031579936013746545
0.0031584953181616865
0.0031594992301402836
0.0031605037804986135
0.003161320448142153
0.0031618232226557938
0.0031627663560369825
0.003163835920947518
0.0031643394959617946
0.003165159274999092
0.00316641941604617
0.003167806730629107
0.003168563960181657
0.0031691952614030273
0.003142779957320194
0.003131633862222918
0.00313257054234123
0.003086905205143596
0.003087644229612149
0.0030892953759561886
0.0031037149004807213
0.003104706621501764
0.0031054508282745263
0.003106195391909677
0.003051892966750863
0.0030529912967532926
0.003057301587301587
0.0030584638035469347
0.0030594431975398645
0.0030608521758255444
0.003022431666679383
0.003023339976638716
0.0030087635588637585
0.0030096682687641885
0.0030114834741233488
0.0029654644973682942
0.002966476073266345
0.0029674287753372456
0.002968680125851956
0.0029532508639325034
0.0029541410766039996
0.0029550318261195294
0.00295568538390639
0.0029568149376263293
0.0029321630804438675
0.002933048252843776
0.0029339339598434067
0.002850683317639943
0.0028549591424747514
0.0028124498230894064
0.0028130166664107324
0.0028339711084358465
0.0028348283808384226
0.002836086652287599
0.002850284581597141
0.002850802365365471
0.0028650683085458656
0.002865589019668178
0.002853163540610511
0.002729251059216707
0.002699705613239446
0.002700688158045914
0.0027018353646182987
0.0026750065516656634
0.0026759811320390993
0.0026937750742646554
0.0027011258146581556
0.0027021108281237924
0.002703662528565251
0.00272132286930584
0.002722150606161555
0.002694287704329696
0.002698161481945264
0.0026567911832116767
0.0026577083599258877
0.0026146123836415735
0.002605714750139326
0.0025588766143587794
0.0025601253290808185
0.00256059391136264
0.0025616879373669657
0.00256215709188726
0.002562678576274602
0.002563931005325481
0.002578241546343553
0.0025789769860674492
0.00257960769699581
0.0025805017324048523
0.002581133189424548
0.002565447772939508
0.002566128388050388
0.002519384366518123
0.002520361968947692
0.0025214433599526753
0.0025058661286665113
0.0025202639423516863
0.002520779291595583
0.0025249101481459816
0.0025257367341092823
0.0025200508435585796
0.0025209797233387335
0.002517760694215616
0.0024766783762685384
0.00247779541518522
0.0024792185592185574
0.0024836562985547164
0.0024502084524664824
0.0024524831391784163
0.0024549107998857343
0.0024265611206047743
0.0024314359162688195
0.0024322362407902106
0.002433037092350161
0.0024341391247569817
0.0024383737636749668
0.0024424099203161046
0.00239542819456671
0.002396415979641066
0.002397305682993448
0.002402273169408892
0.0024034633464467066
0.0024045057191832337
0.0024057478185918538
0.0024099883855981403
0.0024111346463849704
0.002430112230261186
0.0024447138126773875
0.0024457261165335684
0.0024465872341936368
0.002447347547621019
0.002451409940634077
0.002452934891868246
0.0024574099647741918
0.002458634028514895
0.002459501811728531
0.0024606257350373822
0.0024621088407096622
0.002420916368793819
0.0023732242678603612
0.0023738169565432816
0.0023743605146215505
0.0023749537710434686
0.002377331877196479
0.002343444566824436
0.002344421612714294
0.0023252395848850473
0.002251147282339252
0.002251852028535251
0.002252980540723283
0.0022540630934722882
0.002254863910036322
0.002220868277064964
0.0021781485886409936
0.002194452333617342
0.0021952333102056754
0.0021962448113329847
0.0022114581493445245
0.0022124317880953368
0.0022272024096650247
0.0022281370112930497
0.002228978823651702
0.0022300085696486433
0.0021833274811153412
0.0021881619039611122
0.0021893584759020324
0.0021694212805698004
0.002170334682649953
0.0021559860306227035
0.0021572128039852633
0.0021583044418138344
0.0021601003754032036
0.0021614683067409297
0.002162335559725431
0.0021630207248830363
0.002163980685896235
0.0021650788280804766
0.002166498912367773
0.002167416084821837
0.002151188358084909
0.0021227938445639353
0.0021269572064568877
0.002127904545771308
0.002128807558585402
0.002129892186149483
0.002130842142311006
0.002131611775311182
0.0021325632663472217
0.0021336971019027965
0.0021041540020263418
0.002119149988546778
0.0021205943506262988
0.002121769345364946
0.002122719330573838
0.0021242592067657667
0.0021253475240026625
0.002109882287138026
0.0021108740485703496
0.0021122279540597795
0.002113312329573639
0.002114613390717464
0.0021584229872965576
0.0021593012405733245
0.0021637045674580213
0.002164492886738921
0.0021371540488903723
0.0021526040900397224
0.002154129284564066
0.0021549621201660627
0.0021557956000036824
0.0021572325498531732
0.002159342156760289
0.0021577477028774743
0.0021596533066646144
0.00216058409141051
0.0021631394628958277
0.002164399435400858
0.0021658011274624683
0.0021671578232761936
0.0021685804831872236
0.0021693304677914732
0.0021708683473389344
0.0021718077105355327
0.0021729830583602622
0.0021740184172774637
0.0021753375746224363
0.0021764223663534176
0.0021774137736915106
0.0021793186412510995
0.002180359701964773
0.002134843203051194
0.002136328666585901
0.0021047190168516326
0.002109262535405699
0.0021106865953978062
0.0021085262629155915
0.002073061209657742
0.0020745991224488305
0.0020762299897576666
0.0020552013539758473
0.0020561446013845695
0.002057403612249658
0.002058123739520309
0.0020738419911051067
0.002074841104732706
0.0020758411815090818
0.002077069866880459
0.0020815449299154717
0.0019983972701352075
0.001933635238429759
0.0019186315302820156
0.0019200232793532862
0.0019245329253465952
0.001925761062280735
0.0019269907676821693
0.0019282220445574784
0.0019300621483161167
0.001931595160348139
0.0019378549247417627
0.0019388393678840944
0.0019400391712368194
0.001940982916107294
0.0019418846204086447
0.0019426151853619929
0.0019437766249103714
0.0019153122642654044
0.0018852548999738214
0.0018865094505039492
0.001821256804608636
0.0018224704364197923
0.0018234425070588285
0.001828609557702085
0.001829545490671067
0.001830441627836708
0.0018462298935434463
0.001847876401965406
0.0018491132118368745
0.0018652769316965247
0.001866276923796972
0.0018675701682675928
0.0018688234028456814
0.0018699946069121052
0.0018707901889343478
0.0018717541681068876
0.0018726351910258667
0.0018732650010676913
0.0018746520754733106
0.0018758305989721152
0.0018594939660576033
0.0018607060707355164
0.001865123086988039
0.0018660042078560933
0.0018670962735249416
0.0018687788727891465
0.0018697477413073746
0.0018037094812656594
0.0018045237235378088
0.0018054202395469737
0.0018070933986035372
0.0018082378270558226
0.0018093427567016495
0.00181065405280652
0.001774193200239164
0.0017752393047204373
0.001775923963360158
0.0017768107765157046
0.0017781022687325928
0.0017109307359307368
0.001711942338221504
0.001713072076025769
0.001714008159671966
0.0017152578637233114
0.00171631371987033
0.0017176059773426821
0.0017187824466529467
0.0017199212332865527
0.001720707482993198
0.0017215338192264266
0.0017229544206479965
0.0017244143174479593
0.0017258371341477398
0.0017089705668799067
0.0017100292142736974
0.0016424055961182296
0.0016586262347806121
0.0016602692287064926
0.001661491278512556
0.001662791679135687
0.0016679721697461188
0.001653680052868582
0.0015838948890735107
0.0015859085100158599
0.0015868614038331184
0.0015920006784312828
0.001592958583076841
0.0015942868172167544
0.0016106231605293047
0.0016122297485385549
0.0016134648868253055
0.001614476863036611
0.0016310243297691
0.0016322384541422417
0.0016333783385322103
0.0016344817411695284
0.0016358535580786302
0.0016022275629807659
0.0016036120193056208
0.0016048863335358923
0.0015829200586382217
0.0015837721864638199
0.0015849964083825237
0.0015865944492641493
0.0015881211666040813
0.0015895387988411251
0.0015907719553956954
0.0015919695722071922
0.0015931314843590596
0.0015944453607923538
0.0015960625216215375
0.0015970796258270598
0.0015983245149911824
0.0015993445051092367
0.001600630790459295
0.0016016158173369002
0.0016065874030915957
0.0015739818897264504
0.0015411378642312108
0.0015422354104846693
0.0015437379209834307
0.0015249508591718985
0.0015260394359047581
0.0015272022987410907
0.0015286583718676018
0.0015295333492328493
0.0015308842368255643
0.0015320910973084894
0.0015335931833217764
0.0015370871122384689
0.0015381177015237513
0.0015395185708921549
0.0015408111047143873
0.0015421058107059126
0.0015431802165417397
0.0014723798531627722
0.0014734072844229497
0.0014905246935876142
0.001492033649094898
0.0014929332883121902
0.0014222243685710154
0.001439886549509698
0.0014105293719152237
0.001411656456572799
0.0014128195807585127
0.0014137446044910041
0.0014148424986652436
0.0014162860752113503
0.0014175602402314788
0.0013454987834549883
0.001346678355737386
0.001347925705650076
0.0013139172785000535
0.001314654821756887
0.0013157787602693443
0.0013177422248316134
0.0013190652267959617
0.0013217658399503323
0.0012484670100564145
0.0012493556859183629
0.001250399194241777
0.0011779750633253822
0.0011790188790705694
0.001180035474970438
0.0011810538254801888
0.001182570053079867
0.0011833588616038347
0.0012006889333893713
0.0012017882477152006
0.00120280020473195
0.0012046200527486342
0.001205517081606143
0.0011876661614530278
0.00115328491360727
0.0011541748603954567
0.0011718490465749787
0.0011186184314409902
0.001119735123578494
0.0011209380569296625
0.0011216666666666669
0.0011227051689479436
0.0011241397741698406
0.0011293342695689976
0.001054868204214454
0.001055848614251026
0.0010572561645328707
0.0010372347121170163
0.0010396197578139436
0.0010405897235460746
0.0010418770618730226
0.0010049954931048719
0.0010059361192620328
0.0010113289098245793
0.0010122261370645444
0.0010178439982739805
0.0010188525839727632
0.0010197075651621108
0.0010205120374611903
0.0010215519437509555
0.001022385395951252
0.0010405234096497276
0.00104145377750528
0.0010425457552276469
0.00104334621520402
0.0010443351436281042
0.0010041447677648166
0.0010054336199888762
0.0009636386997301813
0.0009646054120794322
0.0009656735250946362
0.0009669932955131513
0.0009679417686231999
0.0009690924126524707
0.0009702206928669377
0.0009714270911587185
0.0009765540604772153
0.0009776185903259019
0.0009784058046305437
0.0009795507936095147
0.0009848839832699886
0.0009857564703838807
0.0009871711241574257
0.0009882799575083158
0.0009897536516241556
0.0009951812277393672
0.000996381561696995
0.0009974538677586162
0.0009982923945882044
0.0009993162572976384
0.0010005002501250625
0.0010021361322819695
0.0010028237405325523
0.0010214144829529446
0.0010228735692996845
0.0010239841812098903
0.0010249885130597675
0.001026457835589771
0.001027576248815187
0.001029409154642103
0.000950452130966974
0.0008892920346112457
0.0008906464311797499
0.0008924587237840246
0.0008355226708130036
0.0008365542910314219
0.0008375884618830061
0.0007938857342770256
0.0007952125508801249
0.0007961353700005395
0.0007972111123121823
0.0007982249641475226
0.00079926305237205
0.0008000216955036067
0.0008192121080454774
0.0008203705718118857
0.0008216441962867129
0.000822405786828785
0.0008233709991447858
0.0007607022146911183
0.0007619308331052102
0.0007629751461988303
0.0007643160515524311
0.000765451111966705
0.0007661464211327955
0.0007671177502779078
0.0007683671967020022
0.0007279831181636394
0.0007291522451428307
0.0007302036251374907
0.0006666851856996027
0.0006679654884497633
0.0006688776789944538
0.0006300546295520749
0.0006311118568858312
0.0006319778947761473
0.0006329528136949672
0.0006337883128311707
0.0005878216847138236
0.0005887987378859589
0.0005896625663017718
0.0005904788811979093
0.0005441137640979216
0.0005452088707467565
0.0005459982210109955
0.0005467276879198763
0.0005474123618424173
0.0005481143725657832
0.0005487398953875416
0.0005493825397278794
0.000569173125875926
0.0005700862291230985
0.0005710678107154131
0.0005721514620051177
0.0005730411495378236
0.0005740991835674927
0.0005750614073110822
0.0005758435094623531
0.0005766110338433009
0.000577581703140419
0.0005834011706787609
0.0005846079145423646
0.0005853753403345001
0.0005862475288984973
0.0005872769664510715
0.0005885515960306984
0.0006287460336114702
0.0006298378314742325
0.00063110088766994
0.0006325559398185096
0.0006334359460099455
0.0006342432055955662
0.000635505137494803
0.0006761043698945197
0.0006771919372455565
0.0006786880025475678
0.0006798448916933321
0.0006812302098628549
0.0006827441911683734
0.0006890533790696275
0.0006901540037973538
0.0006913207547169811
0.0006268771038680938
0.0006284351762043324
0.0006500212623777413
0.0006511882664394608
0.0006526778089544955
0.0006540342298288508
0.0006550753030488551
0.0006563813146029506
0.0006574904756052599
0.0006587250284729276
0.0006602492903862767
0.0006819961264268347
0.0006831785345717235
0.0006843226033203084
0.0006854279265287528
0.0006871996096872307
0.0006884860586773164
0.0006899067271116669
0.0006912899554107536
0.000693179200435593
0.000621346180085435
0.0006222866933661295
0.0006234269526848429
0.0006245713984280212
0.0006259582342056568
0.0006272315989108207
0.0005541577757253416
0.0005555732941664805
0.0005568534579319615
0.000558211157806936
0.000559449553083403
0.0005606573223779605
0.0005620155038759691
0.0005629610456839654
0.0005641474564731058
0.0005655777669429547
0.0005670338265006844
0.0005682374840795533
0.0005700058966127237
0.0005712972387300129
0.0005732547029947617
0.0005744470122152526
0.0005756062059611632
0.0005766362883181443
0.0005780346820809249
0.0005797101449275363
0.000581317653347588
0.0005827583897113002
0.000584461388599644
0.00048545325826787584
0.00043048559225576703
0.0004316823179758393
0.0004328415709202982
0.0004336966394187102
0.0004347331284852623
0.0004357149374942969
0.0004364916129622012
0.0004377220121462129
0.00043858138440165786
0.00043930768788453796
0.0004403864333310276
0.0004414398798174149
0.0004425137561540689
0.0004435928699994193
0.0004445996275605214
0.00044584500466853406
0.0004472858414125802
0.00044824632426279903
0.0003436304795528096
0.0003445671669970735
0.0003452148726133475
0.00034624642785149347
0.0003467768752078286
0.0003475197562601161
0.00034883998757556206
0.0003501828866103016
0.00035124439151720734
0.00035250374233425076
0.0003537978747894781
0.0003546745375262665
0.00035590658670957043
0.0003568068233195254
0.00035811962667255354
0.0003591901001303909
0.0003614740244519289
0.0003626955832838186
0.0003636137999503599
0.00036457750071546783
0.0003659298114150119
0.0003670575265584286
0.0003680950765713137
0.00036927808025811657
0.0003707640523372055
0.0003720634920634921
0.00037304406503443975
0.00025955760132975324
0.00026037658406444
0.0002608785051533143
0.00026177672895147456
0.0002625181046968756
0.0002633354088833541
0.00026432291666666667
0.0002650891901068192
0.0002660271531163181
0.0002672775868652157
0.0002680186424789744
0.00026910585272088555
0.00027027746711402246
0.0002710569887304385
0.0002720814904168342
0.00027330129111299595
0.00027424279268325634
0.0002752243824398709
0.0002765403844320024
0.00027729967489003633
0.00027828041892855184
0.00027947574205628063
0.0002804952191455259
0.000281498738109105
0.00028255665052057236
0.0002839319682219984
0.00022432527164388362
0.00022543466621579732
0.00022640121124648015
0.00022712432217585098
0.00022805667208301262
0.00022919352528291074
0.00022991478783175985
0.00023096021710260407
0.00023192439264799674
0.00023282548274908686
0.00023414405713114992
0.00023530103826583133
0.00023652194480169113
0.00026733202637675994
0.0002688653880623768
0.00027037988373665
0.0002717514380180262
0.00027327382036800875
0.0002746623941405356
0.0002759508807432277
0.0002771746662355061
0.00027877154671746506
0.0002799813345776948
0.0002814390918898635
0.0002828854314002829
0.0002839430221002319
0.00028590488897360146
0.00014365752047119666
0.0001444043321299639
0.00014508172937421413
0.00014597119501751654
0.0001469363765489543
0.0001479362887716357
0.0001490979573579842
0.0001503608660785886
0.0
0.0
0.0
0.0
0.0
0.0
0.0
0.0
0.0
0.0
0.0
0.0
0.0
0.0
0.0
0.0
0.0
0.0
0.0
0.0
0.0
0.0
0.0
0.0
0.0
0.0
0.0
0.0
0.0
0.0
0.0
0.0
0.0
0.0
0.0
0.0
0.0
0.0
0.0
0.0
0.0
0.0
0.0
0.0
0.0
0.0
0.0
0.0
0.0
0.0
0.0
0.0
0.0
0.0
0.0
0.0
0.0
0.0
0.0
0.0
0.0
0.0
0.0
0.0
0.0
0.0
0.0
0.0
0.0
0.0
0.0
0.0
0.0
0.0
0.0
