0.0
0.0
0.0
0.0
0.0
0.0
0.0
0.0
0.0
0.0
0.0
0.0
0.0
0.0
0.0
0.0
0.0
0.0
0.0
0.0
0.0
0.0
0.0
0.0
0.0
0.0
0.0
0.0
0.0
0.0
0.0
0.0
0.0
0.0
0.0
0.0
0.0
0.0
0.0
0.0
0.0
0.0
0.0
0.0
0.0
0.0
0.0
0.0
0.0
0.0
0.0
0.0
0.0
0.0
0.0
0.0
0.0
0.0
0.0
0.0
0.0
0.0
0.0
0.0
0.0
0.0
0.0
0.0
0.0
0.0
0.0
0.0
0.0
0.0
0.0
0.0
0.0
0.0
0.0
0.0
0.0
0.0
0.0
0.0
0.0
0.0
0.0
0.0
0.0
0.0
0.0
0.0
0.0
0.0
0.0
0.0
0.0
0.0
0.0
0.0
0.0
0.0
0.0
0.0
0.0
0.0
0.0
0.0
0.0
0.0
0.0
0.0
0.0
0.0
0.0
0.0
0.0
0.0
0.0
0.0
0.0
0.0
0.0
0.0
0.0
0.0
0.0
0.0
0.0
0.0
0.0
0.0
0.0
0.0
0.0
0.0
0.0
0.0
0.0
0.0
0.0
0.0
0.0
0.0
0.0
0.0
0.0
0.0
0.0
0.0
0.0
0.0
0.0
0.0
0.0
0.0
0.0
0.0
0.0
0.0
0.0
0.0
0.0
0.0
0.0
0.0
0.0
0.0
0.0
0.0
0.0
0.0
0.0
0.0
0.0
0.0
0.0
0.0
0.0
0.0
0.0
0.0
0.0
0.0
0.0
0.0
0.0
0.0
0.0
0.0
0.0
0.0
0.0
0.0
0.0
0.0
0.0
0.0
0.0
0.0
0.0
0.0
0.0
0.0
0.0
0.0
0.0
0.0
0.0
0.0
0.0
0.0
0.0
0.0
0.0
0.0
0.0
0.0
0.0
0.0
0.0
0.0
0.0
0.0
0.0
0.0
0.0
0.0
0.0
0.0
0.0
0.0001577784790154623
0.00015718327569946557
0.000156625247989976
0.00015605493133583021
0.00015548069448043534
0.0001549266680437926
0.00015444015444015445
0.0002737007766259537
0.0002728466431336437
0.0002719007562239783
0.0002710027100271003
0.0002701242571582928
0.00026912919883601623
0.0002683438155136269
0.0002675227394328518
0.00026668000066670003
0.0002657763160080398
0.0002649313662179392
0.0002641310089804543
0.00026323149564845436
0.00026238971432319854
0.00026160461732149576
0.00026082420448617636
0.0002600484340208364
0.0002592898698688966
0.00025846054438252166
0.00025758673428318446
0.00025687955559836886
0.00025610244097639057
0.00025518341307814995
0.0002544407868581334
0.0002536180195602898
0.0002528964547078256
0.0002521789840339181
0.0002514892881281338
0.00025079156086397694
0.0002499218994064355
0.0002492328301945574
0.0002484780718101628
0.00024778541782816084
0.0002469250119604303
0.00024604785630805197
0.0002452220025441783
0.00024454735812432177
0.00024389872105608148
0.00024324242147830586
0.0002426337897881504
0.00024194036170084078
0.00024126179920986763
0.0002405327801079391
0.00023978658993495792
0.00023909859828446757
0.0002384465209162308
0.00023774498878140836
0.0002370265025258137
0.00023635423591107175
0.00023571702171543065
0.00023510396003232682
0.00023446315265016635
0.0002338155779628818
0.00023318176518596247
0.0002326325278432057
0.00023197483073086571
0.00023138105567606655
0.00023081028836860405
0.00023019264246766516
0.00022958817620892527
0.0002291049157323482
0.0002285453091075306
0.0002279007492237131
0.00022738577417750303
0.0002268055850875328
0.00022627633998020084
0.0002257686717746829
0.00022526327645435606
0.00022471278896660208
0.00022417440768918222
0.00022366673656252185
0.00022306802180489915
0.0002225653437939045
0.00022203719122953098
0.00022162199598310136
0.00022117165685217442
0.00022062270759217896
0.0002201673271686482
0.00021959621745515435
0.00021911804984935636
0.00021858819350519833
0.00021808764397192125
0.000217527258884629
0.00021699622969050916
0.0002164941478925648
0.00021605563432583892
0.00021552304749589162
0.00021503642179394137
0.00021460378775685392
0.0002141212997162893
0.00021355543098155417
0.0002130265750652394
0.00021247493459755921
0.00021196825775340145
0.00021150592216582066
0.00021104559903974254
0.0002105789605296061
0.00021008955067097353
0.00020960241042771994
0.00020912572377105963
0.00020862671465081105
0.00020815445060234697
0.00020768431983385257
0.00020723241114910373
0.00020679048246804443
0.00020632648587308344
0.00020594406044458177
0.000263316763644304
0.0002627598759260684
0.00026219527792699463
0.0002616030524609829
0.00026105338223308884
0.00026054574802048783
0.00025997083254073936
0.0002593886020852313
0.00025887760771834117
0.0002584565729919185
0.0002578519049595613
0.00025738571446507716
0.00025684395163816327
0.0002562756275627563
0.00025573852295409185
0.0002552894733564962
0.00025486100750907555
0.00025431087954348096
0.00025376312141018025
0.0002531614305473227
0.0002527026860446483
0.0003137457552044884
0.00028859497230716326
0.0002880219632067262
0.0002875673029858052
0.0002870299121810609
0.00028640025349469244
0.0002858359180198261
0.0002853777308220093
0.00028481741385788214
0.00028426960855470074
0.00028374446094589533
0.00028307796087501206
0.0002824858757062147
0.00028188611800832465
0.00038907245127615774
0.0003884028873273102
0.0003876662491799369
0.0003870153377155379
0.0003863390511512905
0.0003856651240061707
0.00038500722628947813
0.00038435156933702317
0.0003836166194523136
0.0003828709430405844
0.0003821686010277396
0.0003815494429378134
0.00038078500292911547
0.00038014363581070025
0.0003795044256054556
0.0003786819537658465
0.0003779948825308212
0.00037740231086338044
0.0003767067714491041
0.0003761182284252799
0.0003755185043964552
0.0003748947410919243
0.00037413086522079483
0.000373524577917227
0.0003727790968422744
0.0003722027531551342
0.00037160269383368214
0.0004736145348306401
0.000472724373213045
0.0004719019353664916
0.00047101819378709983
0.00047013775602682624
0.00046930836386664866
0.00046845016367535845
0.0004677690235462529
0.00046699525127720396
0.00046619261056628366
0.00046545536114849716
0.00046468921809040734
0.00046366124797497354
0.0004628390435403284
0.0004619580341737631
0.00046117260079121667
0.00046023666145434794
0.0004595028511321487
0.00045874094953849564
0.0004359534688651966
0.00043527609728145287
0.0004345147735022991
0.0004338275672707304
0.0004330712977885955
0.0004324312489052374
0.00043189223468696015
0.0004313121717386795
0.00043064913543097624
0.00042988986112924997
0.00042918921268226965
0.0004285605789365188
0.0004278781576324798
0.0004272672204915196
0.0004265474493542396
0.0004259954272895907
0.00042538985095201174
0.00042477228979148526
0.0004241838487972509
0.0004235561560402325
0.0004977840580641018
0.0004970178926441354
0.0004963017514648907
0.0004955559818402713
0.0004895387693421026
0.0004888676337743771
0.00048805848213812064
0.0004874068893904236
0.0004866643391415665
0.0004860164611662283
0.0005590540383743132
0.000558206157119235
0.0006520893152010432
0.0006511031998571772
0.0006502632517357833
0.0006073171242487069
0.0006063267055552072
0.000605567040447702
0.0006569069069069068
0.0006560859785053736
0.0006552466535617334
0.0006543279117592072
0.0006536558035297413
0.0006732332805104142
0.000672397562817449
0.0006714182419171571
0.0006705040127086298
0.0006695715772016027
0.0006686830031068039
0.0006678585372870557
0.0006669539699152453
0.0006661337596589393
0.0006652338552860504
0.0006643974936882236
0.0006633600718469984
0.0006622651505889064
0.0006615170111643715
0.0006352594399552776
0.0006341958396752916
0.0006333090142671853
0.0006323478823934113
0.0006314279363924752
0.0006306824488642669
0.0006299577676312578
0.0006290447577926063
0.0006984854423573631
0.000697329079124275
0.0006964695507520867
0.0006956330260537087
0.0006945693669924645
0.0006937581728705616
0.0006927209480808139
0.0006918727352367298
0.0006910059854043626
0.0006901208456214561
0.000689196961583467
0.0006883368988194277
0.0006826343750927492
0.0006818855618144084
0.0006809972167939834
0.0006801715215141209
0.0006793277608766281
0.0007668485474118861
0.0007658095490559924
0.0007649308620182406
0.00076389705018216
0.0007631571223106049
0.0007622621595473334
0.0007614361857904293
0.0008483997425545606
0.0009105871582863428
0.0009094976849149836
0.0009083578638531858
0.0009074057899282807
0.000906139458254591
0.0009047453166124784
0.0009519943556882867
0.0009510292357007682
0.0010367541397833901
0.0010353761545648043
0.0010340615050164002
0.001032750189737825
0.0010315609676521667
0.001030433740714114
0.0010293681116122293
0.0010280686654234204
0.0010268019179704658
0.0010857949774826347
0.0010844601999294812
0.0010816266293429304
0.0010802997451405526
0.001079037604840471
0.0010779931866275701
0.0010766445840796864
0.0010752688172043006
0.0010741097936877136
0.0010728924651971059
0.0010717992263421074
0.0010704963295922498
0.001069226787142924
0.0010678699003572095
0.0010666666666666663
0.0010653762109745
0.0010848181664886735
0.0010833871284627685
0.001082263219873268
0.0010812627804700405
0.0010800223838836032
0.001078935599284436
0.0010775501088716426
0.0010764382721213637
0.0010751190708297351
0.0010738927220120182
0.0011127788896301235
0.0011115121562965634
0.0011101251548259476
0.0011087416105833585
0.0011075146854049665
0.001189423254099871
0.0011880440984300517
0.0011864391203256963
0.0011852300686717343
0.0011840234786995002
0.0011828193428985029
0.001239177786319624
0.001237954175581034
0.0012366652053193046
0.0012355818367644914
0.0012343315556771048
0.0012330501142893571
0.0012319058147046249
0.0012306294024085438
0.0012568678200063571
0.001255397119117594
0.0013174227803600717
0.0013117870722433463
0.001310221354166667
0.0013087302877580883
0.001307242611237415
0.001306005461969013
0.001304559204840104
0.0013030809906653
0.0013018867924528305
0.001363603720061762
0.001362319620451835
0.0013609281906553782
0.001359649122807018
0.0013583724569640066
0.0014151322666237844
0.0014135789248233032
0.0014574581003095094
0.0014558608646067217
0.0014496235784078172
0.0014484635083226638
0.0014471895738386508
0.001445686900958467
0.001444341002792925
0.0014427675629716235
0.0014415801630074075
0.001440165499681732
0.0014385249158873558
0.0014372683959767078
0.001435900148085467
0.0014346482073502608
0.00143332277478619
0.0014140455412305452
0.0014125186550785712
0.001410995062832689
0.0014714517330528902
0.0014705624748191362
0.001451977104447829
0.0014503776751993288
0.0014490475067473734
0.001483794564946398
0.0014824363117811534
0.0014809257558904844
0.0014610714441068095
0.0014590510953436263
0.0014577208846549825
0.001493500861182361
0.0014921806909119729
0.0014905918217176504
0.0014891995043003069
0.001488002646874368
0.0014868462280513478
0.0015289128853715971
0.001527568403732278
0.0015264629577665873
0.0015251621629930226
0.0015240208691207307
0.001522567213062432
0.0015212338637966465
0.0015198246252516611
0.0015185351149767264
0.001598719849670421
0.0015973245913181238
0.0015779388974577866
0.0015766450077788973
0.0015753532383073832
0.0015737012488764507
0.0015724946695095958
0.0015712096891872182
0.0016290471088695679
0.0016276354562622286
0.0016261020233214881
0.0016239713878631048
0.0016209142731246616
0.0016153222782636053
0.0016138875293804883
0.0016126597716555886
0.0016109032396584967
0.0016100467884057352
0.0015917985335939968
0.0015905914978280584
0.0016030150632908358
0.0015975151100056483
0.0015963872058480974
0.001594979563387092
0.001593574401166025
0.0015922517997415519
0.0015907714912690046
0.001589573260257202
0.0015878191164106102
0.0015864662910219979
0.0015850760824597243
0.0016339676583579032
0.00163253829399793
0.0016682360158504275
0.0016666132181696392
0.0016654085676542753
0.001647683333570552
0.0016466579662009438
0.0016449382189777577
0.001643630344527307
0.0016420799423157632
0.0016404510967437203
0.0016351420877614078
0.0016585664646921996
0.0016569254164178363
0.0016559832833009608
0.001654796902332663
0.0016537346947172909
0.0016358219368751929
0.0016346929217594024
0.0016334447572132313
0.0016319976656870064
0.001630954137594245
0.0016297517237505454
0.001628791068446242
0.0016274320771253298
0.0016098869660664669
0.0016084276276108122
0.0015909252530057008
0.0015896798798777823
0.0015880094767979048
0.0015866911761286224
0.0015854911022891128
0.001584292842399041
0.0015832120988530883
0.0015822483944760016
0.0015807473561061508
0.0015793259243571552
0.0015779453611811636
0.0015768349948928435
0.0015756879833549262
0.0015743900525613883
0.0015730942582794448
0.0015718766341619628
0.0015708507290368118
0.0015696744881527503
0.0015688786801265992
0.0015676297536914138
0.001606493686946434
0.0016053328696958827
0.0016038263128722878
0.001602476680227776
0.0016014755654772852
0.0016002067197434314
0.0015990933321505198
0.001597904871233815
0.0015966416750678818
0.0016455685891005926
0.0016442698288537659
0.0016427768239912462
0.0016419136913458554
0.0016405423934911507
0.0016392515518367586
0.0016380017650822847
0.0017044512457109148
0.001687653238873428
0.0017363060126673563
0.0018061842552498473
0.0018049405629855712
0.0018036129914513564
0.0017981227054508606
0.0017968448128309678
0.0017899603917789161
0.00178894406659018
0.0017879288948691348
0.001786830424884811
0.00178526954270234
0.0017840059630703608
0.0018179367456553582
0.0018167375789365882
0.0018861681125977093
0.0018849255776091734
0.0018835518220453814
0.0019017128311610788
0.0019005073504257323
0.0018993033970116525
0.0018982344960495636
0.0018966778370204697
0.0019335937401786928
0.0019321007922744838
0.0019307455660933232
0.0019297529412462945
0.0019205719946869227
0.0019191378958926168
0.001902205565028481
0.0019011859484446489
0.0018959761800494833
0.0018945642688125658
0.0018938150459464214
0.0018926263209379233
0.001891307264377855
0.0018901216845083758
0.0018889375900866556
0.001887930086618078
0.0018866175657013525
0.0018851322464489594
0.001884128797128949
0.0018827780109885468
0.0018800013920594284
0.0018788291860324649
0.0018775717770415357
0.0018612846533364966
0.0018600832985891781
0.0018590119701446144
0.0018579846552175257
0.0018567875552509812
0.0018553786663010078
0.0018540145113180879
0.0018525672928828233
0.0018610104926433588
0.0018290318917127029
0.001827858441377759
0.0018267932802872922
0.001825748036609651
0.0018244535944466535
0.001823244325271078
0.0018219728213829344
0.0018362367778161505
0.0019158567041274348
0.001910947787646651
0.0019055823829064907
0.0019044107049064343
0.0019027208225945108
0.0019013797206550713
0.0019004291172132384
0.0019165016359831497
0.0019152837877701927
0.0019141108990818325
0.0019127226676152033
0.0019113364483516328
0.0019191786143795664
0.0019498506852283224
0.0019483080818381102
0.0019471197402245012
0.0019459196447644458
0.001944646453200288
0.0019658331772826883
0.0019642523011750507
0.0019631022187575724
0.001961865173654156
0.001960806089481055
0.001959660037904612
0.002007058247990821
0.002006201917560752
0.002038649516210314
0.002037826318343886
0.002036364495792674
0.002072100404522042
0.0020709407074141362
0.0020698286187877755
0.002087353440365306
0.002082368968490719
0.002112052301974605
0.0021110620564211004
0.00210983732388212
0.0021088491537591962
0.002141109836991242
0.0021398696646565026
0.0021382976671735065
0.002122511800815167
0.002173174465135939
0.002171918657874953
0.0021671547152527174
0.002165951809660326
0.0021758453235792984
0.002174494256472204
0.0021727431877857817
0.0021714917185150146
0.0021670313913345085
0.0021843249854013817
0.0022201825071812807
0.0022176282608503285
0.0022148806862862767
0.0022139510509359313
0.002222738042290899
0.002221658709819915
0.002220482451072161
0.0022190138780225103
0.0022695035774352537
0.002296835212871587
0.002295823948055793
0.0022944954167063523
0.002289316485710644
0.002288310037911769
0.0022870924556009243
0.002340988367735847
0.0023401147495628765
0.0023389338328891167
0.0023364458327284825
0.0023349557412817743
0.0023336769020947255
0.0023325016066262855
0.002342731779283669
0.0023482193215695747
0.0023560949207807316
0.0023547043777436354
0.002385044884007017
0.0023823389430168047
0.0024176802341435277
0.0024163615761922754
0.0024152023465120404
0.002455808454239381
0.002454631609045775
0.0024642881333206148
0.0024737196749207444
0.002472589876896096
0.0024710850838915513
0.002455154032214963
0.0024500509020027876
0.0024486686148000258
0.002432882469317871
0.0024302770612193766
0.002428750240708645
0.0024199629760237778
0.0024186536706284783
0.00246776249631353
0.0024666954249900207
0.0024494636910635512
0.0024480883308223753
0.002497076762687259
0.0024920809548805304
0.0024908894957839504
0.002489601187961206
0.002488153433662801
0.002486814420944222
0.0025142712091375955
0.002513019522658397
0.002512047138226061
0.0025262614210877494
0.0025251220235266393
0.002509187179299804
0.0025081105290759085
0.0024928450793302564
0.002477325871075706
0.002521043074329931
0.0025182659872541742
0.002515438038052743
0.0025104743339983285
0.002509561824618855
0.0026080025901630654
0.002592813794565889
0.0025770306768026037
0.002610996981680972
0.002659363654932658
0.0026578333305787966
0.002656700892005904
0.00267308732654992
0.002643514735995682
0.002642108910247971
0.002641209966205017
0.0026402555081682104
0.0026246892411848914
0.002623240183549719
0.002607637460879873
0.002655409439672392
0.0026543398450284703
0.002652227506232856
0.002650711049016552
0.0026494208680564566
0.0026485799066534718
0.0026472914688816227
0.002646507815975031
0.002703806558499203
0.002700970440403953
0.0026856965431907363
0.00268427961807404
0.002679348828655582
0.0026783319765415633
0.0027026235570613566
0.0027642724789838768
0.0027628177212376957
0.002772994115630841
0.0027860846697310673
0.002784444624935363
0.00278257265073481
0.002781462356504515
0.002780294582565558
0.0028225524529197194
0.002806914122759741
0.002805266872687699
0.002804032703364035
0.002784011329752591
0.0027827875628935296
0.0027817394758469093
0.0028311082962051183
0.0028208073574824515
0.0028163814963522386
0.002813233691390478
0.0028121176085345433
0.0028104158199523457
0.0028081456492254193
0.002806447823230891
0.0028178357263583323
0.0028339013130315276
0.002832839263819898
0.0028315422842185487
0.002830128751170432
0.0028290107046734527
0.0028449769976849207
0.002843907818770704
0.0028413423062064944
0.002840398573812172
0.002850800845821073
0.002835673727060579
0.002834380482548974
0.0028670287908754036
0.0028659600895513805
0.0028643792905110642
0.00286163685505736
0.0028864708746830525
0.0029297636587839117
0.0029562921090130682
0.0029548269661018984
0.00298481587590212
0.0029925257726421493
0.0029907271175835504
0.0029895554683694618
0.00298826155524424
0.0030151497851697655
0.0030132214849774904
0.0030119189396669815
0.0030105353212193254
0.0030089873608106442
0.003007312151996238
0.003005890693313626
0.0030045322940027326
0.0030029901479590414
0.003036210984613173
0.003031421502444168
0.0030299296917435455
0.0030574452967254443
0.0030563176891497145
0.0030553160693261435
0.003083285039513027
0.003068756555800639
0.0030673753642247877
0.0030655566011022024
0.0030640530481128815
0.0030749950525658302
0.0030703361199134437
0.00306772953068115
0.0030665402213485185
0.0030651642778664425
0.003063539753920328
0.0030623536903592293
0.0030610438460205213
0.0030594236856069366
0.0030706377766757478
0.003068564090815237
0.003067378714832204
0.0030870824695400333
0.003111565351126458
0.0030969495874435733
0.003095324589416438
0.0030945078313499345
0.0030901213534170104
0.0030891811160787563
0.0031436697015753234
0.003138889577928798
0.0031513167448894456
0.0031492716670326122
0.0031904438627246763
0.0031891526816555634
0.0031848134827865368
0.00318328476859637
0.0032240313647226918
0.003256602709388289
0.0032855329211031997
0.0032832576135750856
0.003291732558558025
0.0033373523167712013
0.003336140643414029
0.003335131587505913
0.0033338497318985898
0.0033760929132959825
0.003361374222568131
0.003346265184105197
0.0033421692949049116
0.00334062264808125
0.003324663667792048
0.0033217861411339745
0.0033191113613926185
0.003406675381165688
0.003402029298543634
0.0034004589315966673
0.003398890013734547
0.0033977994462091837
0.0033961649064876156
0.0034359364877856674
0.0034349730382016866
0.0034335288764806866
0.003432154612886666
0.003430644192981413
0.003429135101900182
0.0034243647756459035
0.0034233384719907917
0.003448532065468353
0.0034571371634657703
0.0034893656757742164
0.003511843498078185
0.0035105828650420215
0.0035094630618952775
0.0035347589287720014
0.003545233061937246
0.0035424935249695776
0.0035352220764158795
0.003534166597202762
0.003560376692403355
0.003559101917067424
0.0035717234267411257
0.003596809881848249
0.0036067845259021717
0.003605494802006382
0.0036042060001468994
0.003602846597387539
0.0036011126019064093
0.0035994696608030465
0.0035831233451933354
0.00358857561636055
0.0035871538070472273
0.0035851424097899614
0.0035803309180189617
0.003602211936699539
0.003600715705624918
0.003599505381017985
0.0035969781384076124
0.0035951112380206017
0.003623604634962659
0.0036223167001359444
0.003647492409607729
0.003628951859974571
0.0036273771979182124
0.0036254998559324095
0.003624570881888315
0.003632038167998759
0.0036306369754604867
0.0036165792580593395
0.0036435135462675374
0.0036480670506056708
0.003646775267572781
0.0036456994803439106
0.0036446243276355536
0.0036590579425822443
0.0036543458971309106
0.0036532693163221874
0.003652480226792477
0.0037264342691764414
0.0037219938222665793
0.0037067308936729994
0.003701863460663342
0.003713844223548203
0.0037095587797218396
0.003737345280267351
0.0037480714292308505
0.0037464647434690317
0.003755657216217013
0.003754554880667786
0.0037531595175754476
0.0037626078740318645
0.003763385883063719
0.003768649719481246
0.003767766148830175
0.0037666622679709137
0.0037652649470991044
0.00376025872102543
0.0037590847407815886
0.00375798479986686
0.00375211562688406
0.0037615622645060798
0.0037856981105017598
0.0037842968195588504
0.003814049881006082
0.0038129360079439912
0.003824001101098748
0.0038231825758581937
0.0038186761706904887
0.003817710733307778
0.0038166715772968455
0.0037994354022187955
0.0037973851057963213
0.003796352425943926
0.003803513778658445
0.0038021840957136338
0.0038007821648419365
0.0037984564311585893
0.0037844211800262158
0.0038114818001959505
0.003809302617003127
0.0038084166124791796
0.0038185667080412084
0.0038746701010669246
0.003873469839278826
0.003870911026902742
0.003867760255391355
0.003852921395084477
0.0038543446724667234
0.0038492611742065755
0.0038417793272396694
0.003837446830492997
0.0038532943702693804
0.003852401611794591
0.00385121191046688
0.0038369372824986476
0.003835605192482157
0.0038329736841429306
0.003832161018661153
0.0038747296498226236
0.0038733862012297927
0.0038817462188408813
0.003855032366371065
0.003886219214946264
0.0038967170393707767
0.003895292992444423
0.00393405977687956
0.003933454676552424
0.003932622967472938
0.003958694874544381
0.003957858294900564
0.003943088043503406
0.0039377336578182215
0.003936536493392136
0.003935403285811564
0.003978579503282622
0.003974086214986093
0.003985800961427874
0.003984655045561324
0.004028405983944331
0.004040329163453561
0.004038375301862569
0.004043826774808966
0.004071222884236607
0.00406989852929914
0.004077332181793085
0.004082834660934756
0.004081663765402597
0.004107007842112706
0.004104635024950647
0.004103301969349842
0.004101656448566197
0.0041116306522032894
0.004126357809741895
0.0041661980468504405
0.004165087955514549
0.004163737871709421
0.00419471677379783
0.004192406876816259
0.004187713948959869
0.004186836506466896
0.0041858000029137265
0.0041848884917307485
0.004183693674124902
0.004176474622121082
0.004173889249661584
0.004206849557201859
0.0042056498852749
0.004204370989156526
0.004216240083459249
0.0042969876673358345
0.0042964162811105515
0.004294252544082103
0.004333534832097067
0.0043260559432738875
0.00432339536873353
0.00432180378870586
0.00432049241262736
0.004319509402712083
0.004318690569416149
0.004317872046507727
0.004313568634439404
0.0043122612943471365
0.00431136295761934
0.004324408188369032
0.004309266807341379
0.00430836977396173
0.00430739161792564
0.004305759539527554
0.004303826781856763
0.004299781400561782
0.004298887525797429
0.004335620217898941
0.004350078128471669
0.004355223407604681
0.004341566479469534
0.00432799795466595
0.004312444848835454
0.004311793938326592
0.004310980576457897
0.0043709836235010435
0.004369665076404965
0.004368429660776918
0.004367277236287086
0.004363150072264138
0.004373711979390708
0.004379463612016409
0.0043886469319526005
0.004387573206345837
0.00438674762102147
0.004385130255391626
0.004394045125039025
0.004392426812236585
0.0043908555323622514
0.004400535119462768
0.004395159179982686
0.004400154558447023
0.004386066575810753
0.0044101091630005035
0.004405987767042871
0.004403874346030073
0.004399839205913526
0.004398601534544373
0.00439684259029633
0.004478696190537706
0.004473065533885378
0.004491545743784623
0.004505721609544076
0.004504456289138505
0.004502028179257644
0.004500477707817214
0.004512816723320687
0.004526683530574515
0.004525213571743764
0.0045240290716034555
0.004521714617555648
0.0045142177187965996
0.004509903553810208
0.0045280255009417245
0.004526250069903975
0.00452054294826938
0.004519614965206378
0.00451902462887341
0.004542124134891111
0.004568565726803313
0.004611733245058173
0.004610615749257958
0.004609842415519404
0.004641988391350492
0.004637068326850323
0.004622462075617923
0.00462177125531064
0.004620394780800933
0.004593223701223919
0.004578128392380615
0.0045740066736532775
0.004572560871833857
0.00457182447491984
0.004611457887446509
0.004610258459467015
0.004608868552167515
0.0046260689403342225
0.0046234815804573485
0.004645608596970026
0.004670021545531858
