0.0
0.0
0.0
0.0
0.0
0.0
0.0
0.0
0.0
0.0
0.0
0.0
0.0
0.0
0.0
0.0
0.0
0.0
0.0
0.0
0.0
0.0
0.0
0.0
0.0
0.0
0.0
0.0
0.0
0.0
0.0
0.0
0.0
0.0
0.0
0.0
0.0
0.0
0.0
0.0
0.0
0.0
0.0
0.0
0.0
0.0
0.0
0.0
0.0
0.0
0.0
0.0
0.0
0.0
0.0
0.0
0.0
0.0
0.0
0.0
0.0
0.0
0.0
0.0
0.0
0.0
0.0
0.0
0.0
0.0
0.0
0.0
0.0
0.0
0.0
0.0
0.0
0.0
0.0
0.0
0.0
0.0
0.0
0.0
0.0
0.0
0.0
0.0
0.0
0.0
0.0
0.0
0.0
0.0
0.0
0.0
0.0
0.0
0.0
0.0
0.0
0.0
0.0
0.0
0.0
0.0
0.0
0.0
0.0
0.0
0.0
0.0
0.0
0.0
0.0
0.0
0.0
0.0
0.0
0.0
0.0
0.0
0.0
0.0
0.0
0.0
0.0
0.0
0.0
0.0
0.0
0.0
0.0
0.0
0.0
0.0002503755633450175
0.0002486737400530504
0.00024703557312252963
0.00024543892661376093
0.000243842965130456
0.00024232633279483036
0.0002407704654895666
0.0002392535289895526
0.00023768024084931072
0.00023622047244094488
0.0002346866932644919
0.0004666355576294914
0.00046382189239332097
0.0004609002919035182
0.0006365210306548527
0.000632847306601863
0.0006293107788350198
0.0006260016025641025
0.000622680515081322
0.0006189344424638541
0.0006154149127341653
0.0006119351838253292
0.0006085834611358601
0.0006052682548905674
0.0006018150742639801
0.0005983581053588951
0.000595365673596723
0.0005921925336365359
0.0005889697740711946
0.0007500644586644164
0.0007460772656268215
0.0007421838760552926
0.0007380754682166251
0.0007343154802882187
0.0007302434905638849
0.0007266616708676794
0.0007232128731891427
0.0008770154489644473
0.0008727760993622022
0.0008686936184430339
0.0008644191768069686
0.0008605282319454558
0.0008568415502240972
0.0008525149190110828
0.0008482871125611747
0.0008441558441558443
0.0008401732049376334
0.0008361741815141186
0.0008322130465399143
0.0008284476166199339
0.0008246637909160113
0.0008210180623973728
0.0008174558259447905
0.000813924367643376
0.0008101707590676805
0.0008066517746339044
0.0008028656126482215
0.0007995079950799509
0.0007960320862163984
0.000792489636673982
0.000788739230675889
0.0007852612503775296
0.0007820960173264349
0.0007794232268121591
0.0007762120850250778
0.0007731192387749034
0.0007697317780804075
0.0007668711656441719
0.0007634036056139528
0.0007601005671519618
0.000757090443189098
0.0007542353214202832
0.000750880840986542
0.0007480722752905974
0.0007453273707143677
0.0007420938463294898
0.0007391403229474642
0.0007362936112369733
0.0007333859866862237
0.0007303370786516855
0.0007275983657021325
0.0007247588782962592
0.0007126066596331465
0.000709886786886455
0.0007070707070707071
0.0007042768814253833
0.0007015817479408121
0.0006991737038045946
0.0006965930268324016
0.0006941439492283284
0.000691712032196051
0.0006893341211437576
0.0006868621993862842
0.0006842254922869126
0.0006817537894885961
0.000679371801658726
0.0006768635724331927
0.0006743383602192914
0.0006717615857063094
0.0006696234455170015
0.0006675335934113567
0.0006649395509499136
0.0006628445500404594
0.000772399588053553
0.0007699019658163527
0.0007673026753286614
0.0007647598654022637
0.0007619628162145687
0.0007594167679222357
0.0007566585956416465
0.0007539961797526892
0.000751804330392943
0.0007495877267502874
0.0007471980074719801
0.0007444168734491315
0.0007419131467009595
0.0007394991126010649
0.000737209416621615
0.0007350779182593355
0.0007327080890973036
0.0007304246201791975
0.0007282260413632391
0.0007258298654795316
0.0007235540977280401
0.000721119176962646
0.0007188728074379373
0.0007851943873731824
0.0007829497991011165
0.0007807180071895735
0.0007786464502882414
0.0007761457201782144
0.0007741712598734316
0.0007719166392659746
0.0007697111631537861
0.0007673032326345116
0.000765017146936052
0.0007629925403163402
0.0007609433845773909
0.0007587300121581483
0.0007563553796351698
0.0007541685788588037
0.0007522353443803595
0.000749901128654437
0.0007479215971842952
0.0007460879566572839
0.0007441621760328458
0.0007423133676634445
0.0007398070199132641
0.0007375822860562537
0.0007353379869936161
0.0007333363083284989
0.0007315082721270124
0.000729494976398692
0.0007274927324508979
0.0006961308078355188
0.0006941387103401721
0.0006924315619967794
0.0006905815192793424
0.0006887714239948743
0.0006867314197772842
0.0006851795518085554
0.0006832791621524016
0.0006816544170629774
0.0006800080508352742
0.0006781945400321175
0.0006765067650676507
0.0006746252478142427
0.0006728115843077011
0.0006711790331048771
0.0006695828201752524
0.0006679941815305964
0.0006666666666666668
0.0006648113790970934
0.0006630779151596714
0.0006615199574837067
0.0006598864381478537
0.0006582884500299222
0.0006566434828481391
0.0006550067162422279
0.0006534864121799921
0.0006518922792800243
0.0006505473950596908
0.0006489675516224189
0.0006474485326325012
0.0006456985284080051
0.0006441947565543071
0.0006400587060214441
0.0006385747986659074
0.0006372011851130322
0.0006356532653143853
0.0006342921784098255
0.0006325798783190298
0.0006310796687836643
0.0006295613120538937
0.0006281256251250251
0.000626746506986028
0.0006252489048187974
0.0006903039457296553
0.0006886342308048165
0.0006869997494626634
0.0006858602214235878
0.0006844815807451784
0.0006829472911505237
0.0006814733427510072
0.0006799524946817535
0.0006785709634144753
0.0006767727939934791
0.0006754041405773992
0.0006739363835099021
0.0006725270753462675
0.0006709939984030085
0.0006697002416576688
0.0006685401188230614
0.0006670763872884178
0.0006660274848194312
0.0006646764645846091
0.0006634322751524875
0.0006620412727457558
0.0006607063597742692
0.0006337279902853674
0.0006324080736168442
0.0006310936437155167
0.0006296896798763245
0.0006283392279328769
0.0006271593811025989
0.0006258197489226158
0.0006245792505048995
0.0006232273473652785
0.000621811818147969
0.0006204257532414461
0.0006191376561746933
0.0006180606957809032
0.0006168051708217914
0.0006156228112212925
0.0006670590543456936
0.0006660544842363025
0.0006648578621886535
0.0006635441061670571
0.0006621629846022763
0.0006608357628765793
0.0006595618278592127
0.0007674522763312392
0.0007661168509455622
0.0007643987895009706
0.000762550816675086
0.0007611775440618546
0.0007599184945463263
0.0007585274517545433
0.0007572228791190417
0.000755949825916917
0.0007546002047180366
0.0008302747389801518
0.0008288570310554588
0.0008274735421549826
0.00082615324610857
0.0008244285613190857
0.0008167684685002767
0.0008152716593245228
0.0008140094068522234
0.000812494146295776
0.0008108708098192483
0.0008096221374491071
0.0007849714079405564
0.0007835751488095237
0.0007822927910674697
0.0007810689287535345
0.0007793889775434214
0.0007781472245312643
0.0007767751155366547
0.0007753543162157187
0.0007738587305961237
0.0007723954573062422
0.0007708848019031933
0.0007696436116154522
0.000768091168091168
0.0007666234445733524
0.0007655524130802694
0.0007644063375409706
0.0007632118309157409
0.0007618660065335097
0.0007606021621865619
0.0007591372416511798
0.0007578568617529656
0.0007568611597718187
0.0007545435179890798
0.0007532514046515791
0.000752014124009699
0.0007509065550906554
0.000749752125040384
0.000748401445649152
0.0007472298092509936
0.000745987407998581
0.0007448480421453393
0.000743514958681338
0.0007421866384349014
0.0007409609371559429
0.0007396417188702054
0.0007386432232502495
0.0007374291881704524
0.0008072190319934372
0.0008058704055559194
0.0008046841778155768
0.0008033177676909512
0.0008020082808985101
0.0008007291191979688
0.000799583956315413
0.0007983384176023884
0.0007972259130829309
0.0007960907413999546
0.000794907422367273
0.0007915255148679895
0.0007903525444841767
0.000789132276153409
0.0007880170023233653
0.0007869806034943649
0.0007858210548793508
0.0008059100067159167
0.0008792097756205561
0.0008569362932720932
0.0008559261737126594
0.0008545649246689356
0.0008533977087436207
0.0008519364112971419
0.000850480109739369
0.0008492434778943819
0.0008478231142247047
0.0008464608275572359
0.0008451029117255408
0.0008681537333752226
0.0008668737124990851
0.0008659500903554679
0.0008645683415722838
0.0008623922009748781
0.0008613156909249782
0.0008602418651041017
0.0008578660193771915
0.0008563204108681247
0.0008549394202538974
0.0008540124126108823
0.0008527179740988205
0.0008979230381102427
0.0008967318648320685
0.0008954334945524373
0.0008939188912125312
0.0008926012365393276
0.0008912054780520211
0.0008900593032632106
0.0008887258199311033
0.0008878300090615677
0.0008867465958896448
0.0008849775781500487
0.0008837121705999102
0.0008824503766327141
0.0009522364551950352
0.0009511108801888944
0.0009497866943387525
0.0009486955795680629
0.0010380408919100383
0.0010366637232308875
0.0010131163148144962
0.0010116846281493445
0.0010103479880977403
0.0010093175464984565
0.0010579791400067622
0.0010565863541359458
0.001055291827464909
0.0010538746520124657
0.0010525867575047903
0.0010510829726259217
0.0010495834784011685
0.001048430535115213
0.0010667028069417566
0.0010653447143054535
0.0010640530054991095
0.0010626074947861076
0.0010612911064198562
0.0011285171486638307
0.0011270233472845546
0.00112579806994052
0.0011929218479667504
0.001191348487576396
0.0011896399861747557
0.0012253131146924817
0.0012238462308539395
0.0012709893079690976
0.0012695823223978905
0.0012681046463454007
0.0012663359692271507
0.0012647924189846007
0.0012631793971465287
0.0012615339657544257
0.0012597471421000835
0.00125825592969605
0.001256876979320309
0.0012552840711144762
0.0012539477019407968
0.0012524341863077964
0.0012507807129395398
0.0012494897325311045
0.001247879749769568
0.0012464521330783774
0.0012449566468877447
0.0012435002248681025
0.0012707280557806456
0.001269100215809394
0.0012894202009616155
0.0012881382526877358
0.001286931891126346
0.0012851812114955095
0.0012838349767175996
0.0012823464934428373
0.001346805422731192
0.0013452854549827157
0.0013436931768621217
0.0013422557886707876
0.0013404822148145176
0.00133908929089652
0.0013373615791364651
0.00133590026843417
0.0013344048018849321
0.0013327636510776049
0.0013712562669761768
0.0013695737908671181
0.0013678573417892754
0.0013661071905397674
0.0013648164762487
0.0013634146438188301
0.0013619023851117688
0.001360393477392065
0.0013591135322324963
0.0013574982231698651
0.0013564109948986638
0.0014008925040953513
0.001398789023806244
0.0014572805033919972
0.0014554774343061396
0.0014539000598224863
0.0014527029087604377
0.0014513485186403914
0.0014453119055228359
0.0014393662956881349
0.0014371537825054487
0.0014358193414369508
0.0014937665700347504
0.0014921785828943875
0.0014905533815842591
0.0014888507259590814
0.0014873539870143594
0.0014847136929746572
0.001539212623363792
0.0016089462181434885
0.0016069877507839047
0.0016057281517576673
0.0016041672560007066
0.0016294535149227248
0.0016279166260302408
0.0016262512830110961
0.001625070082014639
0.0016231924483751659
0.0016218850388962619
0.0016200581999230362
0.0016182354717045318
0.001615021906486725
0.0016126622498791395
0.0015935997299220733
0.001592238333388422
0.0015817770411716279
0.0015760709791356033
0.001574434657972088
0.001572843558642187
0.0015713809148461225
0.0015696293291240083
0.0015636290485827838
0.0015626347162342508
0.0015598503054506448
0.001540576752726805
0.0015389087574045857
0.0015372849220585854
0.001535785922398125
0.0015300226482722079
0.0015268601960347114
0.0015206895616828617
0.0015192922360157863
0.0015571600511406956
0.0015557726807432011
0.0015544691768083498
0.001553289761651439
0.0015518687108200147
0.0016115117815345044
0.0016094170424016234
0.0016077810296649903
0.0016059810717312874
0.0016048946789157543
0.0016030178530178538
0.0016015195499046375
0.0015826082302544508
0.0016073778689438445
0.0016054637789603757
0.0016038030545775777
0.0016023527366024275
0.0016607942202181765
0.0016251246955014662
0.001624077633046244
0.0016225304543747356
0.0016211947291672546
0.0016155770416367294
0.0016134345383844546
0.0016548394021640622
0.0016534391534391542
0.0016519989492270076
0.0016503078001772794
0.0016870126807999135
0.0016855905324714407
0.0016842567573864006
0.001682839249786458
0.0016770061486855133
0.001675469295050285
0.0016920586478063595
0.0017456969658834831
0.0017444557705089438
0.0017808720051350321
0.0017796981213470413
0.0017611891092134254
0.0017598963788439605
0.0017586945070757294
0.0017570501612651564
0.001755719163491302
0.00175363798314618
0.0017520913703350394
0.0017508119562810605
0.0017490943081464553
0.001747951080513488
0.0017465460810265011
0.0017266077573260229
0.0017250492126375985
0.0017233207930066807
0.0017217681740430628
0.001720347395624333
0.0017185854491010369
0.0017170842014229341
0.001715371698167719
0.0017138333631869244
0.0017274889278473778
0.0017263286740898684
0.0017205991011195174
0.001719189124205265
0.0017176962171379737
0.001716461199775525
0.0017151429711816184
0.0017136146637891643
0.0017119197357074757
0.0017108198292867282
0.0017096368942275844
0.0017084555939033642
0.001764599057231467
0.0017467826130485044
0.0017438511505181455
0.0017426069828461149
0.0017372671689713684
0.0017357736082405093
0.0017339421741443632
0.001732581752686691
0.0018048531021702652
0.0018018511653139283
0.001800616839516874
0.001799076308352996
0.0017981532542978918
0.001795077167974661
0.0017897850592832418
0.0017879244059564338
0.0017866615014413144
0.0018260555769987897
0.0018771037922302514
0.0018755985696427462
0.0018740047571260546
0.0018724136510323832
0.0018709159379607316
0.0018696923173342039
0.0018518390472118604
0.0018694428894709483
0.0018642390560298127
0.0018629330934570448
0.0019136077024716513
0.0019117159650988073
0.0019101960617849503
0.0019089543009704803
0.001905880798485331
0.0018886606703975427
0.001883430835351833
0.0018818482723509853
0.0018950697681503824
0.001892862185111232
0.001891547067637149
0.0018903242895868652
0.0019087681324523429
0.0019070800472430606
0.0019056224876760355
0.0019037351014053565
0.0019023274163527954
0.0019013750054398522
0.0019001518775177404
0.0018978203416140853
0.0018966915198268246
0.0019114159201186023
0.0019102803625509835
0.0019049616791299484
0.0019036958938238036
0.0019025220270328768
0.0019013496070214323
0.001939335636995735
0.0019516006202081606
0.001945777207130092
0.0019443515945607593
0.0019428821840082255
0.0019420107718582762
0.0019368419554788652
0.0019352896695376003
0.0019341954355029476
0.0019174506000500815
0.0019512534876156263
0.0019495105188906457
0.0019480909279368354
0.0019467190973223548
0.0019415308542683623
0.0019403019508512152
0.0019368276646646474
0.0019353770951121567
0.0019727684348141753
0.0019713393267479207
0.001966295883573663
0.0019646440738987515
0.001998340962241898
0.00199703698771515
0.0019956417592654186
0.0019943877194790673
0.002026378976560387
0.0020249660780967418
0.0020415985027724573
0.0020403188899869324
0.002039514030464255
0.002089834217784873
0.002088044525525693
0.0020865937221867447
0.0020850966752188733
0.002068040110915092
0.002066749647003407
0.002065413088116738
0.0020641258996443174
0.0020628403145530765
0.0020582360737317258
0.002056908026489774
0.0020400878999414424
0.002036425201768659
0.002034926694020215
0.0020870947763268165
0.002084126109339665
0.0020829303424029495
0.0020811154022958365
0.0021291371400204012
0.0021276259381855117
0.0021568697956506283
0.0021556366503424373
0.0021395098215306226
0.0021384343716237594
0.0021374576276716167
0.0021360916841916488
0.0021349709645252313
0.002162779840618417
0.0021617940704084723
0.0021606615449860775
0.0021594810437663343
0.0021581545208518853
0.0021564864010531
0.0022231201028992884
0.002222261872320914
0.002216815837501579
0.0023178765030474058
0.0023162269728297185
0.0023144433227781647
0.002312924143575327
0.0022959638808746604
0.0022949258521290966
0.002290019391625843
0.0022738776329562227
0.002323762812129131
0.0023221906129373246
0.002319536264490392
0.002350467923019681
0.0023489333296168357
0.0023626124991919374
0.0023613373355879028
0.0023937244291465268
0.002407085350349354
0.0024398997253638225
0.0024560972395838887
0.002522218698128634
0.0025206359167227843
0.0025191679688263842
0.002532852455614225
0.0025314922609679935
0.0025299072124806143
0.0025284936669703333
0.002558983582413927
0.0025552997563175668
0.002524299624067604
0.002522948768043308
0.002521206050696457
0.002518822578962905
0.002513710441136976
0.0025119768862955877
0.0025103573369469312
0.002546108919017391
0.002544582271431038
0.002584033406194464
0.002582657578664322
0.002614716566864159
0.0025980900606972523
0.0025814299562140655
0.002628357820920901
0.0026270785883192403
0.0026259167296715383
0.0026250460098858524
0.002605357454116816
0.0026040341198682255
0.002602482354849434
0.0026015062660696506
0.0025994518000956946
0.0026228663932823153
0.002621248659533127
0.0026196329201282416
0.002617772888399951
0.0026167365570902122
0.0026115775950919045
0.0026104300020018257
0.0026087677823400106
0.002607107678203965
0.002604159051810264
0.0026013278194243514
0.0026099208783931364
0.0026084919122741326
0.0026065510276036584
0.002604897848096168
0.0026030191928305873
0.002601540947651949
0.0026000643805005387
0.0025990431231882774
0.002597229534144861
0.002596210502132859
0.002594796505737205
0.002593214657225107
0.0025918039213654485
0.0025902820496357093
0.0025889870493717897
0.00257360080267014
0.0025712562259793525
0.002569526468747405
0.002568244603642833
0.00255228983849651
0.002563629092517114
0.0025609088834448257
0.002559689561377653
0.0025297930241142776
0.002528152254668306
0.0025197689638532415
0.002568915334045576
0.0025676952101822558
0.0025666423991808646
0.002565060642099851
0.002563788866576164
0.002575335065531987
0.002624024268225636
0.002621951571721294
0.00262037255842908
0.002619020631402933
0.002617951344770863
0.002616433333296144
0.0026145944615805494
0.002613416337265708
0.002644523601541445
0.0026427664430022147
0.0026270694458355114
0.0026256632422995752
0.0026245955340210955
0.0026233042062934874
0.002622070211712922
0.0026211174653016215
0.0026696775206677134
0.0026989146199959072
0.002683361826267749
0.002667767386197419
0.0026814915359113884
0.0026514482576122014
0.0026499797492895633
0.0026306590312806764
0.0026286063214737976
0.0026564081121328467
0.002655165902838392
0.00265284663631525
0.002651945035861088
0.002713643784655353
0.0027121467924760855
0.002723663693505904
0.0027218742020683378
0.002716714135388258
0.0027156784733504964
0.00271429881831863
0.002713035365427298
0.0027328636483566044
0.0027315350245448095
0.0027305538282591047
0.0027289392760102716
0.002726552612558817
0.002725229434306531
0.0027241373422800443
0.002723160948967399
0.00272161164442598
0.0027171263669136174
0.0027607838655084723
0.0027595056710339326
0.002773654266081694
0.0028040859523859574
0.002802506908309887
0.0028015059288695717
0.0027998000249968742
0.0027983898128077426
0.002842489152062906
0.0028241199807874165
0.0028230543868317686
0.0028180838645954923
0.0028165496033407916
0.00281537053870443
0.002812562263399083
0.002811503538217328
0.0028416839372564944
0.0028399185652194675
0.0028876501616877195
0.002902330991901928
0.002901058996100318
0.00293437233049248
0.0029330874986720355
0.0029919849127769903
0.0030156150632430377
0.0029985870454376415
0.0029975883694582277
0.003043503246370434
0.003041857664728709
0.003036686678661985
0.0030595853820413964
0.0030546072217064457
0.0030395031640284096
0.0030346585268273872
0.0030640594270549474
0.0030628528794369903
0.003086878252077629
0.00308559990928766
0.003084119887398575
0.003120775745537807
0.003119549406079156
0.0031459543647101786
0.003130812151270923
0.003129777300334669
0.0031282263060086715
0.003123430544949192
0.00312239943329138
0.003117609855359401
0.003116709963850287
0.003126324713861806
0.003125229904506864
0.003124328872387935
0.003107970094014882
0.003123772294639489
0.003122615889207831
0.003121396167529139
0.003174228057093538
0.00317298916855212
0.0032198619842622564
0.0032180116787607817
0.0032151917529479237
0.0032090885034473946
0.0032069881218324647
0.0032019973526006273
0.0032004894504894517
0.003199375826634972
0.003198132104957542
0.0031929582662666533
0.0031913920349753333
0.003190153191174726
0.003185057464557527
0.0031823311724101734
0.0031872190577247107
0.0031863737967493663
0.0032053354773119874
0.0032756356308550703
0.0033460945005677036
0.0033890749854243248
0.003387280838261231
0.0034362457608473366
0.0034216319498946786
0.0034201705170037603
0.003418432342850949
0.003417009470780124
0.003415690644503517
0.0034009046903495195
0.00339830882011785
0.0034521804745190235
0.0034504303019066173
0.003449171276051472
0.003460466695999198
0.0034433970452927808
0.0034406530964817407
0.003473340600179841
0.0035434899054709707
0.0035422715956642562
0.0035570576425899463
0.003555282198178325
0.003540232539121317
0.0035342329527695
0.003533376601524003
0.003565445796055117
0.003563575794427267
0.003562210494780265
0.0036274047684647865
0.003625197996872994
0.0036249931245499
0.0036236060563922833
0.0036220742155197447
0.0036205436692387637
0.003619451213593475
0.0036383960491103377
0.003637006427124427
0.003631302375626724
0.0036391986883059233
0.003624280201272776
0.003622752841110894
0.003621662657493018
0.003633506396856912
0.0036320497021681726
0.003631030710648356
0.003728328561538349
0.0037235719944203505
0.0037188934966712775
0.0037280781167112996
0.0037270339206958956
0.003725319725079762
0.003735823924921815
0.0037343309987024923
0.0037326156079900866
0.0037297943067557786
0.0037287521320732266
0.0037239392338745967
0.0037224539358393883
0.0037195666997321564
0.003717713956805412
0.003716307106137617
0.003707895808706035
0.003732952530039273
0.0037283140243332845
0.0037256536620163976
0.003723284265645697
0.0037202587947522425
0.0037013509895505387
0.0036972334172771
0.0036959125312339704
0.00369143225846732
0.003717882745790001
0.0037279349429938245
0.0037455395252196893
0.0037447232448619325
0.0037398652221902065
0.0037386805724395574
0.003793347075555667
0.0037919212591312956
0.0037983203525815447
0.0037941235180869
0.003792848560589223
0.003791414139001384
0.0038446413942710258
0.0038696029839919437
0.003854992642446752
0.0038406205964120663
0.0038394841612248375
0.0038486384397527964
0.003844290532314192
0.003843457057151478
0.003825750279161902
0.0038206607900533713
0.00384310948028233
0.0038838826971417588
0.003882965515357528
0.0038782355509349286
0.0038623658911547554
0.003897391372571748
0.003894677160019379
0.003920570143316169
0.003933583869964645
0.003917145461133215
0.003915608300884762
0.00391437944103591
0.003959215319375341
0.003958439063528863
0.003970186642027651
0.0039677912412310395
0.003971537835681686
0.0039702935708418405
0.003968133474212057
0.0039635515935958245
0.003959592475842698
0.003958817862215951
0.003957236780096607
0.003955921466577238
0.0039544524446312795
0.003979423057560577
0.003975312092131786
0.003994066913988791
0.004047982336865153
0.00405631898137168
0.004047995981119921
0.004046653912088034
0.0040460226580654015
0.004057835292362282
0.004042970855785074
0.0040555839234999985
0.004051626640251495
0.004050600971910341
0.004108300138439152
0.004128716475428821
0.0041255653974329185
0.004124120843633751
0.004119516442556269
0.004115155077478652
0.004142134545057828
0.004137608346293861
0.0041357600517016304
0.004134475255164911
0.0041300364307410254
0.0041152590161165695
0.0041139819273183645
0.0041123866805358915
0.004111270743694375
0.004109509492604482
0.004108531175719645
0.0040938703764529715
0.0040929984801114936
0.004075759153861472
0.004074654975442561
0.004072261679969018
0.004111714152325253
0.004131775905033967
0.004158441932182196
0.004199184110683406
0.004197886238568527
0.004196346057080619
0.004230042605300815
0.0042354147735140565
0.00423443405073538
0.004265112783302669
0.004262346900218093
0.004260950136771793
0.004258269618426863
0.0042541561874959435
0.004252599509128283
0.004251207656994994
0.004248697171554975
0.0042797871173025125
0.004278469854416301
0.0042758713508713525
0.004286585469050382
0.004259311491677436
0.004247114288231763
0.004246216843946257
0.0042446676059088705
0.004242491285323472
0.004241351290352271
0.004238455732324826
0.004236038462063365
0.004233622489889154
0.004291677407977881
0.004288836912406686
0.00434017888749729
0.004326078522994529
0.004329271009024343
0.004347028723823671
0.0043737177889822485
0.004372462272335968
0.004371458377887033
0.0043698470517825995
0.004388301552836006
0.004387294773013159
0.004386036947676858
0.0043843609687132835
0.004423300093640471
0.004422455372058155
0.004403699504799289
0.004401430466295642
0.0043984794490317105
0.004396857952144398
0.004392506709475252
0.004388325078062413
0.004386819936076797
0.0043858170815611955
0.004384647663987169
0.004383645802302264
0.004378837050167719
0.004376234986081598
0.004375152563379129
0.004373821085661315
0.0043695103668290455
0.004425381599811259
0.0044244563332776835
0.004423447392776394
0.004461425907164404
0.004482626250019082
0.004481009202387596
0.0044787230557512625
0.004477618142576867
0.004512818290922834
0.004515617581299244
0.004514590059094762
0.0045130496522808
0.004510845346152841
0.004560260361446461
0.00455948285290737
0.004557875813770365
0.0045435961903844
0.004540958565127235
0.004581468830759276
0.004580428809080771
0.004590550387475035
0.0045860970261106405
0.004569476153403408
0.004584190089019135
0.004582804221443806
0.0045913840260680735
0.004588391025460236
0.004613162150919373
0.0046114966785911395
0.00459613044188516
0.00460336010237923
0.004602144762531729
0.004615662795809855
0.00464249124503964
0.004684618105973195
0.004722537513552771
0.00472164814678939
0.004719411797104004
0.004717898243406527
0.0047167439197815806
0.004763347247447053
0.0047933556459864345
0.004816633707852606
0.0048404371369416615
0.004839072300724997
0.004846215895568451
0.004831961278286522
0.0048304049163300925
0.004836913986243667
0.004829657619741911
0.0048284792565224995
0.0047960289910754334
0.004794859403454739
0.004774251598613942
0.004772641234841709
0.004769871470435703
0.0047677714842495255
0.004766521085224021
0.004760455490420094
0.004746145279689574
0.0047556417957818386
0.004754662609278514
0.004772666103422955
0.004793839984413298
0.004792674189104968
0.0047970278984416715
0.004766749343570314
0.0047646821867790195
0.00479101267507439
0.004789938898373839
0.00478905843201232
0.004787274291107602
0.004784868340076336
0.004780152862515684
0.004779261042951782
0.004777747781549752
0.004776500420872784
0.004791767081489169
0.004778268826691417
0.0047866825730631685
0.004806556105076968
0.004804418529570811
0.00480361306477253
0.004777174108915112
0.004772649912918459
0.004768392683881833
0.004791979034243216
0.00478940342618496
0.004781866700278596
0.004779204238699619
