43558
43512
43476
43439
43404
43380
43361
43339
43307
43274
43238
43216
43181
43156
43129
43098
43057
43032
42990
42962
42909
42879
42851
42821
42792
42755
42709
42683
42656
42625
42592
42569
42541
42504
42461
42439
42388
42325
42304
42277
42246
42218
42187
42145
42111
42086
42046
42016
41992
41960
41922
41891
41857
41829
41812
41792
41755
41716
41686
41661
41628
41605
41577
41552
41522
41500
41455
41423
41396
41366
41327
41301
41282
41255
41229
41202
41174
41138
41122
41086
41056
41030
40997
40970
40947
40912
40875
40848
40819
40775
40751
40721
40683
40647
40620
40580
40550
40514
40485
40454
40431
40414
40393
40363
40325
40295
40273
40246
40213
40171
40137
40106
40075
40037
40014
39991
39964
39940
39894
39862
39843
39811
39784
39747
39715
39690
39648
39622
39585
39550
39523
39499
39475
39440
39413
39366
39344
39295
39268
39223
39203
39171
39141
39120
39083
39062
39039
39011
38988
38960
38931
38912
38885
38827
38785
38760
38726
38685
38666
38616
38596
38556
38526
38494
38452
38389
38358
38320
38284
38257
38206
38168
38141
38071
38041
38007
37981
37947
37903
37872
37818
37773
37743
37713
37690
37664
37633
37599
37564
37523
37488
37450
37419
37368
37343
37311
37286
37252
37218
37190
37165
37114
37087
37061
37038
37019
36972
36935
36894
36863
36831
36801
36768
36742
36683
36650
36607
36571
36522
36494
36460
36412
36380
36340
36283
36253
36230
36175
36126
36067
36037
36009
35946
35924
35886
35858
35836
35807
35777
35755
35717
35676
35642
35614
35583
35540
35502
35468
35423
35370
35335
35319
35292
35248
35211
35181
35146
35122
35097
35062
35028
34984
34957
34911
34891
34860
34826
34797
34770
34738
34674
34644
34585
34538
34511
34452
34403
34379
34348
34296
34265
34236
34206
34160
34125
34106
34083
34043
34011
33970
33921
33865
33842
33765
33729
33669
33644
33586
33558
33511
33465
33430
33369
33338
33305
33273
33221
33178
33146
33113
33057
33007
32969
32914
32868
32832
32811
32787
32743
32706
32670
32618
32588
32562
32518
32488
32462
32438
32395
32348
32303
32254
32218
32187
32125
32094
32065
32021
32000
31965
31926
31889
31852
31804
31785
31749
31698
31668
31640
31601
31568
31543
31502
31467
31437
31412
31383
31359
31336
31297
31251
31219
31162
31134
31089
31049
31015
30991
30948
30865
30844
30793
30760
30729
30703
30636
30560
30522
30461
30411
30352
30320
30283
30250
30229
30197
30162
30125
30075
30039
30006
29948
29913
29869
29813
29770
29728
29673
29638
29609
29529
29507
29451
29425
29371
29339
29289
29236
29216
29162
29057
29013
28979
28947
28907
28879
28850
28812
28777
28728
28655
28611
28572
28537
28501
28466
28432
28374
28330
28287
28238
28206
28159
28114
28067
28017
27975
27916
27882
27832
27794
27755
27717
27678
27655
27625
27581
27553
27525
27497
27461
27416
27367
27326
27283
27218
27186
27149
27100
27071
27042
27020
26964
26936
26896
26843
26797
26768
26730
26689
26661
26618
26569
26508
26460
26429
26394
26371
26335
26302
26246
26213
26148
26095
26055
26014
25981
25948
25908
25856
25821
25766
25700
25651
25596
25556
25525
25479
25441
25402
25377
25335
25258
25204
25171
25137
25080
25040
24963
24922
24897
24867
24838
24788
24755
24707
24662
24624
24587
24511
24475
24448
24405
24376
24328
24275
24245
24202
24171
24063
24034
23995
23940
23899
23863
23814
23785
23737
23703
23644
23599
23551
23498
23459
23427
23380
23354
23316
23292
23266
23218
23184
23138
23101
23073
23027
22971
22912
22886
22838
22781
22723
22697
22640
22580
22560
22535
22511
22448
22413
22366
22347
22320
22258
22209
22178
22140
22092
22040
21982
21956
21897
21853
21796
21758
21716
21668
21628
21544
21484
21464
21427
21361
21320
21291
21249
21193
21167
21126
21077
21040
21017
20996
20943
20893
20847
20797
20731
20656
20624
20599
20551
20517
20473
20446
20427
20344
20307
20265
20235
20209
20180
20131
20069
20035
19979
19894
19864
19838
19789
19761
19729
19686
19618
19586
19538
19501
19470
19387
19343
19299
19274
19230
19197
19163
19107
19034
18985
18921
18903
18858
18816
18746
18714
18683
18657
18626
18583
18547
18497
18448
18385
18347
18296
18264
18228
18200
18128
18103
18051
18002
17932
17902
17850
17822
17783
17752
17705
17654
17627
17577
17524
17497
17457
17435
17388
17371
17257
17208
17180
17130
17088
17045
16998
16931
16841
16805
16780
16734
16656
16613
16556
16502
16480
16434
16398
16363
16280
16212
16187
16157
15967
15923
15890
15817
15798
15708
15670
15637
15526
15436
15382
15345
15311
15278
15220
15162
15128
15096
15011
14972
14929
14885
14862
14824
14747
14703
14663
14635
14594
14554
14410
14357
14321
14266
14211
14165
14132
14102
14050
14010
13984
13960
13913
13858
13813
13788
13752
13694
13617
13542
13526
13489
13455
13319
13287
13108
13036
13024
12998
12965
12901
12878
12803
12734
12684
12591
12563
12444
12399
12351
12285
12252
12211
12157
12060
11989
11947
11926
11840
11787
11754
11724
11703
11654
11628
11604
11583
11536
11508
11464
11360
11318
11294
11134
11065
11011
10981
10928
10899
10822
10771
10738
10679
10662
10638
10583
10545
10516
10472
10427
10391
10346
10293
10262
10188
10157
10074
10053
10007
9946
9900
9835
9820
9774
9712
9551
9520
9482
9430
9390
9347
9276
9215
9189
9108
9093
9060
8998
8952
8915
8886
8850
8834
8728
8582
8540
8525
8486
8474
8428
8397
8341
8275
8150
8120
8077
8046
8031
8007
7984
7946
7819
7806
7753
7715
7704
7592
7506
7493
7412
7376
7141
7071
6983
6972
6930
6853
6785
6754
6736
6726
6634
6615
6579
6562
6514
6486
6443
6429
6397
6370
6342
6243
6131
6125
6105
6043
6007
5958
5932
5916
5896
5737
5689
5654
5595
5474
5450
5411
5375
5219
5184
5157
5114
5072
5030
4979
4914
4910
4876
4861
4835
4758
4735
4718
4624
4545
4046
3898
3797
3788
3769
3753
3745
3727
3697
3689
3519
3505
3482
3460
3450
3206
3130
3112
3065
3046
3020
2972
2959
2943
2917
2907
2471
2410
2312
2297
2279
2225
2216
2212
2197
2197
2191
2182
1829
1828
1761
1736
1722
1718
1711
1707
1697
1696
1688
1686
1682
1678
1661
1655
1568
1565
1530
1525
1486
1483
1439
1421
1418
1234
1141
1136
758
753
745
735
731
731
730
728
722
722
721
713
705
704
696
682
681
669
661
660
658
658
655
653
652
651
650
645
645
595
580
573
567
567
567
567
550
545
543
540
539
538
535
532
520
519
518
514
508
507
475
475
474
474
442
426
426
426
421
414
405
404
404
394
394
394
389
382
382
380
376
376
370
370
368
365
365
365
365
364
352
352
335
335
330
330
328
328
296
294
294
294
293
293
292
292
292
286
274
274
236
234
151
150
149
148
148
148
147
147
147
146
146
79
79
76
76
76
76
76
76
76
76
76
76
76
76
76
76
76
76
76
76
76
75
74
74
74
74
73
72
72
72
72
72
72
72
72
72
72
70
69
69
69
69
69
69
69
69
69
69
69
69
69
69
68
68
68
68
68
68
68
68
68
68
66
61
61
60
60
60
60
60
60
59
58
58
58
58
58
57
57
57
52
52
50
50
50
50
50
50
50
48
48
48
48
48
47
47
47
47
45
45
33
33
33
33
33
32
32
32
30
30
30
29
29
29
27
27
27
27
26
21
21
21
21
21
21
21
21
20
20
20
20
20
20
20
20
20
20
20
20
20
20
20
19
19
19
19
19
19
19
19
19
19
19
19
19
18
18
18
14
14
13
13
13
13
13
13
13
13
13
13
13
13
13
13
13
11
11
11
11
11
11
11
11
11
11
10
10
10
10
10
10
10
10
10
9
8
8
8
8
8
6
6
6
6
5
5
5
5
5
4
4
4
4
4
2
43487
43468
43447
43425
43410
43383
43361
43325
43269
43216
43181
43148
43116
43044
43014
42996
42973
42943
42917
42886
42843
42819
42780
42742
42715
42685
42658
42639
42613
42592
42570
42549
42527
42477
42430
42404
42380
42351
42312
42281
42234
42212
42181
42136
42109
42085
42054
42029
42002
41967
41932
41916
41876
41844
41811
41775
41751
41731
41703
41659
41618
41585
41563
41535
41514
41484
41446
41419
41382
41345
41322
41289
41265
41230
41193
41171
41146
41081
41055
41027
40993
40953
40925
40878
40846
40809
40777
40756
40731
40693
40677
40646
40596
40554
40528
40496
40450
40426
40385
40363
40313
40271
40227
40196
40159
40134
40091
40055
40019
39977
39952
39929
39900
39846
39827
39789
39767
39706
39659
39640
39600
39579
39558
39520
39494
39470
39440
39419
39394
39347
39325
39291
39262
39234
39198
39156
39117
39088
39056
39016
38975
38940
38896
38869
38834
38809
38752
38720
38693
38653
38612
38581
38552
38524
38501
38459
38432
38387
38357
38318
38283
38259
38235
38203
38157
38126
38088
38057
38035
37978
37936
37894
37872
37845
37816
37781
37748
37710
37663
37624
37610
37581
37558
37523
37482
37441
37407
37375
37340
37315
37266
37229
37180
37159
37113
37085
37047
37014
36979
36936
36892
36873
36833
36794
36776
36748
36726
36683
36659
36622
36584
36534
36509
36445
36410
36348
36298
36258
36233
36196
36150
36120
36078
36041
36000
35968
35938
35901
35872
35830
35799
35779
35748
35686
35660
35637
35603
35572
35538
35484
35446
35405
35377
35348
35304
35261
35219
35188
35153
35119
35084
35031
35004
34934
34894
34865
34839
34789
34742
34702
34663
34617
34592
34563
34533
34492
34442
34411
34377
34357
34314
34271
34241
34215
34176
34136
34090
34032
33999
33964
33926
33895
33859
33821
33798
33763
33737
33707
33652
33614
33582
33538
33511
33483
33450
33415
33376
33329
33294
33274
33221
33184
33152
33118
33080
33035
32988
32957
32936
32907
32852
32831
32795
32727
32678
32651
32615
32582
32554
32520
32489
32458
32419
32402
32380
32322
32282
32245
32216
32174
32136
32118
32100
32072
32034
31984
31934
31896
31865
31836
31797
31760
31644
31599
31542
31514
31475
31445
31406
31380
31366
31297
31268
31222
31197
31166
31133
31099
31055
31029
30997
30943
30909
30877
30843
30798
30753
30715
30678
30651
30602
30542
30495
30427
30389
30351
30299
30273
30238
30185
30150
30117
30083
30037
30012
29968
29913
29891
29844
29797
29750
29708
29667
29647
29611
29574
29540
29507
29474
29426
29391
29358
29324
29292
29268
29237
29194
29156
29133
29098
29067
29029
28990
28955
28934
28872
28844
28814
28757
28730
28676
28649
28624
28592
28561
28537
28479
28440
28380
28353
28243
28159
28112
28089
28038
28012
27969
27938
27914
27879
27845
27822
27791
27762
27731
27696
27675
27649
27618
27556
27517
27480
27416
27395
27347
27308
27268
27231
27181
27119
27063
27023
26981
26921
26779
26719
26689
26645
26597
26564
26525
26467
26426
26404
26359
26330
26269
26203
26163
26133
26090
26039
26002
25954
25908
25878
25822
25786
25757
25709
25670
25613
25566
25514
25484
25446
25405
25368
25337
25284
25227
25194
25145
25100
25083
25047
24994
24968
24946
24908
24840
24801
24778
24753
24712
24659
24596
24561
24496
24474
24407
24372
24342
24299
24265
24226
24187
24119
24100
24075
24045
23995
23933
23904
23880
23825
23784
23727
23698
23641
23614
23570
23548
23526
23488
23442
23400
23366
23345
23321
23286
23246
23205
23171
23145
23083
22990
22944
22920
22863
22790
22744
22704
22661
22639
22611
22567
22505
22457
22434
22388
22315
22269
22226
22142
22083
22039
21981
21947
21896
21855
21814
21754
21729
21676
21638
21614
21580
21535
21505
21470
21365
21333
21296
21236
21201
21105
21055
21004
20968
20934
20891
20859
20833
20800
20764
20685
20647
20593
20548
20508
20468
20418
20356
20313
20261
20214
20185
20158
20107
20061
20019
19981
19948
19928
19856
19820
19744
19707
19685
19633
19564
19529
19499
19473
19445
19406
19370
19335
19302
19271
19212
19166
19097
19061
19005
18979
18957
18922
18870
18821
18780
18669
18632
18602
18515
18467
18358
18310
18273
18193
18093
18044
17978
17927
17895
17841
17788
17753
17691
17639
17602
17576
17525
17499
17441
17407
17349
17319
17285
17231
17169
17144
17103
17067
17054
17028
16981
16947
16910
16875
16791
16754
16708
16679
16644
16607
16566
16500
16454
16351
16323
16263
16208
16184
16136
16077
16048
16011
15945
15918
15885
15835
15696
15668
15631
15588
15526
15473
15418
15356
15308
15270
15241
15222
15188
15125
15088
15039
14993
14957
14906
14854
14821
14765
14714
14663
14633
14597
14566
14539
14475
14363
14290
14253
14224
14198
14137
14101
14058
13917
13817
13795
13739
13643
13552
13514
13340
13308
13264
13232
13192
13132
13066
13002
12938
12832
12750
12722
12701
12654
12518
12488
12415
12387
12371
12347
12326
12247
12212
12122
12057
12041
12007
11985
11962
11893
11849
11806
11732
11698
11686
11665
11639
11589
11562
11528
11505
11420
11399
11361
11222
11194
11143
11093
11021
10997
10959
10869
10848
10823
10808
10631
10604
10539
10502
10443
10272
10224
10127
10108
10048
10023
9949
9933
9889
9860
9831
9599
9547
9511
9459
9416
9390
9359
9316
9126
9034
8981
8943
8828
8741
8677
8622
8585
8570
8554
8543
8486
8332
8292
8235
8169
8135
8093
8044
7989
7973
7877
7857
7845
7751
7693
7662
7633
7587
7565
7519
7482
7326
7243
7217
7125
7097
7074
7068
7017
6969
6926
6915
6892
6858
6830
6784
6701
6672
6605
6557
6533
6482
6442
6425
6419
6385
6364
6253
6242
6218
6153
6125
6109
6078
6076
6066
6058
6045
6005
5970
5913
5862
5842
5783
5768
5730
5700
5671
5586
5578
5561
5527
5501
5436
5381
5372
5356
5299
5291
5284
5146
5129
5109
5071
5055
5032
5010
4950
4786
4766
4725
4648
4638
4624
4573
4567
4547
4541
4496
4462
4308
4225
4221
4194
4142
4088
4039
3963
3948
3928
3910
3861
3813
3781
3767
3761
3679
3674
3666
3620
3606
3602
3576
3569
3525
3411
3338
3305
3293
3277
3107
3073
3026
3020
3009
3000
2986
2981
2901
2777
2775
2772
2744
2738
2694
2673
2569
2553
2395
2387
2361
2345
2344
2297
2218
2200
2155
2135
2131
2079
2071
2048
2029
1900
1888
1885
1873
1849
1846
1837
1398
1363
1358
1323
1322
1300
1288
1287
1286
1084
1075
1027
1001
987
985
980
975
974
971
958
956
954
936
927
904
862
857
854
853
848
775
772
772
772
763
761
761
754
750
748
747
740
730
727
716
715
708
580
486
484
470
469
371
368
368
368
347
345
345
345
344
342
240
240
239
233
232
232
232
232
230
221
209
208
208
207
207
201
201
192
192
192
191
186
186
186
185
185
185
183
183
183
183
182
182
178
151
151
150
150
150
150
150
149
149
149
149
149
106
106
105
104
104
98
98
98
91
91
91
91
90
90
90
90
90
90
90
90
90
82
82
82
82
77
77
77
70
69
69
69
69
69
69
69
69
65
64
61
60
60
60
60
60
60
60
60
60
60
60
53
53
53
51
50
50
50
49
49
49
49
49
49
49
49
49
49
48
48
46
46
46
45
45
45
45
45
45
45
45
45
45
45
45
45
44
43
43
43
43
43
43
43
42
41
41
41
41
41
40
40
37
36
36
35
35
35
35
35
34
33
33
33
33
33
33
33
33
33
32
32
32
32
32
32
32
32
32
32
32
31
30
30
30
30
29
29
29
28
28
23
23
23
23
22
22
22
22
22
22
22
22
22
22
22
22
22
19
18
18
18
18
18
18
18
18
18
18
18
18
18
18
18
18
18
17
17
17
17
17
17
17
17
17
10
10
10
10
10
10
10
10
10
10
10
8
8
8
8
7
5
4
3
3
2
