2
2
3
3
3
3
3
3
3
3
3
3
3
3
3
3
4
4
4
4
4
4
4
4
4
5
5
5
5
5
5
5
5
5
5
5
5
5
5
5
5
5
5
5
5
5
5
5
5
5
5
5
5
5
5
5
6
6
6
7
7
7
7
7
7
7
7
7
7
7
7
7
7
7
8
8
8
8
8
8
8
8
8
8
8
8
8
8
8
8
8
8
8
8
8
8
8
8
8
8
8
8
8
8
8
8
8
8
8
8
8
8
8
8
8
8
8
8
8
8
8
8
8
8
8
8
8
9
9
9
9
9
9
9
9
9
9
9
9
9
9
10
10
10
10
10
10
10
10
10
10
10
11
11
11
13
13
13
13
13
13
13
13
13
13
13
13
13
13
13
14
14
14
14
14
14
14
14
14
14
14
14
15
15
15
15
15
15
15
15
15
15
15
15
15
15
15
15
15
16
16
16
16
16
16
16
16
16
16
16
16
16
16
16
16
16
16
16
16
18
18
18
18
18
18
18
18
18
18
18
18
18
18
18
18
18
18
18
18
18
18
18
18
18
18
18
18
20
20
20
20
20
20
20
20
20
20
20
20
21
21
21
21
21
21
22
22
22
22
22
22
22
22
22
22
22
22
25
25
25
25
25
25
25
25
25
26
26
26
26
26
26
26
26
26
26
26
26
26
26
26
26
26
26
26
26
26
26
26
26
26
26
26
26
26
26
26
26
29
29
29
29
29
29
29
29
31
31
31
31
31
31
31
31
31
31
31
31
31
31
31
31
31
31
31
31
31
31
31
31
31
31
31
31
31
31
31
31
31
31
31
33
33
33
33
42
42
42
42
42
42
44
44
45
45
45
45
46
46
46
46
46
46
46
46
46
46
46
46
46
46
46
48
48
48
65
65
65
65
86
86
86
86
86
86
86
86
86
86
86
87
87
87
88
88
88
88
88
88
88
91
91
91
91
91
91
96
96
96
96
97
97
97
97
97
97
98
98
98
98
98
98
98
98
98
98
98
98
98
99
99
99
99
99
99
99
99
103
103
103
103
105
105
105
105
105
105
105
105
105
105
105
105
108
108
108
108
108
109
109
109
109
112
112
112
112
112
112
117
118
119
119
119
119
119
119
119
119
119
119
119
119
119
119
119
119
121
126
126
127
127
127
127
127
128
129
129
129
129
129
129
129
129
136
141
141
141
141
212
270
270
270
271
271
271
271
271
271
271
272
273
280
280
313
314
314
314
320
321
321
336
336
337
337
337
337
337
337
337
339
339
340
341
536
536
537
538
538
540
660
661
677
677
678
679
679
719
719
720
720
725
726
726
727
732
747
749
782
784
787
788
788
893
900
903
903
943
944
1682
1690
1697
1814
1877
1879
1882
1892
1896
2029
2061
2067
2067
2140
2144
2154
2170
2170
2172
2521
4346
4357
4603
4628
4650
4773
4870
4892
4987
5133
5145
5197
5200
5238
5258
5362
5424
5509
5733
5785
6097
6109
6117
6164
6175
6244
6418
6460
6492
6579
6603
6682
6693
6831
6988
7063
7335
7456
7526
7579
7609
7660
7720
7821
7842
7972
8041
8445
8484
8511
8558
8563
8603
8680
9059
9542
9588
9640
9680
9689
9745
9781
9827
9887
9920
9987
10042
10117
10171
10244
10373
10401
10478
10675
10824
10953
10990
11079
11181
11353
11393
11439
11658
11765
11811
11994
12021
12078
12308
12363
12409
12491
12563
12588
12651
12756
13015
13147
13259
13328
13352
13385
13670
13786
13831
13879
13949
14032
14140
14381
14424
14465
14563
14652
14700
14806
14859
14900
14951
15030
15103
15213
15339
15391
15430
15499
15555
15652
15742
15789
15995
16154
16255
16304
16458
16562
16602
16668
16845
16891
16943
16992
17024
17152
17260
17342
17449
17490
17676
17838
17886
17932
18030
18175
18227
18261
18361
18450
18595
18629
18689
18765
18829
18884
18926
18967
19001
19053
19089
19135
19206
19257
19332
19437
19493
19567
19598
19680
19764
19816
19884
19959
20049
20122
20161
20244
20299
20440
20491
20675
20727
20806
20939
21021
21071
21156
21194
21338
21393
21467
21556
21601
21716
21743
21786
21853
21918
21977
22031
22124
22233
22302
22350
22407
22426
22479
22536
22577
22645
22702
22769
22818
22856
22890
22984
23066
23119
23153
23189
23252
23293
23439
23486
23536
23562
23662
23748
23798
23855
23930
23980
24107
24171
24217
24305
24339
24408
24473
24552
24685
24734
24834
24893
24983
25037
25112
25143
25222
25266
25311
25380
25457
25538
25578
25617
25650
25704
25743
25815
25869
25946
26053
26108
26194
26243
26295
26343
26425
26522
26561
26637
26698
26741
26779
26834
26881
26958
27050
27097
27191
27233
27263
27308
27384
27414
27445
27501
27536
27579
27624
27660
27775
27831
27880
27927
28010
28100
28121
28180
28208
28263
28339
28395
28434
28516
28555
28657
28715
28766
28801
28839
28896
28983
29021
29056
29091
29122
29196
29233
29275
29307
29341
29390
29458
29533
29591
29649
29685
29743
29772
29818
29855
29904
29979
30029
30069
30128
30183
30235
30296
30335
30366
30463
30491
30575
30619
30658
30719
30766
30788
30826
30861
30880
30912
30977
31013
31039
31075
31124
31191
31237
31289
31331
31425
31476
31489
31508
31541
31639
31669
31699
31742
31774
31839
31868
31909
31947
31997
32025
32065
32114
32164
32213
32251
32292
32339
32407
32444
32510
32557
32597
32629
32667
32701
32737
32778
32819
32846
32905
32956
33000
33027
33066
33146
33182
33225
33295
33337
33387
33430
33471
33539
33613
33634
33668
33702
33726
33754
33782
33841
33904
33947
34011
34044
34077
34097
34127
34186
34228
34254
34309
34340
34387
34443
34471
34546
34620
34641
34676
34741
34789
34838
34859
34891
34943
34975
35048
35091
35150
35215
35320
35348
35384
35420
35473
35515
35551
35600
35631
35662
35712
35745
35787
35825
35865
35925
35980
36016
36046
36088
36133
36184
36221
36265
36290
36321
36369
36408
36443
36473
36514
36555
36591
36623
36649
36691
36741
36760
36807
36850
36887
36942
36992
37035
37063
37117
37159
37200
37248
37282
37319
37340
37366
37407
37440
37471
37511
37535
37557
37588
37616
37649
37679
37703
37750
37781
37818
37847
37867
37900
37948
37964
37993
38052
38079
38114
38145
38179
38217
38279
38311
38354
38393
38427
38474
38517
38556
38586
38616
38668
38696
38767
38800
38844
38871
38900
38951
38984
39023
39066
39093
39112
39139
39177
39237
39270
39325
39355
39394
39439
39488
39508
39544
39596
39622
39665
39710
39730
39774
39804
39822
39880
39919
39944
39970
40010
40042
40055
40076
40111
40160
40193
40207
40232
40255
40294
40309
40335
40372
40402
40418
40458
40479
40503
40526
40561
40586
40629
40646
40670
40692
40751
40769
40791
40835
40857
40885
40918
40957
41000
41020
41053
41084
41102
41132
41165
41193
41234
41262
41282
41343
41369
41392
41405
41433
41459
41487
41505
41559
41591
41626
41648
41671
41694
41726
41752
41781
41803
41827
41853
41879
41919
41953
41978
42023
42046
42090
42114
42133
42156
42174
42202
42235
42265
42310
42338
42363
42399
42458
42486
42505
42531
42558
42578
42627
42657
42680
42717
42730
42764
42788
42804
42831
42853
42900
42927
42944
42962
42983
43003
43032
43068
43082
43102
43130
43154
43193
43216
43249
43268
43280
43295
43305
43328
43357
43376
43389
43407
43418
43440
43466
43510
43544
43571
2
2
3
3
3
3
3
3
3
3
3
4
4
4
4
4
4
4
4
5
5
6
6
6
6
6
6
6
7
7
7
7
7
7
7
7
7
7
7
7
7
7
7
7
7
7
7
7
7
7
7
7
7
7
7
7
7
9
9
9
9
9
9
9
9
9
9
9
9
9
9
9
9
10
10
10
10
10
10
10
10
10
10
10
10
10
10
10
10
10
10
10
10
10
10
10
10
10
10
10
10
10
10
10
10
10
10
10
10
11
12
12
12
12
12
12
12
12
12
12
12
13
13
13
13
13
13
13
13
13
13
13
13
13
13
13
13
13
13
13
13
13
14
14
14
14
14
14
14
14
14
14
14
14
14
14
14
14
15
15
15
15
15
15
15
15
15
15
15
15
15
15
15
15
15
15
15
15
15
15
15
15
15
15
15
15
15
15
15
15
15
15
15
15
15
15
15
16
16
16
16
16
16
16
16
16
16
16
16
16
16
16
16
16
16
16
16
16
16
16
16
16
16
17
17
17
17
19
19
19
19
20
20
20
20
20
20
20
20
20
20
20
20
20
20
20
21
21
21
21
22
22
22
22
22
22
22
22
22
22
22
22
22
22
22
22
23
23
23
23
23
24
24
24
24
26
26
26
26
27
27
27
28
28
28
28
28
28
28
29
29
29
29
29
29
29
29
29
29
29
29
29
30
30
30
30
30
30
30
30
30
30
31
31
31
31
31
31
31
31
31
31
31
31
31
31
31
34
34
34
34
34
41
41
41
41
41
41
41
42
42
42
42
42
42
42
42
42
42
42
42
42
43
44
44
44
44
45
45
45
45
45
45
46
46
46
46
46
49
49
49
49
49
49
49
50
50
50
50
53
53
64
64
64
64
64
64
64
64
64
64
64
64
64
64
64
77
77
77
77
78
78
78
78
78
78
78
78
78
78
78
82
82
82
82
91
91
91
91
93
93
93
93
93
93
93
93
93
93
93
93
93
93
96
96
96
112
137
137
137
138
139
139
139
140
140
140
140
141
143
143
143
143
145
145
146
146
147
147
147
147
148
148
148
153
154
154
154
154
154
154
154
154
154
154
154
154
154
154
154
154
155
155
155
172
172
172
172
172
172
175
178
178
180
180
183
188
188
188
189
189
190
195
195
195
196
196
196
199
199
199
199
199
199
201
201
201
201
204
204
204
204
204
204
232
232
240
240
241
241
241
295
295
300
385
385
387
390
390
396
396
400
400
401
401
402
402
406
406
407
407
407
613
613
613
613
613
615
619
621
683
687
689
693
698
699
699
700
700
703
725
726
726
726
726
728
741
745
974
1000
1000
1001
1003
1295
1304
1311
1411
1427
1448
1455
1458
1458
1462
1468
1942
1944
1981
1987
2005
2007
2322
2337
2346
2353
2464
2466
2478
2643
2657
2670
2674
3140
3145
3148
3168
3217
3275
3294
3372
3430
3474
3488
3516
3536
3560
3590
3600
4334
4346
4390
4486
5474
5529
5773
5808
5834
5927
5950
5994
6255
6478
6523
6543
6781
6934
7433
7503
7535
7653
7766
7809
7834
7865
7952
8051
8086
8202
8284
8327
8408
8572
8796
8867
8926
8952
9095
9219
9260
9283
9560
9867
9944
10090
10165
10277
10483
10596
10825
11020
11111
11176
11324
11417
11500
11568
11596
11648
11836
11941
11984
12332
12349
12398
12433
12517
12583
12663
12886
12937
13001
13118
13161
13212
13329
13457
13531
13552
13591
13690
13771
13801
13867
13989
14057
14170
14265
14352
14444
14481
14550
14656
14728
14831
15032
15134
15229
15317
15346
15365
15411
15489
15513
15528
15598
15662
15757
15807
15888
15991
16046
16193
16228
16278
16317
16401
16421
16501
16619
16748
16773
16874
16978
17011
17192
17257
17314
17371
17436
17563
17634
17736
17844
17884
17967
18000
18058
18116
18163
18199
18275
18350
18389
18465
18520
18577
18642
18670
18748
18873
18904
18985
19009
19048
19093
19192
19223
19307
19367
19443
19515
19598
19660
19705
19810
19869
19893
19932
19999
20052
20198
20255
20326
20371
20432
20491
20602
20630
20759
20784
20898
20920
20994
21261
21386
21436
21469
21510
21564
21623
21681
21737
21801
21834
21910
21967
21996
22068
22119
22174
22309
22350
22398
22502
22679
22708
22793
22870
22912
22993
23026
23160
23212
23259
23328
23375
23419
23486
23550
23598
23698
23767
23858
23897
23940
24038
24097
24151
24283
24334
24365
24472
24513
24587
24676
24724
24837
24893
24917
24951
25034
25144
25240
25275
25323
25368
25402
25470
25507
25583
25634
25701
25774
25837
25885
25936
26041
26127
26167
26195
26238
26334
26380
26459
26481
26567
26649
26700
26792
26859
26902
26941
26979
27036
27087
27153
27197
27257
27280
27327
27363
27449
27520
27553
27590
27680
27735
27761
27859
27947
28023
28043
28103
28157
28224
28288
28342
28390
28435
28468
28496
28519
28543
28582
28663
28740
28776
28850
28885
28938
28972
29015
29054
29092
29140
29175
29219
29251
29344
29425
29481
29550
29589
29643
29717
29763
29806
29849
29894
29953
29982
30014
30057
30095
30137
30190
30235
30287
30337
30374
30481
30513
30559
30592
30646
30745
30788
30827
30856
30916
30956
30995
31042
31084
31113
31139
31208
31270
31295
31338
31375
31457
31503
31545
31581
31637
31703
31752
31795
31828
31896
31946
31986
32040
32099
32161
32177
32252
32369
32425
32478
32523
32551
32587
32696
32729
32763
32800
32853
32896
32964
33011
33069
33138
33166
33188
33261
33331
33419
33435
33473
33510
33559
33606
33646
33670
33704
33746
33791
33844
33863
33907
33934
33981
34022
34075
34115
34150
34182
34241
34284
34312
34346
34405
34449
34488
34527
34569
34590
34646
34689
34733
34759
34786
34812
34860
34899
34950
35000
35039
35086
35141
35204
35235
35270
35328
35381
35451
35487
35514
35544
35588
35627
35656
35681
35741
35790
35826
35883
35934
35975
36007
36037
36069
36116
36146
36192
36232
36268
36306
36370
36408
36435
36469
36510
36545
36567
36597
36609
36634
36679
36722
36749
36791
36811
36874
36904
36942
36983
37004
37035
37060
37088
37132
37178
37216
37248
37284
37315
37372
37402
37452
37477
37537
37586
37609
37656
37696
37748
37770
37832
37877
37924
37969
37993
38026
38053
38083
38129
38158
38195
38231
38268
38322
38356
38396
38410
38435
38456
38496
38560
38615
38636
38697
38730
38761
38806
38833
38875
38920
38966
38995
39019
39050
39073
39115
39142
39175
39220
39277
39317
39350
39395
39425
39465
39497
39541
39586
39611
39644
39680
39714
39739
39761
39799
39833
39850
39877
39903
39925
39952
39979
40012
40037
40074
40120
40171
40201
40234
40273
40312
40356
40377
40414
40490
40518
40565
40600
40622
40636
40693
40715
40753
40793
40825
40862
40897
40940
40962
40990
41040
41075
41106
41155
41188
41218
41239
41268
41302
41328
41363
41379
41407
41429
41456
41478
41509
41541
41564
41585
41615
41642
41661
41701
41722
41741
41774
41801
41827
41847
41879
41922
41942
41956
42008
42037
42061
42084
42134
42157
42186
42227
42258
42283
42305
42334
42360
42416
42452
42490
42523
42561
42602
42619
42640
42683
42718
42740
42766
42806
42822
42841
42861
42895
42911
42928
42953
42980
43001
43033
43059
43084
43103
43129
43153
43174
43198
43222
43248
43277
43299
43319
43343
43371
43384
43408
43419
43456
43494
43522
43543
43565
43594
43620
43643
43676
43707
43739
43793
43808
43828
43845
43878
2
2
3
3
3
3
3
3
3
3
3
3
3
3
3
4
4
4
4
4
4
4
5
5
5
5
5
5
5
5
5
5
5
5
5
5
5
5
5
5
5
6
6
6
6
6
6
6
6
6
6
6
6
6
6
6
6
6
6
6
6
6
6
6
7
7
7
7
7
7
7
7
7
7
7
7
7
7
7
7
7
7
7
7
7
7
7
7
7
7
7
7
7
7
7
7
7
7
7
7
7
7
7
8
8
8
8
8
8
8
8
8
8
8
8
8
8
8
8
8
8
8
8
8
8
10
10
10
10
10
10
10
10
10
10
10
10
10
10
10
10
10
10
10
10
10
10
10
10
10
10
10
10
10
10
10
10
11
11
11
11
11
11
11
11
11
11
11
11
11
11
11
11
11
11
11
11
11
11
12
12
12
12
12
12
13
13
13
13
13
13
13
13
13
13
13
13
13
13
13
13
15
15
15
15
15
15
15
15
15
15
15
15
15
15
15
15
15
15
15
15
15
15
15
15
15
15
15
15
15
15
15
15
15
15
16
16
16
16
17
17
17
17
17
17
17
17
17
17
17
17
17
17
17
17
17
18
18
18
18
18
18
18
18
18
18
18
18
18
18
18
18
18
18
18
18
19
19
19
19
19
19
19
19
21
21
21
21
21
21
21
21
21
21
24
24
24
24
24
24
24
24
24
25
25
25
26
27
27
27
28
28
28
28
28
28
28
28
28
31
31
31
31
31
31
31
31
31
31
31
31
31
31
31
31
31
31
31
31
31
31
31
31
31
31
32
32
32
32
32
32
32
32
33
33
35
35
35
35
35
35
35
36
36
36
36
36
36
36
36
36
36
36
36
36
36
36
38
38
38
39
39
39
39
39
39
39
39
39
39
39
39
39
39
42
42
42
42
42
42
42
42
42
42
42
42
42
43
43
43
43
50
50
50
50
50
50
50
50
50
50
50
50
50
51
51
53
53
53
53
53
53
54
54
54
54
54
54
54
54
54
54
71
71
71
84
84
84
84
85
85
85
85
85
85
85
104
104
104
104
104
112
112
114
114
114
114
114
116
116
118
118
118
118
118
119
119
133
133
138
138
138
138
138
138
138
138
154
156
156
162
162
162
162
165
165
169
169
169
169
169
182
182
182
184
184
213
215
237
237
239
239
239
239
239
239
239
239
239
239
245
247
247
248
248
248
248
248
248
252
252
252
252
276
276
276
276
276
284
361
361
362
363
363
363
363
380
381
382
382
382
382
382
382
387
420
421
493
494
499
502
502
502
503
503
504
504
504
513
514
539
541
549
549
669
670
670
670
670
671
671
674
674
681
1143
1143
1143
1146
1164
1165
1169
1782
2078
2082
2085
2103
2891
3045
3069
3097
3121
3138
3181
3191
3297
3305
3337
3340
3367
3571
3746
3752
3967
4020
4026
4040
4067
4088
4148
4238
4319
4338
4572
4612
4679
4685
4733
4775
5030
5078
5135
5150
5240
5249
5470
5514
5596
5763
5784
5884
5896
5907
6065
6080
6096
6112
6123
6150
6339
6354
6570
7415
7510
8043
8228
8267
8355
8516
8533
8644
8756
8796
8896
8945
8978
9009
9209
9234
9301
9384
9476
9550
9565
9672
9702
9760
9857
10004
10096
10186
10301
10356
10470
10704
10736
10749
10825
10849
10892
11155
11325
11398
11431
11543
11651
11741
11833
11954
12063
12120
12174
12203
12310
12437
12492
12566
12615
12706
12785
12858
12882
12960
13064
13093
13181
13278
13327
13382
13469
13543
13588
13626
13674
13753
13847
13911
13971
14049
14141
14187
14332
14522
14572
14696
14870
14923
14973
15076
15117
15244
15322
15386
15453
15527
15624
15739
15829
15911
15942
16009
16160
16233
16316
16397
16478
16559
16717
16824
16869
16918
16943
17035
17161
17195
17287
17352
17366
17467
17660
17757
17803
17862
17948
18041
18113
18155
18242
18418
18494
18744
18811
18909
18964
19058
19165
19218
19278
19455
19497
19545
19620
19771
19795
19861
19915
20007
20086
20156
20232
20309
20412
20453
20508
20628
20661
20701
20746
20853
20904
20946
21052
21105
21203
21233
21310
21422
21457
21502
21597
21649
21699
21729
21801
21908
21969
22034
22097
22141
22268
22299
22387
22472
22540
22610
22635
22687
22719
22787
22860
22895
22951
23020
23089
23196
23242
23336
23409
23485
23523
23575
23625
23698
23731
23784
23895
23973
24057
24092
24172
24211
24252
24323
24375
24492
24549
24592
24630
24677
24766
24806
24883
24950
24982
25048
25089
25171
25194
25250
25271
25321
25406
25449
25482
25503
25585
25679
25828
25885
25943
25981
26043
26162
26206
26258
26327
26418
26529
26564
26633
26684
26792
26846
26921
26962
27014
27052
27115
27185
27218
27261
27323
27408
27490
27527
27587
27681
27706
27749
27778
27817
27858
27938
27981
28026
28059
28134
28165
28234
28293
28376
28452
28511
28561
28603
28655
28702
28762
28844
28912
28953
29000
29041
29083
29129
29234
29280
29315
29345
29382
29417
29522
29547
29566
29611
29670
29726
29764
29815
29864
29899
29950
30010
30082
30110
30172
30212
30236
30306
30345
30406
30467
30526
30546
30579
30605
30654
30711
30756
30831
30859
30896
30924
31055
31087
31145
31193
31254
31287
31366
31407
31476
31512
31554
31578
31624
31664
31696
31734
31775
31817
31860
31909
31962
32009
32057
32103
32157
32214
32252
32323
32348
32375
32400
32446
32477
32505
32541
32610
32676
32749
32769
32796
32826
32850
32881
32962
32999
33032
33080
33120
33171
33238
33286
33312
33345
33384
33424
33466
33530
33591
33628
33694
33708
33759
33779
33818
33849
33907
33946
33995
34017
34050
34088
34170
34213
34243
34289
34317
34371
34430
34495
34552
34589
34632
34681
34725
34761
34830
34865
34895
34937
34971
35038
35066
35113
35169
35216
35241
35266
35381
35450
35489
35520
35580
35618
35672
35746
35778
35822
35852
35893
35935
35974
36010
36058
36093
36141
36205
36232
36270
36304
36356
36411
36460
36486
36507
36541
36575
36611
36640
36685
36713
36751
36801
36819
36872
36900
36942
36990
37011
37044
37073
37119
37163
37192
37227
37286
37338
37386
37419
37445
37482
37519
37552
37587
37626
37659
37711
37753
37797
37827
37878
37921
37942
37971
38009
38031
38067
38094
38132
38190
38213
38244
38291
38324
38342
38368
38402
38437
38486
38513
38542
38584
38598
38638
38686
38728
38758
38791
38815
38848
38877
38907
38945
38977
39013
39070
39104
39134
39171
39199
39235
39271
39305
39320
39347
39383
39409
39430
39468
39509
39541
39575
39609
39641
39678
39729
39748
39787
39828
39851
39888
39931
39950
39970
39990
40016
40049
40075
40096
40125
40144
40193
40205
40225
40249
40279
40300
40336
40361
40396
40448
40472
40488
40530
40553
40575
40606
40645
40690
40715
40742
40776
40822
40849
40858
40875
40894
40920
40940
40951
40960
40988
41018
41066
41098
41121
41144
41174
41211
41226
41268
41319
41348
41376
41407
41442
41479
41493
41518
41555
41586
41615
41638
41671
41707
41743
41783
41816
41843
41863
41904
41922
41951
41994
42021
42052
42085
42106
42128
42156
42181
42205
42227
42260
42296
42333
42361
42381
42407
42441
42478
42504
42526
42554
42596
42627
42661
42682
42694
42721
42747
42764
42790
42813
42839
42862
42891
42912
42927
42936
42954
42991
43007
43027
43066
43100
43126
43143
43174
43198
43221
43239
43256
43291
43324
43368
43394
43406
43440
43478
43496
