43840
43815
43793
43755
43725
43675
43630
43602
43566
43538
43516
43463
43413
43389
43351
43325
43293
43250
43219
43187
43161
43139
43103
43060
43027
42985
42958
42918
42898
42868
42836
42812
42778
42758
42735
42698
42664
42635
42602
42566
42544
42519
42493
42458
42417
42395
42362
42335
42302
42280
42254
42206
42174
42143
42115
42082
42046
42030
41978
41925
41886
41871
41839
41810
41776
41740
41699
41678
41643
41602
41567
41535
41496
41459
41435
41396
41371
41350
41317
41292
41252
41209
41183
41142
41103
41083
41052
41006
40967
40938
40899
40877
40839
40813
40777
40741
40715
40667
40632
40610
40572
40535
40513
40479
40440
40403
40370
40321
40285
40256
40227
40193
40159
40117
40079
40045
40018
39990
39956
39917
39882
39842
39787
39744
39709
39663
39636
39604
39574
39530
39504
39484
39452
39423
39403
39373
39334
39297
39261
39230
39202
39175
39146
39093
39053
38987
38952
38909
38874
38841
38794
38765
38747
38720
38684
38654
38623
38599
38559
38523
38497
38463
38424
38402
38375
38334
38300
38267
38227
38199
38182
38147
38102
38071
38036
37987
37968
37934
37896
37856
37832
37797
37766
37721
37695
37668
37612
37577
37538
37513
37481
37443
37401
37345
37300
37266
37223
37171
37144
37111
37076
37054
37023
36996
36971
36954
36927
36879
36855
36825
36796
36776
36743
36697
36659
36619
36572
36532
36493
36461
36417
36364
36333
36312
36288
36243
36221
36164
36117
36090
36055
36034
35988
35943
35914
35889
35846
35796
35768
35741
35691
35657
35612
35578
35522
35493
35464
35427
35395
35365
35332
35299
35278
35247
35200
35166
35139
35096
35063
35025
35000
34969
34942
34868
34848
34802
34774
34730
34689
34662
34634
34597
34559
34519
34489
34459
34428
34400
34352
34328
34296
34255
34207
34186
34139
34122
34090
34059
34021
33981
33938
33912
33876
33817
33774
33730
33689
33669
33637
33612
33568
33528
33505
33478
33447
33412
33381
33346
33308
33247
33206
33185
33140
33100
33076
33028
32938
32901
32865
32827
32806
32767
32711
32666
32623
32584
32549
32514
32476
32427
32387
32352
32322
32288
32239
32218
32180
32147
32111
32047
32006
31971
31946
31909
31838
31805
31766
31729
31697
31675
31616
31580
31547
31497
31443
31407
31355
31312
31290
31258
31212
31163
31128
31061
31019
30984
30950
30917
30883
30845
30798
30749
30712
30675
30645
30598
30573
30549
30518
30492
30460
30409
30350
30308
30252
30210
30175
30142
30106
30058
30036
29995
29975
29926
29846
29799
29777
29746
29715
29690
29659
29592
29562
29526
29469
29449
29429
29381
29350
29308
29269
29235
29196
29145
29105
29079
29053
29004
28928
28898
28857
28816
28764
28711
28681
28654
28601
28559
28539
28509
28471
28443
28404
28369
28328
28290
28259
28187
28148
28064
27997
27964
27925
27891
27846
27795
27754
27713
27663
27632
27595
27549
27509
27478
27429
27369
27325
27283
27257
27230
27201
27181
27159
27097
27046
27011
26985
26926
26860
26837
26778
26719
26662
26645
26594
26549
26483
26418
26384
26337
26309
26273
26242
26205
26171
26130
26099
26069
26040
25989
25945
25907
25832
25800
25756
25702
25677
25605
25572
25536
25492
25453
25424
25383
25357
25317
25269
25216
25175
25130
25049
25005
24979
24941
24896
24833
24799
24779
24740
24678
24648
24606
24565
24525
24462
24439
24386
24339
24302
24244
24211
24170
24133
24088
24055
24031
23925
23886
23853
23820
23772
23748
23698
23650
23624
23602
23564
23524
23482
23454
23422
23342
23322
23273
23229
23178
23109
23068
23035
22985
22954
22899
22843
22799
22758
22724
22687
22633
22604
22578
22542
22494
22438
22395
22367
22318
22280
22242
22155
22134
22087
22046
22018
21967
21920
21864
21812
21759
21727
21685
21594
21549
21511
21439
21397
21365
21320
21278
21237
21157
21115
21055
20969
20903
20873
20821
20768
20738
20709
20674
20657
20627
20589
20570
20550
20514
20477
20371
20306
20271
20227
20196
20110
20086
20040
20003
19969
19899
19836
19781
19755
19705
19681
19608
19559
19516
19470
19418
19361
19315
19283
19242
19211
19184
19115
19078
19031
18929
18911
18874
18796
18778
18747
18666
18620
18571
18510
18459
18393
18314
18267
18251
18222
18152
18117
18084
18040
17984
17943
17913
17854
17800
17734
17670
17621
17571
17538
17506
17477
17436
17411
17369
17337
17226
17164
17142
17062
17009
16959
16933
16905
16859
16803
16768
16715
16688
16626
16592
16570
16510
16481
16443
16344
16278
16225
16154
16112
16064
16041
15957
15941
15869
15830
15770
15723
15684
15629
15599
15552
15508
15475
15416
15368
15307
15109
15030
14992
14945
14865
14828
14797
14743
14713
14682
14659
14603
14581
14534
14486
14379
14335
14294
14259
14213
14188
14163
14134
14105
14033
13971
13898
13856
13795
13732
13689
13597
13579
13535
13504
13463
13434
13380
13325
13310
13262
13239
13187
13146
13121
13056
12985
12944
12709
12693
12640
12607
12570
12525
12476
12443
12383
12322
12304
12255
12238
12209
12165
12139
12094
12062
12032
12015
11984
11925
11889
11853
11831
11721
11686
11609
11548
11529
11494
11468
11441
11353
11212
11169
11139
11120
11068
11042
11012
10969
10888
10853
10786
10662
10542
10503
10453
10409
10384
10203
10178
10154
10130
10084
10039
10017
9960
9899
9881
9867
9822
9755
9724
9688
9653
9603
9353
9333
9239
9200
9124
9044
8953
8925
8834
8794
8727
8715
8683
8607
8504
8411
8370
8318
8175
8150
8093
8061
7987
7928
7915
7892
7864
7788
7646
7519
7500
7466
7421
7388
7361
7318
7305
7236
7186
7145
7115
7073
7046
7022
6968
6950
6897
6876
6813
6780
6724
6701
6669
6617
6564
6450
6404
6357
6230
6214
6169
6137
6112
5984
5936
5888
5863
5643
5614
5553
5512
5469
5425
5248
5225
5210
5199
5188
5062
5049
5021
4997
4978
4930
4875
4845
4797
4788
4658
4644
4634
4623
4587
4567
4562
4552
4357
4329
4298
4274
4232
4213
4205
4196
4182
4036
3991
3962
3938
3884
3880
3846
3806
3703
3692
3663
3638
3571
3546
3497
3487
3392
3385
3353
3316
3294
3195
3192
3172
3162
3118
3097
3088
3082
2954
2946
2888
2881
2663
2654
2512
2237
2043
2009
2000
1995
1887
1886
1857
1844
1843
1841
1835
1834
1831
1830
1823
1720
1618
1616
1615
1517
1481
1479
1460
1452
1446
1411
1382
1375
1371
1370
1359
1358
1334
1329
1325
1301
1298
1295
1293
1290
1281
1278
1275
1269
1265
1260
1249
1212
1167
1159
1024
1023
1017
1003
971
966
961
958
953
927
926
920
913
912
907
907
867
865
861
861
855
482
385
384
383
382
379
376
376
369
368
301
301
266
265
265
265
262
249
249
249
248
246
246
240
225
223
222
148
148
148
148
148
147
144
130
130
130
130
129
128
128
125
125
125
125
125
125
125
125
123
123
123
117
115
115
114
114
114
114
114
114
114
114
114
114
114
113
113
113
113
113
113
113
112
110
110
110
110
110
109
109
109
109
109
60
60
60
60
60
60
60
60
60
57
57
57
57
57
57
57
57
57
57
55
55
55
55
55
53
53
53
53
43
43
43
43
43
43
39
39
39
39
39
39
39
39
39
39
39
39
38
38
38
37
37
37
37
35
35
35
35
35
34
34
34
34
34
34
33
33
33
32
31
30
30
30
30
30
30
30
30
30
30
30
30
30
30
30
30
30
30
30
30
30
29
29
29
25
24
24
22
22
22
22
22
22
22
22
21
21
21
21
21
21
21
21
21
21
21
21
21
21
20
20
20
20
20
20
19
18
18
18
18
17
17
17
17
17
17
17
17
16
16
15
15
15
15
15
15
15
15
15
15
15
15
15
15
15
15
14
14
13
13
13
13
43379
43349
43321
43300
43275
43220
43175
43128
43093
43068
43043
43013
42972
42937
42914
42892
42871
42844
42816
42790
42765
42739
42711
42664
42635
42606
42570
42520
42493
42463
42427
42401
42383
42358
42316
42278
42246
42211
42179
42142
42104
42084
42061
42026
42003
41971
41944
41922
41894
41874
41837
41809
41753
41728
41696
41670
41637
41602
41573
41528
41499
41478
41442
41397
41360
41333
41287
41257
41222
41203
41170
41117
41086
41048
41007
40973
40941
40920
40890
40855
40815
40749
40721
40686
40664
40632
40593
40563
40536
40513
40489
40435
40409
40369
40344
40285
40255
40227
40189
40157
40133
40111
40080
40045
39995
39966
39940
39914
39882
39854
39819
39784
39754
39731
39703
39680
39618
39594
39552
39535
39505
39473
39434
39410
39373
39343
39315
39286
39242
39212
39194
39165
39140
39116
39070
39045
39023
38985
38952
38926
38896
38849
38820
38787
38722
38682
38650
38631
38604
38576
38546
38513
38484
38450
38427
38385
38356
38328
38300
38255
38225
38201
38174
38138
38117
38085
38030
37986
37955
37920
37885
37857
37812
37769
37726
37698
37672
37628
37599
37553
37517
37478
37415
37394
37338
37310
37285
37250
37212
37133
37073
37038
37019
36977
36937
36895
36868
36821
36799
36774
36719
36700
36667
36630
36597
36562
36540
36503
36458
36422
36359
36330
36315
36289
36256
36225
36182
36153
36115
36076
36047
36016
35971
35934
35904
35870
35845
35807
35786
35754
35729
35696
35656
35636
35608
35572
35528
35501
35466
35438
35421
35385
35356
35325
35286
35265
35233
35195
35169
35135
35096
35069
35035
34996
34966
34940
34886
34859
34812
34782
34735
34703
34649
34619
34583
34559
34540
34514
34475
34428
34406
34377
34351
34309
34278
34248
34217
34167
34124
34103
34059
34020
33972
33944
33902
33859
33825
33786
33763
33723
33690
33649
33603
33563
33532
33496
33468
33433
33396
33358
33311
33269
33242
33213
33165
33127
33106
33042
33006
32976
32933
32890
32855
32817
32791
32743
32716
32658
32626
32589
32555
32498
32462
32423
32390
32355
32325
32298
32276
32239
32208
32176
32135
32094
32074
32033
32000
31966
31931
31886
31849
31809
31777
31754
31717
31684
31646
31587
31554
31508
31477
31445
31387
31356
31326
31303
31272
31244
31220
31194
31141
31106
31062
31032
30987
30932
30870
30832
30785
30735
30704
30656
30623
30587
30563
30527
30477
30449
30435
30398
30363
30326
30275
30236
30173
30107
30078
30051
30016
29966
29915
29880
29827
29748
29721
29653
29598
29546
29513
29451
29407
29376
29345
29299
29271
29216
29158
29114
29076
29061
29042
29005
28953
28917
28878
28838
28803
28763
28743
28697
28665
28623
28573
28540
28495
28450
28394
28352
28309
28270
28237
28212
28172
28126
28071
28024
27986
27955
27911
27877
27825
27783
27752
27702
27653
27628
27595
27498
27447
27397
27317
27286
27264
27233
27192
27156
27130
27039
27018
26950
26929
26885
26844
26793
26756
26726
26697
26655
26611
26583
26527
26494
26472
26426
26389
26355
26299
26277
26226
26187
26169
26131
26096
26045
26003
25970
25932
25875
25817
25784
25747
25715
25679
25657
25620
25573
25523
25467
25399
25358
25319
25278
25251
25175
25129
25069
25028
24986
24947
24912
24810
24712
24645
24581
24526
24474
24446
24414
24375
24339
24316
24282
24227
24164
24139
24104
24048
24021
23990
23962
23892
23839
23775
23738
23714
23672
23641
23617
23577
23541
23510
23472
23444
23406
23374
23312
23273
23236
23203
23134
23093
23070
23035
22963
22914
22877
22833
22804
22775
22730
22695
22668
22645
22618
22576
22523
22493
22450
22404
22358
22322
22299
22272
22245
22198
22173
22069
22023
21951
21913
21859
21828
21801
21751
21716
21669
21604
21573
21541
21468
21453
21393
21355
21328
21298
21260
21238
21165
21125
21102
21056
21038
20978
20930
20905
20858
20819
20773
20733
20704
20626
20581
20538
20493
20458
20405
20375
20305
20191
20156
20123
20085
20054
20026
19964
19916
19839
19765
19721
19695
19669
19656
19608
19543
19500
19457
19432
19380
19352
19308
19263
19218
19164
19123
19078
19010
18967
18899
18864
18842
18812
18759
18726
18616
18586
18438
18409
18380
18303
18276
18205
18167
18133
18098
18041
18002
17982
17951
17894
17841
17789
17745
17717
17681
17652
17620
17559
17519
17484
17451
17371
17314
17241
17210
17173
17091
17061
16968
16908
16877
16835
16805
16761
16728
16706
16660
16628
16595
16558
16518
16489
16435
16415
16380
16322
16295
16236
16211
16161
16114
16052
16033
15983
15929
15878
15798
15757
15656
15629
15598
15553
15529
15499
15470
15449
15419
15369
15311
15241
15211
15158
15126
15091
15073
15048
15017
14999
14966
14922
14877
14849
14784
14720
14666
14640
14542
14511
14479
14407
14367
14310
14251
14209
14171
14105
14081
14046
13970
13905
13846
13804
13698
13628
13584
13543
13479
13447
13316
13284
13183
13151
13127
13099
13074
13041
12969
12936
12881
12859
12778
12744
12722
12683
12571
12530
12441
12404
12377
12305
12186
12163
12059
12038
11995
11887
11814
11751
11692
11642
11603
11547
11496
11470
11381
11324
11225
11106
11022
10986
10963
10925
10883
10849
10817
10734
10712
10610
10541
10491
10455
10409
10369
10325
10287
10157
10118
10046
9998
9926
9886
9830
9753
9719
9667
9648
9575
9542
9520
9451
9376
9351
9262
9222
9156
9134
9115
9069
9042
8965
8934
8914
8865
8800
8780
8702
8669
8631
8612
8514
8498
8452
8424
8413
8354
8284
8256
8235
8135
8109
8092
7956
7827
7784
7762
7672
7572
7495
7474
7399
7355
7241
7220
7199
7180
7144
6939
6911
6899
6884
6817
6738
6707
6622
6586
6473
6431
6283
6269
6188
6159
6067
6014
5982
5972
5955
5900
5753
5678
5623
5569
5507
5443
5398
5374
5368
5361
5326
5269
5235
5202
5184
5116
5100
4947
4937
4810
4753
4742
4730
4497
4472
4428
4380
4340
4330
4314
4286
4264
4251
4238
4226
4214
4209
4181
4098
3843
3836
3813
3794
3764
3551
3531
3509
3495
3317
3295
3291
3219
3197
3172
3165
3158
3144
3132
3123
3112
3074
3019
2970
2952
2816
2809
2796
2785
2774
2761
2726
2714
2699
2594
2592
2552
2538
2525
2486
2482
2477
2384
2373
2371
2360
2340
2326
2314
2305
2276
2232
2223
2218
2112
2100
2066
2056
1992
1977
1972
1939
1929
1911
1907
1900
1868
1850
1841
1793
1788
1778
1774
1440
1433
1432
1403
1390
1386
1372
1361
1328
1327
1326
1326
1256
960
959
956
956
956
938
938
931
916
913
899
895
895
881
870
844
837
834
825
824
822
818
598
598
598
598
589
586
574
573
573
565
565
565
347
338
338
338
337
323
229
226
225
224
224
224
223
222
222
222
221
221
221
221
219
218
218
218
215
215
214
212
212
211
211
209
206
203
201
201
201
191
190
190
190
180
179
179
178
178
177
177
177
176
174
174
174
168
168
168
168
168
168
167
167
167
167
165
165
165
164
163
162
161
157
157
157
156
156
154
154
154
153
153
153
153
152
152
152
152
151
150
149
149
141
141
140
140
140
140
140
140
138
138
138
131
131
131
128
128
128
128
126
126
121
121
119
119
119
117
114
114
114
112
70
70
70
70
70
70
70
69
69
69
64
64
64
60
60
60
56
56
56
56
56
56
56
55
55
55
53
53
53
53
53
53
53
53
52
52
52
52
52
52
52
52
52
50
50
50
50
50
50
50
50
49
48
48
48
48
48
48
46
46
46
46
46
46
46
46
46
46
46
46
45
45
45
45
45
45
45
45
45
45
45
45
45
43
42
40
40
40
36
36
36
27
27
27
27
27
27
26
26
25
24
24
24
24
24
24
23
21
21
21
21
21
21
19
19
19
18
14
14
14
14
10
9
9
9
9
9
8
8
8
8
6
6
6
6
6
6
6
6
6
6
6
5
5
3
3
2
