2
2
3
3
3
3
3
3
3
3
3
3
3
3
3
3
4
4
4
4
4
4
4
4
4
4
4
4
4
4
4
4
4
4
4
4
4
4
4
4
4
4
4
4
4
4
5
5
5
5
5
5
5
5
5
5
5
6
6
6
6
6
6
6
6
6
6
6
6
6
6
6
6
6
6
6
6
6
6
6
6
6
6
6
6
6
8
8
8
8
8
8
8
8
8
8
8
8
8
8
8
8
8
8
8
8
8
8
8
8
8
8
8
8
8
8
8
8
8
8
8
8
8
8
8
8
8
8
8
8
8
8
8
9
9
9
10
10
10
10
10
10
10
10
10
10
10
10
10
10
10
10
10
10
10
10
10
10
10
10
10
10
10
10
10
10
10
10
10
11
11
12
13
13
13
13
13
13
13
13
13
13
13
13
13
13
13
13
13
13
13
13
13
13
13
13
14
14
14
14
14
14
14
14
14
14
14
14
14
14
14
14
17
17
17
17
17
17
17
17
17
17
17
17
17
17
17
17
18
18
18
18
18
18
21
21
21
21
21
21
21
21
21
21
21
21
21
21
21
21
32
32
32
32
32
32
32
32
32
32
32
32
32
32
32
32
32
32
32
32
32
32
32
32
32
32
32
32
32
32
34
34
34
35
36
36
37
37
37
37
37
38
38
38
38
38
40
40
40
40
40
40
40
40
40
41
41
41
41
41
41
41
44
45
45
45
45
45
45
45
45
45
45
45
45
45
45
45
45
45
45
45
46
46
46
46
46
46
46
48
49
49
49
50
50
50
50
50
50
50
50
50
50
50
50
50
50
50
50
50
50
51
51
51
51
51
51
51
52
52
52
52
52
52
52
59
59
59
59
59
59
59
59
59
59
59
59
59
66
66
66
66
66
66
66
66
67
67
67
67
67
67
67
67
67
67
67
67
67
67
67
67
67
67
67
67
68
68
70
70
70
70
70
70
74
75
75
75
79
79
80
80
80
85
85
86
87
87
87
87
87
87
112
115
116
116
117
118
202
203
203
207
216
224
224
224
224
226
227
227
227
227
227
228
228
229
229
229
237
237
237
253
253
256
256
256
256
257
257
258
258
263
296
296
296
296
301
301
315
315
315
315
315
320
320
320
322
325
385
385
385
457
458
460
460
461
461
463
463
463
463
463
463
464
481
481
482
483
483
519
534
554
554
555
558
567
567
567
583
584
586
586
588
593
596
596
597
597
603
608
693
731
731
731
732
732
783
789
798
799
808
810
813
813
821
843
1151
1151
1154
1157
1166
1167
1169
1453
1888
1992
2011
2019
2150
2154
2241
2244
2250
2269
2289
2323
2346
2349
2357
2430
2438
2471
2541
2547
2563
2570
2583
2664
2706
2747
2779
3034
3056
3087
3163
3175
3224
3250
3653
3715
3918
3936
3951
3985
4061
4237
4242
4531
4591
4943
5044
5069
5086
5093
5105
5114
5117
5651
5734
5777
5787
5799
5846
5968
6019
6032
6208
6278
6579
6602
6630
6762
6857
7007
7068
7194
7229
7314
7358
7537
7621
7659
7709
7970
8054
8074
8150
8221
8340
8381
8482
8607
8681
8954
9047
9096
9126
9202
9263
9354
9374
9431
9478
9592
9604
9639
9834
9972
10077
10105
10184
10219
10303
10347
10422
10560
10610
10654
10672
10793
10905
11031
11097
11138
11268
11300
11527
11589
11665
11724
11749
11809
11948
11990
12025
12123
12165
12250
12387
12456
12515
12592
12648
12742
12825
12845
12959
12989
13077
13271
13420
13456
13570
13600
13647
13728
13775
13855
14015
14083
14138
14199
14246
14382
14426
14475
14511
14565
14613
14749
14771
14829
14863
14898
14949
14987
15034
15238
15333
15393
15485
15604
15621
15672
15705
15747
15789
15831
15967
16063
16103
16153
16307
16422
16444
16520
16553
16637
16714
16765
16860
16951
17036
17142
17203
17278
17349
17416
17460
17558
17634
17707
17784
17897
17959
18012
18048
18166
18229
18347
18412
18450
18467
18509
18567
18657
18751
18785
18811
18874
18967
19019
19075
19138
19244
19309
19350
19422
19547
19628
19657
19699
19846
19967
20012
20109
20152
20193
20219
20278
20322
20560
20628
20705
20755
20811
20907
20969
21029
21097
21156
21291
21368
21420
21457
21509
21582
21653
21711
21759
21816
21882
21918
21962
22065
22167
22214
22279
22293
22349
22382
22434
22511
22570
22631
22661
22730
22788
22885
22958
23001
23135
23176
23208
23265
23342
23422
23434
23496
23528
23563
23623
23670
23747
23807
23872
23904
23971
24008
24041
24134
24219
24293
24372
24438
24573
24625
24719
24780
24903
24953
24991
25154
25214
25268
25298
25349
25392
25455
25532
25585
25673
25701
25744
25794
25842
25901
25969
26049
26087
26218
26238
26298
26350
26411
26460
26511
26546
26577
26617
26677
26754
26835
26862
26917
26950
27000
27030
27083
27160
27233
27346
27391
27432
27482
27535
27579
27614
27668
27757
27846
27867
27917
27949
28001
28070
28112
28159
28191
28241
28282
28331
28361
28443
28489
28559
28632
28661
28683
28738
28796
28859
28927
28962
29007
29072
29120
29186
29220
29302
29331
29376
29445
29491
29538
29560
29622
29685
29713
29742
29789
29825
29878
29918
29950
30018
30041
30090
30165
30215
30255
30358
30435
30470
30518
30578
30627
30662
30720
30782
30813
30898
30927
30959
31007
31048
31079
31169
31218
31246
31277
31302
31356
31418
31459
31532
31551
31591
31630
31693
31742
31786
31863
31895
31977
32005
32040
32081
32134
32170
32210
32303
32350
32419
32475
32542
32563
32609
32646
32716
32749
32791
32851
32917
32947
32975
33034
33064
33113
33140
33197
33245
33330
33349
33400
33437
33524
33570
33603
33622
33669
33709
33801
33854
33889
33928
33972
34048
34088
34162
34215
34238
34298
34330
34360
34417
34445
34473
34514
34567
34592
34619
34662
34715
34760
34808
34859
34888
34926
34958
34991
35036
35097
35132
35168
35214
35247
35311
35346
35382
35433
35477
35503
35530
35576
35604
35630
35693
35720
35767
35789
35826
35871
35913
35982
36026
36076
36110
36149
36196
36266
36314
36365
36401
36434
36473
36525
36563
36608
36664
36698
36740
36785
36814
36851
36879
36918
36950
37000
37051
37085
37112
37158
37195
37241
37293
37346
37393
37416
37471
37509
37539
37580
37613
37639
37662
37692
37721
37743
37771
37797
37866
37910
37937
37967
37988
38024
38056
38095
38113
38159
38196
38229
38277
38337
38356
38391
38417
38448
38472
38506
38555
38585
38615
38642
38685
38709
38743
38770
38810
38853
38911
38943
38960
38998
39028
39085
39113
39161
39189
39209
39257
39282
39303
39344
39358
39390
39427
39466
39492
39523
39557
39587
39637
39660
39685
39723
39753
39777
39796
39822
39841
39878
39913
39930
39974
40001
40028
40070
40100
40128
40162
40183
40213
40246
40271
40296
40345
40401
40430
40480
40499
40522
40553
40585
40615
40648
40668
40708
40762
40789
40816
40848
40871
40898
40981
41011
41040
41063
41101
41137
41158
41183
41220
41245
41267
41288
41325
41361
41390
41414
41455
41508
41546
41570
41583
41617
41642
41664
41675
41701
41734
41770
41799
41829
41857
41887
41909
41932
41953
41987
42023
42056
42084
42107
42138
42193
42219
42253
42292
42315
42331
42353
42377
42398
42410
42448
42473
42490
42531
42557
42589
42610
42658
42709
42746
42770
42794
42821
42848
42892
42915
42933
42952
42978
43019
43044
43075
43096
43122
43137
43172
43204
43246
43258
43300
43331
43364
43383
43394
43416
43443
