2
2
3
3
3
3
3
3
4
4
4
4
4
4
4
4
4
4
4
4
4
4
4
4
4
4
4
4
4
4
4
4
4
4
4
4
4
4
4
4
4
5
5
5
5
5
5
5
5
5
5
5
5
5
5
7
7
7
7
7
7
7
7
7
7
7
7
7
7
7
7
7
7
7
7
7
7
7
7
7
7
7
8
8
8
8
8
8
8
8
8
8
8
8
8
8
8
8
8
8
8
8
8
8
8
8
8
8
8
8
8
8
8
8
8
8
8
8
8
8
8
8
10
10
10
10
10
10
10
10
10
10
10
10
10
10
10
10
10
10
10
10
10
10
10
10
10
10
10
10
10
10
10
10
10
10
10
10
10
10
11
11
12
12
12
12
12
12
12
14
14
14
14
14
14
14
14
14
14
16
16
16
18
18
18
19
19
19
19
19
19
19
19
19
19
20
20
20
20
20
20
20
20
20
20
20
20
20
20
20
20
20
20
20
20
20
20
20
20
20
20
20
20
20
20
20
20
20
20
20
20
20
20
20
20
20
20
20
20
20
20
20
20
20
20
20
20
20
20
20
20
20
20
20
20
20
21
21
21
21
21
21
21
21
21
21
23
23
23
23
23
23
23
23
23
23
23
23
23
23
23
23
23
23
23
23
23
23
23
23
23
23
24
24
24
24
26
26
26
26
26
26
26
26
26
26
27
27
27
27
27
27
27
27
27
27
27
27
27
27
32
32
34
34
34
34
34
34
34
34
34
34
34
34
35
35
36
36
36
37
38
38
38
38
38
38
38
38
38
41
41
41
41
41
41
41
41
41
41
42
42
42
42
42
42
42
42
42
42
42
46
46
46
46
47
47
47
47
47
47
48
48
49
49
49
49
54
54
54
54
54
75
75
77
77
78
78
78
78
78
79
79
79
79
79
79
79
79
79
79
79
79
118
118
118
118
118
120
120
120
120
120
121
121
121
121
121
121
121
121
121
121
121
121
121
122
123
123
123
123
123
123
123
123
123
124
124
124
124
124
124
124
124
124
124
125
125
125
125
147
148
150
152
152
152
152
152
153
153
157
157
157
157
157
157
198
198
199
199
200
202
202
229
229
232
232
233
233
233
235
235
267
267
267
274
274
274
374
374
375
375
376
376
376
376
380
380
382
383
383
385
387
387
387
388
390
397
397
428
429
429
429
432
432
432
436
447
447
453
454
458
461
462
473
481
482
483
483
487
487
487
487
490
491
494
494
510
510
510
511
511
513
514
520
520
520
520
520
577
577
577
577
577
646
649
683
683
691
691
698
721
726
731
736
770
873
887
889
890
893
894
894
897
901
913
1760
1764
2036
2102
2129
2155
3632
3851
3987
4157
4169
4180
4199
4222
4247
4310
4322
4387
4483
4499
4521
4541
4754
4825
4859
4878
4969
5002
5079
5157
5853
5862
5897
5918
6018
6042
6054
6079
6115
6143
6183
6198
6214
6356
6577
6634
6657
6669
6698
6860
6930
7060
7173
7303
7334
7386
7420
7674
7709
7859
7989
8023
8081
8200
8329
8408
8513
8523
8798
8873
8945
8968
9020
9215
9250
9335
9389
9445
9509
9700
9743
9824
9896
9990
10061
10138
10171
10342
10365
10485
10592
10639
10661
10718
10777
10836
10880
10996
11042
11062
11247
11510
11576
11736
11833
11886
11907
11996
12090
12178
12292
12367
12489
12623
12741
12784
12880
12910
12973
13003
13055
13161
13198
13233
13363
13502
13552
13604
13646
13687
13829
13932
13998
14123
14205
14303
14370
14414
14535
14589
14660
14699
14721
14743
14790
14840
14890
14950
14970
15045
15081
15173
15453
15490
15593
15682
15854
15919
15971
16015
16072
16162
16292
16359
16391
16442
16569
16644
16708
16781
16854
16912
16950
16997
17053
17101
17197
17241
17311
17351
17387
17447
17553
17611
17676
17770
17812
17905
17954
18073
18199
18275
18300
18392
18430
18479
18523
18603
18628
18735
18812
18842
18910
18973
19033
19088
19125
19196
19238
19306
19371
19429
19563
19701
19773
19838
19916
19967
20018
20062
20114
20179
20255
20309
20355
20400
20446
20495
20539
20588
20642
20772
20843
20906
20964
21013
21042
21094
21196
21306
21428
21473
21528
21627
21695
21719
21893
21960
22006
22076
22111
22164
22220
22292
22347
22378
22466
22516
22632
22671
22719
22907
22989
23023
23088
23200
23279
23315
23342
23370
23404
23468
23493
23523
23567
23622
23697
23736
23804
23841
23925
23957
24032
24134
24209
24273
24321
24366
24395
24451
24488
24528
24606
24650
24729
24781
24835
24904
24985
25012
25100
25141
25248
25335
25441
25473
25526
25585
25615
25707
25736
25798
25887
25922
26036
26062
26128
26218
26266
26303
26356
26450
26494
26573
26647
26733
26809
26909
26954
26999
27065
27087
27148
27226
27267
27323
27368
27383
27455
27526
27673
27720
27752
27810
27901
27962
28028
28112
28268
28300
28356
28407
28445
28494
28536
28585
28640
28694
28729
28780
28819
28872
28918
28971
29009
29084
29139
29162
29229
29267
29298
29376
29444
29491
29542
29599
29647
29712
29751
29770
29816
29902
29948
30001
30031
30086
30142
30193
30239
30263
30306
30365
30402
30461
30481
30520
30567
30605
30666
30729
30777
30834
30867
30931
30989
31034
31086
31110
31160
31192
31214
31252
31283
31321
31350
31392
31446
31471
31488
31583
31640
31687
31712
31775
31867
31906
31938
31980
32038
32075
32176
32215
32255
32312
32407
32465
32508
32555
32630
32666
32727
32797
32874
32912
32940
32987
33025
33089
33152
33196
33234
33258
33300
33343
33416
33440
33468
33512
33541
33571
33647
33668
33718
33776
33822
33861
33939
33970
34018
34071
34117
34151
34206
34255
34291
34332
34397
34427
34463
34533
34585
34706
34732
34755
34822
34889
34914
34967
34996
35021
35040
35067
35109
35136
35178
35203
35271
35313
35360
35404
35432
35527
35556
35595
35637
35664
35731
35772
35819
35858
35891
35909
35945
35985
36026
36074
36110
36163
36189
36225
36244
36293
36336
36389
36432
36488
36561
36590
36630
36672
36692
36737
36768
36808
36856
36907
36948
36991
37008
37034
37081
37112
37143
37173
37234
37253
37271
37310
37348
37390
37432
37460
37499
37559
37586
37626
37655
37704
37731
37755
37798
37827
37896
37924
38004
38032
38072
38102
38146
38176
38224
38291
38336
38373
38394
38426
38472
38509
38544
38566
38605
38646
38673
38731
38749
38796
38823
38864
38923
38967
38999
39041
39079
39122
39153
39200
39251
39276
39307
39347
39376
39399
39446
39473
39506
39531
39550
39587
39620
39645
39672
39698
39718
39795
39847
39881
39923
39947
39986
40016
40037
40064
40091
40120
40176
40200
40230
40256
40307
40342
40375
40392
40418
40445
40462
40485
40515
40539
40575
40588
40617
40648
40688
40721
40745
40791
40809
40827
40856
40884
40929
40961
40983
40998
41021
41041
41070
41098
41117
41149
41207
41259
41293
41330
41357
41406
41437
41484
41505
41535
41565
41605
41638
41657
41686
41718
41742
41763
41779
41817
41841
41861
41895
41922
41943
41972
42007
42027
42042
42074
42094
42124
42163
42194
42218
42243
42258
42272
42295
42311
42332
42371
42387
42413
42451
42485
42508
42541
42599
42634
42666
42685
42705
42733
42750
42764
42786
42797
42812
42834
42872
42895
42910
42931
42956
42980
43000
43033
43059
43086
43098
43133
43168
43194
43218
43259
43277
43304
43325
43355
43380
43414
43440
43467
43515
43546
43559
