43337
43294
43252
43225
43196
43180
43144
43109
43069
43043
43011
42977
42956
42920
42880
42849
42813
42789
42775
42740
42681
42652
42628
42588
42565
42535
42512
42483
42447
42421
42401
42360
42338
42302
42277
42242
42206
42186
42163
42142
42105
42082
42036
42018
42002
41973
41946
41922
41894
41847
41816
41778
41752
41723
41687
41659
41599
41569
41552
41520
41494
41465
41434
41405
41390
41356
41329
41268
41236
41219
41188
41158
41125
41090
41051
41030
41016
40991
40947
40905
40858
40821
40791
40763
40735
40698
40673
40641
40612
40597
40569
40532
40505
40466
40443
40416
40390
40359
40337
40295
40266
40232
40173
40140
40105
40064
40022
39999
39977
39947
39915
39879
39849
39808
39771
39734
39693
39655
39615
39590
39568
39543
39526
39493
39468
39433
39407
39367
39326
39302
39284
39245
39206
39172
39147
39124
39086
39067
39045
39004
38976
38934
38905
38880
38867
38839
38801
38758
38732
38695
38674
38632
38608
38575
38547
38523
38474
38448
38418
38386
38352
38318
38286
38261
38227
38180
38160
38132
38089
38059
38035
38007
37983
37960
37933
37903
37856
37825
37786
37751
37710
37674
37641
37589
37548
37520
37490
37448
37413
37378
37343
37323
37283
37259
37203
37165
37123
37053
37019
36991
36963
36932
36899
36871
36835
36811
36787
36736
36701
36678
36634
36603
36560
36526
36489
36460
36423
36381
36356
36315
36271
36210
36180
36147
36104
36075
36052
36020
35985
35928
35884
35847
35796
35751
35711
35678
35630
35602
35569
35518
35497
35477
35442
35410
35381
35362
35333
35313
35259
35222
35197
35160
35102
35066
35032
34997
34963
34924
34884
34824
34797
34746
34696
34667
34642
34586
34551
34515
34465
34399
34361
34335
34287
34260
34241
34200
34156
34129
34083
34052
34015
33990
33962
33927
33890
33848
33820
33789
33758
33714
33667
33636
33588
33545
33508
33477
33436
33378
33349
33320
33284
33251
33213
33178
33151
33113
33089
33055
33012
32940
32909
32868
32827
32775
32730
32708
32667
32635
32594
32550
32529
32479
32445
32412
32373
32350
32323
32272
32251
32218
32195
32168
32134
32098
32046
32003
31956
31914
31870
31838
31798
31761
31711
31684
31635
31599
31552
31521
31456
31431
31398
31365
31334
31286
31230
31178
31137
31099
31063
31022
30983
30958
30942
30911
30876
30846
30798
30771
30715
30689
30661
30624
30568
30493
30462
30439
30410
30385
30325
30285
30250
30202
30172
30116
30092
30061
30024
29948
29909
29869
29837
29790
29760
29720
29679
29633
29591
29544
29502
29425
29370
29337
29276
29256
29211
29182
29141
29104
29074
29036
28990
28960
28925
28871
28822
28781
28763
28720
28682
28666
28634
28610
28580
28528
28492
28461
28408
28352
28310
28278
28250
28206
28177
28160
28114
28082
28033
28007
27959
27927
27856
27795
27752
27700
27658
27584
27523
27463
27418
27384
27355
27326
27277
27229
27204
27166
27107
27070
27037
26977
26938
26889
26868
26825
26781
26751
26724
26680
26656
26616
26578
26554
26501
26466
26431
26397
26359
26326
26299
26239
26203
26171
26142
26114
26078
26039
26014
25953
25912
25848
25807
25751
25711
25677
25650
25601
25574
25491
25442
25378
25335
25290
25255
25219
25172
25121
25075
25014
24974
24938
24883
24839
24780
24724
24672
24634
24602
24548
24507
24462
24438
24395
24358
24311
24270
24234
24170
24137
24098
24050
24002
23972
23933
23881
23835
23786
23754
23715
23670
23622
23554
23516
23466
23400
23359
23284
23253
23205
23174
23129
23096
23032
22989
22953
22891
22850
22807
22755
22725
22674
22634
22588
22536
22480
22413
22359
22309
22264
22220
22193
22114
22066
22026
21988
21945
21913
21891
21843
21804
21768
21730
21677
21641
21606
21550
21515
21469
21427
21364
21319
21287
21233
21202
21172
21130
21094
21047
21017
20962
20914
20890
20833
20773
20703
20622
20582
20546
20505
20463
20418
20365
20298
20246
20216
20153
20128
20087
20017
19968
19910
19871
19837
19802
19770
19717
19635
19585
19559
19486
19444
19403
19379
19336
19305
19282
19245
19202
19183
19106
19061
19039
19009
18978
18937
18904
18870
18831
18794
18770
18718
18645
18593
18570
18507
18486
18434
18335
18305
18264
18178
18116
18067
18024
17979
17893
17845
17814
17719
17685
17633
17587
17521
17459
17408
17380
17349
17321
17280
17228
17181
17119
17080
17036
16988
16970
16922
16872
16843
16751
16724
16678
16651
16577
16506
16461
16418
16388
16320
16251
16221
16171
16137
16049
15966
15928
15872
15846
15818
15699
15638
15605
15575
15548
15509
15484
15337
15292
15257
15184
15155
15124
15086
15062
15012
14989
14964
14932
14909
14887
14859
14814
14788
14745
14666
14618
14531
14463
14392
14341
14309
14245
14209
14162
14141
14118
14056
14015
13930
13827
13794
13761
13731
13671
13621
13575
13539
13446
13419
13396
13381
13273
13192
13151
13085
13063
13008
12942
12889
12826
12787
12764
12691
12641
12593
12550
12511
12471
12408
12368
12351
12324
12289
12262
12200
12164
12101
12049
12036
11976
11908
11877
11852
11829
11748
11729
11678
11635
11592
11551
11504
11375
11348
11297
11262
11222
11166
11105
11076
11008
10924
10889
10859
10809
10789
10771
10695
10647
10592
10526
10489
10385
10355
10330
10270
10165
10128
10108
10088
10041
10002
9968
9921
9879
9861
9831
9745
9722
9633
9579
9537
9505
9475
9447
9415
9388
9345
9298
9241
9201
9142
9122
9096
9013
8958
8928
8898
8876
8853
8818
8715
8686
8676
8548
8498
8421
8344
8331
8264
8240
8209
8188
8132
8072
8016
7942
7837
7789
7775
7703
7685
7664
7637
7603
7589
7564
7529
7469
7403
7336
7295
7285
7267
7173
7125
7097
7018
6908
6856
6821
6806
6763
6714
6702
6663
6609
6528
6505
6479
6445
6388
6331
6295
6255
6127
6111
6076
6057
6043
6025
6008
5985
5949
5923
5887
5754
5724
5678
5635
5587
5571
5563
5545
5479
5469
5418
5399
5386
5372
5232
5201
5160
5142
5135
5105
5066
4994
4927
4907
4862
4789
4774
4748
4718
4706
4665
4634
4513
4485
4407
4399
4355
4345
4337
4332
4216
4207
4183
4166
4101
4069
4006
3888
3867
3851
3761
3745
3723
3704
3697
3677
3666
3652
3624
3605
3573
3556
3524
3512
3462
3454
3433
3424
3417
3409
3397
3377
3367
3365
3347
3335
3327
3194
3170
3149
3077
3067
3057
3054
2965
2625
2616
2606
2553
2424
2381
2309
1894
1891
1884
1879
1818
1811
1805
1796
1745
1737
1732
1724
1705
1698
1513
1505
1447
1429
1427
1387
1384
1376
1371
1368
1313
1290
1280
1278
1278
1242
1214
1169
1159
1121
1121
1118
1094
1048
1046
1027
1017
1004
996
985
980
973
962
947
593
582
582
581
580
485
481
467
465
464
456
455
454
453
445
442
442
432
431
430
429
420
419
402
397
396
396
395
395
394
393
391
390
390
385
384
348
348
347
347
346
305
297
273
273
273
272
271
267
267
261
261
260
253
246
244
243
243
243
243
243
243
242
237
229
228
227
223
223
223
223
223
219
217
197
197
197
197
197
196
196
196
196
195
131
122
122
120
119
117
116
116
116
116
116
116
113
113
113
113
112
112
112
107
106
106
105
103
102
101
94
94
94
94
93
93
93
93
93
93
93
92
92
92
92
92
92
92
92
91
91
91
91
91
91
90
90
90
90
90
88
85
85
85
84
84
84
84
84
84
82
82
82
51
50
50
50
49
48
48
48
48
48
48
48
48
48
47
47
47
47
47
47
47
46
46
41
41
38
38
37
37
37
35
35
35
35
34
26
24
24
24
23
23
23
23
23
22
22
21
20
20
20
20
20
20
20
19
19
18
18
18
18
18
18
18
17
17
17
17
17
17
17
17
15
14
14
14
14
14
13
13
13
13
13
13
13
13
13
13
12
12
9
9
9
9
7
7
7
7
7
5
5
5
5
5
5
4
4
4
4
4
4
3
3
3
3
3
