2
2
2
3
3
3
3
3
3
3
3
3
3
3
3
3
3
3
3
3
3
3
3
4
4
4
4
4
4
4
4
4
4
4
4
4
4
4
4
5
5
5
5
5
5
5
5
6
6
6
6
6
6
6
6
6
6
6
6
6
7
7
7
7
7
7
7
7
7
7
7
7
7
7
7
7
7
7
7
7
7
7
7
7
8
8
8
8
8
8
8
8
8
8
8
8
8
8
8
8
8
8
8
8
8
8
8
8
8
8
8
8
8
8
9
9
9
9
9
9
9
9
9
9
9
9
9
9
9
9
9
9
9
9
9
9
9
9
9
9
9
9
9
9
9
9
9
9
9
9
9
9
9
10
10
10
10
10
10
10
10
10
10
10
10
11
11
11
11
11
11
12
12
12
12
12
12
12
12
12
12
12
12
12
12
12
12
12
12
12
12
12
12
12
12
12
12
12
12
13
13
13
13
13
13
13
13
13
13
13
18
18
18
18
18
18
19
19
19
19
19
19
19
19
19
19
19
19
19
20
20
20
20
20
20
20
20
20
20
20
22
22
22
22
22
22
22
22
22
22
22
22
22
22
22
22
23
23
23
23
23
23
23
23
23
23
23
23
23
23
23
23
23
23
23
23
23
23
23
25
25
25
25
25
26
26
26
26
26
26
26
26
26
26
26
26
26
26
26
26
27
27
27
29
29
29
29
29
29
29
29
29
29
29
29
29
29
29
29
29
29
29
29
29
29
29
29
29
30
30
30
30
30
30
30
30
30
30
30
30
30
30
30
30
30
35
35
35
35
35
35
35
35
35
35
35
35
35
35
35
35
35
35
36
36
36
36
36
40
41
48
48
48
48
48
48
48
48
48
48
48
48
48
48
48
48
48
48
56
59
62
62
62
62
62
62
62
62
65
65
65
68
69
69
69
69
70
70
70
70
70
70
70
70
70
70
70
70
70
70
70
71
71
71
71
71
71
71
71
71
71
71
71
71
71
73
73
73
73
73
73
76
85
85
89
89
89
89
89
90
90
91
91
91
103
103
105
105
116
116
116
116
116
117
117
117
117
117
117
117
117
117
117
117
122
122
122
123
123
123
123
124
124
124
124
124
124
127
127
127
127
130
133
133
135
135
135
136
253
253
264
269
269
269
270
272
278
279
279
282
282
284
292
292
292
294
295
301
303
305
306
306
306
306
306
306
306
315
315
315
315
369
374
541
541
544
544
544
545
546
547
547
547
550
552
560
560
567
569
570
574
584
584
740
742
745
748
763
782
784
800
801
810
815
819
819
821
834
835
1360
1374
1399
1402
1403
1523
1524
1529
1543
1550
1552
1560
1584
1694
1694
1700
1714
1735
1737
1751
1756
1785
1788
1821
1824
2170
2234
2345
2353
2358
2868
3053
3062
3111
3196
3203
3301
3411
3468
3494
3530
3567
3779
3868
3873
4105
4129
4214
4221
4250
4878
5047
5167
5178
5194
5204
5612
5667
5702
5710
6020
6162
6301
6450
6757
6811
6820
6961
6983
7157
7209
7250
7263
7315
7348
7399
7449
7466
7531
7573
7585
7602
7620
7636
7727
7769
7807
7944
8010
8106
8212
8325
8347
8352
8397
8481
8538
8642
8669
8699
8824
8835
9259
9315
9464
9510
9571
9606
9687
9728
9860
10074
10090
10191
10264
10434
10479
10571
10821
11084
11146
11199
11321
11460
11514
11552
11839
11882
11921
12118
12164
12270
12363
12417
12460
12496
12554
12642
12775
12813
12903
12963
13044
13212
13268
13308
13342
13405
13522
13557
13597
13770
13849
13909
14059
14124
14189
14285
14323
14372
14469
14499
14573
14620
14726
14790
14870
14940
15081
15202
15310
15443
15526
15563
15678
15836
15879
15928
16036
16089
16129
16176
16410
16513
16555
16596
16708
16752
16844
16927
16993
17068
17102
17162
17348
17384
17410
17531
17590
17645
17762
17822
17842
17892
17927
18083
18127
18181
18236
18339
18408
18475
18511
18586
18694
18774
18827
18883
18961
19019
19081
19148
19243
19301
19349
19393
19467
19495
19556
19632
19686
19718
19784
19876
19938
19966
20062
20135
20222
20295
20351
20415
20447
20519
20642
20677
20724
20775
20811
20927
20957
21009
21049
21138
21265
21352
21411
21446
21577
21659
21699
21785
21896
21922
21970
22054
22088
22135
22179
22257
22400
22458
22520
22594
22644
22729
22828
22941
23050
23109
23159
23211
23276
23313
23359
23429
23500
23598
23634
23747
23806
23835
23890
23948
23987
24037
24063
24107
24150
24179
24215
24268
24316
24374
24455
24493
24617
24653
24727
24780
24876
24911
24973
25034
25059
25079
25128
25213
25256
25331
25352
25394
25450
25519
25595
25660
25753
25778
25818
25875
25939
26000
26075
26115
26168
26232
26261
26349
26418
26469
26546
26583
26635
26670
26756
26798
26833
26876
26925
26985
27032
27070
27110
27181
27212
27257
27300
27330
27400
27456
27504
27545
27620
27732
27793
27833
27874
27955
27986
28019
28070
28117
28147
28168
28266
28301
28374
28410
28482
28549
28603
28677
28772
28827
28894
28951
29043
29072
29128
29165
29232
29259
29290
29336
29406
29488
29544
29624
29651
29727
29769
29796
29862
29895
29922
29964
29988
30029
30098
30154
30172
30197
30238
30276
30316
30384
30433
30467
30529
30585
30650
30686
30746
30795
30827
30882
30922
30947
30984
31065
31110
31176
31226
31273
31317
31347
31382
31420
31439
31465
31513
31569
31655
31724
31762
31821
31858
31879
31915
31954
32003
32056
32109
32162
32206
32270
32313
32406
32440
32470
32523
32601
32635
32675
32716
32773
32820
32855
32918
32956
33009
33123
33171
33216
33237
33258
33310
33415
33458
33505
33530
33574
33646
33678
33697
33773
33824
33860
33893
33945
33993
34022
34046
34115
34167
34199
34228
34280
34323
34390
34460
34503
34558
34625
34652
34702
34770
34817
34860
34888
34917
35002
35034
35076
35131
35161
35189
35214
35263
35292
35339
35373
35405
35454
35497
35542
35566
35591
35626
35671
35744
35779
35841
35904
35944
35985
36009
36051
36097
36136
36173
36218
36270
36297
36369
36429
36468
36511
36569
36603
36641
36688
36756
36802
36842
36874
36901
36991
37017
37048
37082
37110
37136
37163
37188
37218
37250
37276
37304
37323
37377
37412
37445
37462
37506
37551
37611
37650
37709
37756
37802
37829
37872
37917
37956
37996
38023
38048
38070
38121
38157
38183
38238
38265
38295
38316
38358
38408
38451
38495
38555
38583
38638
38684
38711
38745
38802
38836
38869
38902
38952
38990
39011
39030
39061
39077
39115
39157
39204
39219
39300
39328
39352
39377
39424
39459
39515
39538
39570
39603
39652
39697
39721
39769
39786
39815
39847
39885
39909
39937
39994
40042
40072
40112
40141
40164
40213
40248
40278
40317
40335
40363
40379
40422
40458
40493
40506
40521
40548
40562
40593
40627
40662
40705
40733
40762
40784
40806
40816
40845
40874
40940
40975
40999
41023
41049
41080
41092
41116
41139
41159
41193
41219
41236
41257
41298
41327
41357
41376
41442
41480
41492
41533
41548
41579
41600
41618
41639
41669
41691
41712
41733
41777
41794
41815
41868
41906
41924
41948
41976
42000
42041
42063
42080
42109
42141
42156
42192
42210
42239
42252
42279
42300
42323
42362
42407
42437
42468
42492
42517
42547
42564
42595
42609
42632
42659
42691
42720
42753
42781
42795
42821
42854
42892
42912
42938
42950
42980
43019
43049
43066
43084
43112
43144
43159
43187
43223
43253
43270
43294
43303
43329
43358
