43449
43421
43391
43366
43327
43296
43266
43237
43200
43162
43126
43076
43043
43010
42980
42943
42912
42886
42855
42814
42780
42752
42731
42695
42654
42609
42585
42552
42524
42493
42465
42430
42410
42381
42339
42302
42281
42240
42211
42178
42148
42107
42091
42055
42022
41987
41952
41929
41895
41865
41842
41817
41792
41752
41704
41679
41657
41614
41579
41554
41523
41484
41438
41411
41377
41325
41294
41247
41218
41183
41142
41101
41087
41058
41032
41017
40988
40963
40920
40893
40868
40834
40801
40777
40739
40712
40679
40646
40614
40560
40492
40456
40411
40345
40306
40263
40234
40206
40173
40139
40103
40069
40034
40001
39957
39929
39904
39874
39836
39790
39758
39732
39701
39674
39651
39628
39600
39569
39543
39508
39475
39429
39403
39357
39304
39281
39237
39203
39165
39119
39091
39059
39032
39003
38966
38941
38907
38871
38853
38819
38774
38743
38713
38678
38641
38590
38554
38501
38462
38424
38380
38350
38323
38301
38275
38243
38216
38169
38129
38104
38066
38040
38009
37976
37947
37919
37870
37848
37810
37767
37724
37644
37619
37583
37551
37518
37493
37468
37422
37387
37352
37326
37272
37247
37214
37166
37144
37108
37067
37034
36997
36948
36918
36888
36855
36829
36797
36770
36738
36712
36670
36629
36599
36578
36541
36492
36467
36432
36398
36379
36349
36324
36265
36241
36203
36166
36130
36112
36071
36012
35964
35923
35899
35867
35838
35788
35750
35722
35686
35645
35619
35591
35565
35515
35419
35376
35351
35317
35291
35261
35227
35200
35168
35126
35094
35062
35029
34989
34948
34916
34866
34832
34801
34787
34750
34711
34683
34664
34608
34542
34497
34468
34426
34404
34370
34344
34306
34284
34251
34225
34185
34119
34085
34040
34000
33971
33933
33896
33859
33810
33766
33751
33708
33682
33635
33597
33570
33545
33520
33485
33419
33365
33305
33268
33237
33204
33181
33140
33116
33079
33054
33021
33001
32972
32929
32899
32870
32838
32811
32775
32734
32703
32673
32644
32609
32582
32530
32504
32485
32445
32410
32385
32352
32317
32289
32258
32232
32186
32162
32126
32100
32063
32026
31988
31972
31950
31924
31884
31858
31823
31798
31771
31730
31705
31671
31614
31581
31534
31506
31470
31435
31403
31356
31317
31284
31205
31151
31122
31089
31030
30993
30960
30939
30895
30857
30838
30790
30766
30728
30694
30658
30623
30598
30535
30474
30439
30379
30352
30313
30280
30254
30195
30146
30119
30080
30032
29996
29958
29916
29867
29831
29794
29740
29703
29682
29631
29579
29533
29508
29485
29452
29404
29376
29327
29296
29255
29213
29183
29156
29106
29066
29031
28998
28975
28927
28893
28847
28807
28767
28731
28671
28634
28598
28576
28534
28493
28456
28430
28375
28341
28311
28272
28206
28170
28132
28089
28063
28039
28015
27974
27944
27908
27848
27799
27750
27707
27656
27586
27560
27528
27457
27435
27412
27374
27349
27305
27238
27195
27165
27123
27080
27030
26995
26976
26915
26862
26822
26787
26723
26697
26663
26617
26577
26526
26500
26446
26400
26365
26321
26296
26242
26181
26119
26085
26033
26000
25972
25932
25907
25866
25841
25802
25739
25698
25652
25626
25602
25551
25497
25428
25343
25297
25238
25200
25169
25128
25096
25052
25012
24947
24881
24821
24788
24739
24701
24675
24635
24589
24558
24529
24496
24458
24407
24355
24335
24251
24208
24171
24136
24111
24089
24053
23994
23971
23928
23849
23783
23756
23721
23688
23641
23582
23506
23470
23427
23307
23272
23226
23198
23158
23132
23107
23066
23046
23006
22954
22915
22844
22799
22737
22702
22663
22634
22550
22514
22462
22402
22374
22314
22283
22239
22189
22121
22082
22042
22021
21981
21933
21890
21851
21783
21736
21693
21599
21523
21475
21457
21408
21361
21329
21294
21255
21232
21173
21142
21093
21036
20985
20932
20902
20860
20815
20745
20701
20662
20635
20603
20575
20548
20498
20450
20404
20375
20340
20284
20186
20157
20111
20089
20042
19988
19944
19894
19827
19769
19736
19693
19641
19628
19603
19546
19502
19446
19399
19359
19296
19248
19183
19130
19115
19091
19050
18981
18957
18928
18885
18852
18807
18786
18728
18695
18607
18570
18533
18492
18470
18414
18352
18311
18250
18165
18133
18075
17998
17966
17938
17897
17811
17772
17736
17691
17659
17622
17547
17513
17480
17453
17422
17391
17341
17301
17243
17202
17179
17132
17059
16963
16943
16906
16875
16840
16818
16766
16720
16673
16657
16623
16573
16515
16492
16477
16449
16411
16350
16301
16263
16170
16146
16086
16049
16015
15977
15914
15850
15806
15760
15734
15705
15675
15638
15587
15563
15495
15446
15414
15361
15347
15298
15242
15169
15107
14971
14916
14895
14836
14797
14734
14717
14683
14656
14632
14601
14547
14515
14467
14449
14360
14323
14283
14252
14214
14164
14029
13991
13955
13922
13896
13867
13815
13769
13729
13698
13634
13616
13585
13550
13516
13465
13383
13274
13244
13215
13192
13164
13058
12996
12958
12927
12895
12843
12756
12727
12684
12623
12585
12546
12485
12443
12382
12307
12251
12220
12191
12135
12093
12045
11972
11906
11860
11809
11778
11728
11689
11670
11556
11492
11450
11422
11406
11375
11355
11275
11229
11174
11114
11094
11076
11032
10991
10958
10920
10867
10850
10824
10800
10742
10699
10677
10634
10563
10545
10518
10441
10376
10324
10290
10192
10159
10111
10071
9992
9977
9903
9870
9796
9765
9754
9675
9617
9569
9545
9532
9456
9401
9355
9338
9319
9271
9255
9133
9061
9018
8997
8954
8914
8879
8849
8746
8636
8567
8536
8456
8426
8406
8305
8278
8241
8143
8085
7998
7930
7904
7870
7811
7783
7752
7730
7638
7604
7588
7560
7359
7343
7319
7300
7274
7216
7134
7106
7026
6971
6935
6911
6879
6812
6761
6739
6706
6624
6610
6575
6509
6488
6473
6448
6409
6396
6370
6355
6335
6246
6207
6160
6126
5969
5931
5908
5871
5844
5772
5742
5674
5651
5615
5601
5284
5271
5259
5242
5196
5186
5112
5091
5076
5058
4905
4831
4806
4794
4773
4748
4732
4720
4683
4678
4659
4639
4526
4500
4477
4392
4346
4328
4305
4165
4155
3896
3877
3789
3777
3768
3754
3692
3582
3568
3566
3473
3456
3428
3400
3358
3353
3333
3169
3048
3030
3006
2925
2724
2713
2613
2609
2568
2562
2488
2468
2456
2453
2401
2388
2120
2091
2013
1972
1968
1947
1926
1923
1906
1896
1887
1884
1585
1577
1558
1558
1555
1553
1550
1539
1532
1529
1521
1518
1514
1507
762
754
752
750
749
712
708
708
704
704
703
653
636
636
636
635
635
626
624
623
619
602
597
594
594
594
585
582
581
581
575
516
516
513
513
509
506
506
501
500
499
481
467
465
463
461
460
460
459
459
459
458
458
348
347
337
336
332
332
324
324
288
287
287
283
282
280
278
246
246
236
235
235
235
234
234
232
226
217
217
217
216
215
210
210
210
208
208
202
200
200
200
193
193
192
191
191
190
187
186
186
186
186
185
183
182
167
167
167
167
166
166
166
145
145
143
140
140
139
139
139
138
135
135
135
135
135
135
135
135
134
134
134
129
129
129
129
129
129
129
72
72
72
72
72
72
71
71
71
71
71
55
55
55
54
54
38
38
38
38
38
38
37
37
37
37
37
37
37
37
37
37
35
35
35
35
35
35
35
35
35
35
35
33
33
32
32
32
32
32
32
32
32
32
32
32
32
31
31
31
31
31
30
30
30
30
30
29
29
29
29
29
29
29
29
29
28
28
28
27
27
21
21
21
21
21
21
21
21
21
21
21
20
20
20
20
20
20
20
20
20
20
20
20
20
20
20
20
20
20
20
20
20
20
20
19
19
17
17
17
17
17
17
17
17
17
16
16
16
16
16
16
16
16
15
15
15
15
15
15
15
14
14
14
10
10
10
10
10
10
9
7
7
6
6
5
5
5
4
4
4
4
3
3
3
2
