2
2
2
3
3
3
3
3
3
3
3
3
3
3
4
4
4
4
4
4
4
4
4
4
4
4
4
4
4
4
4
4
4
4
4
4
4
4
4
7
7
7
7
7
7
7
7
7
8
8
8
8
8
8
8
8
8
8
8
8
8
8
8
8
8
8
8
8
8
8
8
8
8
8
8
8
8
8
8
8
8
8
9
9
9
9
9
9
11
11
11
11
11
11
12
12
12
12
12
12
12
12
12
12
12
12
12
12
12
12
12
12
12
12
12
12
12
12
12
12
12
12
12
12
13
13
13
13
13
13
13
13
13
13
13
13
13
13
13
13
13
13
13
13
13
13
13
13
13
13
14
14
14
14
14
14
14
14
14
14
14
14
14
14
14
14
14
14
14
14
14
14
14
14
14
14
14
14
14
14
14
14
14
14
14
14
14
14
14
14
14
14
14
14
14
14
16
18
18
19
19
19
19
19
19
19
19
19
19
19
19
19
19
19
22
22
22
22
22
22
22
22
22
22
22
22
22
22
22
22
22
22
22
22
22
22
22
22
22
22
22
22
22
22
22
22
22
22
22
22
22
22
22
22
23
23
23
23
23
23
26
26
26
26
26
26
26
26
26
26
26
26
26
26
27
27
27
27
27
27
27
27
27
27
27
27
27
30
30
30
30
30
30
30
30
31
31
31
31
31
31
31
33
33
33
33
33
33
33
33
34
34
34
34
36
36
36
36
36
37
37
37
37
37
37
37
38
38
38
38
38
38
38
38
38
38
38
38
39
39
39
39
39
39
39
39
41
41
41
41
41
41
41
41
41
41
41
41
41
41
41
52
52
52
52
52
52
52
52
52
52
52
52
53
53
55
55
55
55
55
55
55
55
55
74
74
74
74
75
81
81
81
81
82
84
84
84
84
84
85
86
88
88
88
88
88
93
93
96
96
96
96
96
96
96
96
97
97
97
97
97
97
97
97
97
97
97
98
98
98
98
98
121
121
121
126
126
126
126
130
130
138
138
138
138
138
138
138
138
156
158
159
159
199
219
226
226
244
245
245
256
257
257
258
265
265
321
322
325
325
328
328
329
329
329
329
330
332
332
333
333
338
340
340
340
340
354
354
373
374
374
374
375
376
377
387
390
394
397
397
473
474
474
474
474
476
476
476
476
477
477
493
496
497
497
501
501
503
503
610
610
650
651
683
686
706
706
853
864
871
874
874
879
880
880
884
888
889
889
891
903
912
912
912
975
975
977
991
991
994
996
998
1008
1013
1014
1014
1027
1033
1035
1036
1064
1064
1087
1087
1088
1090
1100
1105
1164
1172
1176
1188
1201
1201
1202
1222
1222
1222
1233
1235
1237
1415
1418
1627
1657
1811
1940
1950
1956
2060
2061
2234
2244
2257
2260
2268
2290
2302
2307
2331
2372
2829
3200
3215
3233
3294
3305
3327
3392
3405
3551
3563
3583
3625
3639
3651
3683
3750
3757
3768
3852
3859
4656
5334
5344
5382
5401
5418
5430
5438
5530
6178
6277
6337
6390
6562
6587
6645
6714
6733
6744
7000
7241
7446
7469
7534
7846
8031
8075
8122
8146
8170
8231
8272
8300
8395
8462
8611
8708
8735
8761
8897
8947
9374
9398
9447
9524
9619
9649
9691
9767
9812
9883
10022
10044
10096
10180
10245
10388
10408
10565
10650
10677
10796
10911
10963
11071
11106
11154
11188
11234
11355
11431
11599
11623
11754
11801
11815
11848
11933
12025
12044
12122
12175
12262
12458
12480
12540
12693
12783
12830
12863
12921
13034
13078
13194
13275
13420
13643
13716
13906
13964
14016
14053
14294
14455
14540
14640
14668
14718
14793
14872
14930
14992
15026
15117
15245
15286
15365
15476
15553
15625
15786
15875
15920
16037
16120
16172
16294
16366
16463
16538
16705
16808
16902
16973
17057
17175
17255
17335
17398
17502
17607
17665
17742
17779
17828
17882
17992
18024
18104
18154
18209
18285
18365
18433
18466
18498
18578
18619
18674
18802
18847
18903
18933
19050
19088
19113
19142
19209
19291
19347
19457
19697
19742
19777
19832
19954
20093
20166
20250
20289
20342
20414
20449
20484
20526
20589
20642
20750
20809
20859
20915
20969
21008
21079
21144
21176
21230
21288
21353
21406
21433
21488
21617
21643
21736
21806
21870
21942
21995
22081
22150
22231
22304
22359
22485
22538
22608
22665
22733
22768
22856
22903
22962
23033
23109
23157
23248
23305
23382
23436
23481
23553
23653
23738
23784
23864
23999
24048
24103
24186
24265
24341
24385
24428
24487
24524
24575
24716
24767
24847
24930
24968
25043
25093
25124
25164
25257
25374
25489
25528
25582
25611
25645
25727
25795
25809
25851
25921
25995
26039
26071
26115
26192
26252
26314
26357
26456
26491
26559
26606
26717
26751
26816
26884
26952
27026
27110
27159
27210
27236
27397
27448
27550
27613
27653
27686
27727
27781
27813
27855
27899
27952
28075
28162
28230
28279
28317
28354
28405
28452
28527
28598
28670
28712
28753
28816
28897
28941
29009
29024
29074
29107
29141
29228
29280
29314
29398
29474
29499
29548
29589
29648
29717
29766
29836
29886
29919
29969
30047
30087
30105
30187
30217
30273
30323
30362
30400
30478
30508
30582
30652
30719
30744
30785
30810
30842
30890
30926
30969
31050
31095
31156
31194
31236
31280
31340
31395
31420
31495
31525
31558
31611
31660
31692
31723
31765
31816
31859
31891
31927
31952
32004
32069
32133
32181
32230
32283
32369
32421
32461
32507
32530
32551
32569
32622
32644
32676
32715
32766
32793
32835
32876
32917
32953
32998
33022
33055
33108
33197
33238
33275
33311
33351
33400
33446
33472
33533
33562
33613
33661
33690
33729
33800
33834
33913
33946
34016
34068
34097
34144
34184
34222
34261
34311
34332
34372
34398
34427
34467
34508
34544
34606
34650
34700
34758
34804
34840
34906
34945
34991
35037
35108
35131
35161
35187
35244
35260
35296
35360
35431
35470
35540
35590
35659
35708
35749
35781
35810
35858
35874
35905
35936
35998
36038
36082
36129
36167
36198
36220
36252
36283
36313
36365
36400
36438
36477
36523
36573
36637
36685
36720
36763
36786
36819
36876
36921
36943
36957
37004
37025
37048
37082
37101
37125
37173
37213
37247
37274
37299
37322
37353
37395
37418
37434
37459
37489
37516
37567
37596
37658
37671
37703
37722
37743
37777
37800
37833
37863
37908
37932
38003
38083
38105
38129
38144
38197
38218
38235
38274
38315
38353
38397
38430
38483
38524
38624
38677
38713
38765
38808
38851
38893
38933
38955
38985
39003
39022
39055
39088
39147
39178
39197
39222
39254
39280
39303
39327
39363
39385
39405
39441
39468
39528
39558
39584
39626
39670
39694
39732
39774
39817
39837
39863
39889
39919
39962
40017
40074
40119
40150
40192
40228
40255
40279
40317
40356
40395
40426
40456
40492
40525
40578
40610
40622
40657
40699
40719
40751
40772
40811
40838
40860
40881
40903
40933
40951
40989
41014
41035
41058
41083
41114
41142
41167
41182
41221
41256
41280
41325
41354
41398
41422
41448
41473
41505
41529
41545
41569
41602
41632
41655
41699
41719
41763
41793
41817
41850
41871
41903
41926
41966
42006
42038
42069
42098
42115
42137
42185
42207
42233
42259
42281
42312
42343
42375
42392
42416
42436
42456
42483
42493
42517
42527
42546
42556
42574
42594
42623
42658
42680
42694
42732
42765
42808
42829
42858
42870
42905
42935
42958
42979
42997
43024
43060
43086
43105
43134
43151
43177
43201
43255
43272
43312
43340
43362
43380
43412
43446
43468
43491
