3
3
3
3
3
3
3
3
3
3
4
4
4
4
4
4
4
4
4
4
4
4
4
4
4
4
4
4
4
4
4
4
4
4
4
4
4
4
5
5
5
5
5
5
5
5
5
5
5
5
5
5
5
5
6
6
6
6
7
7
7
7
7
7
7
7
7
7
11
11
11
11
11
11
11
11
11
11
11
11
11
11
11
11
11
11
11
11
11
11
11
11
11
11
11
11
11
11
11
11
11
11
11
11
11
11
11
11
12
12
17
17
17
17
17
18
18
18
18
18
18
18
18
18
18
18
18
18
18
18
18
18
18
18
18
18
18
18
18
18
18
18
18
18
18
18
18
18
18
18
18
18
18
18
18
18
18
18
18
18
18
18
18
18
18
18
18
18
18
18
19
19
21
22
22
22
22
22
22
22
22
22
22
22
22
22
22
22
22
22
22
22
22
22
22
22
22
22
22
22
22
22
22
22
22
22
22
22
22
22
22
22
22
22
22
22
22
22
22
22
22
22
22
22
22
22
22
22
22
23
23
23
23
23
25
25
25
25
25
25
25
25
25
25
25
25
25
25
25
25
25
30
30
30
33
33
33
33
33
33
33
34
34
34
34
34
34
34
34
34
34
34
34
34
34
34
34
34
34
36
36
36
36
36
36
36
36
36
36
36
36
36
36
36
36
36
36
36
36
36
36
36
36
38
39
39
39
39
39
39
39
39
39
39
39
39
42
42
42
42
43
43
43
43
43
43
43
43
43
43
43
43
43
43
43
43
43
43
43
43
43
43
43
43
43
43
43
43
43
43
43
43
43
43
43
43
43
43
43
43
44
44
48
48
48
48
48
53
53
55
55
55
55
55
55
55
55
55
55
56
56
56
56
56
56
56
58
58
58
58
58
58
58
58
58
58
60
60
60
60
60
60
60
60
60
60
63
63
63
63
63
63
63
63
63
63
63
63
63
63
63
63
63
63
63
63
63
63
63
63
63
69
69
70
70
70
70
70
70
70
70
70
71
71
71
71
71
71
74
74
74
74
74
75
76
76
76
76
76
76
78
78
78
78
78
78
80
80
93
93
93
113
113
114
114
114
114
115
115
115
124
124
124
124
124
124
128
128
128
128
130
143
143
143
144
144
156
156
156
156
156
156
156
157
157
166
167
200
200
200
200
200
201
215
215
215
215
237
249
249
253
253
253
253
253
253
257
257
261
261
267
269
354
355
357
371
371
382
386
390
391
393
393
393
394
394
704
771
908
908
908
925
951
955
1039
1040
1046
1050
1052
1057
1059
1060
1083
1084
1085
1085
1126
1197
1198
1200
1202
1209
1210
1221
1221
1224
1478
1481
1514
1514
1515
1550
1550
1623
1638
1640
1725
1728
1730
1750
2540
2544
2757
3097
3100
3113
3162
3239
3249
3640
3669
3704
3721
3819
3848
3954
3959
4374
4387
4426
5001
5306
5368
5412
5424
5453
5589
5633
5939
6099
6174
6215
6438
6458
6471
6573
6593
6752
6788
6828
7054
7213
7335
7423
7456
7870
7913
7981
8064
8088
8124
8291
8333
8344
8395
8452
8547
8564
8729
8761
8821
8842
8992
9088
9117
9141
9154
9203
9257
9285
9326
9383
9420
9483
9529
9553
9584
9731
9739
9761
9909
10068
10154
10447
10578
10677
10791
10986
11123
11200
11251
11367
11432
11783
11876
11948
12022
12084
12171
12199
12292
12366
12403
12454
12518
12547
12574
12678
12734
12790
12854
13011
13030
13106
13214
13288
13372
13477
13639
13757
13830
13862
13896
14040
14092
14190
14259
14326
14439
14468
14513
14589
14761
14826
14865
14943
14962
15007
15112
15139
15202
15294
15391
15556
15598
15731
15766
15924
15995
16045
16101
16170
16238
16440
16490
16588
16631
16670
16796
16913
16986
17052
17170
17241
17289
17320
17439
17504
17578
17640
17674
17728
17797
17851
17919
17981
18028
18100
18182
18223
18298
18340
18405
18434
18493
18516
18547
18592
18653
18692
18738
18765
18952
19006
19054
19105
19274
19314
19449
19517
19601
19649
19673
19744
19804
19925
19989
20076
20105
20180
20266
20302
20341
20382
20529
20567
20763
20863
20927
20980
21047
21175
21218
21289
21356
21391
21461
21538
21588
21649
21728
21860
21896
21976
22043
22157
22225
22272
22333
22375
22475
22535
22563
22621
22679
22741
22813
22866
22923
22958
23052
23127
23167
23229
23312
23329
23399
23457
23490
23530
23575
23640
23701
23771
23820
23895
23966
23998
24081
24141
24189
24238
24269
24319
24424
24499
24558
24611
24695
24770
24853
24939
24997
25043
25103
25174
25233
25353
25454
25501
25551
25603
25663
25702
25759
25784
25842
25923
25969
26073
26140
26198
26235
26296
26432
26465
26532
26580
26606
26657
26784
26825
26867
26926
26952
26990
27032
27069
27101
27161
27242
27281
27318
27377
27482
27552
27616
27674
27711
27774
27834
27875
27919
27974
28012
28067
28144
28199
28222
28289
28327
28372
28434
28468
28541
28599
28631
28662
28724
28792
28826
28885
28951
28990
29038
29065
29099
29174
29250
29306
29350
29394
29463
29512
29562
29628
29655
29692
29762
29816
29847
29882
29899
29931
29995
30059
30101
30150
30203
30246
30307
30379
30442
30468
30539
30591
30624
30680
30726
30768
30824
30866
30908
30956
30984
31045
31102
31159
31185
31212
31304
31372
31437
31483
31510
31555
31598
31635
31662
31684
31727
31770
31810
31838
31871
31931
31979
32028
32083
32131
32165
32207
32247
32282
32326
32368
32408
32459
32503
32535
32562
32593
32653
32686
32719
32761
32812
32831
32867
32904
32938
32984
33033
33117
33166
33196
33243
33277
33313
33343
33390
33413
33503
33546
33586
33634
33676
33703
33745
33784
33861
33925
33969
33998
34015
34049
34090
34128
34168
34204
34238
34271
34300
34320
34356
34392
34459
34516
34581
34620
34653
34710
34764
34797
34819
34845
34863
34912
34990
35023
35058
35090
35129
35183
35218
35262
35304
35334
35374
35408
35450
35499
35532
35560
35600
35639
35681
35715
35755
35800
35858
35911
35946
36008
36049
36117
36147
36175
36216
36294
36330
36375
36402
36445
36480
36532
36569
36603
36643
36701
36747
36776
36824
36845
36892
36914
36948
36979
37029
37056
37107
37141
37186
37213
37222
37266
37292
37312
37351
37402
37433
37476
37525
37563
37612
37634
37688
37706
37742
37774
37795
37838
37864
37902
37962
37981
38023
38039
38114
38158
38188
38219
38257
38296
38357
38410
38453
38500
38539
38576
38609
38646
38718
38738
38773
38811
38840
38867
38900
38954
38984
39013
39044
39090
39110
39160
39198
39235
39274
39299
39335
39370
39393
39461
39504
39533
39596
39636
39677
39729
39756
39796
39814
39849
39907
39970
40003
40050
40084
40125
40147
40180
40217
40281
40310
40332
40363
40390
40422
40456
40469
40497
40531
40568
40612
40644
40679
40705
40721
40761
40798
40822
40848
40876
40899
40934
40961
40978
41028
41052
41092
41114
41159
41184
41206
41238
41268
41288
41312
41348
41399
41433
41456
41480
41518
41546
41584
41607
41629
41645
41657
41687
41724
41762
41783
41806
41837
41852
41900
41928
41970
42006
42026
42046
42066
42086
42107
42124
42159
42176
42199
42229
42274
42294
42331
42370
42392
42411
42454
42483
42513
42532
42564
42593
42619
42637
42654
42687
42728
42749
42769
42789
42813
42844
42867
42892
42926
42948
42985
43040
43065
43092
43120
43149
43173
43187
43203
43236
43273
43308
43327
43344
43372
43395
43416
43433
43450
43474
43506
43539
43578
43595
