43581
43544
43510
43487
43454
43425
43403
43344
43297
43261
43221
43196
43162
43134
43111
43071
43024
43001
42964
42923
42879
42845
42811
42775
42746
42692
42663
42637
42606
42573
42540
42490
42456
42407
42381
42355
42310
42278
42250
42223
42189
42158
42110
42080
42045
42009
41982
41940
41902
41864
41824
41793
41770
41724
41704
41677
41637
41615
41583
41550
41519
41476
41445
41410
41372
41341
41297
41265
41214
41173
41140
41125
41097
41066
41040
41014
40977
40945
40902
40867
40833
40804
40736
40711
40679
40639
40615
40561
40538
40493
40456
40429
40400
40377
40341
40311
40292
40272
40248
40204
40170
40119
40079
40042
40002
39980
39956
39911
39859
39829
39797
39757
39724
39696
39667
39642
39618
39580
39564
39536
39511
39479
39441
39414
39369
39334
39292
39262
39235
39197
39175
39147
39112
39081
39053
38973
38946
38912
38862
38804
38783
38740
38715
38690
38652
38619
38588
38557
38516
38482
38440
38410
38389
38349
38295
38269
38241
38198
38181
38153
38118
38084
38041
38018
37978
37940
37911
37885
37853
37825
37775
37722
37684
37657
37632
37603
37582
37545
37518
37453
37430
37402
37369
37345
37308
37282
37252
37230
37198
37165
37138
37106
37051
37023
36996
36971
36934
36900
36861
36823
36793
36764
36737
36712
36687
36656
36630
36604
36574
36553
36517
36492
36465
36431
36391
36344
36315
36280
36240
36219
36175
36141
36098
36075
36025
35999
35965
35944
35917
35899
35865
35830
35801
35776
35744
35710
35687
35651
35619
35589
35556
35518
35480
35453
35425
35367
35330
35300
35268
35235
35191
35145
35086
35060
35018
34988
34962
34925
34901
34854
34817
34789
34732
34687
34653
34632
34605
34579
34526
34478
34460
34402
34370
34340
34319
34277
34245
34212
34178
34133
34089
34055
34016
33973
33928
33910
33876
33836
33809
33775
33741
33720
33669
33645
33611
33569
33535
33502
33454
33409
33362
33343
33310
33270
33240
33197
33162
33118
33082
33045
33013
32980
32924
32899
32857
32806
32760
32741
32692
32676
32652
32605
32586
32523
32489
32446
32409
32380
32326
32264
32212
32184
32151
32096
32064
32021
31981
31944
31895
31822
31790
31752
31733
31700
31656
31607
31581
31554
31515
31479
31451
31404
31360
31320
31278
31230
31183
31132
31096
31048
31019
30986
30951
30912
30877
30857
30805
30764
30729
30707
30676
30643
30608
30578
30545
30513
30489
30451
30426
30408
30385
30354
30318
30288
30234
30183
30151
30122
30084
30055
30020
29986
29935
29850
29807
29754
29728
29694
29662
29623
29574
29531
29499
29461
29425
29386
29362
29331
29246
29208
29170
29125
29089
29053
28991
28951
28926
28866
28832
28800
28733
28670
28623
28581
28519
28472
28427
28371
28351
28324
28289
28262
28229
28196
28161
28115
28073
28016
27990
27941
27912
27890
27858
27809
27771
27733
27694
27642
27613
27575
27547
27511
27477
27438
27374
27344
27311
27286
27258
27215
27159
27106
27078
27028
26998
26961
26927
26879
26837
26796
26741
26710
26644
26595
26548
26521
26487
26433
26354
26325
26290
26260
26217
26181
26086
26057
26025
25993
25939
25888
25828
25764
25706
25671
25648
25605
25564
25526
25466
25443
25420
25374
25336
25307
25264
25240
25182
25125
25083
25053
25024
25007
24954
24919
24885
24812
24736
24698
24655
24591
24549
24514
24483
24462
24428
24401
24366
24332
24296
24253
24211
24182
24144
24078
24030
23981
23952
23891
23871
23815
23782
23749
23712
23656
23630
23584
23555
23483
23385
23283
23257
23222
23184
23132
23091
23058
23025
22987
22938
22919
22888
22843
22809
22765
22716
22670
22608
22573
22514
22477
22447
22416
22398
22336
22305
22269
22220
22184
22133
22081
22045
21992
21958
21887
21841
21805
21766
21718
21681
21661
21633
21598
21563
21484
21437
21411
21382
21360
21300
21246
21214
21190
21143
21114
21081
21016
20986
20952
20906
20849
20806
20708
20673
20623
20595
20572
20511
20474
20435
20383
20342
20310
20251
20194
20166
20115
20079
20061
20033
19974
19902
19861
19836
19806
19759
19726
19689
19641
19603
19493
19455
19402
19363
19280
19253
19173
19139
19110
19076
19042
19005
18981
18954
18874
18850
18808
18762
18728
18678
18633
18608
18570
18524
18483
18442
18405
18358
18310
18252
18208
18186
18136
18100
18059
18039
18005
17922
17850
17833
17794
17773
17653
17574
17503
17479
17420
17366
17304
17252
17223
17187
17152
17123
17078
17041
16973
16935
16899
16859
16833
16817
16742
16695
16581
16541
16506
16489
16441
16399
16357
16319
16261
16230
16189
16159
16119
16102
16070
16045
15988
15923
15845
15818
15789
15760
15731
15701
15671
15638
15591
15516
15490
15390
15349
15322
15279
15218
15180
15145
15090
15035
14962
14924
14873
14839
14816
14723
14657
14581
14559
14537
14446
14431
14393
14351
14312
14285
14129
14100
14011
13954
13863
13833
13802
13756
13724
13683
13626
13584
13552
13502
13464
13393
13307
13277
13239
13210
13164
13116
13045
12997
12919
12884
12845
12734
12710
12663
12563
12508
12483
12448
12377
12317
12269
12214
12125
12084
12016
11938
11791
11657
11600
11461
11321
11216
11191
11175
11136
11097
11067
10989
10916
10880
10854
10811
10762
10706
10613
10595
10537
10503
10396
10369
10327
10266
10133
10096
10014
9976
9942
9892
9851
9792
9739
9723
9685
9638
9616
9561
9517
9473
9356
9297
9275
9201
9150
9079
9030
9010
8978
8957
8942
8888
8872
8822
8723
8665
8614
8588
8348
8306
8257
8208
8073
8050
8031
7903
7866
7845
7837
7819
7784
7745
7730
7695
7655
7502
7469
7442
7432
7389
7358
7303
7231
7177
7156
7073
7034
6991
6976
6954
6933
6915
6878
6827
6774
6669
6652
6538
6507
6491
6433
6420
6400
6370
6314
6277
6261
6183
6122
6073
6035
5981
5857
5778
5765
5747
5735
5631
5595
5539
5523
5507
5484
5476
5451
5432
5412
5401
5390
5367
5305
5235
5180
5095
5085
5051
5042
5010
4988
4965
4953
4825
4808
4771
4750
4736
4679
4624
4474
4294
4262
4226
4220
4180
4056
3963
3934
3917
3904
3034
3029
3021
3013
3009
2972
2927
2870
2848
2809
2773
2764
2673
2661
2638
2629
2612
2607
2578
2574
2569
2532
2526
2521
2507
2504
2367
2334
2323
2313
2309
2159
2048
2000
1958
1682
1678
1674
1663
1659
1653
1561
1560
1547
1474
1425
1328
1323
1321
1315
1312
1305
1297
1295
1245
1242
1229
1226
1222
1216
1187
1175
1173
1169
1157
1155
1154
1146
1140
1134
1131
1129
1128
1124
1081
1079
1076
1074
1061
1059
1054
1050
1032
1031
1019
1018
1018
1015
1014
999
994
993
987
967
966
963
962
960
959
945
940
937
937
931
927
924
902
871
869
846
760
759
757
745
736
732
717
715
713
711
707
611
609
606
606
605
583
583
551
551
539
538
538
536
534
506
506
505
502
498
490
472
424
421
407
402
396
395
393
393
379
377
375
373
371
371
368
364
354
353
350
334
332
332
330
325
325
300
280
280
280
275
273
270
267
267
265
265
265
263
260
260
259
259
257
250
250
250
250
249
247
247
241
240
240
235
226
226
226
200
197
197
153
152
151
151
149
149
149
146
146
141
140
137
136
136
135
135
96
96
96
95
95
95
95
95
95
93
93
89
89
89
83
82
79
77
75
75
75
75
66
65
65
65
64
53
53
48
48
48
48
47
47
47
47
47
47
47
47
47
47
47
47
47
47
47
47
47
46
46
46
46
46
46
46
46
46
46
46
46
46
46
46
46
45
45
45
45
44
44
42
42
42
42
40
40
40
40
39
39
34
34
34
34
34
32
32
32
32
32
32
31
31
31
31
30
29
29
29
29
29
29
29
29
27
27
27
27
27
27
27
27
27
27
27
24
22
22
21
21
21
21
21
21
21
21
21
20
20
20
19
19
19
19
19
18
15
15
14
9
9
9
7
7
7
7
7
6
5
4
4
2
