2
2
2
3
3
4
4
4
4
4
4
4
4
4
4
4
4
4
4
4
4
4
4
4
4
4
5
6
6
6
6
6
6
6
6
6
6
6
6
6
6
6
6
6
6
6
6
6
6
6
8
8
8
8
8
8
8
8
8
8
8
8
8
8
8
9
9
9
9
9
9
9
9
9
9
9
9
9
9
9
9
9
9
9
9
9
9
9
9
9
9
9
9
9
9
9
9
9
9
9
9
9
9
9
10
10
10
10
10
10
10
10
10
10
10
10
11
11
11
11
11
11
11
11
11
11
11
11
11
11
11
13
13
13
13
13
13
13
13
13
13
13
13
13
13
13
13
13
13
13
13
13
13
13
13
13
13
13
13
13
13
13
13
13
13
13
13
13
13
13
15
15
15
15
15
15
15
15
15
15
15
15
15
15
15
16
16
16
17
17
17
17
17
18
18
18
19
19
19
19
19
19
19
19
19
19
25
25
25
25
25
25
25
25
25
25
25
25
25
25
25
25
25
25
25
25
25
25
25
25
25
25
26
26
26
26
26
26
26
26
26
26
26
26
26
26
26
26
26
26
26
26
26
26
26
26
26
26
26
26
26
26
26
26
27
27
27
27
27
27
27
27
27
27
27
27
27
27
27
28
28
28
28
28
28
28
28
28
28
28
28
28
28
28
28
28
28
28
29
34
34
34
34
34
34
34
34
37
37
37
37
37
37
37
37
38
38
38
38
38
38
38
38
38
38
38
38
38
38
38
38
38
46
46
48
48
48
48
48
48
48
48
49
49
49
49
49
49
49
49
49
52
52
56
56
56
56
56
56
57
57
57
57
57
57
58
58
58
59
59
59
60
60
60
60
60
60
60
60
60
60
60
65
65
65
65
65
65
65
66
66
66
66
66
66
69
69
70
70
70
71
73
76
76
76
76
76
76
76
76
76
76
76
76
76
76
76
76
76
76
76
76
76
78
78
78
78
78
78
78
78
79
102
102
109
112
112
112
112
112
112
112
112
112
112
112
112
112
148
148
148
148
148
148
148
148
148
148
148
148
148
150
150
150
150
163
163
163
163
163
163
163
164
168
169
169
169
169
169
210
211
211
211
222
222
242
242
242
242
242
252
252
252
254
254
254
257
257
257
261
261
261
261
261
261
261
262
262
263
265
265
265
265
265
324
327
327
344
344
344
344
344
367
367
374
374
376
401
401
402
405
405
405
405
405
424
427
427
428
428
428
430
430
430
431
431
431
431
438
438
438
438
438
439
439
446
448
449
449
449
450
543
544
544
544
544
544
932
968
970
971
975
983
985
985
1034
1036
1052
1094
1097
1102
1103
1108
1110
1113
1113
1119
1146
1154
1174
1193
1224
1271
1291
1296
2501
2509
2524
2555
3594
3610
3619
3689
3877
3896
4013
4035
4049
4108
4139
4195
4236
4311
4343
4357
4370
4517
4553
4600
4663
4686
4727
4874
4880
4939
4951
5089
5195
5239
5314
5364
5435
5474
5541
5575
5588
5602
5666
5683
5700
5722
5786
5814
6197
6236
6279
6303
6794
7051
7114
7255
7397
7439
7535
7737
7805
7839
7852
8020
8098
8174
8196
8274
8449
8553
8599
8614
8681
8706
8759
8828
8970
9036
9128
9191
9221
9414
9439
9487
9661
9721
9800
9819
10061
10321
10357
10427
10482
10622
10688
10707
10745
10858
11054
11070
11115
11217
11291
11453
11541
11588
11689
11720
11765
11937
12122
12144
12327
12387
12462
12660
12736
12780
12922
12989
13055
13143
13325
13469
13500
13594
13712
13751
13861
14015
14106
14127
14221
14279
14298
14361
14418
14476
14731
14760
14802
14851
14923
15034
15121
15208
15270
15344
15424
15532
15602
15663
15728
15766
15799
15874
16034
16078
16116
16193
16469
16618
16655
16753
16815
16889
16927
17035
17092
17239
17311
17359
17515
17587
17679
17730
17810
17852
17926
18059
18115
18161
18252
18407
18479
18636
18826
18890
18996
19027
19074
19129
19197
19279
19329
19381
19422
19468
19562
19582
19723
19761
19855
19916
20029
20095
20133
20210
20236
20335
20365
20488
20529
20589
20663
20719
20795
20856
20914
20992
21126
21233
21321
21344
21388
21419
21531
21582
21645
21714
21761
21798
21853
21918
22022
22091
22244
22326
22392
22507
22564
22654
22710
22756
22886
22923
22969
23032
23085
23122
23176
23261
23311
23352
23431
23513
23593
23638
23747
23794
23873
23904
24035
24103
24166
24194
24250
24350
24389
24461
24522
24588
24660
24790
24833
24866
24980
25020
25065
25115
25175
25241
25295
25409
25443
25518
25536
25588
25611
25648
25704
25766
25840
25867
25962
26111
26148
26197
26253
26293
26340
26380
26413
26459
26503
26537
26614
26688
26723
26756
26816
26847
26913
27044
27142
27183
27231
27282
27362
27408
27451
27486
27532
27593
27629
27712
27779
27809
27856
27883
27942
27984
28055
28124
28165
28202
28253
28323
28359
28400
28459
28480
28509
28584
28665
28755
28786
28834
28902
28923
29005
29038
29084
29143
29204
29244
29288
29353
29401
29448
29491
29542
29589
29632
29671
29695
29736
29781
29868
29904
29938
29975
30044
30059
30128
30159
30225
30273
30370
30386
30451
30488
30524
30574
30627
30662
30706
30758
30791
30884
30943
30994
31025
31085
31120
31162
31194
31253
31314
31338
31361
31415
31472
31514
31556
31597
31667
31709
31739
31773
31824
31875
31921
31990
32027
32064
32138
32174
32215
32246
32303
32317
32386
32432
32493
32556
32584
32618
32660
32703
32741
32798
32818
32868
32937
32978
33011
33057
33114
33152
33195
33242
33269
33336
33366
33414
33453
33506
33564
33615
33649
33714
33754
33805
33859
33892
33931
33995
34030
34080
34116
34146
34185
34253
34279
34318
34345
34374
34432
34460
34503
34533
34557
34599
34620
34684
34762
34808
34846
34882
34896
34934
34970
35000
35045
35079
35115
35141
35167
35196
35228
35277
35306
35365
35403
35424
35491
35564
35605
35647
35684
35753
35784
35814
35848
35951
35995
36033
36066
36107
36157
36216
36260
36296
36314
36370
36408
36476
36506
36555
36580
36616
36654
36714
36755
36794
36848
36869
36904
36945
36987
37052
37097
37157
37182
37234
37289
37327
37372
37412
37455
37489
37537
37586
37626
37654
37677
37707
37755
37832
37869
37923
37963
38019
38063
38071
38104
38140
38177
38230
38264
38292
38336
38355
38383
38415
38469
38498
38530
38560
38582
38638
38681
38730
38758
38798
38826
38857
38913
38958
38994
39017
39045
39067
39108
39132
39192
39225
39258
39303
39344
39367
39389
39447
39500
39528
39553
39576
39601
39627
39667
39702
39732
39759
39796
39830
39857
39887
39905
39929
39955
39967
39995
40042
40073
40099
40119
40143
40168
40213
40227
40255
40276
40299
40338
40358
40390
40413
40457
40488
40512
40538
40568
40586
40613
40655
40685
40708
40735
40769
40799
40826
40883
40903
40943
40983
41015
41034
41068
41109
41151
41183
41201
41224
41245
41267
41296
41314
41339
41367
41407
41437
41471
41519
41558
41608
41629
41656
41695
41734
41758
41793
41821
41842
41861
41889
41924
41955
41983
42006
42027
42050
42082
42104
42126
42157
42173
42199
42220
42262
42284
42307
42341
42370
42403
42421
42438
42472
42500
42521
42548
42585
42657
42680
42708
42732
42761
42792
42826
42846
42869
42902
42920
42937
42966
43014
43037
43073
43097
43117
43144
43156
43172
43210
43252
43267
43295
43328
43347
43365
43392
43419
43459
43484
43510
43549
43574
