3
3
3
3
3
3
3
3
3
3
3
3
3
3
4
4
4
4
4
4
4
4
4
4
4
4
4
4
5
5
5
5
5
5
5
5
5
5
5
5
5
5
5
5
5
5
5
5
5
5
5
5
5
6
6
6
6
6
6
7
7
7
7
7
7
8
8
8
8
8
8
8
8
8
8
8
8
8
8
8
8
8
8
8
8
8
8
8
8
8
8
8
8
8
8
8
8
8
8
8
8
8
8
8
8
8
8
8
8
8
8
8
8
8
9
9
9
9
9
9
9
9
9
9
9
9
9
9
9
9
9
9
9
9
9
9
9
9
9
9
9
9
9
9
10
10
10
10
10
10
10
10
10
10
10
10
10
10
10
10
10
10
10
10
10
13
13
13
13
13
13
13
13
13
14
14
14
14
14
14
14
14
14
14
14
14
14
14
14
14
14
14
14
14
14
14
14
14
14
14
14
14
14
14
14
14
14
14
14
14
14
14
14
14
14
14
14
14
14
14
14
14
14
14
14
14
21
21
21
21
21
21
21
21
21
21
21
21
21
21
21
21
21
21
21
21
21
21
21
21
21
21
21
21
21
21
21
21
21
21
21
21
21
21
21
21
21
21
21
21
21
21
21
21
21
21
21
21
21
24
24
24
24
24
24
24
24
24
25
25
25
25
25
25
25
25
25
25
25
25
25
25
25
25
25
25
33
33
33
33
34
34
34
34
34
34
35
35
35
35
35
35
35
35
35
35
36
37
37
37
37
37
44
44
44
50
50
50
50
50
50
50
50
50
50
50
54
54
54
54
54
54
54
54
54
54
54
56
56
56
56
61
61
61
61
61
61
61
61
61
61
61
61
64
64
64
64
64
64
64
64
64
64
64
64
68
68
68
68
68
68
68
68
96
96
96
96
97
97
97
97
98
98
98
102
102
102
102
108
108
108
108
108
108
108
108
108
111
111
111
111
111
111
111
111
112
122
122
122
122
122
122
122
149
152
154
154
154
155
155
157
158
158
158
167
167
167
167
171
171
171
171
172
172
172
172
172
175
175
175
175
175
191
191
191
199
199
199
199
199
199
200
200
200
200
200
200
200
200
201
202
202
202
202
202
202
208
331
331
332
334
334
340
340
341
342
342
342
342
342
348
353
353
366
366
366
489
489
489
492
492
493
493
498
499
499
501
509
509
513
513
513
514
518
549
550
552
557
561
586
586
587
587
592
598
599
603
605
605
606
606
609
609
611
611
615
619
623
623
626
627
630
631
670
673
683
685
685
689
689
697
697
697
697
700
714
720
721
723
726
726
727
727
728
731
732
819
819
824
824
1004
1005
1015
1016
1022
1038
1038
1039
1040
1208
1209
1809
1820
1846
1856
1897
1897
2080
2083
2088
2223
2237
2240
2247
2322
2764
2807
2819
2832
2937
3531
3541
3573
3581
3791
3940
4024
4069
4091
4390
4416
4418
4439
4448
4553
4588
4594
4603
4608
4610
4621
4694
4716
4920
4994
5032
5070
5302
5319
5336
5358
5919
5943
5968
6007
6095
6378
6814
6821
6843
7268
7292
7349
7432
7599
7625
8048
8128
8265
8321
8365
8394
8504
8521
8575
8609
8862
9032
9061
9100
9160
9247
9298
9326
9358
9374
9475
9563
9679
9787
9837
9899
9936
10023
10111
10328
10383
10435
10464
10546
10610
10646
10664
10748
10821
10919
11161
11182
11221
11265
11328
11447
11532
11648
11803
11952
11980
12027
12159
12187
12314
12364
12551
12602
12724
12795
12841
12914
13025
13061
13140
13180
13227
13324
13426
13501
13548
13608
13678
13722
13808
13890
13971
14092
14168
14225
14284
14361
14434
14465
14622
14663
14730
14858
14884
15212
15274
15405
15534
15664
15697
15902
15953
15978
15996
16027
16074
16198
16297
16358
16386
16459
16526
16572
16716
16776
16843
16883
16937
17089
17136
17233
17296
17350
17380
17421
17576
17657
17705
17843
17944
18028
18085
18122
18181
18255
18318
18369
18394
18456
18492
18564
18666
18718
18814
18908
18953
19045
19105
19157
19335
19377
19460
19572
19625
19680
19741
19859
19952
20012
20112
20183
20252
20375
20417
20469
20570
20592
20638
20761
20804
20906
20989
21071
21119
21208
21246
21330
21385
21431
21491
21542
21673
21729
21788
21850
21915
21979
22074
22160
22215
22313
22365
22477
22552
22615
22658
22776
22821
22860
22930
23004
23039
23089
23171
23232
23302
23353
23433
23497
23539
23663
23772
23854
23973
24016
24072
24126
24156
24245
24303
24367
24407
24455
24496
24579
24645
24708
24764
24850
24923
25033
25059
25095
25151
25230
25318
25356
25402
25546
25594
25675
25736
25821
25916
25954
26005
26057
26111
26140
26207
26259
26327
26412
26477
26515
26554
26589
26655
26718
26774
26805
26872
26921
26958
27004
27040
27073
27201
27251
27293
27339
27371
27408
27489
27555
27643
27699
27742
27798
27854
27898
27968
28086
28120
28183
28222
28272
28334
28368
28408
28446
28519
28560
28596
28667
28704
28762
28816
28872
28924
28972
28999
29041
29087
29167
29232
29264
29289
29353
29392
29414
29468
29505
29536
29561
29627
29664
29713
29743
29823
29897
29937
29985
30077
30122
30185
30227
30289
30341
30423
30487
30530
30563
30611
30643
30691
30732
30754
30810
30856
30901
30947
30984
31036
31070
31144
31184
31220
31278
31330
31349
31395
31440
31485
31551
31611
31677
31713
31769
31787
31869
31904
31953
31984
32014
32039
32108
32166
32205
32235
32269
32331
32383
32430
32459
32505
32555
32602
32645
32665
32694
32750
32807
32850
32924
32978
33047
33083
33136
33181
33224
33251
33288
33329
33366
33408
33475
33544
33592
33629
33666
33699
33752
33794
33826
33868
33941
33992
34042
34111
34138
34201
34223
34267
34303
34361
34413
34451
34493
34532
34575
34600
34629
34666
34690
34742
34788
34814
34836
34888
34925
34958
34994
35032
35079
35121
35215
35254
35317
35353
35384
35421
35461
35494
35552
35589
35624
35660
35701
35770
35812
35846
35891
35921
35984
36003
36038
36067
36130
36166
36191
36232
36260
36289
36320
36357
36387
36410
36440
36472
36512
36577
36604
36642
36682
36738
36772
36809
36827
36857
36892
36932
36977
37031
37075
37133
37185
37235
37262
37291
37312
37335
37381
37409
37445
37495
37528
37572
37602
37626
37699
37733
37819
37844
37875
37924
37957
37994
38019
38056
38090
38134
38206
38237
38273
38298
38342
38377
38402
38438
38470
38525
38552
38592
38612
38630
38664
38695
38729
38764
38808
38839
38883
38914
38940
38977
39019
39053
39081
39131
39173
39209
39247
39298
39316
39366
39378
39392
39418
39457
39484
39513
39535
39558
39576
39612
39658
39681
39735
39764
39802
39845
39890
39922
39949
39981
40008
40040
40066
40105
40147
40181
40205
40220
40269
40300
40331
40349
40381
40407
40451
40506
40530
40554
40586
40618
40657
40681
40707
40735
40769
40795
40845
40873
40898
40919
40950
40998
41032
41060
41100
41131
41159
41185
41226
41249
41277
41302
41323
41355
41403
41432
41463
41489
41520
41558
41616
41640
41663
41686
41716
41733
41759
41787
41812
41833
41874
41906
41956
42003
42028
42053
42087
42108
42130
42167
42198
42228
42250
42286
42324
42360
42375
42422
42448
42479
42508
42529
42556
42573
42604
42636
42673
42699
42729
42758
42789
42809
42836
42853
42868
42903
42925
42950
42974
43004
43047
43088
43113
43130
43158
43187
43209
43237
43270
43321
43341
43387
43430
43467
43496
