43306
43256
43237
43214
43184
43153
43128
43105
43086
43048
43026
42998
42971
42949
42914
42881
42864
42834
42800
42766
42715
42687
42658
42634
42610
42596
42564
42536
42515
42489
42465
42376
42349
42321
42297
42266
42224
42207
42186
42166
42132
42110
42085
42060
42036
42002
41964
41909
41884
41866
41822
41796
41747
41721
41694
41662
41640
41603
41573
41540
41512
41490
41457
41433
41413
41372
41335
41300
41275
41236
41215
41183
41157
41124
41092
41064
41030
41012
40971
40943
40894
40860
40834
40808
40785
40734
40709
40658
40623
40605
40579
40551
40517
40505
40468
40441
40419
40391
40358
40329
40299
40264
40222
40185
40136
40104
40074
40047
40011
39992
39963
39924
39887
39854
39820
39774
39751
39707
39673
39628
39600
39572
39544
39515
39466
39445
39404
39372
39340
39312
39265
39229
39196
39165
39133
39108
39072
39049
39019
38973
38936
38905
38887
38863
38830
38807
38780
38754
38717
38671
38642
38613
38580
38545
38507
38483
38449
38427
38394
38356
38328
38304
38271
38230
38198
38169
38138
38105
38068
38042
38013
37976
37922
37890
37860
37830
37808
37790
37761
37730
37687
37663
37607
37579
37531
37500
37469
37440
37408
37381
37319
37302
37266
37235
37212
37185
37149
37118
37073
37037
37001
36949
36910
36887
36854
36823
36802
36763
36736
36697
36658
36598
36568
36541
36517
36470
36446
36408
36383
36352
36307
36266
36241
36214
36192
36137
36113
36042
36003
35967
35926
35869
35846
35807
35782
35757
35736
35705
35674
35633
35583
35551
35516
35479
35449
35428
35396
35367
35325
35302
35266
35227
35184
35155
35122
35087
35061
35029
34990
34962
34926
34902
34858
34826
34781
34757
34730
34699
34667
34637
34609
34564
34528
34482
34455
34412
34365
34340
34296
34263
34220
34195
34165
34113
34083
34023
33995
33951
33917
33861
33831
33809
33786
33745
33710
33652
33619
33595
33544
33521
33490
33436
33409
33380
33355
33317
33268
33241
33216
33182
33130
33087
33055
33029
32971
32931
32899
32871
32836
32788
32757
32709
32679
32656
32617
32582
32550
32490
32451
32413
32353
32321
32278
32237
32210
32189
32157
32134
32115
32092
32053
32021
31992
31962
31913
31895
31868
31832
31808
31769
31737
31673
31638
31584
31534
31477
31441
31412
31381
31346
31311
31219
31154
31113
31080
31050
31015
30994
30963
30918
30888
30858
30824
30788
30753
30720
30675
30644
30604
30572
30542
30504
30465
30440
30406
30374
30342
30303
30263
30220
30153
30104
30072
30024
29972
29950
29915
29874
29826
29786
29750
29721
29670
29622
29600
29546
29507
29462
29420
29398
29328
29288
29223
29172
29135
29101
29052
29017
28977
28949
28918
28889
28862
28836
28793
28747
28698
28652
28615
28589
28537
28504
28463
28415
28369
28337
28295
28263
28215
28189
28163
28114
28067
28025
27985
27935
27858
27827
27780
27754
27708
27674
27628
27598
27544
27488
27439
27409
27365
27313
27278
27250
27216
27166
27122
27090
27031
27005
26968
26921
26870
26817
26769
26718
26684
26634
26567
26533
26450
26404
26342
26320
26292
26262
26240
26198
26159
26117
26078
26037
26014
25989
25948
25898
25814
25777
25747
25693
25662
25611
25541
25513
25464
25447
25394
25365
25334
25297
25239
25204
25166
25128
25111
25077
25050
24995
24956
24909
24864
24830
24783
24719
24674
24609
24566
24516
24486
24451
24398
24344
24302
24273
24203
24151
24121
24085
24024
23990
23954
23913
23866
23830
23783
23760
23732
23704
23677
23615
23561
23532
23484
23423
23401
23382
23296
23265
23238
23154
23121
23099
23075
23031
22954
22934
22881
22840
22802
22775
22699
22655
22625
22576
22526
22479
22436
22398
22368
22297
22250
22205
22169
22110
22049
22014
21990
21959
21914
21891
21856
21829
21803
21768
21727
21682
21658
21605
21557
21507
21485
21459
21430
21368
21336
21296
21246
21204
21187
21143
21111
21080
21044
21008
20960
20907
20836
20799
20775
20724
20657
20576
20538
20485
20445
20298
20249
20189
20142
20091
20058
20021
19926
19885
19860
19815
19741
19672
19633
19579
19523
19475
19436
19388
19335
19313
19271
19235
19199
19170
19066
19041
18990
18942
18851
18812
18768
18723
18700
18665
18643
18581
18509
18476
18425
18329
18300
18277
18222
18186
18152
18117
18071
18013
17967
17907
17877
17812
17750
17675
17653
17609
17575
17524
17499
17482
17420
17363
17330
17290
17250
17201
17108
17041
16993
16963
16930
16875
16844
16812
16686
16644
16551
16481
16454
16414
16337
16286
16232
16155
16121
16083
16038
16005
15965
15910
15837
15766
15629
15609
15586
15540
15454
15401
15343
15278
15236
15166
15128
15057
15015
14950
14931
14900
14868
14836
14785
14729
14694
14608
14573
14542
14481
14424
14385
14364
14336
14236
14161
14103
14075
14047
14024
13994
13967
13929
13895
13858
13792
13766
13734
13650
13612
13567
13521
13471
13415
13343
13326
13295
13246
13198
13152
13098
13033
13013
12970
12924
12880
12833
12793
12745
12721
12701
12678
12560
12514
12470
12439
12408
12289
12225
12171
12146
12108
12025
11997
11948
11822
11722
11671
11628
11612
11549
11478
11457
11402
11307
11249
11164
11108
11052
11030
10990
10926
10908
10854
10820
10786
10756
10719
10655
10608
10568
10493
10455
10429
10386
10358
10337
10290
10196
10149
10124
10067
10027
9997
9966
9930
9864
9824
9761
9729
9698
9626
9601
9571
9542
9496
9473
9440
9421
9358
9319
9212
9186
9167
9133
9077
9050
9006
8909
8833
8727
8650
8603
8549
8511
8469
8447
8361
8232
8191
8154
8106
8056
8017
7968
7914
7893
7857
7810
7775
7741
7676
7644
7568
7531
7521
7495
7473
7432
7418
7393
7325
7225
7102
7069
7051
7017
6918
6906
6881
6861
6549
6524
6471
6453
6377
6330
6278
6253
6231
6057
6031
6005
5939
5777
5757
5505
5478
5175
5108
5089
4867
4819
4758
4701
4663
4574
4530
4526
4440
4432
4419
4404
4382
4363
4278
4213
4045
3989
3893
3827
3749
3737
3686
3669
3640
3627
3609
3599
3470
3465
3453
3406
3396
3386
3343
3274
3030
3021
3015
2997
2992
2986
2980
2972
2969
2953
2943
2932
2896
2890
2679
2655
2650
2639
2634
2586
2582
2576
2567
2002
1813
1795
1744
1724
1717
1715
1329
1325
1323
1316
1308
1304
1257
1255
1252
1231
1208
1207
958
955
795
789
789
788
768
768
634
633
631
629
627
627
626
626
624
621
614
614
614
614
604
585
582
582
578
573
571
570
559
557
554
550
546
543
540
539
537
537
537
530
528
525
521
516
515
514
514
513
513
511
510
509
494
440
423
420
418
418
417
412
412
404
402
401
401
401
399
398
395
394
388
384
383
382
380
337
336
336
335
335
335
334
329
239
238
238
238
238
236
229
228
228
227
227
226
226
214
207
207
206
206
206
205
203
202
202
202
202
200
193
193
193
193
193
191
190
181
181
181
181
177
177
177
177
175
173
173
171
170
170
169
169
169
166
164
163
162
160
160
160
159
158
158
156
153
153
153
153
153
151
151
151
151
151
150
150
150
150
150
150
148
148
145
145
145
145
144
144
143
142
142
142
141
123
123
122
122
119
119
118
72
67
59
59
55
55
54
54
54
52
52
52
52
52
52
52
50
49
49
49
45
43
42
42
42
42
42
42
42
42
42
41
41
41
41
28
28
27
27
27
27
27
27
27
27
27
26
25
25
24
24
24
24
24
24
24
22
22
22
22
22
22
22
22
22
22
22
22
22
22
22
22
22
22
22
22
22
22
22
22
22
22
22
21
21
21
21
20
20
20
20
20
20
20
20
20
20
20
20
19
19
19
19
19
19
19
19
19
19
19
19
18
18
18
18
18
18
18
18
17
17
16
16
16
16
9
9
9
9
8
8
8
8
7
7
7
7
7
6
6
6
6
6
6
6
5
4
3
3
3
