2
2
2
3
3
3
3
3
3
3
3
3
3
3
3
3
3
4
4
4
4
4
4
4
4
4
5
5
5
5
5
5
5
5
5
5
5
5
5
5
5
5
6
6
6
6
6
6
6
6
6
6
6
6
6
6
6
6
6
6
6
6
6
6
6
6
6
6
6
6
6
6
6
6
6
7
7
7
7
7
7
7
7
7
7
7
7
7
7
7
7
7
7
7
7
7
7
7
7
8
8
8
8
9
9
9
9
9
9
9
9
9
9
9
9
9
9
9
9
9
9
9
10
10
10
10
10
10
10
10
10
11
11
11
11
11
11
11
11
11
11
11
11
11
11
11
11
11
11
11
11
11
11
11
11
11
11
11
11
11
11
11
11
11
11
11
11
11
11
11
11
11
11
11
11
11
11
11
11
13
13
13
13
13
13
13
13
14
14
14
14
18
18
18
20
20
20
21
21
21
21
21
21
21
21
21
21
21
21
21
22
22
22
22
22
22
22
22
22
22
22
22
22
22
22
22
22
22
22
22
22
22
22
22
22
22
22
22
22
22
22
22
22
22
22
22
22
22
22
22
22
22
23
23
23
23
23
23
23
23
23
23
23
23
23
23
23
23
23
23
23
23
23
25
25
25
25
25
25
25
25
25
25
25
25
25
25
25
35
35
35
35
35
35
35
35
35
35
35
35
35
35
35
35
35
35
35
35
35
35
37
37
37
37
37
37
37
37
37
37
37
37
37
37
38
38
38
38
38
38
38
38
38
38
38
38
39
39
39
39
39
39
39
39
39
39
39
39
39
39
39
39
39
39
39
39
39
39
39
39
39
39
39
47
47
47
47
47
47
47
47
53
54
54
54
54
55
55
55
60
60
60
60
60
60
60
60
60
60
60
60
60
60
90
90
90
90
90
90
90
91
91
92
92
93
93
93
93
93
94
94
94
94
94
94
94
94
94
95
95
95
101
103
103
103
103
103
144
145
146
147
147
147
147
148
148
148
149
151
151
151
151
188
188
188
188
190
191
191
191
194
196
196
196
196
197
197
197
223
223
223
223
223
223
223
223
223
223
223
225
226
226
226
228
232
232
234
234
234
234
234
236
237
237
237
250
250
261
261
261
265
270
270
270
270
270
270
270
273
273
273
273
274
274
274
435
493
494
524
538
538
599
600
600
600
615
644
645
645
646
666
797
801
811
811
813
850
851
880
885
908
910
911
911
911
917
931
995
1006
1010
1035
1035
1116
1126
1126
1126
1131
1155
1230
1235
1235
1236
1237
1251
1252
1314
1825
1825
1926
1950
1963
1993
1996
2004
2082
2094
2095
2123
2133
2137
2145
2185
2303
2323
2331
2358
2358
2606
2652
2745
2776
2805
2810
2817
2821
2869
2875
2878
2906
2953
2987
3003
3081
3095
3159
3165
3312
3386
3836
3852
3904
3928
4132
4155
4194
4198
4209
4226
4272
4453
4516
4544
4568
4735
4739
5058
5094
5217
5438
5505
5534
5726
6072
6122
6482
6568
6585
6704
7025
7053
7150
7153
7225
7243
7258
7286
7378
7396
7438
7532
7591
7671
7747
7849
8286
8360
8545
8610
8640
8672
8786
8865
8901
9089
9131
9178
9196
9209
9251
9298
9467
9571
9620
9666
9688
9808
9848
9896
9984
10011
10158
10226
10249
10315
10358
10666
10708
10781
10798
10909
11090
11206
11379
11495
11602
11640
11670
11740
11818
11857
11909
11952
12104
12361
12402
12452
12477
12512
12540
12746
12857
12893
12986
13101
13118
13214
13268
13475
13516
13606
13669
13700
13928
14144
14184
14290
14353
14453
14482
14543
14660
14719
14753
14864
14933
14968
15009
15063
15175
15269
15327
15481
15570
15682
15722
15770
15835
15886
15924
16055
16099
16121
16196
16322
16367
16425
16450
16533
16593
16640
16661
16740
16770
16802
16849
16908
16945
17047
17147
17242
17287
17369
17438
17620
17675
17712
17786
17841
18039
18126
18217
18284
18408
18442
18519
18564
18589
18664
18778
18848
18888
18997
19116
19158
19303
19368
19421
19490
19525
19580
19723
19765
19860
19948
20059
20096
20159
20205
20278
20340
20435
20492
20527
20597
20650
20778
20846
20972
21064
21099
21144
21191
21246
21312
21347
21393
21433
21512
21570
21644
21760
21839
21884
21917
21964
21997
22052
22081
22177
22244
22312
22414
22468
22562
22620
22729
22794
22852
22928
22971
23016
23050
23099
23154
23210
23316
23394
23467
23507
23580
23625
23721
23795
23876
23922
24011
24105
24201
24248
24310
24350
24427
24456
24505
24585
24666
24776
24848
24918
24981
25038
25100
25166
25225
25263
25292
25343
25407
25442
25492
25551
25615
25693
25734
25847
25932
25987
26064
26115
26178
26210
26274
26331
26415
26488
26535
26569
26616
26651
26698
26741
26822
26864
26916
26945
27006
27088
27131
27156
27213
27306
27329
27372
27448
27494
27540
27598
27665
27709
27760
27822
27887
27929
27975
28044
28078
28174
28279
28322
28451
28560
28591
28658
28703
28804
28863
28956
29019
29063
29123
29175
29241
29283
29328
29366
29418
29511
29557
29608
29665
29708
29758
29795
29845
29885
29942
30009
30060
30147
30192
30232
30262
30310
30362
30413
30449
30492
30569
30602
30679
30734
30767
30815
30852
30887
30950
30979
31032
31096
31137
31180
31256
31287
31352
31419
31468
31518
31566
31589
31637
31672
31726
31788
31822
31847
31886
31927
31970
32005
32040
32079
32100
32131
32152
32186
32219
32256
32307
32361
32395
32461
32546
32591
32624
32671
32705
32743
32776
32814
32839
32875
32935
32992
33014
33038
33072
33113
33159
33203
33223
33255
33312
33365
33410
33465
33502
33536
33601
33664
33690
33737
33773
33809
33842
33882
33936
33982
34025
34068
34115
34147
34202
34276
34326
34362
34396
34435
34449
34510
34554
34592
34638
34680
34709
34750
34784
34811
34854
34898
34952
34998
35014
35047
35086
35126
35164
35204
35311
35336
35365
35422
35452
35492
35526
35565
35621
35657
35680
35725
35777
35819
35881
35900
35936
35993
36014
36058
36099
36125
36175
36220
36272
36309
36406
36452
36465
36491
36525
36545
36582
36660
36716
36741
36764
36806
36836
36868
36913
36950
36986
37007
37034
37070
37093
37138
37160
37189
37221
37259
37293
37323
37355
37393
37418
37457
37485
37516
37549
37588
37622
37669
37704
37727
37775
37809
37841
37874
37916
37935
37974
38013
38038
38071
38091
38120
38167
38210
38232
38274
38315
38353
38382
38424
38457
38490
38526
38551
38568
38594
38636
38665
38690
38730
38751
38784
38824
38855
38898
38919
38962
39002
39035
39054
39087
39128
39167
39190
39221
39269
39281
39296
39321
39364
39383
39413
39460
39498
39523
39563
39579
39598
39649
39704
39722
39742
39782
39813
39844
39867
39923
39955
40009
40032
40058
40095
40122
40155
40179
40230
40260
40292
40316
40353
40377
40408
40443
40463
40514
40534
40564
40598
40629
40655
40721
40761
40794
40820
40855
40869
40892
40908
40938
40960
40991
41020
41045
41058
41088
41125
41156
41181
41223
41273
41298
41324
41362
41395
41439
41471
41495
41509
41533
41548
41575
41599
41613
41644
41675
41713
41725
41751
41790
41815
41832
41853
41867
41888
41917
41944
41966
41999
42028
42051
42065
42089
42119
42138
42166
42207
42228
42255
42290
42343
42363
42391
42414
42429
42463
42481
42502
42533
42545
42564
42583
42616
42653
42664
42701
42713
42725
42760
42786
42831
42855
42882
42904
42921
42947
42973
43002
43023
43058
43087
43104
43122
43161
43185
43204
43227
43262
43300
43323
