43528
43495
43477
43444
43419
43399
43374
43336
43313
43298
43260
43240
43212
43179
43152
43106
43075
43045
43019
42988
42946
42915
42887
42853
42817
42800
42770
42741
42699
42660
42618
42562
42542
42510
42485
42468
42431
42392
42366
42350
42300
42262
42222
42185
42159
42125
42099
42055
42019
41992
41966
41930
41904
41879
41846
41822
41802
41745
41710
41690
41657
41611
41584
41557
41531
41503
41476
41462
41434
41406
41377
41350
41324
41292
41272
41236
41193
41163
41133
41099
41055
41029
41000
40974
40941
40907
40883
40846
40794
40752
40712
40683
40659
40634
40596
40578
40500
40470
40445
40410
40382
40347
40311
40283
40257
40231
40193
40152
40122
40091
40067
40037
40014
39974
39947
39896
39864
39834
39805
39781
39754
39716
39675
39632
39582
39554
39529
39507
39469
39443
39412
39391
39351
39315
39281
39251
39213
39176
39134
39112
39086
39064
39038
39009
38980
38956
38928
38895
38859
38802
38770
38741
38683
38667
38622
38601
38573
38547
38511
38489
38455
38435
38392
38348
38308
38279
38240
38185
38151
38114
38081
38041
38006
37970
37938
37905
37871
37822
37795
37755
37702
37668
37643
37616
37603
37568
37533
37506
37481
37451
37408
37388
37368
37338
37306
37270
37226
37191
37174
37150
37104
37060
37023
37000
36968
36925
36902
36872
36850
36791
36758
36736
36712
36632
36602
36549
36532
36495
36448
36404
36380
36339
36308
36281
36226
36201
36170
36137
36107
36071
36018
36002
35963
35943
35901
35875
35832
35791
35751
35719
35699
35652
35622
35585
35558
35519
35481
35434
35366
35319
35295
35248
35203
35168
35124
35091
35066
35043
34985
34956
34913
34874
34838
34805
34768
34749
34718
34679
34650
34629
34590
34556
34524
34499
34465
34424
34401
34365
34326
34299
34256
34216
34192
34169
34136
34110
34067
34029
33998
33964
33924
33890
33850
33808
33778
33730
33685
33663
33622
33577
33535
33495
33458
33415
33370
33323
33282
33243
33207
33177
33141
33104
33030
32980
32925
32873
32834
32800
32772
32751
32701
32668
32647
32590
32563
32526
32479
32435
32395
32319
32283
32229
32185
32140
32080
32047
32015
31978
31939
31913
31879
31837
31813
31774
31744
31711
31673
31642
31603
31569
31537
31498
31452
31406
31357
31330
31294
31262
31135
31088
31039
31007
30940
30894
30870
30831
30785
30749
30726
30691
30655
30625
30555
30511
30473
30438
30378
30347
30317
30279
30234
30189
30143
30102
30066
30037
29984
29948
29914
29873
29824
29784
29743
29691
29661
29624
29575
29551
29498
29453
29414
29387
29353
29323
29291
29267
29222
29170
29144
29110
29070
29035
29006
28957
28920
28849
28808
28785
28748
28696
28658
28604
28530
28489
28448
28419
28381
28342
28280
28230
28183
28140
28084
28036
27998
27952
27887
27859
27814
27779
27714
27673
27637
27602
27574
27533
27500
27472
27450
27410
27376
27337
27290
27246
27184
27140
27092
27061
27034
26980
26931
26890
26859
26824
26781
26727
26674
26647
26592
26560
26529
26491
26462
26437
26406
26377
26343
26293
26252
26227
26158
26086
26053
26000
25949
25867
25827
25799
25763
25725
25685
25630
25584
25540
25492
25469
25440
25386
25332
25297
25253
25226
25169
25139
25120
25085
25016
24958
24930
24900
24878
24845
24817
24785
24746
24698
24680
24632
24579
24538
24501
24483
24419
24367
24314
24256
24217
24169
24127
24100
24050
24014
23978
23943
23892
23834
23788
23732
23673
23632
23591
23555
23520
23482
23429
23402
23365
23296
23259
23202
23161
23104
23055
22998
22964
22890
22821
22749
22699
22655
22565
22520
22478
22434
22415
22377
22331
22270
22223
22204
22136
22075
22033
22012
21978
21952
21918
21865
21809
21771
21737
21693
21627
21587
21545
21524
21489
21449
21388
21349
21319
21285
21255
21237
21207
21162
21116
21067
21017
20977
20919
20869
20814
20773
20704
20664
20622
20585
20554
20531
20482
20444
20390
20317
20270
20232
20190
20124
20067
20033
20013
19970
19920
19893
19844
19763
19730
19689
19647
19596
19557
19528
19487
19441
19412
19360
19330
19298
19246
19173
19113
19065
19036
18977
18939
18863
18832
18812
18770
18748
18714
18658
18616
18557
18525
18504
18475
18440
18374
18350
18326
18262
18226
18179
18149
18077
18014
17985
17882
17807
17767
17726
17696
17655
17625
12
12
12
12
12
12
12
12
12
12
12
12
12
12
12
12
12
12
12
12
12
12
12
12
12
12
12
12
12
12
12
12
12
12
11
11
11
11
11
11
11
11
11
11
11
11
11
11
11
11
11
11
11
11
11
11
11
11
11
11
11
11
11
11
11
11
11
11
11
11
11
11
11
11
11
11
11
11
11
11
11
11
11
11
11
11
11
11
11
11
11
11
11
11
11
11
11
11
11
11
11
11
11
11
11
11
11
11
11
11
11
11
11
11
11
11
11
11
11
11
11
11
11
11
11
11
11
11
11
11
11
11
11
11
11
11
11
11
11
11
11
11
11
11
11
11
11
11
11
11
11
11
11
11
11
11
11
11
11
11
11
11
11
11
11
11
11
11
11
11
11
11
11
11
11
11
11
11
11
11
11
10
10
10
10
10
10
10
10
10
10
10
10
10
10
10
10
10
10
10
10
10
4
4
4
4
4
4
4
4
4
4
4
4
4
4
4
4
4
4
4
4
4
4
4
4
4
4
4
4
4
4
4
4
4
4
4
4
4
4
4
4
4
4
4
4
4
4
4
4
4
4
4
4
4
4
4
4
4
4
4
4
4
4
4
4
4
4
4
4
4
4
4
4
4
4
4
4
4
4
4
4
4
4
4
4
4
4
4
4
4
4
4
4
4
4
4
4
4
4
4
4
4
4
4
4
4
4
4
4
4
4
4
4
4
4
4
4
4
4
4
4
4
4
4
4
4
4
4
4
4
4
4
4
4
4
4
4
4
4
4
4
4
4
4
4
4
4
4
4
4
4
4
4
4
4
4
4
4
4
4
4
4
4
4
4
4
4
4
4
4
4
4
4
4
4
4
3
3
3
3
3
3
3
3
3
3
3
3
3
3
3
3
3
3
3
3
3
3
3
3
3
3
3
3
3
3
3
3
3
3
3
3
3
3
3
3
3
3
3
3
3
3
3
3
3
3
3
3
3
3
3
3
3
3
3
3
3
3
3
3
3
3
3
3
3
3
3
3
3
3
3
3
3
3
3
3
3
3
3
3
3
3
3
3
3
3
3
3
3
3
3
3
3
3
3
3
3
3
3
3
3
3
3
3
3
3
3
3
3
3
3
3
3
3
3
3
3
2
2
2
2
2
2
2
2
2
2
2
2
2
2
2
2
2
2
2
2
2
2
2
2
2
2
2
2
2
2
2
2
2
2
2
2
2
2
2
2
2
2
2
2
2
2
2
2
2
2
2
2
2
2
2
2
2
2
2
2
2
2
2
2
2
2
2
2
2
2
2
2
2
2
2
2
2
2
2
2
2
2
2
2
2
2
2
2
2
2
2
2
2
2
2
2
2
2
2
2
2
2
2
2
2
2
2
2
2
2
2
2
2
2
2
2
2
2
2
2
2
2
2
2
2
2
2
2
2
2
1
1
1
1
1
1
1
1
1
1
1
1
1
1
1
1
1
1
1
1
1
1
1
1
1
1
1
1
1
