2
2
2
2
2
2
2
2
2
2
2
2
2
2
2
2
2
2
2
2
2
2
2
2
2
2
2
2
2
2
2
2
2
2
2
2
2
2
2
2
2
2
2
2
2
2
2
2
2
2
2
2
2
2
2
2
2
2
2
2
2
2
2
2
2
2
2
2
2
2
2
2
2
2
2
2
2
2
2
2
2
2
2
2
2
2
2
2
2
2
2
2
2
2
2
2
2
2
2
2
2
2
2
2
2
2
2
2
2
2
2
2
2
2
2
2
2
2
2
2
2
2
2
2
2
2
2
2
2
2
2
2
2
2
2
2
2
2
2
2
2
2
2
2
2
2
2
2
2
2
2
2
2
2
2
2
2
2
2
2
2
2
2
2
2
2
2
2
2
2
2
2
2
2
2
2
2
2
2
2
2
2
2
2
2
2
2
2
2
2
2
2
2
2
2
2
2
2
2
2
2
2
2
2
2
2
2
2
2
2
2
2
2
2
2
2
2
2
2
2
2
2
2
2
2
2
2
2
2
2
2
2
2
2
2
2
2
2
2
2
2
2
2
2
2
2
2
2
2
2
2
2
2
2
2
2
2
2
2
4
4
4
4
4
4
4
4
4
4
4
4
4
4
4
4
4
4
4
4
4
4
4
4
4
4
4
4
4
4
4
4
4
4
4
4
4
4
4
4
4
4
4
4
4
4
4
4
4
4
4
4
4
4
4
4
4
4
4
4
4
4
4
4
4
4
4
4
4
4
4
4
4
4
4
4
4
4
4
4
4
4
4
4
4
4
4
4
4
4
4
4
4
4
4
4
4
4
4
4
4
4
4
4
4
4
4
4
4
4
4
4
4
4
4
4
4
4
4
4
4
4
4
4
4
4
4
4
4
4
4
4
4
4
4
4
4
4
4
4
4
4
4
4
4
4
4
4
4
4
4
4
4
4
4
4
4
4
4
4
4
4
4
4
4
4
4
4
4
4
4
4
4
4
4
4
4
4
4
4
4
4
4
4
4
4
4
4
4
4
4
4
4
4
4
4
4
4
4
4
4
4
4
4
4
4
4
4
4
4
4
4
4
4
4
4
4
4
4
4
4
4
4
4
4
4
4
4
4
4
4
4
4
4
4
4
4
4
4
4
4
4
4
4
4
4
4
4
4
4
4
4
4
4
4
4
4
4
4
4
5
5
5
5
5
5
5
5
5
5
5
5
5
5
5
5
5
5
5
5
5
5
5
5
5
5
5
5
5
5
5
5
5
5
5
5
5
5
5
5
5
5
5
5
5
5
5
5
5
5
5
5
5
5
5
5
5
5
5
5
5
5
5
5
5
5
5
5
5
5
5
5
5
5
5
5
5
5
5
5
5
5
5
5
5
5
5
5
5
5
5
5
5
5
5
5
5
5
5
5
5
5
5
5
5
5
5
5
5
5
5
5
5
5
5
5
5
5
5
5
5
5
5
5
5
5
5
5
5
5
5
5
5
5
5
5
5
5
5
5
5
5
5
5
5
5
5
5
5
5
5
5
5
5
5
5
5
5
5
5
5
5
5
5
5
5
5
5
5
5
5
5
5
5
5
5
5
5
5
5
5
5
5
5
5
5
5
5
5
5
5
5
5
5
5
5
5
5
5
5
5
5
5
5
5
5
5
5
5
5
5
5
5
5
5
5
5
5
5
5
5
5
5
5
5
5
5
5
5
5
5
5
5
5
5
5
5
5
5
5
5
5
5
5
5
5
5
5
5
5
5
5
5
5
5
5
18293
18337
18388
18517
18612
18691
18836
18866
18913
19024
19199
19288
19340
19451
19511
19560
19631
19659
19718
19754
19803
19875
19896
19949
20061
20169
20246
20327
20408
20484
20539
20635
20746
20775
20879
20958
20980
21060
21152
21207
21244
21289
21326
21424
21524
21611
21785
21886
21910
21962
22006
22115
22195
22242
22344
22407
22453
22563
22628
22731
22844
22913
22953
23011
23112
23193
23264
23306
23382
23472
23517
23558
23606
23643
23670
23710
23774
23870
23924
23955
24013
24071
24128
24229
24326
24403
24468
24502
24608
24655
24686
24729
24837
24867
24917
24955
24993
25054
25159
25197
25269
25333
25438
25482
25552
25619
25666
25703
25772
25856
25951
26016
26078
26127
26154
26212
26249
26286
26330
26384
26475
26518
26578
26618
26680
26760
26822
26877
26920
27022
27084
27109
27160
27197
27281
27328
27380
27442
27493
27558
27610
27647
27693
27732
27784
27816
27892
27948
28032
28060
28096
28131
28173
28258
28291
28362
28415
28458
28510
28551
28572
28627
28681
28726
28800
28842
28895
28961
28994
29053
29097
29133
29194
29241
29279
29313
29368
29395
29431
29490
29576
29619
29687
29718
29767
29802
29875
29915
29978
30008
30057
30099
30133
30199
30226
30272
30319
30385
30431
30478
30551
30605
30660
30701
30796
30846
30932
31015
31062
31126
31190
31228
31295
31337
31391
31425
31485
31511
31561
31639
31712
31759
31798
31842
31911
31940
32001
32022
32081
32117
32161
32213
32258
32299
32357
32396
32426
32504
32530
32569
32603
32641
32686
32734
32768
32800
32853
32874
32920
32981
33029
33083
33127
33188
33250
33298
33333
33361
33406
33491
33567
33612
33643
33676
33720
33774
33812
33861
33901
33943
34019
34058
34079
34128
34181
34207
34252
34279
34338
34394
34441
34482
34506
34560
34592
34633
34679
34725
34776
34810
34852
34876
34975
34992
35017
35048
35085
35124
35152
35191
35217
35238
35268
35313
35374
35427
35488
35542
35595
35627
35669
35689
35711
35773
35804
35844
35895
35946
35971
35990
36024
36049
36098
36136
36204
36227
36254
36295
36323
36343
36373
36411
36450
36496
36535
36603
36637
36664
36707
36736
36782
36806
36831
36857
36899
36938
36976
36993
37035
37081
37128
37160
37199
37231
37262
37321
37361
37396
37433
37472
37512
37541
37560
37607
37642
37664
37708
37736
37768
37797
37817
37858
37895
37922
37975
38007
38040
38069
38110
38164
38193
38232
38292
38341
38383
38417
38451
38493
38524
38543
38589
38644
38686
38715
38752
38788
38828
38845
38890
38957
38990
39018
39062
39093
39128
39160
39188
39211
39231
39266
39291
39323
39352
39370
39396
39426
39448
39473
39511
39532
39568
39610
39637
39660
39708
39728
39759
39786
39853
39870
39900
39922
39957
39986
40027
40066
40092
40112
40136
40157
40189
40207
40236
40274
40317
40341
40380
40397
40438
40463
40499
40528
40553
40591
40615
40651
40680
40708
40724
40746
40774
40809
40828
40862
40905
40927
40965
40985
41022
41037
41081
41133
41172
41207
41238
41267
41298
41319
41343
41369
41392
41414
41456
41485
41511
41551
41604
41618
41632
41660
41685
41707
41728
41752
41790
41823
41851
41875
41912
41930
41957
42007
42048
42079
42107
42138
42176
42215
42243
42276
42285
42323
42358
42394
42430
42454
42476
42517
42549
42577
42602
42627
42650
42687
42699
42721
42754
42792
42827
42844
42869
42887
42917
42941
42963
42998
43025
43062
43085
43115
43137
43174
43193
43218
43269
43292
43328
43341
43372
43393
43411
43435
43463
43474
43490
43519
43549
