2
2
2
2
2
2
2
2
2
2
2
2
2
2
2
2
2
2
2
2
2
2
2
2
2
2
2
2
2
2
2
2
2
2
2
2
2
2
2
2
2
2
2
2
2
2
2
2
2
2
2
2
2
2
2
2
2
2
2
2
2
2
2
2
2
2
2
2
2
2
2
2
2
2
2
2
2
2
2
2
2
2
2
2
2
2
2
2
2
2
2
2
2
2
2
2
2
2
2
2
2
2
2
2
2
2
2
2
2
2
2
2
2
2
2
2
2
2
2
2
2
2
2
2
2
2
2
2
2
2
2
2
2
2
2
2
2
2
2
2
2
2
2
2
2
2
2
2
2
2
2
2
2
2
2
2
2
2
2
2
2
2
2
2
2
2
2
2
2
2
2
2
2
2
2
2
2
2
2
2
2
2
2
2
2
2
2
2
2
2
2
2
2
2
2
2
2
2
2
2
2
2
2
2
2
2
2
2
2
2
2
2
2
2
2
2
2
2
2
2
2
2
2
2
2
2
2
2
2
2
2
2
2
2
2
2
2
2
2
2
2
2
2
2
2
2
2
2
2
2
2
2
2
2
2
2
2
2
2
2
2
2
2
2
2
2
2
2
2
2
2
2
2
2
2
2
2
2
2
2
2
2
2
2
2
2
2
2
2
2
2
2
2
2
2
2
2
2
2
2
2
2
2
2
2
2
2
2
2
2
2
2
2
2
2
2
2
2
2
2
2
2
2
2
2
2
2
2
2
2
2
2
2
2
2
2
2
2
2
2
2
2
2
2
2
2
2
2
2
2
2
2
2
2
2
2
2
2
2
2
2
2
2
2
2
2
2
2
2
2
2
2
2
2
2
2
2
2
2
2
2
2
2
2
2
2
2
2
2
2
2
2
2
2
2
2
2
2
2
2
2
2
2
2
2
2
2
2
2
2
2
2
2
2
2
2
2
2
2
2
2
2
2
2
2
2
2
2
2
2
2
2
2
2
2
2
2
2
2
2
2
2
2
2
2
2
2
2
2
2
2
2
2
2
2
2
2
2
2
2
2
2
2
2
2
2
2
2
2
2
2
2
2
2
2
2
2
2
2
2
2
2
2
2
2
2
2
2
2
2
2
2
2
2
2
2
2
2
2
2
2
2
2
2
2
2
2
2
2
2
2
2
2
2
2
2
2
2
2
2
2
2
2
2
2
2
2
2
2
2
2
2
2
2
2
2
2
2
2
2
2
2
2
2
2
2
2
2
2
2
2
2
2
2
2
2
2
2
2
2
2
2
2
2
2
2
2
2
2
2
2
2
2
2
2
2
2
2
2
2
2
2
2
2
2
2
2
2
2
2
2
2
2
2
2
2
2
2
2
2
2
2
2
2
2
2
2
2
2
2
2
2
2
2
2
2
2
2
2
2
2
2
2
2
2
2
2
2
2
2
2
2
2
2
2
2
2
2
2
2
2
2
2
2
2
2
2
2
2
2
2
2
2
2
2
2
2
2
2
2
2
2
2
2
2
2
2
2
2
2
2
2
2
2
2
2
2
2
3
3
3
3
3
3
3
3
3
3
3
3
3
3
3
3
3
3
3
3
3
3
3
3
3
3
3
3
3
3
3
3
3
3
3
3
3
3
3
3
3
3
3
3
3
3
3
3
3
3
3
3
14018
14048
14175
14203
14268
14338
14392
14521
14630
14877
14925
14968
14993
15060
15126
15176
15261
15366
15553
15665
15683
15845
15936
16046
16093
16123
16144
16208
16330
16452
16516
16551
16582
16612
16669
16747
16825
16945
16999
17091
17221
17317
17455
17556
17611
17682
17765
17809
17894
17992
18062
18126
18274
18317
18378
18420
18491
18587
18628
18653
18741
18847
18922
18955
19021
19077
19154
19212
19265
19330
19371
19414
19507
19607
19705
19776
19819
19850
19886
19905
19978
20080
20341
20374
20396
20443
20537
20692
20782
20874
20985
21056
21113
21215
21263
21354
21411
21444
21506
21584
21624
21708
21760
21810
21868
21934
21961
22051
22127
22196
22264
22318
22407
22460
22500
22586
22625
22702
22762
22822
22973
23060
23139
23197
23276
23316
23383
23473
23541
23563
23614
23667
23710
23784
23821
23877
23961
24033
24144
24206
24231
24275
24342
24425
24493
24517
24572
24647
24755
24769
24821
24870
24920
24954
24993
25094
25161
25211
25275
25292
25324
25348
25384
25432
25518
25581
25639
25674
25727
25790
25825
25867
25957
25997
26067
26162
26209
26265
26306
26346
26408
26456
26632
26694
26739
26822
26871
26923
26972
27027
27068
27144
27203
27234
27279
27358
27390
27440
27541
27577
27620
27654
27693
27754
27782
27816
27894
27939
27988
28066
28121
28161
28212
28277
28363
28437
28479
28521
28564
28610
28645
28681
28749
28769
28799
28854
28934
29025
29058
29114
29192
29242
29280
29349
29390
29419
29478
29535
29559
29630
29721
29757
29838
29865
29894
29932
30034
30074
30113
30172
30231
30258
30297
30338
30394
30427
30465
30519
30581
30615
30642
30704
30793
30840
30894
30953
31015
31065
31154
31200
31247
31267
31307
31347
31396
31476
31499
31542
31589
31625
31730
31770
31803
31885
31932
31961
32022
32077
32104
32157
32188
32225
32272
32293
32316
32366
32388
32410
32470
32512
32602
32628
32666
32713
32766
32860
32890
32957
32995
33054
33089
33137
33163
33203
33264
33294
33359
33409
33443
33496
33542
33609
33648
33691
33717
33771
33816
33898
33948
33963
33997
34015
34044
34095
34133
34177
34201
34284
34346
34423
34450
34516
34549
34588
34617
34640
34671
34713
34759
34788
34851
34883
34929
34979
35021
35069
35096
35134
35164
35197
35240
35280
35313
35338
35368
35411
35450
35474
35517
35546
35613
35648
35689
35733
35826
35906
35948
35993
36029
36072
36128
36187
36222
36238
36277
36300
36353
36405
36438
36479
36500
36538
36579
36614
36662
36694
36728
36759
36795
36827
36855
36905
36946
37004
37035
37088
37123
37162
37201
37251
37298
37349
37373
37433
37454
37490
37517
37539
37562
37615
37644
37678
37720
37763
37801
37865
37886
37938
37979
38003
38039
38076
38124
38145
38193
38226
38273
38293
38334
38377
38406
38429
38451
38475
38506
38531
38565
38600
38640
38660
38706
38747
38768
38784
38807
38861
38890
38928
38952
38974
39028
39062
39096
39137
39160
39176
39208
39232
39253
39276
39305
39324
39357
39384
39428
39445
39473
39490
39523
39566
39589
39628
39653
39677
39714
39741
39768
39802
39827
39860
39889
39909
39935
39987
40044
40100
40129
40184
40207
40241
40269
40283
40325
40355
40376
40392
40415
40437
40470
40492
40526
40562
40629
40665
40682
40705
40729
40765
40814
40866
40913
40946
40979
41002
41028
41071
41124
41145
41164
41205
41245
41279
41309
41339
41377
41415
41442
41474
41508
41538
41558
41614
41652
41674
41693
41735
41744
41781
41834
41870
41892
41945
41966
41999
42021
42053
42073
42118
42153
42176
42213
42237
42279
42315
42366
42399
42417
42443
42475
42515
42557
42607
42636
42681
42704
42733
42757
42769
42793
42828
42848
42884
42902
42923
42953
43006
43037
43060
43076
43098
43122
43151
43181
43201
43236
43259
43289
43317
43348
43360
43387
43421
