43387
43351
43312
43269
43239
43209
43164
43128
43102
43075
43044
43013
42975
42949
42909
42877
42844
42817
42793
42758
42728
42693
42663
42637
42611
42579
42551
42523
42497
42469
42423
42398
42360
42321
42284
42262
42228
42207
42164
42129
42091
42061
42041
42018
41992
41965
41937
41902
41860
41833
41803
41773
41745
41727
41697
41670
41648
41623
41586
41552
41529
41496
41472
41445
41420
41394
41369
41347
41324
41278
41239
41211
41164
41128
41092
41050
41010
40982
40953
40918
40899
40876
40851
40814
40771
40740
40698
40660
40627
40601
40581
40543
40505
40453
40407
40347
40327
40285
40261
40199
40165
40106
40062
40026
39991
39952
39918
39893
39858
39836
39791
39754
39689
39664
39631
39596
39576
39560
39542
39494
39442
39418
39385
39344
39320
39266
39242
39198
39161
39139
39115
39079
39046
39016
38976
38946
38919
38905
38877
38851
38821
38761
38739
38717
38693
38668
38637
38594
38564
38540
38506
38447
38410
38389
38355
38319
38288
38261
38234
38206
38177
38152
38128
38104
38074
38051
38029
37956
37929
37895
37828
37779
37754
37725
37676
37644
37595
37565
37526
37500
37454
37434
37410
37384
37340
37280
37267
37246
37212
37174
37145
37118
37088
37039
37007
36986
36927
36888
36829
36800
36760
36735
36712
36664
36627
36579
36556
36520
36486
36455
36414
36379
36354
36317
36261
36237
36212
36153
36138
36106
36064
36033
36003
35960
35907
35873
35845
35802
35766
35734
35711
35685
35649
35626
35595
35568
35543
35504
35474
35451
35418
35377
35330
35298
35270
35202
35169
35137
35100
35069
35048
35008
34976
34944
34894
34851
34831
34795
34764
34727
34696
34664
34635
34598
34566
34538
34495
34445
34415
34374
34327
34301
34257
34232
34201
34169
34128
34098
34061
34005
33971
33930
33875
33844
33802
33750
33701
33661
33625
33590
33550
33517
33495
33460
33417
33376
33321
33284
33233
33201
33169
33136
33098
33059
33015
32992
32954
32908
32881
32841
32814
32776
32735
32667
32639
32599
32565
32520
32476
32436
32406
32365
32324
32285
32251
32214
32171
32132
32080
32046
32030
32007
31972
31911
31872
31834
31819
31793
31745
31719
31687
31651
31610
31562
31524
31481
31454
31414
31382
31317
31275
31227
31196
31149
31118
31084
31057
31032
31000
30953
30904
30868
30825
30781
30757
30720
30673
30620
30588
30523
30481
30436
30380
30345
30311
30273
30240
30202
30164
30133
30084
30060
30023
29998
29953
29915
29881
29842
29796
29773
29718
29678
29588
29542
29493
29472
29434
29402
29376
29330
29299
29250
29202
29166
29120
29075
29031
28991
28953
28920
28865
28816
28781
28733
28707
28674
28640
28598
28540
28509
28473
28430
28386
28354
28330
28282
28256
28200
28163
28130
28088
28067
28032
27982
27954
27897
27868
27840
27825
27783
27745
27686
27650
27612
27522
27494
27467
27431
27380
27323
27296
27270
27242
27204
27176
27137
27095
27011
26991
26945
26912
26873
26809
26790
26743
26689
26641
26599
26525
26470
26445
26407
26358
26292
26257
26227
26198
26165
26108
26041
26009
25966
25927
25882
25838
25776
25708
25654
25594
25525
25461
25419
25400
25342
25298
25256
25205
25185
25130
25099
25073
25030
24994
24931
24880
24831
24793
24737
24701
24664
24632
24594
24566
24526
24490
24466
24418
24372
24341
24310
24264
24228
24191
24144
24101
24044
23971
23916
23885
23801
23732
23694
23653
23603
23543
23499
23441
23373
23322
23270
23233
23186
23132
23098
23057
23027
22993
22933
22899
22857
22782
22733
22676
22639
22604
22550
22498
22444
22412
22341
22273
22224
22200
22176
22133
22105
22043
21990
21949
21926
21870
21846
21814
21750
21715
21670
21645
21621
21590
21549
21510
21469
21445
21395
21317
21261
21224
21173
21134
21091
21054
20969
20945
20911
20860
20810
20743
20713
20690
20659
20596
20554
20508
20481
20459
20399
20337
20302
20260
20224
20181
20148
20124
20038
19976
19943
19914
19850
19775
19729
19689
19647
19567
19497
19439
19387
19333
19288
19212
19180
19102
19037
18997
18901
18871
18803
18755
18687
18653
18583
18533
18494
18468
18432
18398
18375
18342
18272
18258
18211
18167
18051
18011
17978
17913
17852
17813
17740
17717
17690
17650
17631
17592
17568
17538
17465
17412
17318
17304
17262
17230
17189
17143
17107
17087
17020
16963
16915
16851
16829
16777
16741
16659
16607
16560
16543
16490
16441
16380
16363
16318
16283
16237
16212
16170
16142
16089
10
10
10
10
10
10
10
10
10
10
10
10
10
10
10
10
10
10
10
10
10
10
10
10
10
10
10
10
10
10
10
10
10
10
10
10
10
10
10
10
10
10
10
10
10
10
10
10
10
10
10
10
10
10
10
10
10
10
10
10
10
10
10
10
10
10
10
10
10
10
10
10
10
10
10
10
10
10
10
10
10
10
10
10
10
10
10
10
10
10
10
10
10
10
10
10
10
10
10
10
10
10
10
10
10
10
10
10
10
10
10
10
10
10
10
10
10
10
10
10
10
10
10
10
10
10
10
10
10
10
10
10
10
10
10
10
10
10
10
10
10
10
10
10
10
10
10
10
10
10
10
10
10
10
10
10
10
10
9
9
9
9
6
6
6
6
6
6
6
6
6
6
6
6
6
6
6
6
6
6
6
6
6
6
6
6
6
6
6
6
6
6
6
6
6
6
6
6
6
6
6
6
6
6
6
6
6
6
6
6
6
6
6
6
6
6
6
6
6
6
6
6
5
5
5
5
5
5
5
5
5
5
5
5
5
5
5
5
5
5
5
5
5
5
5
5
5
5
5
5
5
5
5
5
5
5
5
5
5
5
5
5
5
5
5
5
5
5
5
5
5
5
5
5
5
5
5
5
5
5
5
5
5
5
5
5
5
5
4
4
4
4
4
4
4
4
4
4
4
4
4
4
4
4
4
4
4
4
4
4
4
4
4
4
4
4
4
4
4
4
4
4
4
4
4
4
4
4
4
4
4
4
4
4
4
4
4
4
4
4
1
1
1
1
1
1
1
1
1
1
1
1
1
1
1
1
1
1
1
1
1
1
1
1
1
1
1
1
1
1
1
1
1
1
1
1
1
1
1
1
1
1
1
1
1
1
1
1
1
1
1
1
1
1
1
1
1
1
1
1
1
1
1
1
1
1
1
1
1
1
1
1
1
1
1
1
1
1
1
1
1
1
1
3
3
3
3
3
3
3
3
1
1
1
1
1
1
1
1
1
1
1
1
1
1
1
1
1
1
1
1
1
1
1
1
1
1
1
1
1
1
1
1
1
1
1
1
1
1
1
1
1
1
1
1
1
1
1
1
1
4
4
4
4
4
4
4
4
4
4
4
4
4
4
4
4
3
3
3
3
3
3
3
3
3
3
3
3
3
3
3
3
3
3
3
3
3
3
3
3
3
3
3
3
3
3
3
3
3
3
3
3
3
3
3
3
3
3
3
3
3
3
3
3
3
3
3
3
3
3
3
3
3
3
3
3
3
3
3
3
3
3
3
3
3
3
3
3
3
3
3
3
1
1
1
1
1
1
1
1
1
1
1
1
1
1
1
1
1
1
1
1
1
1
1
1
1
1
1
1
1
1
1
1
1
1
1
1
1
1
1
1
1
1
1
1
1
1
1
1
1
1
1
1
1
1
1
1
1
1
1
1
1
1
1
