43509
43476
43449
43411
43383
43356
43309
43254
43227
43194
43151
43124
43095
43058
43033
43002
42972
42936
42900
42877
42848
42800
42776
42758
42733
42716
42703
42684
42632
42588
42548
42534
42494
42457
42414
42379
42360
42347
42314
42292
42263
42241
42191
42154
42127
42107
42072
42048
42028
42007
41978
41937
41898
41871
41842
41817
41787
41760
41717
41678
41617
41582
41567
41531
41499
41461
41399
41353
41327
41292
41252
41216
41187
41154
41119
41088
41048
41015
40992
40962
40917
40874
40831
40803
40768
40739
40697
40671
40638
40598
40558
40526
40487
40468
40442
40407
40367
40336
40312
40274
40248
40225
40191
40155
40125
40107
40073
40045
40021
39993
39957
39920
39889
39858
39819
39784
39761
39718
39686
39648
39600
39580
39553
39520
39496
39458
39412
39385
39351
39306
39270
39243
39177
39125
39094
39061
39035
39005
38973
38951
38918
38891
38841
38820
38788
38739
38712
38658
38632
38584
38558
38519
38483
38452
38427
38392
38349
38308
38267
38242
38222
38192
38159
38108
38085
38042
38002
37973
37951
37918
37883
37846
37814
37789
37767
37732
37676
37650
37586
37542
37514
37479
37434
37403
37359
37327
37295
37247
37213
37188
37172
37143
37095
37038
36981
36955
36928
36895
36849
36810
36786
36768
36736
36700
36675
36647
36620
36581
36528
36505
36470
36443
36379
36347
36316
36269
36235
36211
36170
36136
36115
36075
36029
35992
35926
35884
35853
35823
35804
35761
35741
35706
35646
35614
35591
35559
35521
35496
35465
35417
35370
35345
35324
35306
35275
35233
35211
35176
35135
35117
35076
35026
34991
34957
34929
34887
34837
34805
34764
34733
34695
34646
34614
34580
34552
34531
34504
34468
34431
34387
34345
34320
34277
34246
34209
34185
34156
34116
34092
34066
34022
33974
33943
33920
33874
33833
33795
33751
33702
33671
33637
33608
33579
33532
33509
33476
33439
33379
33310
33274
33236
33202
33161
33131
33099
33059
33027
33004
32939
32880
32857
32822
32788
32761
32722
32647
32621
32596
32560
32507
32429
32390
32366
32336
32291
32258
32201
32159
32121
32091
32063
32024
32005
31956
31915
31876
31851
31831
31789
31762
31711
31667
31626
31586
31518
31478
31440
31404
31379
31330
31283
31257
31203
31159
31117
31076
31040
31018
30978
30944
30904
30874
30847
30812
30782
30745
30688
30663
30626
30594
30565
30523
30491
30464
30443
30410
30385
30344
30314
30272
30226
30205
30165
30124
30106
30066
30022
29996
29967
29905
29870
29835
29797
29761
29738
29693
29657
29622
29585
29532
29496
29458
29420
29364
29325
29296
29265
29227
29193
29165
29127
29063
28999
28959
28930
28869
28822
28780
28748
28696
28669
28634
28607
28567
28526
28473
28435
28409
28375
28329
28303
28265
28210
28182
28158
28125
28086
28042
27992
27967
27935
27898
27859
27793
27753
27724
27685
27651
27626
27564
27540
27506
27490
27469
27439
27379
27344
27302
27265
27196
27117
27090
27067
27033
26998
26949
26915
26866
26819
26778
26723
26679
26658
26605
26566
26532
26462
26405
26358
26331
26306
26278
26251
26216
26170
26125
26080
26040
26002
25954
25911
25872
25828
25793
25717
25680
25633
25602
25559
25523
25498
25430
25396
25372
25331
25275
25243
25214
25182
25129
25102
25053
24994
24946
24923
24899
24852
24813
24766
24733
24693
24569
24523
24489
24457
24412
24389
24340
24293
24235
24187
24167
24118
24077
24021
23976
23931
23873
23846
23811
23769
23690
23607
23565
23522
23488
23449
23423
23396
23355
23314
23258
23190
23155
23098
23008
22958
22907
22855
22819
22746
22693
22644
22591
22551
22505
22465
22439
22405
22377
22351
22316
22282
22248
22225
22195
22177
22108
22065
21989
21949
21905
21863
21796
21759
21699
21655
21611
21567
21517
21452
21378
21323
21294
21246
21220
21189
21153
21097
21076
21032
20992
20945
20894
20832
20807
20766
20739
20673
20642
20555
20505
20467
20420
20373
20314
20272
20240
20168
20137
20043
20015
19972
19941
19902
19866
19806
19766
19732
19699
19608
19554
19509
19477
19431
19384
19329
19304
19280
19230
19177
19148
19119
19041
18975
18957
18880
18848
18819
18750
18711
18698
18656
18624
18598
18549
18522
18469
18418
18396
18364
18332
18304
18181
18137
18099
18047
18001
17952
17864
17826
17769
17725
17698
17657
17597
17551
17483
17427
17394
17346
17312
17247
17202
17149
17096
17063
17022
16965
16907
16793
16721
16683
16636
16568
16522
16460
16406
16352
16257
16208
16174
16137
16086
15951
15906
15871
15833
15776
15724
15700
15658
15630
15589
15528
15499
15415
15365
15215
15157
15139
15089
15032
14974
14947
14907
14876
14814
14768
14747
14682
14632
14582
14525
14501
14399
14369
14295
14248
14200
14176
14097
14067
14049
13989
13930
13892
13830
13809
13640
13578
13553
13513
13448
13328
13298
13261
13194
13171
12982
12971
12950
12914
12889
12863
12828
12785
12746
12682
12650
12590
12524
12490
12465
12439
12381
12353
12299
12277
12252
12200
12164
12123
12066
12022
11966
11904
11877
11782
11733
11676
11646
11606
11575
11529
11492
11389
11352
11328
11301
11149
11114
11085
11047
11016
10968
10916
10887
10852
10828
10718
10681
10657
10579
10499
10478
10397
10351
10301
10270
10209
10131
10043
9953
9921
9885
9824
9776
9731
9680
9595
9579
9379
9368
9343
9291
9249
9149
9087
9070
9061
9032
8977
8882
8778
8748
8718
8694
8668
8647
8616
8587
8548
8512
8497
8456
8436
8418
8296
8171
8156
8140
8027
7959
7939
7925
7891
7792
7729
7670
7619
7581
7548
7529
7503
7475
7455
7445
7417
7374
7344
7310
7269
7182
7160
7105
7024
6981
6954
6899
6886
6859
6840
6826
6744
6672
6651
6639
6616
6520
6452
6378
6319
6295
6260
6247
6222
6177
6135
6128
6016
5990
5876
5855
5744
5733
5682
5636
5587
5571
5504
5447
5411
5385
5331
5156
5131
5123
5104
5061
5048
5036
5026
4973
4960
4952
4901
4862
4846
4821
4807
4712
4705
4682
4662
4591
4541
4488
4371
4344
4330
4315
4274
4216
4187
3951
3936
3928
3887
3858
3725
3707
3659
3654
3478
3472
3426
3382
3361
3355
3324
3138
2968
2945
2941
2894
71
71
71
71
71
68
68
68
68
68
68
68
68
68
68
68
67
67
67
67
67
67
66
66
66
66
66
66
65
65
65
62
62
61
61
61
61
61
51
51
51
51
51
51
36
36
36
36
36
36
36
36
36
36
36
36
36
36
36
36
36
36
36
36
36
36
35
35
35
35
35
34
34
34
34
34
34
34
34
34
34
34
34
34
32
32
32
32
32
32
32
25
25
25
25
25
25
25
25
25
25
25
25
25
25
25
25
25
25
25
25
25
25
25
25
25
25
25
25
23
23
23
22
22
22
22
22
22
22
22
22
22
22
22
22
22
22
22
16
16
16
16
16
16
16
16
16
16
16
16
16
16
16
16
16
16
16
16
16
16
16
16
16
16
16
16
16
16
16
16
16
16
16
16
16
16
14
14
14
14
14
11
11
11
11
11
11
11
10
10
10
10
10
10
10
10
10
9
9
9
9
9
9
9
9
9
9
9
9
9
9
9
9
9
9
9
9
9
9
9
9
9
9
9
9
9
9
9
9
9
9
9
9
9
9
9
9
9
9
9
9
9
9
9
4
4
4
4
4
4
4
2
2
2
2
2
2
2
2
2
2
2
2
2
2
2
2
2
2
2
2
2
2
2
2
2
2
2
2
2
2
2
2
2
2
2
2
2
2
2
2
2
2
2
2
2
2
2
2
2
2
2
2
2
2
2
2
2
2
2
2
2
2
2
2
2
2
2
2
2
1
1
1
1
1
1
1
1
1
1
1
1
1
1
1
1
1
1
1
1
1
1
1
1
1
1
1
1
1
1
1
1
1
1
1
1
