2
2
2
2
2
2
2
2
2
2
2
2
2
2
2
2
2
2
2
2
2
2
2
2
2
2
2
2
2
2
2
2
2
2
2
2
2
2
2
2
2
2
2
2
2
2
2
2
2
2
2
2
2
2
2
2
2
2
2
2
2
2
2
2
2
2
2
2
2
2
2
2
2
2
2
2
2
2
2
2
2
2
2
2
2
2
2
2
2
2
2
2
2
2
3
3
3
3
3
3
3
3
3
3
3
3
3
3
3
3
3
3
3
3
3
3
3
3
3
3
3
3
3
3
3
3
3
3
3
3
3
3
3
3
3
3
3
3
3
3
3
3
3
3
3
3
3
3
3
3
3
3
3
3
3
3
3
3
3
3
3
3
3
3
3
3
3
3
3
3
3
3
3
3
3
3
3
3
3
3
3
3
3
3
3
3
3
3
3
3
3
3
3
3
3
3
3
3
3
3
3
3
3
3
3
3
3
3
3
3
3
3
3
3
3
3
3
3
3
3
3
3
3
3
3
3
3
3
3
3
3
3
3
3
3
3
3
3
3
3
3
3
3
3
3
3
3
3
3
3
3
3
3
3
3
3
3
3
3
3
3
3
3
3
3
3
3
3
3
3
3
3
3
3
3
3
3
3
3
3
3
3
3
3
3
3
3
3
3
3
3
3
3
3
3
3
3
4
4
4
4
4
4
4
4
4
4
4
4
4
4
4
4
4
4
4
4
4
4
4
4
4
4
4
4
4
4
4
4
4
4
4
4
4
4
4
4
4
4
4
4
4
4
4
4
4
4
4
4
4
4
4
4
4
4
4
4
4
4
4
4
4
4
4
4
4
4
4
4
4
4
4
4
4
4
4
4
4
4
4
4
4
4
4
4
4
4
4
4
4
4
4
4
4
4
4
4
4
4
4
4
4
4
4
25
25
25
25
25
25
25
25
25
27
27
29
30
30
30
30
30
30
30
30
30
30
30
30
30
30
30
30
30
30
30
30
30
30
30
30
30
31
32
33
33
33
33
34
34
34
34
34
34
34
34
34
34
34
34
34
34
34
34
34
34
34
34
34
34
34
34
34
34
34
34
38
38
38
38
38
38
38
38
38
38
38
38
38
38
38
38
38
38
38
38
38
38
38
39
41
41
41
41
41
42
42
42
42
42
42
42
42
42
42
42
42
42
42
42
42
42
42
42
42
42
42
42
42
42
42
42
42
42
42
42
42
42
42
42
42
42
42
42
42
42
42
42
42
49
49
49
49
49
49
49
49
49
49
49
50
50
51
51
51
51
51
51
51
51
51
51
51
51
51
51
51
51
51
51
51
51
51
51
51
51
51
51
51
51
51
51
51
51
51
51
51
51
51
51
51
52
52
52
52
52
52
52
52
52
52
52
52
58
58
58
58
58
58
58
58
58
5033
5058
5406
5656
5690
5784
5844
6065
6166
6228
6249
6291
6311
6340
6354
6385
6530
6608
6696
6736
6755
6822
7032
7218
7252
7308
7477
7524
7587
7728
7782
7860
7963
8043
8100
8127
8154
8209
8255
8320
8330
8360
8417
8566
8834
8868
8991
9022
9155
9322
9333
9467
9492
9696
9715
9744
9863
9970
10013
10082
10112
10133
10207
10281
10488
10508
10667
10738
10823
10862
10904
11110
11196
11390
11435
11511
11539
11555
11794
11858
12003
12030
12124
12178
12290
12339
12476
12547
12565
12612
12648
12671
12884
12964
13058
13112
13162
13366
13436
13481
13629
13687
13815
13903
13986
14004
14072
14157
14188
14275
14335
14438
14526
14617
14711
14857
15003
15082
15149
15197
15243
15302
15353
15417
15460
15520
15583
15632
15670
15752
15800
15928
16189
16377
16414
16480
16648
16713
16759
16807
16986
17038
17105
17161
17196
17571
17653
17671
17757
17831
17918
17996
18089
18176
18259
18343
18375
18492
18586
18609
18674
18733
18772
18826
18864
18927
18985
19085
19163
19343
19476
19523
19629
19693
19762
19830
19893
19990
20037
20121
20183
20259
20351
20457
20488
20611
20747
20885
20922
21017
21114
21155
21235
21270
21378
21420
21503
21577
21606
21698
21746
21832
21871
21917
21999
22042
22123
22151
22235
22323
22406
22460
22506
22560
22589
22674
22727
22783
22837
23020
23057
23135
23197
23285
23332
23393
23447
23482
23550
23587
23711
23774
23838
23900
23965
24077
24144
24192
24223
24275
24338
24381
24421
24498
24566
24641
24715
24759
24824
24898
24927
24974
25032
25128
25183
25242
25335
25416
25486
25534
25570
25619
25678
25742
25796
25888
25916
25970
26028
26077
26137
26221
26245
26278
26340
26380
26446
26528
26598
26665
26707
26776
26828
26861
26920
26959
27038
27152
27198
27279
27327
27388
27478
27514
27589
27659
27739
27775
27803
27865
27924
27952
27983
28044
28094
28129
28183
28233
28273
28306
28399
28445
28495
28566
28604
28658
28680
28799
28860
28922
28965
29002
29053
29105
29143
29185
29235
29286
29331
29379
29409
29463
29504
29566
29627
29684
29721
29761
29848
29914
29958
29995
30045
30086
30128
30175
30205
30266
30305
30341
30406
30445
30484
30546
30612
30663
30736
30792
30852
30916
30985
31028
31143
31174
31209
31245
31313
31365
31420
31440
31480
31524
31551
31612
31654
31681
31730
31799
31853
31881
31915
31985
32038
32078
32112
32146
32190
32230
32312
32378
32427
32474
32504
32558
32581
32618
32669
32719
32770
32806
32836
32859
32936
32967
33015
33053
33091
33140
33180
33235
33269
33303
33339
33410
33462
33513
33558
33620
33656
33683
33719
33753
33789
33819
33857
33888
33955
33998
34053
34099
34130
34184
34219
34249
34289
34313
34353
34385
34430
34458
34522
34566
34612
34638
34675
34718
34743
34788
34820
34861
34896
34951
35001
35034
35084
35136
35210
35247
35283
35310
35397
35449
35488
35541
35566
35595
35628
35666
35696
35736
35755
35808
35829
35879
35912
35949
35967
35989
36025
36087
36112
36162
36213
36265
36299
36340
36380
36415
36442
36480
36528
36562
36591
36608
36650
36701
36741
36771
36805
36837
36886
36951
36977
37028
37054
37087
37143
37201
37248
37284
37316
37332
37366
37415
37445
37487
37534
37560
37603
37649
37692
37721
37740
37754
37786
37825
37871
37922
37984
38035
38078
38126
38155
38193
38230
38253
38286
38317
38339
38361
38401
38439
38489
38514
38564
38590
38624
38654
38689
38709
38749
38782
38831
38852
38893
38946
38966
39004
39034
39076
39137
39164
39202
39225
39254
39294
39328
39353
39385
39429
39456
39485
39521
39551
39569
39599
39631
39655
39694
39717
39767
39828
39848
39874
39899
39936
39961
40004
40029
40052
40083
40122
40141
40190
40211
40240
40282
40327
40366
40410
40442
40473
40526
40545
40602
40625
40665
40694
40717
40735
40758
40786
40866
40886
40896
40911
40956
40986
41007
41037
41081
41107
41131
41168
41189
41209
41232
41258
41285
41319
41343
41363
41400
41435
41462
41484
41520
41548
41577
41596
41619
41645
41672
41697
41712
41744
41789
41824
41843
41862
41887
41939
41957
41983
42003
42032
42062
42099
42131
42161
42214
42234
42249
42275
42323
42376
42396
42427
42460
42484
42513
42534
42548
42597
42615
42648
42672
42706
42756
42789
42806
42838
42851
42870
42900
42918
42957
42971
42990
43016
43032
43051
43077
43097
43126
43162
43180
43200
43217
43242
43276
43299
43321
43336
43371
43395
43431
43471
43492
43529
43549
