2
2
2
2
2
2
2
2
2
2
2
2
2
2
2
2
2
2
2
2
2
2
2
2
2
2
2
2
2
2
2
2
2
2
2
2
2
2
2
2
2
2
2
2
2
2
2
2
2
2
2
2
2
2
2
2
2
2
2
2
2
2
2
2
2
2
2
2
2
2
2
2
2
2
2
2
2
2
2
2
2
2
2
2
2
2
2
2
2
2
2
2
2
2
2
2
2
2
2
2
2
2
2
2
2
2
2
2
2
2
2
2
2
2
2
2
2
2
2
2
2
2
2
2
2
2
2
2
2
2
2
2
2
2
2
2
2
2
2
2
2
2
2
2
2
2
2
2
2
2
2
2
2
2
2
2
2
2
2
2
2
2
2
2
2
2
2
2
2
2
2
2
2
2
2
2
2
2
2
2
2
2
2
2
2
2
2
2
2
2
2
2
2
2
2
2
2
2
2
2
2
2
2
2
2
2
2
2
2
2
2
2
2
2
2
2
2
2
2
2
2
2
2
2
2
2
2
2
2
2
3
3
3
3
3
3
3
3
3
3
3
3
3
3
3
3
3
3
3
3
3
3
3
3
3
3
3
3
3
3
3
3
3
3
3
3
3
3
3
3
3
3
3
3
3
3
3
3
3
3
3
3
3
3
3
3
3
3
3
3
3
3
3
3
3
3
3
3
3
3
3
3
3
3
3
3
3
3
3
3
3
3
3
3
3
3
3
3
3
3
3
3
3
3
3
3
3
3
3
3
3
3
3
3
3
3
3
3
3
3
3
3
3
3
3
3
3
3
3
3
3
3
3
3
3
3
3
3
3
3
3
3
3
3
3
3
3
3
3
3
3
3
3
3
3
3
3
3
3
3
3
3
3
3
3
3
3
3
3
3
3
3
3
3
3
3
3
3
3
3
3
3
3
3
3
3
3
3
3
3
3
3
3
3
3
3
3
3
3
3
3
3
3
3
3
3
3
3
3
3
3
3
3
3
3
3
3
3
3
3
3
3
3
3
3
3
3
3
3
3
3
3
3
3
3
3
3
3
3
3
3
3
3
3
3
3
3
3
3
3
3
3
3
3
3
3
3
3
3
3
3
3
3
3
3
3
3
3
3
3
3
3
3
3
3
3
3
3
3
3
3
3
3
3
3
3
3
3
3
3
3
3
3
3
3
3
3
3
3
3
3
3
3
3
3
3
3
3
3
3
3
3
3
3
3
3
3
3
3
3
3
3
3
3
3
3
3
3
3
3
3
3
3
3
3
3
3
3
3
3
3
3
3
3
3
3
3
3
3
3
3
3
3
3
3
3
3
3
3
3
3
3
3
3
3
3
3
3
3
3
3
3
3
3
3
3
3
3
3
3
3
3
3
3
3
3
3
3
3
3
3
3
3
3
3
3
3
3
3
3
3
3
3
3
3
3
3
3
3
3
3
3
3
3
3
3
3
3
3
3
103
7024
7114
7152
7240
7303
7332
7348
7412
7493
7532
7582
7622
7654
7696
7791
7842
7877
7989
8072
8373
8569
8591
8930
9138
9206
9561
9609
9640
9690
9779
9881
9919
10032
10142
10183
10286
10340
10442
10492
10523
10632
10684
10769
10800
10931
11194
11229
11459
11514
11584
11730
11825
11893
12042
12121
12165
12229
12280
12311
12462
12532
12568
12657
12706
12724
12820
12873
13003
13074
13112
13129
13166
13214
13314
13339
13372
13398
13576
13615
13722
13943
13991
14032
14169
14262
14291
14347
14468
14523
14626
14693
14857
14944
15024
15124
15172
15219
15252
15276
15316
15362
15458
15643
15725
15764
15878
15986
16026
16172
16219
16331
16365
16406
16482
16546
16584
16676
16858
16933
16962
17032
17073
17216
17261
17428
17508
17548
17619
17702
17752
17804
17997
18058
18130
18200
18275
18342
18397
18449
18689
18720
18763
18813
18850
18915
18969
19073
19116
19177
19283
19360
19398
19451
19523
19624
19681
19756
19805
19919
20019
20090
20136
20184
20268
20304
20336
20413
20445
20480
20515
20546
20659
20682
20814
20858
20961
21011
21074
21111
21188
21293
21346
21429
21491
21535
21574
21664
21678
21744
21824
21908
21971
22060
22110
22190
22249
22315
22353
22419
22503
22567
22608
22672
22713
22744
22843
22902
22928
22970
23023
23127
23179
23233
23305
23361
23430
23471
23519
23631
23749
23831
23892
23943
24007
24053
24107
24190
24239
24272
24365
24398
24446
24480
24565
24623
24695
24768
24810
24862
24894
25044
25095
25198
25286
25337
25391
25447
25568
25630
25698
25765
25822
25864
25915
25970
26063
26217
26309
26423
26452
26527
26563
26637
26695
26765
26841
26884
26971
27033
27118
27179
27263
27312
27351
27418
27470
27550
27579
27624
27658
27702
27761
27836
27884
27906
27968
28002
28040
28071
28133
28239
28289
28328
28358
28439
28496
28529
28595
28653
28733
28773
28821
28881
28917
28958
28999
29058
29131
29223
29281
29347
29394
29447
29470
29509
29606
29659
29713
29777
29817
29851
29920
29976
30001
30086
30115
30183
30222
30273
30304
30345
30389
30427
30487
30548
30597
30630
30698
30770
30818
30858
30893
30926
30968
31017
31059
31075
31100
31168
31208
31253
31319
31384
31419
31462
31505
31542
31587
31644
31687
31724
31768
31795
31820
31882
31899
31935
31979
32025
32078
32135
32159
32206
32284
32311
32333
32404
32449
32477
32529
32556
32579
32624
32683
32717
32785
32823
32845
32874
32946
32980
33036
33081
33120
33149
33189
33206
33267
33307
33336
33396
33432
33478
33525
33570
33606
33632
33674
33712
33744
33781
33811
33833
33864
33905
33947
34016
34077
34123
34162
34191
34222
34249
34287
34319
34365
34405
34440
34483
34533
34587
34633
34663
34735
34772
34798
34858
34895
34956
34986
35051
35109
35139
35169
35200
35242
35276
35301
35361
35405
35429
35459
35487
35576
35610
35648
35691
35725
35759
35797
35835
35872
35895
35964
36006
36063
36101
36148
36174
36207
36250
36289
36310
36343
36399
36442
36480
36523
36573
36628
36679
36714
36757
36791
36824
36857
36884
36921
36974
37022
37042
37094
37137
37180
37225
37251
37285
37321
37359
37400
37440
37457
37489
37524
37566
37598
37635
37674
37716
37770
37806
37830
37849
37891
37925
37961
38000
38032
38066
38110
38147
38182
38218
38256
38292
38340
38377
38414
38467
38538
38566
38588
38648
38676
38720
38752
38779
38806
38852
38899
38929
38975
39011
39046
39080
39118
39152
39190
39221
39269
39309
39341
39377
39448
39474
39518
39535
39563
39609
39640
39677
39697
39748
39777
39812
39851
39892
39915
39940
39973
39988
40013
40035
40061
40088
40128
40162
40190
40221
40270
40297
40360
40374
40401
40420
40446
40467
40495
40515
40550
40571
40601
40623
40664
40695
40738
40796
40803
40827
40869
40894
40925
40948
40973
41001
41023
41082
41115
41153
41176
41195
41220
41247
41291
41327
41361
41404
41430
41463
41479
41512
41561
41584
41616
41642
41666
41691
41719
41756
41783
41812
41839
41871
41891
41914
41978
42008
42053
42078
42125
42153
42178
42199
42222
42264
42282
42311
42329
42349
42378
42402
42445
42460
42482
42522
42554
42581
42601
42622
42655
42663
42685
42716
42762
42793
42826
42854
42884
42899
42921
42936
42952
42981
42990
43009
43045
43075
43093
43114
43143
43164
43181
43213
43241
43277
43305
43321
43349
43372
43405
43435
