43431
43404
43388
43355
43323
43303
43284
43244
43215
43198
43180
43136
43104
43084
43061
43033
42984
42960
42928
42897
42872
42848
42812
42779
42746
42703
42667
42640
42610
42585
42542
42504
42480
42446
42420
42388
42350
42330
42297
42264
42234
42204
42187
42166
42133
42097
42062
42036
42014
41987
41961
41933
41906
41882
41858
41822
41787
41755
41701
41667
41633
41599
41551
41517
41481
41452
41416
41388
41347
41314
41271
41244
41228
41200
41168
41149
41115
41102
41083
41056
41015
40981
40948
40924
40896
40872
40844
40815
40768
40735
40706
40677
40636
40609
40580
40539
40496
40461
40434
40402
40367
40347
40316
40274
40247
40206
40158
40118
40085
40057
40015
39974
39960
39930
39887
39839
39802
39780
39749
39720
39651
39612
39578
39552
39533
39508
39481
39430
39402
39368
39341
39303
39273
39232
39201
39156
39134
39092
39052
1
1
1
1
1
1
1
1
1
1
1
1
1
1
1
1
1
1
1
1
1
1
1
1
1
1
1
1
1
1
1
1
1
1
1
1
1
1
1
1
1
1
1
1
1
1
1
1
1
1
1
1
1
1
1
1
1
1
1
1
1
1
1
1
1
1
1
1
1
1
1
1
1
1
1
1
1
1
1
1
1
1
1
1
1
1
1
1
1
1
1
1
1
1
1
1
1
1
1
1
1
1
1
1
1
1
1
1
1
1
1
1
1
1
1
1
1
1
1
1
1
1
1
1
1
1
1
1
1
1
1
1
1
1
1
1
1
1
1
1
1
1
1
1
1
1
1
1
1
1
1
1
1
1
1
1
1
1
1
1
1
1
1
1
1
1
1
1
1
1
1
1
1
1
1
1
1
1
1
1
1
1
1
1
1
1
1
1
1
1
1
1
1
1
1
1
1
1
1
1
1
1
1
1
1
1
1
1
1
1
1
1
1
1
1
1
1
1
1
1
1
1
1
1
1
1
1
1
1
1
1
1
1
1
1
1
1
1
1
1
1
1
1
1
1
1
1
1
1
1
1
1
1
1
1
1
1
1
1
1
1
1
1
1
1
1
1
1
1
1
1
1
1
1
1
1
1
1
1
1
1
1
1
1
1
1
1
1
1
1
1
1
1
1
1
1
1
1
1
1
1
1
1
1
1
1
1
1
1
1
1
1
1
1
1
1
1
1
1
1
1
1
1
1
1
1
1
1
1
1
1
1
1
1
1
1
1
1
1
1
1
1
1
1
1
1
1
1
1
1
1
1
1
1
1
1
1
25129
25088
25050
25008
24977
24943
24870
24835
24784
24745
24700
24661
24604
24555
24529
24508
24478
24429
24403
24360
24332
24299
24260
24233
24191
24154
24091
24048
24013
23968
23925
23844
23799
23766
23724
23694
23672
23571
23543
23508
23461
23411
23357
23324
23280
23214
23167
23131
23093
23059
23017
22983
22949
22925
22898
22855
22821
22792
22741
22718
22699
22641
22586
22537
22475
22410
22357
22320
22283
22233
22171
22140
22069
22006
21980
21938
21868
21824
21760
21712
21686
21659
21616
21569
21505
21472
21424
21385
21350
21317
21266
21218
21188
21085
21064
21028
20966
20914
20856
20835
20779
20758
20725
20659
20593
20565
20531
20508
20485
20464
20429
20379
20337
20293
20258
20218
20181
20137
20088
20036
20004
19966
19936
19879
19782
19739
19702
19660
19627
19585
19545
19493
19458
19419
19348
19317
19284
19257
19198
19177
19154
19134
19085
19058
19026
18994
18919
18835
18786
18755
18711
18672
18638
18603
18523
18486
18456
18418
18364
18317
18277
18228
18205
18140
18103
18061
18018
17962
17941
17893
17849
17823
17792
17726
17674
17656
17608
17568
17478
17447
17359
17329
17266
17222
17150
17116
17081
17039
17002
16958
16917
16817
16783
16750
16658
16572
16540
16502
16425
16354
16298
16196
16143
16097
16052
15965
15919
15892
15865
15818
15783
15754
15699
15601
15583
15527
15491
15466
15422
15413
15332
15301
15259
15225
15163
15120
15097
15064
15024
15000
14956
14933
14847
14806
14758
14732
14695
14666
14626
14553
14468
14450
14430
14389
14328
14274
14245
14147
14098
14016
13960
13928
13884
13817
13688
13653
13620
13577
13494
13459
13403
13381
13349
13321
13291
13219
13192
13135
13060
12998
12947
12818
12780
12624
12613
12588
12556
12528
12484
12336
12273
12221
12188
12071
12048
11975
11950
11882
11824
11795
11761
11716
11687
11615
11581
11567
11549
11525
11497
11443
11420
11311
11259
11186
11153
11119
11087
11064
11049
11009
10989
10949
10915
10860
10801
10752
10693
10660
10622
10578
10563
10432
10407
10379
10344
10328
10257
10206
10155
10127
10085
10072
10040
10013
9989
9960
9928
9881
9827
9809
9788
9745
9647
9628
9520
9443
9433
9346
9227
9087
9057
9028
8939
8870
8789
8682
8596
8581
8540
8515
8499
8332
8243
8169
8129
8070
8055
8040
8013
7868
7817
7802
7768
7747
7630
7585
7528
7500
7480
7352
7255
7228
7156
6945
6919
6897
6861
6845
6817
6798
6762
6736
6710
6686
6633
6568
6551
6482
6456
6268
6192
6162
6125
6106
6091
6046
6037
5816
5799
5752
5739
5730
5557
5483
5400
5297
5266
5237
5183
5169
5165
5104
5071
5050
5033
5009
4991
4928
4923
4718
4704
4674
4655
4599
4589
4462
4445
4419
4413
4402
4378
4369
4366
4294
4234
4210
4177
2
2
2
2
2
2
2
2
2
2
2
2
2
2
2
2
2
2
2
2
2
2
2
2
2
2
2
2
2
2
2
2
2
2
2
2
2
2
2
2
2
2
2
1
1
1
1
1
1
1
1
1
1
1
1
1
1
1
1
1
1
1
1
1
1
1
1
1
1
1
1
1
1
1
1
1
1
1
1
1
1
1
1
1
1
1
1
1
1
1
1
1
1
1
1
1
1
1
1
1
1
1
1
1
1
1
1
1
1
1
1
1
1
1
1
1
1
1
1
1
1
1
1
1
1
1
1
1
1
1
1
1
1
1
1
1
1
1
1
1
1
1
1
1
1
1
1
1
1
1
1
1
1
1
1
1
1
1
1
1
1
1
1
1
1
1
1
1
1
1
1
1
1
1
1
1
1
1
1
1
1
1
1
1
1
1
1
1
1
1
1
1
1
1
1
1
1
1
1
1
1
1
1
1
1
1
1
1
1
1
1
1
1
1
1
1
2
2
2
2
2
2
2
2
2
2
2
2
2
2
2
2
2
2
2
2
2
2
2
2
2
2
2
2
2
2
2
2
2
2
2
2
2
2
2
2
2
2
2
2
2
2
2
2
2
2
2
2
2
2
2
2
2
2
2
2
2
2
2
2
2
2
2
2
2
2
2
2
2
2
2
2
2
2
2
2
2
2
2
2
2
2
2
2
2
2
2
2
2
2
2
2
2
2
2
2
2
2
2
2
2
2
2
2
2
2
2
2
2
2
2
2
2
2
2
2
2
2
2
2
2
2
2
2
2
2
2
2
2
2
2
2
2
2
2
2
2
2
2
2
2
2
1
1
1
1
1
1
1
1
1
1
1
1
1
1
1
1
1
1
3
2
2
2
1
1
1
1
1
