43716
43683
43652
43620
43593
43566
43533
43511
43480
43455
43421
43380
43351
43322
43294
43273
43227
43195
43156
43129
43098
43063
43035
42995
42975
42943
42912
42892
42857
42840
42810
42782
42756
42731
42697
42670
42635
42602
42572
42556
42523
42483
42448
42431
42380
42349
42333
42299
42270
42245
42225
42189
42162
42137
42110
42063
42015
41981
41951
41908
41876
41865
41838
41805
41776
41753
41725
41702
41660
41628
41598
41574
41543
41508
41474
41449
41415
41376
41329
41301
41242
41201
41176
41153
41126
41098
41068
41012
40979
40951
40910
40890
40859
40837
40809
40785
40761
40712
40677
40643
40618
40591
40560
40535
40502
40457
40422
40392
40338
40297
40260
40220
40203
40158
40138
40100
40067
40041
40005
39973
39936
39911
39872
39854
39826
39805
39770
39734
39693
39659
39610
39551
39521
39501
39468
39408
39379
39337
39313
39261
39214
39184
39156
39129
39090
39061
39024
38995
38961
38933
38906
38870
38848
38811
38772
38733
38701
38664
38622
38573
38511
38463
38433
38408
38369
38329
38275
38243
38199
38177
38136
38105
38077
38036
37994
37963
37916
37889
37859
37840
37802
37771
37731
37686
37639
37613
37576
37539
37505
37454
37422
37393
37362
37317
37278
37230
37204
37146
37111
37071
37030
36984
36954
36902
36856
36817
36800
36755
36712
36686
36657
36623
36601
36573
36532
36500
36478
36421
36389
36363
36333
36302
36269
36187
36162
36114
36078
36045
36020
35989
35953
35911
35870
35849
35827
35798
35776
35745
35715
35686
35643
35604
35565
35540
35510
35475
35443
35381
35364
35317
35276
35248
35217
35182
35144
35085
35058
35009
34963
34926
34904
34875
34835
34792
34752
34724
34689
34662
34630
34573
34537
34493
34469
34430
34395
34373
34339
34307
34262
34212
34181
34150
34120
34095
34044
34016
33967
33924
33889
33838
33807
33763
33736
33689
33656
33607
33578
33557
33501
33458
33424
33386
33351
33320
33259
33224
33192
33143
33119
33080
33037
32989
32948
32905
32879
32825
32795
32768
32737
32698
32651
32602
32553
32521
32487
32417
32372
32323
32295
32271
32227
32196
32157
32090
32048
32023
31994
31966
31936
31909
31842
31816
31774
31719
31691
31661
31616
31596
31560
31517
31482
31452
31409
31381
31333
31289
31266
31235
31203
31172
31132
31089
31036
30988
30951
30916
30877
30856
30819
30766
30727
30682
30635
30550
30502
30454
30408
30376
30343
30315
30280
30239
30190
30151
30111
30057
30008
29971
29919
29894
29854
29819
29794
29767
29734
29707
29682
29644
29608
29557
29499
29452
29423
29384
29363
29310
29291
29234
29170
29141
29109
29039
28947
28901
28873
28845
28800
28768
28736
28708
28674
28624
28595
28558
28536
28498
28454
28413
28378
28339
28262
28212
28161
28129
28089
28058
28016
27978
27955
27915
27878
27850
27801
27756
27696
27635
27597
27550
27503
27475
27424
27394
27376
27343
27311
27277
27255
27214
27168
27131
27086
27041
26980
26949
26921
26875
26813
26789
26744
26719
26679
26638
26609
26554
26504
26457
26412
26376
26327
26286
26244
26202
26141
26113
26059
25998
25970
25926
25890
25841
25809
25784
25757
25733
25678
25632
25572
25535
25499
25474
25454
25416
25372
25328
25284
25236
25207
25185
25152
25093
25026
24990
7
7
7
7
7
7
7
7
7
7
7
7
7
7
7
7
7
7
7
7
7
7
7
7
7
7
7
7
7
7
7
7
7
7
7
7
7
7
7
7
7
7
7
7
7
7
7
7
7
7
7
7
7
7
7
7
7
7
7
7
7
7
7
7
7
7
7
7
7
7
7
7
7
7
7
7
7
7
7
7
7
7
7
7
7
6
6
6
6
6
6
6
6
6
6
6
6
6
6
6
6
6
6
6
6
6
6
6
6
6
6
6
6
6
6
6
6
6
6
6
6
6
6
6
6
6
6
6
6
6
6
6
6
6
6
6
6
6
6
6
6
6
6
6
6
6
6
6
6
6
6
6
6
6
6
6
6
6
6
6
6
6
6
6
6
6
6
6
6
6
6
6
6
6
6
6
6
6
6
6
6
6
6
6
6
6
6
6
6
6
6
6
6
6
6
6
6
6
6
6
6
6
6
6
6
6
6
6
6
6
6
6
6
6
6
6
6
6
6
6
6
6
6
6
6
6
6
6
6
6
6
6
6
6
6
6
6
6
6
6
6
6
6
6
6
6
6
6
6
6
6
6
6
6
6
6
6
6
6
6
6
6
6
6
6
6
6
6
6
6
6
6
6
6
6
6
6
6
6
6
6
6
6
6
6
6
6
6
6
6
6
6
6
6
5
5
5
5
5
5
5
5
5
5
5
5
5
5
5
5
5
5
5
5
5
5
5
5
5
5
5
5
5
5
5
5
5
5
5
5
5
5
5
5
5
5
5
5
5
5
5
5
5
5
5
5
5
5
5
5
5
5
5
5
5
5
5
5
5
5
4
4
4
4
4
4
4
4
4
4
4
4
4
4
4
4
4
4
4
4
4
4
4
4
4
4
4
4
4
4
4
4
4
4
4
4
4
4
3
3
3
3
3
3
3
3
3
3
3
3
3
3
3
3
3
3
3
3
3
3
3
3
3
3
3
3
3
3
3
3
3
3
3
3
3
3
3
3
3
3
3
3
3
3
3
3
3
3
3
3
3
3
3
3
3
3
3
3
3
3
3
3
3
3
3
3
3
3
3
3
3
3
3
3
3
3
3
3
3
3
3
3
3
3
3
3
3
3
3
3
3
3
3
3
3
3
3
3
3
3
3
3
3
3
3
3
3
3
3
3
3
3
3
3
3
3
3
3
3
3
3
3
3
3
3
3
3
3
3
3
3
3
3
3
3
3
3
3
3
3
3
3
3
3
3
3
3
3
3
3
3
3
3
3
3
3
3
3
3
3
3
3
3
3
3
3
3
3
3
3
3
3
3
3
3
3
3
3
3
3
3
3
3
3
3
3
3
3
3
3
3
3
3
3
3
3
3
3
3
3
3
3
3
3
3
3
3
3
3
3
3
3
3
3
2
2
2
2
2
2
2
2
2
2
2
2
2
2
2
2
2
2
2
2
2
2
2
2
2
2
2
2
2
2
2
2
2
2
2
2
2
2
2
2
2
2
2
2
2
2
2
2
2
2
2
2
2
2
2
2
2
2
2
2
2
2
2
2
2
2
2
2
2
2
2
2
2
2
2
2
2
2
2
2
2
2
2
2
2
2
2
2
2
2
2
2
2
2
2
2
2
2
2
1
1
1
1
1
1
1
1
1
1
1
1
1
1
1
1
1
1
1
1
1
1
1
1
1
1
1
1
1
3
3
3
3
3
3
3
3
3
3
3
3
3
3
3
3
3
3
3
3
3
3
3
3
3
3
3
3
3
3
3
3
3
2
2
2
2
2
2
2
2
2
2
2
2
2
2
2
2
2
2
2
2
2
2
2
2
2
2
2
2
2
2
2
2
2
2
2
2
2
2
1
1
1
1
1
2
1
