2
2
2
2
2
2
2
2
2
2
2
2
2
2
2
2
2
2
2
2
2
2
2
2
2
2
2
2
2
2
2
2
2
2
2
2
2
2
2
2
2
2
2
2
2
2
2
2
2
2
2
2
2
2
2
2
2
2
2
2
2
2
2
2
2
2
2
2
2
2
2
2
2
2
2
2
2
2
2
2
2
2
2
2
2
2
2
2
2
2
2
2
2
2
2
2
2
2
2
2
2
2
2
2
2
2
2
2
2
2
2
2
2
2
2
2
2
2
2
2
2
2
2
2
2
2
2
2
2
2
2
2
2
2
2
2
2
2
2
2
2
2
2
2
2
2
2
2
2
2
2
2
2
2
2
2
2
2
2
2
2
2
2
2
2
2
2
2
2
2
2
2
2
2
2
2
2
2
2
2
2
2
2
2
2
2
2
2
2
2
2
2
2
2
2
2
2
2
2
2
2
2
2
2
2
2
2
2
2
2
2
2
2
2
2
2
2
2
2
2
2
2
2
2
2
2
2
2
2
2
2
2
2
2
2
2
2
2
2
2
2
2
2
2
2
2
2
2
2
2
2
2
2
2
2
2
2
2
2
2
2
2
2
2
2
2
2
2
2
2
2
2
2
2
2
2
2
2
2
2
2
2
2
2
2
2
2
2
2
2
2
2
2
2
2
2
2
2
2
2
2
2
2
2
2
2
2
2
2
2
2
2
2
2
2
2
2
2
2
2
2
2
2
2
2
2
2
2
2
2
2
2
2
2
2
2
2
2
2
2
2
2
2
2
2
2
2
2
2
2
2
2
2
2
2
2
2
2
2
2
2
2
2
2
2
2
2
2
2
2
2
2
2
2
2
2
2
2
2
2
2
2
2
2
2
2
2
2
2
2
2
2
2
2
2
2
2
2
2
2
2
2
2
2
2
2
2
2
2
2
2
2
2
2
2
2
2
2
2
2
2
2
2
2
2
2
2
2
2
2
2
2
2
2
2
2
2
2
2
2
2
2
2
2
2
2
2
2
2
2
2
2
2
2
2
2
2
2
2
2
2
2
2
2
2
2
2
2
2
2
2
2
2
2
2
2
2
2
2
2
2
2
2
2
2
2
2
2
2
2
2
2
2
2
2
2
2
2
2
2
2
2
2
2
2
2
2
2
2
2
2
2
2
2
2
2
2
2
2
2
2
2
2
2
2
2
2
2
2
2
2
2
2
2
2
2
2
2
2
2
2
2
2
2
2
2
2
2
2
2
2
2
2
2
2
2
2
2
2
2
2
2
2
2
2
2
2
2
2
2
2
2
2
2
2
8
8
8
8
8
8
8
8
8
8
8
8
8
8
8
8
8
8
8
8
8
8
8
8
8
8
9
9
9
9
9
9
9
9
9
9
9
9
9
9
9
9
9
9
9
9
9
9
9
9
9
4748
4784
4808
4820
4936
5195
5201
5225
5259
5513
5533
5562
5633
5655
5669
5687
5754
5852
5901
5917
5952
5979
6064
6079
6146
6191
6231
6582
6597
6625
7651
8105
8114
8179
8322
8583
8656
8707
8761
8787
9011
9368
9413
9529
9561
9989
10019
10077
10143
10181
10229
10273
10317
10377
10430
10509
10600
10701
10717
10895
10939
10984
11046
11147
11189
11235
11270
11470
11565
11644
11715
11930
12012
12142
12247
12286
12344
12734
12845
12876
12994
13054
13296
13318
13442
13502
13528
13669
13756
13816
13892
13911
13994
14121
14152
14206
14244
14281
14383
14497
14626
14697
14768
14805
14884
15077
15143
15183
15316
15446
15558
15595
15677
15726
15787
15812
15858
15937
16118
16248
16312
16396
16456
16583
16691
16755
16891
16941
16966
17088
17148
17359
17400
17614
17710
17751
17839
17926
17958
18037
18155
18314
18369
18427
18526
18569
18765
18869
18910
18949
18997
19045
19159
19189
19256
19318
19389
19442
19478
19569
19796
19838
19913
19959
20065
20121
20150
20191
20271
20342
20388
20458
20503
20573
20631
20747
20820
20868
20984
21028
21070
21096
21153
21197
21299
21356
21415
21474
21636
21667
21727
21800
21862
21935
22003
22083
22127
22181
22237
22272
22315
22373
22463
22512
22561
22624
22659
22700
22769
22841
22884
22949
23080
23159
23209
23303
23354
23413
23454
23525
23570
23608
23707
23762
23797
23820
23858
23910
23986
24032
24065
24122
24147
24225
24256
24305
24352
24388
24454
24536
24562
24594
24654
24712
24803
24861
24934
24984
25017
25068
25123
25146
25232
25277
25328
25376
25458
25503
25564
25607
25653
25721
25775
25830
25903
25999
26042
26100
26135
26240
26300
26356
26462
26506
26599
26667
26729
26782
26820
26867
26978
27081
27156
27206
27286
27352
27373
27457
27534
27595
27658
27703
27750
27798
27840
27906
27968
27998
28067
28141
28231
28275
28325
28374
28444
28494
28573
28658
28709
28763
28801
28896
28974
29035
29102
29160
29217
29265
29300
29389
29426
29478
29565
29597
29692
29738
29778
29816
29855
29932
29969
30006
30049
30086
30139
30165
30220
30267
30299
30355
30407
30441
30459
30501
30574
30604
30662
30730
30798
30860
30918
30964
30993
31042
31114
31164
31197
31228
31269
31343
31378
31408
31465
31501
31537
31617
31652
31704
31739
31771
31836
31874
31897
31937
31960
32006
32085
32114
32153
32181
32228
32255
32302
32321
32350
32407
32461
32519
32547
32588
32622
32649
32681
32727
32779
32805
32854
32885
32908
32955
33003
33048
33075
33124
33173
33199
33251
33302
33337
33370
33423
33460
33495
33556
33590
33649
33732
33774
33792
33812
33844
33895
33909
33941
33984
34033
34081
34148
34178
34209
34235
34262
34326
34389
34444
34462
34501
34532
34600
34667
34706
34752
34810
34853
34890
34932
34973
35004
35053
35149
35202
35270
35319
35367
35427
35466
35519
35558
35607
35643
35682
35716
35746
35767
35843
35875
35900
35932
35980
36007
36040
36068
36117
36140
36165
36188
36230
36267
36305
36329
36383
36414
36451
36479
36499
36530
36566
36613
36630
36651
36702
36741
36793
36827
36873
36899
36936
36958
37019
37054
37100
37136
37182
37218
37266
37302
37324
37404
37427
37450
37499
37524
37577
37612
37659
37680
37714
37764
37792
37820
37844
37858
37903
37929
37965
37988
38022
38057
38088
38125
38177
38210
38232
38261
38295
38311
38343
38387
38413
38442
38471
38499
38542
38557
38593
38637
38661
38694
38744
38777
38812
38855
38881
38924
38960
39020
39061
39103
39124
39145
39177
39204
39241
39293
39331
39368
39398
39426
39447
39479
39511
39542
39573
39599
39620
39680
39728
39755
39806
39831
39865
39907
39926
39948
39975
40006
40037
40072
40097
40128
40160
40180
40215
40241
40275
40317
40340
40350
40371
40409
40432
40451
40476
40497
40524
40558
40600
40631
40657
40692
40729
40762
40785
40822
40843
40874
40914
40947
40987
41036
41062
41092
41105
41138
41168
41202
41235
41269
41325
41370
41400
41424
41461
41495
41534
41593
41628
41644
41653
41690
41714
41743
41765
41797
41820
41846
41874
41899
41962
41992
42014
42063
42093
42118
42140
42167
42200
42225
42250
42280
42302
42325
42361
42391
42412
42432
42455
42494
42531
42547
42566
42592
42603
42625
42660
42698
42712
42726
42751
42775
42796
42839
42861
42892
42917
42946
42983
43019
43059
43076
43097
43125
43142
43168
43193
43211
43237
43272
43302
43316
43339
43385
43408
43430
43463
43483
