43482
43445
43427
43375
43321
43293
43268
43236
43204
43165
43134
43089
43061
43023
42991
42960
42934
42911
42888
42861
42823
42799
42760
42731
42693
42658
42628
42594
42572
42534
42514
42501
42467
42441
42408
42374
42345
42332
42302
42269
42234
42202
42177
42138
42099
42072
42029
42005
41962
41931
41907
41883
41851
41805
41769
41735
41712
41680
41653
41632
41602
41565
41546
41509
41484
41457
41422
41393
41366
41345
41286
41253
41225
41201
41159
41131
41098
41058
41021
40981
40945
40927
40895
40839
40795
40768
40732
40695
40663
40632
40593
40554
40512
40467
40398
40371
40326
40292
40270
40249
40214
40181
40151
40107
40073
40038
39990
39971
39937
39893
39868
39836
39808
39778
39748
39722
39687
39651
39630
39601
39551
39518
39473
39447
39432
39393
39350
39314
39281
39244
39168
39138
39107
39091
39060
39035
39010
38984
38952
38929
38874
38827
38795
38764
38739
38705
38665
38627
38604
38560
38525
38500
38440
38410
38380
38350
38327
38293
38264
38237
38209
38187
38160
38127
38086
38065
38048
38004
37974
37930
37897
37861
37791
37767
37740
37690
37657
37614
37577
37552
37514
37468
37435
37390
37367
37339
37307
37265
37237
37211
37179
37143
37120
37095
37070
37017
36991
36961
36924
36887
36853
36821
36788
36737
36692
36656
36615
36581
36524
36496
36468
36441
36388
36353
36320
36295
36251
36191
36149
36114
36088
36057
36030
35991
35963
35918
35879
35843
35816
35782
35752
35718
35680
35651
35621
35587
35555
35526
35492
35459
35419
35395
35354
35327
35298
35272
35248
35205
35174
35132
35093
35047
35009
34969
34926
34893
34837
34801
34770
34737
34697
34667
34631
34588
34562
34523
34472
34440
34412
34364
34308
34265
34237
34196
34163
34117
34082
34050
34024
34000
33964
33930
33877
33842
33812
33780
33733
33707
33688
33664
33621
33582
33542
33518
33483
33442
33405
33371
33345
33316
33290
33267
33227
33190
33139
33067
33027
32993
32970
32928
32890
32862
32810
32771
32729
32697
32644
32630
32595
32567
32530
32489
32452
32424
32370
32336
32301
32256
32194
32161
32128
32105
32070
32044
32012
31982
31959
31937
31895
31858
31821
31791
31763
31736
31697
31661
31625
31574
31531
31484
31439
31393
31354
31312
31291
31247
31208
31192
31146
31083
31024
30984
30936
30905
30862
30834
30791
30759
30731
30699
30647
30608
30540
30514
30475
30436
30397
30332
30284
30253
30213
30172
30145
30124
30077
30050
30016
29993
29964
29909
29869
29819
29790
29748
29692
29645
29609
29575
29538
29475
29427
29394
29340
29303
29275
29240
29193
29142
29113
29064
29028
28986
28909
28875
28836
28790
28762
28699
28629
28596
28559
28529
28493
28452
28403
28355
28333
28302
28274
28219
28176
28134
28113
28071
28040
28009
27954
27929
27902
27874
27827
27774
27740
27635
27620
27589
27559
27516
27495
27430
27392
27332
27306
27268
27249
27221
27195
27139
27102
27079
27045
27002
26971
26940
26883
26854
26818
26789
26718
26687
26657
26605
26578
26544
26497
26444
26386
26332
26300
26234
26177
26136
26097
26070
4
4
4
4
4
4
4
4
4
4
4
4
4
4
4
4
4
4
4
4
4
4
4
4
4
4
4
4
4
4
4
4
4
4
4
4
4
4
4
4
4
4
4
4
4
4
4
4
4
4
4
4
4
4
4
4
4
4
4
4
4
4
4
4
4
4
4
4
4
4
4
4
4
4
4
4
4
4
4
4
4
4
4
4
4
4
4
4
4
4
4
4
4
4
4
4
4
4
4
4
4
4
4
3
3
3
3
3
3
3
3
3
3
3
3
3
3
3
3
3
3
3
3
3
3
3
3
3
3
3
3
3
3
3
3
3
3
3
3
3
3
3
3
3
3
3
3
3
3
3
3
3
3
3
3
3
3
3
3
3
3
3
3
3
3
3
3
3
3
3
3
3
3
3
3
3
3
3
3
3
3
3
3
3
3
3
3
3
3
3
3
3
3
3
3
3
3
3
3
3
3
3
3
3
3
3
3
3
3
3
3
3
3
3
3
3
3
3
3
3
3
3
3
3
3
3
3
3
3
3
3
3
3
3
3
3
3
3
3
3
3
3
3
3
3
3
3
3
3
3
3
3
3
3
3
3
3
3
3
3
3
3
3
3
3
3
3
3
3
3
3
3
3
3
3
3
3
3
3
3
3
3
3
3
3
3
3
3
3
3
3
3
3
3
3
3
3
3
3
3
3
3
3
3
3
3
3
3
3
3
3
3
3
3
3
3
3
3
3
3
3
3
3
3
3
3
3
3
3
3
3
3
3
3
3
3
3
3
3
3
3
3
3
3
3
3
3
3
3
3
3
3
3
3
3
3
3
3
3
3
3
3
3
3
3
3
3
3
3
3
3
3
3
3
3
3
3
3
3
3
3
3
3
3
3
3
3
3
3
3
3
3
3
3
3
3
3
3
3
3
3
3
3
3
3
3
3
3
3
3
3
3
3
3
3
3
3
3
3
3
3
3
3
3
3
3
3
3
3
3
3
3
3
3
3
3
3
3
3
3
3
3
3
3
3
3
3
3
3
1
1
1
1
1
1
1
1
1
1
1
1
1
1
1
1
1
1
1
1
1
1
1
1
1
1
1
1
1
1
1
1
1
1
1
1
1
1
1
1
1
1
1
1
1
1
1
1
1
1
1
1
1
1
1
1
1
1
1
1
1
1
1
1
1
1
1
1
1
1
1
1
1
1
1
1
1
1
1
1
1
1
1
1
1
1
1
1
1
1
1
1
1
1
1
1
1
1
1
1
1
1
1
1
1
1
1
1
1
1
1
1
1
1
1
1
1
1
1
1
1
1
1
1
1
1
1
1
1
1
1
1
1
1
1
1
1
1
1
1
1
1
1
1
1
1
1
1
1
1
1
1
1
1
1
1
1
1
1
1
1
1
1
1
1
1
1
1
1
1
1
1
1
1
1
1
1
1
1
1
1
1
1
1
1
1
1
1
1
1
1
1
1
1
1
1
1
1
1
1
1
1
1
1
1
1
1
1
1
1
1
1
1
1
1
1
1
1
1
1
1
1
1
1
1
1
1
1
1
1
1
1
1
1
1
1
1
1
1
1
1
1
1
1
1
1
1
1
1
1
1
1
1
1
1
1
1
1
1
1
1
1
1
1
1
1
1
1
1
1
1
1
1
1
1
1
1
1
1
1
1
1
1
1
1
1
1
1
1
1
1
1
1
1
1
1
1
1
1
1
1
1
1
1
1
1
1
1
1
1
1
1
1
1
1
1
1
1
1
1
1
1
1
1
2
2
2
2
2
2
1
1
1
1
1
1
1
1
1
1
1
1
1
1
1
1
1
1
1
1
1
1
1
1
1
1
1
1
1
1
1
1
1
1
1
1
1
1
1
1
1
1
1
1
1
1
1
1
1
1
1
1
1
1
1
1
1
1
1
1
1
1
1
1
1
1
1
1
1
