43547
43519
43491
43453
43427
43391
43367
43330
43293
43274
43244
43226
43195
43174
43146
43108
43073
43036
42989
42949
42915
42891
42858
42828
42795
42766
42748
42717
42680
42652
42617
42583
42549
42519
42483
42458
42430
42401
42365
42319
42285
42258
42231
42197
42166
42135
42090
42068
42029
41999
41963
41928
41898
41871
41845
41823
41785
41758
41714
41695
41672
41640
41605
41571
41541
41498
41471
41426
41400
41376
41327
41292
41254
41228
41194
41173
41143
41102
41065
41037
40998
40975
40942
40904
40869
40840
40816
40786
40758
40680
40644
40617
40592
40561
40538
40506
40468
40437
40398
40359
40340
40309
40253
40236
40202
40179
40150
40118
40094
40050
40030
39994
39966
39939
39912
39887
39849
39831
39789
39764
39732
39711
39689
39649
39617
39584
39559
39521
39494
39467
39429
39406
39377
39355
39319
39271
39245
39208
39170
39136
39102
39062
39041
39028
39002
38977
38949
38903
38866
38835
38807
38770
38747
38720
38685
38654
38625
38594
38568
38510
38482
38456
38426
38393
38369
38338
38311
38281
38234
38195
38141
38110
38064
38020
37987
37942
37912
37883
37864
37838
37805
37766
37743
37709
37672
37643
37610
37576
37545
37509
37489
37451
37411
37386
37331
37282
37210
37189
37144
37112
37077
37033
37009
36968
36942
36919
36890
36858
36826
36767
36744
36706
36675
36649
36621
36576
36544
36491
36439
36391
36358
36319
36283
36254
36235
36207
36164
36143
36091
36039
36008
35972
35944
35914
35864
35833
35769
35737
35712
35683
35654
35618
35577
35549
35514
35480
35441
35389
35340
35277
35234
35209
35182
35151
35123
35092
35069
35019
34979
34930
34904
34860
34824
34775
34740
34707
34660
34612
34576
34555
34522
34500
34469
34422
34398
34324
34298
34257
34208
34152
34101
34060
34022
33986
33952
33910
33892
33855
33807
33761
33714
33660
33612
33565
33529
33498
33462
33422
33397
33347
33311
33282
33257
33230
33204
33174
33138
33113
33064
33041
33011
32981
32942
32911
32867
32838
32802
32765
32738
32666
32627
32595
32562
32536
32508
32464
32427
32396
32364
32331
32291
32253
32196
32131
32103
32086
32041
32017
31981
31934
31886
31856
31826
31793
31771
31732
31702
31653
31615
31580
31560
31516
31472
31436
31398
31366
31348
31321
31284
31232
31174
31143
31111
31080
31049
30996
30957
30928
30900
30855
30795
30763
30723
30688
30640
30591
30559
30513
30487
30459
30415
30376
30347
30324
30275
30224
30186
30141
30109
30053
29988
29945
29898
29855
29815
29783
29730
29695
29649
29608
29570
29513
29487
29442
29403
29351
29304
29268
29246
29211
29167
29136
29087
29039
28997
28931
28863
28829
28784
28739
28707
28691
28674
28629
28586
28551
28484
28433
28405
28359
28330
28293
28265
28221
28203
28158
28117
28051
28020
27971
27926
27905
27876
27817
27770
27725
27675
27630
27578
27517
27482
27420
27378
27336
27245
27217
27184
27129
27074
27045
27001
26917
26845
26813
26759
26739
26698
26651
26618
26588
26528
26497
26452
26379
26350
26276
26253
26210
26175
26126
26054
26012
25944
25920
25895
25867
25833
25777
25724
25690
25630
25588
25554
25526
25500
25459
25412
25367
25343
25298
25228
25187
25154
25122
25094
25040
25002
24950
24873
24821
24767
24723
24664
24651
24631
24584
24526
24453
24411
24380
24341
24316
24297
24258
24224
24149
24127
24081
24025
23980
23927
23871
23805
23770
23713
23658
23621
23600
23544
23498
23455
23441
23421
23405
23365
23269
23222
23142
23097
23040
22986
22933
22863
22810
22761
22697
22667
22649
22618
22561
22503
22451
22406
22372
22347
22315
22282
22258
22240
22203
22178
22143
22115
22073
22031
22008
21989
21969
21926
21883
21849
21783
21750
21705
21676
21636
21597
21575
21544
21506
21468
21408
21382
21320
21286
21233
21200
21154
21090
21027
20992
20959
20920
20859
20814
20765
20736
20670
20611
20580
20545
20524
20467
20406
20379
20347
20299
20254
20231
20181
20134
20095
20042
19994
19953
19921
19893
19802
19740
19678
19586
19557
19515
19480
19441
19390
19315
19263
19239
19210
19123
19076
19018
18992
18960
18909
18847
18829
18790
18772
18696
18661
18620
18586
18531
18466
18415
18365
18288
18202
18108
18067
18021
17987
17945
17921
17881
17853
17808
17758
17744
17692
17654
17596
17563
17462
17435
17416
17380
17346
17302
17273
17214
17152
17114
17090
17027
16983
16962
16933
16897
16864
16835
16799
16759
16696
16644
16595
16530
16482
16455
16402
16377
16279
16222
16196
16132
16096
16047
15967
15932
15891
15857
15806
15782
15748
15709
15675
15643
15614
15511
15477
15417
15379
15354
15316
15273
15218
15183
15112
10
10
10
10
10
10
10
10
10
10
10
10
10
10
10
10
10
10
10
10
10
10
9
9
9
9
9
9
9
9
9
9
9
9
9
9
9
9
9
9
9
9
9
9
9
9
9
9
9
9
9
9
9
9
9
9
9
9
9
9
9
9
9
9
9
9
9
9
9
9
9
9
9
9
9
9
9
9
9
9
9
9
9
9
9
9
9
9
9
9
9
9
9
9
9
8
8
8
8
8
8
8
8
8
8
8
8
8
8
8
8
8
8
8
8
8
8
8
8
8
8
8
8
8
8
8
8
8
8
8
8
8
8
8
8
8
8
8
8
8
8
8
8
8
8
8
8
8
8
8
8
8
8
8
8
8
8
8
8
8
8
8
8
8
8
8
8
8
8
8
8
8
8
8
8
8
8
8
8
8
8
8
8
8
8
8
8
8
8
8
8
8
8
8
8
8
8
8
8
8
8
8
8
8
8
8
8
8
8
8
8
8
8
8
8
8
8
8
8
8
8
8
8
8
8
8
8
8
8
8
8
8
8
8
8
8
8
8
8
8
8
8
8
8
8
8
8
8
8
8
8
8
8
8
8
8
8
8
8
8
8
8
8
8
8
8
6
6
6
6
6
6
6
5
5
5
5
5
5
5
5
5
5
5
5
5
5
5
5
5
5
5
5
5
5
5
5
5
5
5
5
5
5
5
5
5
5
5
5
5
5
5
5
5
5
5
5
5
5
5
5
5
5
5
5
5
5
5
5
5
5
5
5
5
5
5
5
5
5
5
5
5
5
5
5
5
5
5
5
4
4
4
4
4
4
4
4
4
4
4
4
4
4
4
4
4
4
4
4
4
4
4
4
4
4
4
4
4
4
4
4
4
4
4
4
4
4
4
4
4
4
4
4
4
4
4
4
4
4
4
4
4
4
4
4
4
4
4
4
4
4
4
4
4
4
4
4
4
4
4
4
4
4
4
4
4
4
4
4
4
4
4
4
4
4
4
4
4
4
4
4
4
4
4
4
4
4
4
4
4
4
4
4
4
4
4
4
4
4
4
4
4
4
4
4
4
4
4
4
4
4
4
4
4
4
4
4
4
4
4
4
4
4
4
4
4
4
4
4
4
4
4
4
4
4
4
4
4
4
4
4
4
4
4
4
4
4
4
4
4
4
4
4
4
4
4
4
4
4
4
4
4
4
4
4
4
4
4
4
4
4
4
4
4
4
4
4
4
4
4
4
4
4
4
4
4
4
4
4
4
4
4
4
4
4
4
4
4
4
3
3
3
3
3
3
3
3
3
3
3
3
2
2
2
2
2
1
1
1
1
1
1
1
1
1
1
1
1
1
1
1
1
1
1
1
1
1
1
1
1
1
1
