48117
48093
48072
48049
48027
48004
47984
47957
47918
47890
47858
47829
47807
47782
47735
47702
47673
47650
47616
47574
47553
47509
47476
47448
47398
47357
47326
47290
47250
47221
47192
47150
47125
47090
47049
47001
46969
46932
46900
46873
46848
46798
46766
46733
46703
46660
46635
46610
46563
46527
46491
46463
46435
46396
46367
46340
46324
46293
46257
46218
46186
46150
46127
46092
46066
46055
46026
45984
45963
45917
45885
45859
45827
45801
45775
45756
45728
45705
45681
45649
45606
45563
45541
45521
45487
45454
45419
45396
45363
45320
45294
45263
45227
45197
45158
45138
45108
45085
45051
45017
44995
44955
44922
44883
44829
44797
44766
44731
44702
44676
44643
44615
44574
44534
44505
44477
44443
44398
44360
44333
44298
44261
44212
44172
44133
44104
44089
44047
44006
43978
43943
43913
43884
43860
43795
43747
43717
43686
43639
43608
43580
43541
43506
43455
43416
43379
43343
43287
43251
43231
43199
43171
43129
43091
43066
43038
42997
42971
42937
42913
42893
42860
42820
42784
42729
42703
42672
42641
42583
42540
42502
42471
42422
42397
42361
42336
42302
42270
42234
42179
42146
42102
42065
42020
41972
41932
41901
41871
41826
41803
41756
41702
41658
41611
41584
41562
41516
41484
41444
41420
41385
41352
41304
41280
41240
41182
41147
41099
41048
41020
40987
40955
40907
40859
40810
40775
40731
40702
40660
40625
40572
40536
40494
40419
40388
40350
40296
40250
40230
40198
40156
40129
40089
40061
40033
39993
39951
39917
39891
39835
39794
39747
39709
39649
39628
39576
39547
39517
39466
39434
39389
39359
39309
39278
39248
39192
39158
39128
39078
39050
39012
38978
38943
38898
38864
38836
38800
38759
38721
38691
38667
38613
38574
38541
38517
38478
38433
38397
38369
38336
38297
38255
38192
38134
38077
38037
37985
37936
37904
37862
37822
37771
37726
37673
37625
37590
37556
37525
37460
37422
37386
37345
37287
37248
37227
37182
37105
37058
37013
36977
36923
36883
36850
36816
36756
36727
36672
36614
36580
36536
36502
36460
36432
36387
36329
36280
36230
36183
36146
36092
36065
36018
35969
35934
35894
35859
35822
35767
35738
35705
35643
35601
35544
35510
35484
35439
35379
35322
35276
35217
35162
35091
35058
35032
34977
34937
34896
34849
34786
34751
34714
34690
34665
34609
34573
34552
34517
34480
34426
34389
34345
34286
34257
34210
34181
34151
34088
34038
33980
33937
33900
33851
33815
33748
33712
33684
33638
33593
33546
33510
33473
33428
33391
33338
33292
33251
33218
33189
33156
33100
33034
32992
32948
32915
32868
32812
32776
32718
32668
32627
32594
32554
32511
32470
32424
32352
32303
32261
32204
32163
32130
32081
32022
31981
31954
31897
31859
31814
31763
31714
31671
31603
31550
31513
31460
31412
31378
31335
31296
31268
31227
31185
31144
31118
31039
30987
30949
30906
30868
30824
30771
30728
30700
30648
30594
30553
30514
30464
30427
30352
30303
30249
30188
30169
30135
30082
30026
29966
29914
29854
29802
29726
29699
29624
29579
29541
29497
29429
29390
29347
29308
29277
29237
29166
29115
29090
29027
28987
28934
28896
28823
28780
28745
28707
28668
28641
28571
28524
28482
28409
28360
28308
28255
28208
28159
28112
28080
28046
27999
27941
27873
27833
27799
27735
27681
27634
27589
27556
27521
27467
27433
27365
27328
27287
27259
27218
27158
27102
27071
27015
26943
26886
26792
26764
26686
26632
26588
26557
26516
26465
26429
26377
26337
26273
26215
26168
26123
26085
26048
26004
25938
25885
25860
25804
25735
25679
25643
25557
25495
25433
25362
25309
25253
25198
25142
25069
25034
24993
24925
24856
24818
24740
24679
24641
24600
24567
24490
24445
24382
24325
24297
24252
24173
24111
24062
24021
23973
23923
23905
23846
23809
23773
23702
23661
23630
23594
23498
23450
23402
23350
23297
23250
23191
23127
23062
23009
22945
22918
22872
22805
22760
22706
22630
22542
22499
22468
22372
22304
22280
22226
22192
22151
22087
22045
21993
21935
21898
21858
21774
21742
21667
21587
21535
21483
21434
21398
21311
21261
21202
21136
21085
21030
20984
20860
20820
20780
20739
20705
20635
20581
20548
20492
20468
20385
20331
20268
20219
20152
20116
20068
20032
19979
19879
19850
19812
19766
19707
19635
19596
19541
19454
19379
19275
19204
19141
19109
19061
18972
18937
18900
18852
18800
18771
18721
18649
18610
18434
18398
18351
18293
18243
18223
18168
18116
18043
17970
17881
17845
17807
17764
17655
17620
17566
17488
17462
17348
17279
17198
17123
17082
17041
16994
16960
16929
16842
16800
16747
16637
16585
16503
16446
16397
16240
16160
16109
16057
16018
15997
15946
15920
15873
15732
15640
15602
15510
15421
15385
15313
15279
15211
15160
15102
14985
14948
14905
14861
14823
14792
14728
14698
14593
14529
14437
14388
14338
14241
14197
14175
14117
14048
13966
13920
13868
13812
13764
13721
13688
13616
13578
13525
13485
13441
13326
13289
13244
13157
13123
13077
13024
12975
12897
12813
12744
12710
12680
12657
12592
12574
12472
12451
12413
12386
12301
12271
12252
12192
12133
12022
11809
11783
11730
11690
11649
11601
11540
11506
11450
11422
11360
11331
11284
11273
11250
11195
11152
11036
11013
10957
10825
10812
10754
10726
10607
10535
10352
10291
10239
10205
10116
10012
9971
9880
9852
9718
9676
9408
9382
9365
9315
9244
9201
9174
9163
9114
9057
8978
8866
8841
8793
8694
8591
8528
8504
8437
8381
8265
6
6
6
6
6
6
2
2
2
2
2
2
2
2
2
2
2
2
2
2
2
2
2
2
2
2
2
2
2
2
2
2
2
2
2
2
2
2
2
2
2
2
2
2
2
2
2
2
2
2
2
2
2
2
2
2
2
2
2
2
2
2
2
2
2
2
2
2
2
2
2
2
2
2
2
2
2
2
2
2
2
2
2
2
2
2
2
2
2
2
2
2
2
2
2
2
2
2
2
2
2
2
2
2
2
2
2
2
2
2
2
2
2
2
2
2
2
2
2
2
2
2
2
2
2
2
2
2
2
2
2
2
2
2
2
2
1
1
1
1
1
1
1
1
1
1
1
1
1
1
1
1
1
1
1
1
1
1
1
1
1
1
1
1
1
1
1
1
1
1
1
1
1
1
1
1
1
1
1
1
1
1
1
1
1
1
1
1
1
1
1
1
1
1
1
1
1
1
1
1
1
1
1
1
1
1
1
1
1
1
1
1
1
1
1
1
1
1
1
1
1
1
1
1
1
1
1
1
1
1
1
1
1
1
1
1
1
1
1
1
1
1
1
1
1
1
1
1
1
1
1
1
1
1
1
1
1
1
1
1
1
1
1
1
1
1
1
1
1
1
1
1
1
1
1
1
1
1
1
1
1
1
1
1
1
1
1
1
1
1
1
1
1
1
1
1
1
1
1
1
1
1
1
1
1
1
1
1
1
1
1
1
1
1
1
1
1
1
1
1
1
1
1
1
1
1
1
1
1
1
1
1
1
1
1
1
1
1
1
1
1
1
1
1
1
1
1
1
1
1
1
1
1
1
1
1
1
1
1
1
1
1
1
1
1
1
1
1
1
1
1
1
1
1
1
1
1
1
1
1
1
1
1
1
1
1
1
1
1
1
1
1
1
1
1
1
1
1
1
1
1
1
1
1
1
1
1
1
1
1
1
1
1
1
1
1
1
1
1
1
1
1
1
1
1
1
1
1
1
1
1
1
1
1
1
1
1
1
1
1
1
1
1
1
1
1
1
1
1
1
1
1
1
1
1
1
1
1
1
1
1
1
1
1
1
1
1
1
1
1
1
1
1
1
1
1
