2
2
2
3
3
3
3
3
3
3
3
4
4
4
4
4
4
4
4
4
4
4
4
4
4
4
4
4
4
4
5
5
5
5
5
5
5
5
5
5
5
5
5
5
5
5
5
5
5
5
5
5
5
5
5
5
5
5
5
5
5
6
6
6
6
6
6
6
6
6
6
6
6
6
6
6
6
6
6
6
6
6
6
6
6
6
6
6
6
6
6
6
6
6
6
6
6
6
6
7
7
7
7
7
7
7
7
8
8
8
9
11
11
11
11
12
12
12
12
12
12
12
12
12
12
12
12
12
12
12
12
12
12
12
12
12
12
12
12
12
12
12
12
12
12
12
12
12
12
12
12
12
12
12
12
12
12
12
12
12
12
12
12
12
12
12
12
12
12
12
12
12
15
15
15
15
15
15
15
15
15
15
15
16
16
16
16
16
16
16
20
20
20
21
21
21
21
21
21
21
21
21
21
21
21
21
21
21
21
21
21
21
21
21
21
21
21
21
21
21
21
21
21
21
21
21
21
21
21
21
21
21
21
21
21
21
21
21
21
21
21
21
21
21
21
21
21
21
21
21
21
21
21
21
21
24
24
24
24
24
24
24
24
24
24
24
24
24
30
30
30
30
30
30
30
30
30
30
30
30
33
33
33
33
33
33
33
33
33
33
33
33
34
34
34
34
35
35
35
35
35
35
35
35
35
35
35
35
35
35
35
35
35
35
35
35
35
35
35
35
35
35
42
42
42
42
42
43
43
43
43
43
43
43
43
43
43
43
43
56
56
56
56
56
56
56
56
56
58
58
58
59
59
59
59
59
59
60
61
61
61
63
63
63
63
63
63
63
63
63
63
63
63
63
63
63
63
63
63
63
63
63
63
63
63
63
63
63
63
63
63
63
63
63
63
63
63
63
63
64
65
65
65
66
66
66
66
66
66
66
66
67
67
67
67
67
67
67
67
67
67
67
67
67
67
67
68
68
68
68
68
68
68
68
68
68
68
68
68
68
69
69
69
69
69
70
85
85
85
89
89
89
89
89
89
89
89
89
89
89
91
91
92
92
93
93
94
94
94
94
94
94
94
94
94
94
94
95
95
95
95
96
105
105
105
107
107
107
107
107
107
107
115
115
115
115
115
116
116
116
116
116
122
124
124
143
143
143
143
143
143
189
189
197
197
198
198
202
202
203
203
203
204
204
204
204
204
204
204
205
205
205
205
205
214
218
221
222
225
225
225
226
227
228
231
231
233
233
233
233
233
240
256
256
257
258
262
375
375
452
452
453
453
453
484
499
501
506
506
530
607
608
611
611
611
611
710
711
718
718
719
719
724
724
726
802
803
804
804
821
822
822
844
853
861
861
865
868
874
892
897
897
1055
1062
1085
1100
1105
1118
1118
1118
1124
1131
1140
1140
1140
1151
1154
1154
1164
1165
1166
1173
1186
1287
1292
1296
1296
1304
1309
1313
1314
1351
1357
1360
1439
1457
1458
1462
2704
2707
2970
2982
3161
3191
3237
3395
5006
5057
5176
5253
5344
5584
5637
5762
5785
6557
6582
6627
6775
6836
6910
7033
7160
7242
7663
8055
8260
8539
8669
8751
8817
8846
9086
9099
9176
9412
9504
9625
9752
9791
9903
10032
10143
10282
10412
10500
10568
10710
10752
10905
11049
11174
11342
11448
11511
11589
11646
11949
12086
12148
12218
12363
12528
12608
12664
12865
12934
13013
13057
13091
13272
13377
13433
13557
13759
13866
13988
14190
14237
14318
14380
14532
14571
14615
14692
14776
14861
15019
15123
15148
15211
15243
15384
15497
15673
15718
15837
15953
16060
16245
16474
16510
16557
16804
16941
16970
17020
17084
17139
17179
17296
17388
17468
17594
17716
17787
17844
18077
18166
18282
18442
18537
18595
18665
18734
18779
18915
19015
19105
19241
19329
19450
19518
19568
19618
19695
19751
19840
19890
19957
20044
20147
20217
20263
20337
20442
20564
20732
20768
20864
20950
20993
21075
21138
21220
21274
21316
21400
21460
21535
21684
21729
21847
21913
22001
22079
22135
22172
22286
22319
22412
22486
22603
22683
22765
23003
23103
23199
23283
23323
23378
23421
23519
23577
23631
23690
23805
23952
24064
24180
24247
24289
24438
24569
24687
24758
24839
24894
25024
25118
25184
25336
25395
25421
25461
25500
25583
25641
25700
25779
25822
25881
25957
26040
26141
26200
26285
26344
26451
26509
26570
26710
26793
26849
26926
27023
27087
27180
27269
27339
27461
27583
27644
27694
27778
27829
27903
27936
28021
28096
28157
28190
28256
28360
28508
28568
28607
28691
28782
28845
28951
29065
29146
29213
29263
29346
29414
29469
29524
29584
29673
29715
29820
29858
29916
29958
29987
30052
30084
30186
30264
30354
30442
30487
30543
30600
30673
30713
30770
30828
30863
30924
31000
31063
31193
31284
31349
31399
31471
31539
31573
31622
31652
31703
31787
31833
31888
31953
32055
32135
32208
32262
32294
32357
32435
32479
32562
32646
32717
32774
32823
32861
32911
32980
33046
33142
33208
33272
33309
33386
33425
33481
33539
33600
33642
33677
33738
33815
33857
33928
33977
34029
34100
34133
34197
34269
34318
34365
34409
34458
34510
34565
34594
34705
34754
34817
34891
34936
35013
35084
35127
35194
35256
35306
35346
35395
35455
35502
35558
35620
35656
35723
35769
35856
35877
35924
35968
36012
36096
36145
36202
36242
36293
36328
36380
36424
36485
36526
36595
36673
36718
36743
36802
36829
36876
36910
36953
36998
37077
37138
37159
37219
37262
37301
37348
37411
37459
37513
37589
37622
37687
37731
37763
37794
37859
37919
37985
38038
38143
38173
38216
38282
38318
38371
38434
38461
38522
38572
38624
38679
38721
38767
38799
38867
38917
38975
38993
39050
39100
39142
39177
39227
39253
39317
39378
39408
39438
39475
39526
39566
39639
39675
39703
39753
39815
39859
39908
39957
40001
40025
40068
40095
40157
40193
40235
40276
40322
40360
40417
40470
40518
40538
40624
40655
40706
40754
40780
40835
40864
40904
40946
40981
41045
41063
41111
41150
41215
41250
41288
41318
41355
41378
41415
41465
41548
41590
41651
41696
41743
41777
41813
41840
41875
41918
41969
42005
42044
42080
42112
42154
42202
42234
42270
42331
42369
42416
42452
42500
42545
42607
42656
42682
42737
42769
42832
42850
42899
42947
42988
43011
43064
43088
43117
43135
43154
43199
43240
43288
43316
43359
43381
43409
43461
43497
43540
43569
43610
43646
43676
43697
43767
43814
43848
43883
43904
43927
43959
43992
44027
44059
44090
44123
44154
44197
44227
44260
44282
44301
44328
44350
44403
44434
44468
44507
44532
44552
44574
44588
44623
44646
44674
44702
44726
44738
44780
44804
44842
44876
44896
44925
44953
44985
45026
45053
45089
45138
45187
45220
45245
45279
45307
45332
45362
45387
45428
45449
45490
45515
45555
45579
45601
45639
45678
45700
45737
45769
45790
45831
45866
45899
45926
45970
45996
46021
46038
46058
46078
46101
46136
46161
46206
46248
46295
46328
46359
46379
46429
46450
46473
46495
46516
46541
46579
46610
46644
46682
46705
46729
46758
46782
46803
46832
46851
46873
46901
46924
46952
46971
47010
47042
47067
47096
47122
47151
47177
47209
47245
47290
47309
47342
47354
47377
47409
47435
47463
47501
47518
47550
47580
47600
47624
47640
47662
47695
47720
47746
47776
47823
47860
47887
47914
47932
47958
47978
47988
48003
48029
48050
48080
48092
48109
48130
