2
2
3
3
3
4
4
4
4
4
4
4
4
4
4
4
4
4
4
4
4
4
4
4
4
4
5
5
6
6
6
6
6
6
6
6
6
6
6
6
6
6
6
6
6
6
6
6
6
6
6
6
6
6
6
6
6
6
6
6
6
6
6
6
6
6
6
6
6
6
6
6
6
6
6
6
6
6
6
6
6
7
7
7
7
7
7
7
7
7
7
7
9
9
9
9
9
9
9
9
9
9
9
9
10
10
10
10
10
10
10
10
10
10
10
10
10
10
10
10
10
10
10
10
10
10
10
10
10
10
10
10
10
10
10
10
10
10
11
11
11
11
11
11
11
11
11
11
11
11
11
11
11
11
11
11
11
11
11
11
11
11
11
12
12
12
13
13
13
13
13
13
13
13
13
13
13
13
13
13
13
13
13
13
13
13
13
13
13
13
14
14
14
14
14
14
14
14
14
14
14
14
14
14
14
14
14
14
14
14
14
14
14
14
14
14
15
15
15
15
15
15
15
15
15
15
15
15
15
15
15
15
15
15
15
15
15
15
15
15
15
15
15
15
15
15
15
15
18
18
18
20
20
20
20
20
20
20
20
20
20
20
21
21
21
21
21
21
32
32
32
32
32
34
34
35
35
35
35
35
35
36
36
36
36
36
36
36
36
36
36
36
36
36
36
36
36
36
41
41
41
41
41
41
41
41
41
41
41
41
41
41
41
41
41
41
41
41
41
41
41
41
41
41
41
41
41
41
41
41
41
41
42
42
42
42
42
42
42
42
43
43
49
49
49
49
49
49
49
49
49
49
49
49
49
49
49
49
50
50
50
50
50
50
50
50
50
50
50
51
51
51
51
51
52
52
52
52
52
54
54
54
54
54
54
54
54
54
54
54
54
54
54
54
54
54
54
54
54
54
54
54
54
54
54
57
57
57
62
62
62
62
63
63
63
63
63
63
67
67
67
68
75
75
75
75
75
75
75
75
75
75
75
75
75
75
75
75
78
79
79
79
79
81
81
81
81
81
81
81
81
81
91
91
91
91
91
91
91
91
91
91
91
108
108
108
108
108
113
113
113
113
113
113
113
113
113
113
149
149
149
149
149
149
149
149
149
149
149
178
179
180
180
181
181
181
183
183
183
183
190
191
191
191
191
191
191
191
192
193
193
193
195
195
195
195
195
195
195
196
196
197
197
197
197
197
200
201
201
201
202
203
203
203
203
225
225
226
226
226
226
227
230
230
233
233
237
237
237
238
238
238
238
238
238
238
238
238
239
272
272
273
275
275
275
275
275
275
275
275
275
275
275
275
280
292
292
321
321
321
324
424
425
430
431
433
433
443
447
449
452
455
455
458
476
476
492
493
538
538
662
662
665
773
773
773
890
1671
1684
1689
1691
1691
1729
1907
1914
3177
3197
3226
3242
3434
3446
3463
4064
4091
4129
4151
4214
4242
4828
4850
4885
4911
4962
5054
5070
5113
5235
5244
5250
5339
5381
5434
5540
5645
5692
5702
5749
5776
5807
6028
6055
6255
6282
6370
6685
7092
7273
7370
7438
7472
7614
7824
8050
8138
8153
8275
8372
8390
8491
8544
8588
8667
8778
8834
8978
9285
9306
9375
9530
9566
9620
9649
9702
9874
10219
10248
10293
10386
10454
10514
10581
10686
10936
11117
11181
11261
11330
11361
11408
11726
11756
11895
11972
12064
12202
12281
12404
12458
12554
12605
13112
13141
13325
13362
13446
13503
13587
13669
13706
13779
13829
13958
14031
14142
14271
14307
14539
14745
14872
14954
15163
15278
15370
15432
15518
15581
15674
15786
15876
15915
15998
16082
16396
16522
16628
16755
16839
16894
17090
17241
17305
17383
17459
17605
17736
17817
17916
18095
18161
18292
18447
18572
18660
18729
18790
18959
19057
19172
19260
19290
19385
19432
19482
19620
19674
19776
19858
19912
19975
20027
20122
20230
20337
20408
20568
20685
20772
20865
21063
21102
21153
21200
21307
21360
21421
21509
21579
21639
21717
21796
21834
21911
21980
22087
22148
22216
22249
22302
22413
22462
22499
22607
22666
22728
22799
22909
23042
23211
23302
23395
23446
23519
23613
23696
23810
23888
23992
24081
24224
24286
24382
24532
24584
24650
24762
24827
24898
24980
25038
25200
25323
25428
25475
25549
25603
25795
25916
25959
25997
26093
26182
26272
26320
26380
26447
26473
26536
26573
26617
26724
26775
26870
26967
27015
27109
27177
27232
27334
27421
27489
27544
27642
27698
27778
27831
27911
27979
28023
28106
28168
28211
28339
28393
28439
28508
28546
28634
28726
28803
28855
28919
28980
29045
29144
29189
29277
29329
29401
29464
29550
29592
29644
29688
29760
29801
29838
29913
29969
30010
30078
30117
30199
30253
30306
30394
30434
30480
30543
30591
30651
30689
30760
30796
30875
30932
30963
31069
31135
31176
31248
31291
31337
31371
31436
31511
31563
31655
31701
31796
31856
31917
31984
32032
32079
32109
32168
32258
32308
32373
32412
32477
32549
32582
32636
32702
32787
32824
32875
32931
33042
33071
33116
33143
33183
33244
33302
33365
33402
33431
33465
33514
33584
33653
33704
33780
33832
33927
33965
34000
34047
34079
34169
34242
34319
34393
34453
34513
34577
34626
34674
34732
34770
34798
34887
34941
34987
35029
35075
35137
35224
35280
35323
35413
35465
35520
35588
35639
35682
35726
35763
35822
35873
35906
35960
35993
36050
36129
36172
36205
36267
36298
36341
36398
36481
36526
36558
36622
36662
36710
36780
36852
36913
37000
37035
37093
37146
37175
37222
37307
37361
37407
37440
37488
37590
37651
37690
37740
37776
37819
37855
37901
37926
37965
37997
38047
38094
38155
38216
38277
38317
38376
38425
38478
38514
38572
38615
38671
38730
38764
38804
38841
38889
38935
38975
39026
39079
39099
39150
39185
39217
39276
39340
39394
39453
39480
39514
39557
39619
39704
39740
39786
39816
39867
39918
39947
40011
40036
40066
40101
40144
40204
40257
40297
40325
40361
40438
40485
40525
40560
40583
40616
40659
40703
40763
40823
40863
40887
40932
40947
40973
40994
41024
41071
41118
41147
41181
41224
41251
41290
41331
41372
41411
41438
41466
41506
41552
41643
41680
41705
41735
41763
41800
41839
41871
41916
41940
41973
42012
42043
42080
42120
42158
42189
42229
42269
42294
42336
42379
42424
42472
42504
42531
42567
42617
42677
42705
42756
42774
42790
42821
42887
42943
42994
43017
43039
43092
43134
43165
43209
43265
43282
43317
43341
43368
43406
43482
43505
43523
43576
43641
43671
43705
43762
43794
43831
43863
43900
43942
43977
44032
44071
44107
44136
44158
44190
44222
44259
44297
44333
44353
44386
44419
44474
44501
44532
44556
44591
44626
44689
44721
44743
44783
44812
44829
44897
44913
44947
44991
45023
45056
45113
45144
45163
45175
45210
45238
45275
45322
45362
45399
45422
45440
45459
45490
45513
45558
45606
45628
45652
45680
45716
45741
45771
45801
45836
45866
45886
45922
45947
45975
46001
46036
46092
46115
46142
46177
46208
46234
46261
46302
46327
46348
46383
46403
46434
46469
46499
46528
46563
46590
46618
46639
46654
46679
46716
46747
46780
46803
46822
46856
46903
46935
46957
46991
47020
47047
47073
47098
47118
47144
47166
47193
47222
47253
47288
47307
47333
47377
47395
47415
47451
47475
47493
47524
47559
47574
47596
47623
47662
47692
47720
47742
47761
47798
47824
47857
47880
47904
47938
47963
47979
48006
