48208
48183
48148
48123
48091
48059
48034
47991
47959
47915
47873
47822
47791
47757
47725
47689
47661
47631
47596
47559
47524
47488
47463
47434
47399
47376
47343
47319
47283
47252
47213
47171
47140
47115
47085
47038
47000
46961
46926
46887
46862
46822
46789
46747
46711
46661
46608
46585
46542
46483
46454
46423
46399
46370
46340
46289
46253
46206
46159
46118
46081
46055
46023
45991
45956
45926
45887
45841
45815
45781
45743
45705
45683
45630
45605
45582
45544
45515
45481
45440
45394
45353
45327
45292
45266
45231
45202
45167
45132
45100
45062
45026
44995
44973
44939
44903
44867
44819
44764
44741
44703
44678
44646
44607
44584
44549
44503
44457
44424
44393
44361
44303
44276
44238
44191
44166
44137
44104
44075
44042
44022
43983
43947
43916
43885
43859
43826
43786
43744
43712
43672
43643
43611
43577
43528
43476
43447
43415
43395
43364
43326
43285
43247
43223
43192
43153
43117
43087
43045
43007
42978
42934
42895
42845
42818
42774
42738
42711
42667
42636
42592
42566
42527
42493
42461
42428
42402
42369
42319
42263
42235
42202
42146
42116
42072
42035
42011
41987
41942
41899
41871
41844
41812
41780
41751
41718
41686
41651
41622
41581
41554
41517
41489
41457
41413
41373
41322
41298
41261
41223
41170
41141
41090
41058
41023
40974
40941
40910
40873
40827
40792
40755
40717
40693
40657
40625
40598
40568
40527
40492
40458
40423
40395
40339
40293
40239
40211
40179
40139
40104
40046
40015
39957
39921
39879
39852
39814
39775
39743
39704
39667
39606
39565
39529
39497
39460
39425
39354
39303
39262
39232
39174
39120
39078
39030
38986
38958
38926
38888
38839
38792
38762
38715
38676
38624
38578
38528
38487
38434
38391
38362
38332
38297
38273
38226
38162
38113
38080
38045
38013
37987
37957
37925
37885
37849
37782
37736
37672
37625
37572
37518
37492
37444
37381
37354
37306
37283
37241
37197
37172
37129
37050
37009
36960
36895
36850
36818
36773
36731
36694
36656
36627
36586
36550
36509
36464
36406
36369
36333
36291
36242
36199
36149
36095
36067
36032
35988
35953
35918
35890
35855
35820
35779
35742
35718
35682
35637
35602
35564
35524
35497
35446
35409
35313
35266
35227
35183
35161
35125
35067
35032
34998
34957
34920
34896
34847
34814
34771
34711
34668
34632
34585
34545
34506
34474
34429
34366
34328
34288
34246
34176
34144
34106
34056
34011
33983
33935
33904
33857
33796
33761
33676
33641
33598
33546
33499
33464
33404
33367
33315
33269
33236
33207
33166
33096
33052
33017
32989
32935
32898
32852
32818
32783
32732
32690
32663
32620
32593
32555
32527
32470
32435
32375
32269
32223
32173
32132
32099
32026
31980
31935
31898
31857
31816
31774
31741
31703
31651
31626
31564
31519
31456
31422
31396
31356
31302
31253
31215
31168
31110
31062
30984
30932
30891
30840
30792
30767
30710
30660
30618
30570
30501
30456
30414
30339
30308
30257
30226
30191
30132
30107
30073
30028
29966
29913
29883
29794
29736
29680
29636
29573
29541
29501
29475
29397
29358
29334
29253
29181
29133
29089
29046
28991
28922
28885
28821
28762
28730
28671
28632
28593
28550
28512
28462
28415
28375
28333
28277
28227
28189
28169
28118
28077
28043
28022
27970
27923
27865
27816
27777
27735
27684
27650
27616
27531
27485
27428
27356
27310
27251
27194
27158
27104
27072
27012
26951
26912
26867
26802
26780
26733
26688
26651
26614
26541
26496
26448
26406
26345
26322
26277
26123
26088
26033
26001
25920
25858
25815
25745
25674
25598
25550
25496
25349
25287
25214
25149
25101
25043
24982
24945
24900
24850
24781
24733
24667
24612
24561
24506
24462
24426
24391
24361
24328
24307
24252
24209
24181
24141
24070
23977
23950
23902
23858
23784
23759
23718
23663
23612
23557
23494
23465
23386
23344
23312
23231
23193
23096
23063
22990
22953
22902
22869
22804
22738
22666
22628
22588
22533
22478
22393
22316
22276
22192
22088
22009
21975
21926
21896
21845
21792
21736
21673
21633
21588
21554
21498
21452
21421
21351
21305
21265
21201
21127
21046
20960
20908
20853
20794
20697
20641
20591
20563
20527
20466
20385
20344
20166
20084
20042
19991
19931
19869
19802
19709
19668
19568
19534
19483
19379
19321
19245
19158
19094
19021
18954
18907
18854
18766
18732
18673
18615
18571
18518
18461
18363
18331
18240
18146
18114
18058
18022
17994
17965
17909
17792
17734
17670
17635
17579
17534
17501
17445
17356
17319
17273
17203
17131
17104
17052
16997
16958
16891
16841
16783
16704
16664
16595
16553
16525
16470
16411
16374
16338
16317
16187
16159
16133
16059
15998
15915
15895
15845
15793
15740
15693
15639
15526
15477
15398
15332
15248
15185
15144
15018
14959
14918
14826
14798
14746
14703
14665
14565
14503
14467
14434
14384
14353
14309
14269
14226
14193
14159
14052
14010
13891
13721
13685
13655
13631
13555
13484
13458
13400
13323
13288
13251
13216
13149
13095
13070
13029
12937
12904
12860
12832
12741
12663
12646
12581
12534
12508
12455
12347
12310
12257
12153
12118
12057
12033
11973
11845
11787
11722
11674
11622
11573
11512
11483
11449
11414
11344
11312
11268
11177
11137
11090
11060
10948
10919
10887
10861
10843
10780
10745
10699
10661
10638
10579
10552
10470
10437
10311
10228
10167
10073
10029
9874
9823
9792
9759
9732
9696
9656
9624
9600
9542
9518
9454
9295
9197
9093
9074
8943
8855
8751
8717
8525
8451
8430
8284
8242
8229
8209
8111
8084
7979
7854
7697
7601
7554
7510
7408
7361
7227
7196
7098
7083
7043
6669
6566
6558
6531
6476
6333
6292
6229
6201
6107
5833
5775
5745
5703
5659
5625
5585
5540
5523
5451
5378
5368
5282
5263
5207
5195
4965
4690
4679
4552
4542
4523
4479
4461
4445
4437
4412
4386
4367
4351
4329
4223
4164
4124
4068
4057
4036
3846
3822
3800
3602
3568
3225
3198
3160
3144
3131
3088
3081
3076
3074
3041
2537
2496
2491
2473
2465
2439
2431
2378
2367
2350
2335
2284
2274
2269
2258
2239
2115
2113
2092
2061
2055
2048
2045
1986
1984
1892
1890
1877
1871
1860
1851
1829
1827
1811
1803
1788
1701
1696
1688
1673
1658
1655
1639
1534
1531
1522
1477
1433
1422
1399
1384
1358
1346
1104
1102
1097
1006
978
965
965
901
866
640
638
636
634
633
628
627
627
626
626
590
577
571
571
571
571
570
570
568
567
566
530
475
470
467
446
441
438
438
436
436
436
435
435
435
435
425
421
421
415
408
399
398
398
397
397
373
371
335
331
330
330
317
317
312
312
309
305
305
305
304
304
304
294
293
293
293
293
157
157
153
135
135
135
135
133
132
132
132
132
131
131
131
124
124
124
124
123
122
118
115
115
115
115
115
112
108
108
90
90
90
90
82
82
82
82
82
82
82
82
82
82
82
82
81
81
81
81
81
81
81
79
79
79
79
79
79
79
79
79
79
79
79
79
79
79
78
53
53
53
53
53
53
51
51
51
51
46
46
46
46
46
46
46
41
41
41
41
41
41
34
34
34
34
34
34
34
34
34
33
33
33
33
33
33
33
33
33
32
32
32
32
32
32
32
32
32
32
32
32
32
32
32
32
32
32
32
32
32
31
31
31
31
31
31
31
31
31
28
28
28
28
28
28
28
28
28
28
28
28
27
27
27
27
27
27
27
26
26
26
26
26
26
26
26
26
26
26
26
26
26
26
26
26
25
25
25
24
24
24
24
24
24
24
24
21
21
21
21
21
20
20
20
20
20
20
20
20
20
17
17
17
17
16
16
16
16
16
16
16
13
13
13
13
13
13
13
13
13
13
13
13
13
13
13
12
12
12
12
12
12
12
12
12
12
11
11
11
11
11
11
10
10
10
10
10
9
9
9
9
9
9
9
8
8
8
8
8
7
7
7
5
5
4
4
3
3
3
2
