48004
47978
47955
47923
47899
47869
47828
47788
47757
47739
47702
47682
47638
47608
47574
47535
47502
47474
47440
47413
47393
47363
47330
47307
47274
47235
47206
47183
47153
47113
47064
47034
47008
46981
46956
46914
46893
46872
46831
46803
46777
46750
46724
46689
46638
46609
46579
46546
46523
46495
46450
46406
46381
46344
46305
46277
46245
46192
46163
46144
46120
46079
46051
46024
45985
45949
45906
45884
45853
45819
45790
45763
45729
45697
45642
45597
45563
45527
45477
45428
45378
45343
45290
45263
45220
45180
45155
45120
45072
45038
45002
44965
44940
44915
44875
44854
44819
44785
44755
44712
44659
44628
44598
44574
44552
44530
44485
44453
44417
44371
44334
44292
44248
44219
44190
44156
44127
44090
44054
44020
43980
43934
43893
43865
43826
43792
43761
43733
43703
43652
43618
43576
43551
43520
43476
43443
43404
43365
43335
43304
43265
43217
43179
43150
43106
43077
43041
42999
42961
42923
42891
42857
42821
42774
42729
42699
42669
42615
42580
42550
42517
42463
42422
42382
42346
42276
42240
42204
42142
42102
42062
42039
42011
41971
41947
41916
41885
41856
41835
41794
41768
41738
41707
41651
41628
41594
41561
41509
41469
41431
41398
41368
41345
41301
41274
41252
41224
41188
41155
41121
41103
41080
41035
41008
40982
40950
40907
40839
40803
40764
40709
40683
40641
40603
40578
40531
40484
40440
40396
40331
40288
40238
40195
40149
40084
40060
40023
39975
39925
39893
39844
39803
39764
39728
39693
39659
39621
39588
39526
39503
39481
39429
39378
39343
39311
39273
39222
39181
39133
39094
39056
39010
38973
38944
38911
38869
38830
38779
38742
38694
38652
38621
38563
38538
38492
38457
38404
38359
38330
38292
38235
38197
38154
38097
38068
38027
37997
37946
37899
37868
37829
37807
37783
37741
37679
37639
37612
37579
37556
37521
37456
37419
37378
37355
37295
37241
37205
37163
37115
37089
37046
37006
36951
36918
36865
36823
36800
36771
36744
36706
36642
36576
36537
36502
36458
36400
36363
36335
36315
36279
36232
36204
36154
36122
36075
36036
35995
35957
35904
35860
35800
35752
35704
35653
35624
35572
35515
35451
35416
35376
35346
35311
35265
35229
35186
35111
35052
35020
34980
34940
34895
34850
34814
34762
34729
34681
34642
34620
34586
34555
34507
34460
34416
34359
34316
34247
34195
34155
34105
34031
33984
33951
33901
33858
33793
33743
33699
33639
33575
33546
33501
33458
33413
33378
33328
33263
33218
33183
33159
33131
33081
33030
32975
32927
32882
32836
32773
32740
32664
32615
32562
32525
32480
32408
32376
32330
32296
32257
32222
32182
32138
32112
32053
32006
31942
31886
31836
31767
31736
31691
31624
31596
31549
31507
31451
31393
31318
31275
31253
31208
31164
31109
31082
31025
30973
30929
30887
30858
30819
30782
30747
30682
30630
30587
30545
30474
30435
30389
30362
30310
30256
30226
30193
30161
30116
30016
29956
29892
29842
29800
29758
29696
29660
29595
29537
29504
29455
29419
29370
29330
29285
29262
29215
29175
29152
29076
29007
28950
28893
28851
28800
28759
28691
28619
28562
28504
28461
28427
28389
28351
28328
28290
28248
28198
28159
28078
28031
27962
27929
27891
27849
27814
27772
27732
27698
27642
27608
27552
27504
27473
27435
27387
27357
27294
27249
27193
27161
27108
27065
27004
26967
26923
26881
26820
26759
26725
26673
26598
26560
26494
26400
26365
26315
26278
26208
26171
26122
26060
26002
25953
25854
25829
25753
25719
25684
25630
25585
25553
25503
25457
25414
25378
25335
25248
25189
25160
25137
25107
25053
25024
24960
24935
24866
24783
24732
24680
24623
24543
24505
24471
24390
24324
24271
24240
24176
24119
24067
24029
23987
23937
23876
23829
23773
23687
23654
23588
23567
23528
23486
23416
23336
23281
23246
23169
23114
23074
23004
22938
22870
22817
22781
22728
22697
22659
22597
22551
22503
22461
22410
22365
22324
22215
22148
22068
22008
21915
21841
21786
21752
21673
21644
21593
21536
21504
21450
21410
21336
21266
21169
21140
21107
21048
20989
20911
20787
20740
20687
20624
20604
20553
20525
20489
20411
20345
20323
20270
20191
20154
20127
20078
20043
20010
19965
19925
19869
19841
19781
19736
19688
19648
19600
19526
19446
19279
19237
19181
19144
19106
19006
18978
18873
18834
18759
18721
18680
18635
18611
18574
18513
18453
18414
18368
18341
18294
18256
18211
18162
18110
18024
17908
17840
17789
17755
17708
17641
17592
17505
17448
17413
17343
17247
17185
17142
17113
17059
16983
16937
16852
16825
16766
16694
16606
16524
16491
16444
16354
16275
16241
16190
16139
16097
16066
16034
15961
15928
15821
15714
15635
15579
15501
15466
15344
15198
15159
15115
15064
15013
14930
14865
14661
14583
14559
14496
14459
14383
14352
14325
14297
14237
14197
14170
14134
14068
14013
13950
13923
13878
13818
13754
13724
13695
13648
13628
13594
13505
13423
13189
13173
13152
13117
12990
12951
12934
12898
12845
12799
12782
12725
12699
12661
12569
12542
12470
12435
12397
12364
12275
12239
12101
12049
12025
12000
11959
11811
11778
11699
11646
11604
11578
11490
11441
11237
11199
11153
11133
11101
11067
11033
10948
10855
10828
10719
10674
10568
10524
10498
10453
10415
10242
10200
10080
10052
9978
9869
9833
9778
9741
9604
9592
9509
9234
9200
9132
9045
8931
8888
8824
8719
8653
8634
8572
8519
8471
8404
8284
7969
7893
7677
7665
7634
7504
7391
7323
7297
7154
7143
6775
6747
6706
6684
6645
6559
6546
6438
6330
6323
6267
6043
6020
6001
5985
5918
5908
5884
5843
5800
5787
5714
5213
5157
5143
5130
5125
4906
4862
4842
4756
4662
4610
4603
4325
4280
4240
3752
3741
3708
3618
3532
3500
3195
3193
3183
3180
3160
3139
3128
3082
3063
3049
2988
2875
2868
2848
2839
2719
2714
2699
2690
2678
2665
2635
2137
2130
2120
1939
1776
1702
1610
1602
983
982
982
978
978
978
933
863
857
857
850
841
840
840
840
831
795
792
759
755
751
750
750
637
632
631
629
618
616
615
615
614
605
600
591
504
504
504
504
483
433
433
431
428
424
423
423
423
423
422
422
411
411
399
399
395
389
326
325
299
284
284
284
284
282
282
271
262
262
262
252
252
251
251
251
251
251
250
250
250
236
234
234
231
231
231
231
231
230
230
221
221
221
221
221
221
221
221
221
221
221
221
188
188
187
187
187
186
185
183
181
181
181
179
179
179
120
120
120
120
120
120
119
119
119
119
119
119
119
117
117
117
116
116
116
114
114
114
114
111
111
94
93
93
92
92
92
92
92
92
92
92
91
89
89
89
89
88
86
86
85
84
84
83
81
81
81
81
81
81
81
81
81
81
81
81
81
80
80
80
80
79
79
79
79
79
77
77
76
76
76
76
76
76
76
76
76
76
76
76
76
76
75
75
74
73
73
71
63
63
57
57
54
54
53
51
51
51
46
46
45
45
44
44
44
42
42
42
42
42
41
40
40
40
40
40
40
40
39
39
39
39
38
38
38
38
38
38
38
30
30
30
30
30
27
27
27
27
25
25
25
25
25
25
24
24
24
24
24
24
24
24
24
22
22
22
21
21
21
20
20
20
20
20
20
20
20
20
20
20
20
20
20
20
20
20
20
20
19
19
19
19
19
18
18
17
17
17
17
17
17
17
17
17
17
17
17
17
17
17
17
17
17
17
17
17
17
17
17
17
17
16
16
16
16
16
16
16
16
16
16
16
16
16
16
16
16
16
16
15
15
14
14
14
13
13
13
13
13
13
13
13
13
13
13
13
13
13
13
13
13
13
13
13
13
11
11
11
11
10
9
9
9
9
9
8
8
8
8
8
8
5
5
5
5
5
5
5
5
5
5
3
2
