47983
47956
47938
47923
47885
47855
47814
47775
47750
47721
47682
47645
47599
47554
47536
47507
47489
47468
47425
47391
47358
47323
47294
47264
47232
47195
47151
47132
47104
47074
47031
46991
46958
46914
46861
46826
46792
46764
46737
46699
46663
46626
46602
46557
46514
46476
46444
46422
46380
46348
46312
46278
46250
46224
46201
46147
46126
46094
46047
46018
45997
45970
45919
45895
45858
45832
45804
45760
45734
45692
45659
45622
45593
45559
45526
45481
45456
45414
45368
45337
45301
45269
45234
45201
45171
45137
45074
45045
45021
44990
44951
44920
44893
44848
44823
44791
44764
44735
44713
44680
44656
44623
44586
44547
44513
44484
44441
44399
44377
44325
44277
44249
44223
44180
44152
44116
44086
44055
43992
43963
43935
43913
43878
43845
43818
43791
43754
43717
43696
43664
43622
43583
43545
43492
43463
43440
43402
43360
43306
43271
43224
43183
43152
43116
43085
43029
42991
42970
42941
42901
42853
42823
42788
42740
42688
42662
42630
42605
42577
42546
42510
42478
42439
42389
42342
42299
42263
42234
42189
42160
42091
42068
42039
42002
41962
41906
41877
41837
41812
41755
41731
41711
41687
41653
41627
41591
41556
41522
41491
41448
41416
41376
41339
41296
41265
41219
41190
41149
41116
41093
41033
40983
40949
40927
40858
40828
40787
40742
40704
40671
40638
40607
40555
40519
40475
40445
40412
40372
40337
40308
40270
40237
40209
40161
40120
40078
40049
40005
39965
39934
39889
39845
39814
39781
39747
39711
39675
39629
39604
39572
39521
39479
39455
39423
39365
39330
39267
39223
39198
39154
39131
39094
39040
39002
38965
38937
38919
38873
38833
38808
38780
38750
38726
38680
38619
38570
38528
38492
38462
38428
38364
38323
38265
38229
38181
38144
38096
38053
38021
37992
37942
37906
37863
37811
37782
37747
37703
37672
37641
37580
37549
37493
37443
37403
37357
37327
37267
37232
37205
37157
37115
37062
37022
36994
36954
36919
36883
36845
36806
36765
36740
36684
36647
36609
36565
36534
36513
36479
36437
36384
36357
36334
36284
36234
36194
36171
36151
36121
36080
36044
36010
35977
35933
35859
35820
35760
35722
35668
35632
35584
35548
35489
35468
35431
35389
35347
35323
35279
35241
35199
35154
35102
35066
35019
34971
34915
34882
34823
34803
34732
34685
34637
34611
34557
34527
34497
34453
34426
34382
34343
34304
34255
34217
34190
34120
34063
34029
33972
33938
33895
33865
33814
33780
33742
33716
33685
33656
33627
33577
33532
33499
33437
33373
33319
33270
33230
33162
33123
33075
33038
32985
32936
32898
32848
32814
32775
32728
32684
32627
32587
32523
32458
32407
32357
32326
32293
32254
32197
32144
32099
32059
32011
31963
31907
31878
31838
31793
31737
31691
31621
31560
31519
31476
31434
31385
31349
31313
31272
31224
31180
31149
31117
31067
31015
30977
30904
30846
30775
30731
30674
30601
30550
30512
30499
30462
30416
30372
30337
30289
30248
30212
30158
30131
30086
30041
29987
29920
29872
29804
29766
29700
29657
29597
29531
29500
29458
29406
29363
29326
29283
29235
29193
29150
29111
29055
29011
28959
28924
28891
28825
28782
28698
28647
28573
28485
28444
28402
28377
28315
28261
28218
28159
28106
28056
27993
27963
27907
27852
27793
27745
27643
27583
27527
27471
27433
27382
27306
27269
27233
27193
27143
27105
27070
26954
26893
26859
26790
26747
26707
26660
26604
26564
26536
26473
26452
26397
26318
26280
26235
26175
26136
26065
26012
25958
25887
25845
25799
25717
25681
25629
25584
25528
25507
25424
25371
25319
25239
25189
25135
25078
25027
24982
24941
24861
24815
24753
24703
24614
24570
24510
24479
24428
24361
24288
24229
24185
24138
24091
24032
23981
23954
23896
23852
23821
23763
23709
23676
23617
23572
23509
23468
23392
23346
23315
23277
23213
23179
23126
23067
22990
22958
22912
22812
22770
22713
22655
22606
22545
22490
22462
22399
22348
22304
22259
22201
22170
22139
22068
22037
21980
21928
21878
21808
21733
21690
21625
21542
21492
21401
21298
21253
21200
21162
21109
21049
20988
20943
20900
20798
20753
20711
20587
20554
20519
20480
20419
20330
20301
20256
20220
20108
20068
20045
19978
19942
19885
19793
19697
19662
19618
19579
19542
19494
19439
19350
19306
19266
19184
19137
19082
19014
18974
18917
18837
18799
18759
18681
18640
18593
18542
18505
18463
18389
18347
18329
18276
18203
18155
18119
18089
18047
18009
17957
17926
17881
17822
17784
17738
17695
17631
17583
17535
17491
17437
17403
17365
17335
17293
17239
17180
17118
17035
16962
16922
16889
16792
16698
16577
16517
16479
16390
16362
16255
16205
16176
16124
15969
15927
15857
15825
15805
15766
15724
15667
15629
15534
15478
15424
15388
15326
15282
15230
15206
15104
15058
15043
14987
14935
14891
14810
14775
14743
14701
14657
14605
14540
14467
14426
14310
14253
14204
14117
14052
14002
13972
13914
13816
13771
13709
13675
13605
13556
13510
13402
13355
13287
13226
13178
13134
13019
12975
12948
12932
12859
12823
12745
12707
12658
12589
12540
12289
12225
12152
12122
12054
12032
12011
11982
11942
11880
11851
11826
11702
11653
11594
11517
11433
11336
11310
11267
11136
11080
10998
10957
10926
10779
10745
10721
10655
10565
10481
10444
10334
10291
10258
10156
10107
10069
10056
9883
9827
9768
9545
9483
9417
9308
9237
9203
9178
9152
9123
9055
8974
8770
8715
8698
8671
8652
8631
8566
8486
8468
8431
8370
8223
8186
8151
8094
8059
7886
7831
7761
7739
7508
7451
7389
7358
7323
7236
7220
7166
7151
7113
6927
6902
6882
6842
6811
6780
6585
6490
6471
6418
6279
6152
6129
5986
5886
5478
5442
5330
5292
5195
5157
5125
5118
5086
5029
4976
4951
4942
4896
4742
4730
4637
4583
4542
4499
4484
4421
4356
4318
4288
4223
4218
4186
4145
3956
3766
3752
3741
3721
3715
3690
3478
3464
3459
3425
3327
3316
3252
3242
3237
3219
3173
3118
3106
3071
3065
3044
3008
2991
2978
2972
2931
2915
2888
2879
2718
2718
2713
2638
2588
2392
2387
2372
2352
2238
2164
2136
1592
1586
1580
1558
1552
1547
1547
1546
1504
1387
1367
1354
1354
1354
1227
791
773
770
768
767
738
737
735
734
726
680
679
678
677
674
672
671
671
569
567
565
563
563
561
560
556
542
541
536
536
534
533
489
487
487
487
487
482
481
479
479
479
476
400
400
400
375
371
323
323
322
311
311
307
242
242
234
234
234
224
224
223
222
222
222
222
210
210
180
175
174
174
172
171
171
171
171
171
171
171
158
158
158
158
156
156
156
148
148
148
148
148
148
148
148
145
145
145
145
130
130
128
128
119
119
119
119
105
103
84
84
84
83
83
83
82
81
80
80
80
78
61
61
61
61
60
55
55
49
49
49
49
49
49
46
46
46
46
46
46
46
46
46
46
46
45
45
44
44
44
40
40
40
40
40
40
40
40
38
38
38
38
38
38
38
38
38
38
38
38
38
38
38
38
38
38
38
38
36
36
35
34
34
34
34
34
34
33
33
33
33
33
33
33
33
32
32
32
32
32
32
32
31
31
30
30
30
30
30
29
29
29
29
29
29
29
28
28
28
28
28
28
28
28
28
28
28
28
28
24
24
24
24
24
24
24
24
24
24
24
24
24
24
24
24
24
24
23
22
22
22
22
22
22
22
22
21
21
21
21
21
21
21
21
21
21
21
21
21
21
21
21
21
21
20
19
19
19
19
19
18
18
18
18
18
18
18
17
17
17
17
17
17
17
16
16
16
16
16
16
16
14
14
14
14
13
13
13
13
13
13
13
12
11
11
11
11
11
11
11
11
11
11
11
11
11
11
11
11
11
11
11
11
11
11
11
11
11
11
11
11
11
10
10
10
9
9
9
7
7
7
5
5
5
4
3
2
