2
2
3
3
3
3
3
3
3
3
3
3
3
3
3
3
3
3
3
3
3
3
3
3
4
4
4
4
4
4
4
4
4
5
5
5
5
5
5
5
5
5
5
5
5
5
5
5
5
5
5
5
5
5
5
5
5
5
5
5
6
6
6
6
6
6
6
6
6
6
6
6
6
6
6
6
6
6
6
7
7
7
7
7
7
7
7
7
7
7
7
7
7
7
7
7
7
7
7
7
7
7
7
7
7
7
7
7
7
7
7
7
7
7
7
7
7
7
7
7
7
7
7
7
7
7
8
8
8
8
8
8
8
8
8
8
8
8
8
8
8
8
8
8
11
11
11
11
11
11
11
11
11
11
11
11
11
11
11
11
11
11
11
11
11
11
11
11
11
11
11
11
11
11
11
11
11
11
11
11
11
13
13
13
13
13
13
13
13
13
13
13
13
13
13
13
13
13
13
13
13
13
13
13
13
16
16
16
16
16
16
16
17
17
17
17
17
17
17
17
17
17
17
17
17
17
17
17
17
17
17
17
17
17
17
17
17
17
17
17
17
17
17
17
17
17
17
17
17
17
17
17
17
17
17
17
17
17
17
17
17
17
17
17
17
17
17
17
17
17
17
21
21
21
21
22
22
22
22
22
22
22
22
22
22
22
22
22
22
22
23
23
23
23
23
23
23
23
23
23
23
23
23
23
27
27
27
27
27
27
27
27
27
27
27
27
27
27
27
27
28
28
28
28
28
28
28
28
28
28
28
28
28
28
28
28
28
28
28
28
28
28
28
28
28
35
35
35
35
35
35
35
35
35
35
35
35
39
39
39
39
39
39
39
41
41
41
41
48
48
48
48
48
48
48
48
48
48
57
57
57
57
57
57
57
57
58
61
61
61
61
62
62
62
62
62
62
62
62
62
62
62
62
62
62
62
62
62
62
63
63
63
63
63
63
63
63
63
63
63
63
63
63
63
65
65
65
65
67
67
67
67
67
67
67
67
67
67
67
69
69
69
69
69
71
71
71
71
71
71
71
71
71
71
71
71
71
71
71
77
77
79
79
113
113
115
115
115
115
115
115
115
115
115
115
115
115
115
116
116
116
116
117
117
117
117
117
117
117
117
117
119
119
119
119
119
119
119
119
119
119
119
119
119
119
119
119
119
121
121
122
127
127
127
127
150
153
153
153
153
153
167
167
167
170
170
170
170
172
226
226
228
229
229
229
229
229
229
229
229
229
230
234
234
234
234
235
235
235
235
235
239
241
305
305
305
305
305
305
307
589
589
590
590
593
598
599
599
602
602
602
603
864
871
871
871
1063
1067
1067
1069
1075
1091
1102
1125
1128
1132
1162
1195
1204
1229
1536
1544
1551
1555
1561
1561
1566
1602
1604
1606
1615
1641
1644
1645
1646
1657
1686
1693
1711
2035
2038
2048
2055
2123
2774
2829
2839
2997
3031
4170
4238
4430
4513
4680
4688
4711
4757
4794
4815
4866
4935
4963
5034
5059
5113
5120
5138
5214
5329
5385
5411
5426
5658
5685
5703
5737
5754
5790
5807
5870
5905
6661
6705
6811
6921
7260
7320
7331
7400
7481
7636
7723
7769
7899
8042
8199
8210
8277
8361
8508
8594
8904
8938
8972
9018
9183
9436
9716
9826
9862
9900
10111
10199
10229
10299
10388
10764
10846
11000
11054
11136
11192
11324
11607
11673
11738
11965
12146
12216
12319
12616
12659
12686
12896
12943
13075
13166
13233
13268
13330
13413
13580
13723
13865
14097
14226
14362
14441
14510
14593
14892
14952
15077
15127
15293
15553
15638
15679
15847
15961
16014
16064
16120
16229
16408
16535
16674
16741
16848
16956
17046
17162
17216
17267
17417
17560
17698
17749
17927
17958
18015
18105
18218
18287
18503
18590
18636
18712
18803
18883
18910
18967
19022
19184
19302
19344
19440
19510
19558
19640
19670
19783
19814
19888
20082
20140
20245
20320
20444
20503
20605
20673
20748
20815
21005
21092
21137
21225
21291
21395
21427
21506
21610
21680
21738
21855
21920
22023
22122
22188
22308
22349
22426
22539
22646
22732
22853
22946
23035
23124
23153
23250
23323
23411
23447
23509
23600
23701
23812
23874
23938
24023
24121
24195
24262
24362
24483
24552
24610
24660
24724
24805
24890
24987
25059
25133
25195
25280
25394
25449
25631
25716
25746
25853
25899
25970
26018
26074
26164
26254
26298
26355
26439
26475
26572
26690
26746
26800
26923
27003
27049
27089
27129
27209
27273
27339
27387
27470
27554
27611
27722
27818
27899
27956
28002
28105
28181
28207
28254
28343
28432
28491
28526
28569
28616
28732
28815
28883
28949
29024
29059
29120
29178
29248
29300
29350
29440
29519
29575
29652
29694
29765
29826
29867
29936
29988
30034
30130
30175
30230
30312
30358
30414
30509
30572
30619
30665
30733
30835
30877
30943
31010
31054
31107
31160
31189
31266
31348
31398
31463
31525
31582
31690
31748
31801
31835
31902
31962
32039
32098
32153
32200
32286
32366
32432
32469
32538
32576
32651
32695
32728
32772
32841
32924
33038
33106
33146
33209
33265
33334
33371
33411
33453
33506
33585
33662
33742
33773
33832
33908
33969
34004
34052
34095
34166
34224
34309
34388
34456
34490
34537
34602
34628
34723
34792
34838
34901
34940
34994
35028
35078
35113
35161
35208
35255
35282
35313
35355
35430
35501
35557
35617
35640
35715
35765
35834
35888
35923
35971
36008
36050
36110
36134
36235
36278
36330
36379
36413
36454
36490
36546
36600
36628
36726
36777
36832
36895
36943
36991
37045
37100
37137
37173
37208
37242
37286
37349
37398
37456
37516
37570
37616
37657
37720
37747
37807
37857
37925
37989
38028
38089
38146
38180
38250
38304
38389
38426
38497
38555
38595
38674
38728
38772
38815
38873
38922
38971
39018
39049
39093
39122
39147
39191
39239
39292
39325
39391
39431
39447
39478
39506
39542
39608
39683
39730
39764
39797
39858
39909
39930
39977
40005
40042
40082
40112
40144
40188
40219
40265
40299
40336
40384
40417
40447
40468
40519
40557
40590
40614
40658
40696
40733
40773
40815
40867
40890
40922
40967
41013
41052
41117
41146
41178
41206
41245
41279
41320
41378
41427
41462
41516
41558
41587
41637
41658
41698
41732
41765
41822
41857
41892
41925
41939
42002
42030
42072
42099
42130
42168
42197
42231
42258
42286
42326
42358
42396
42411
42453
42485
42517
42541
42582
42628
42657
42692
42727
42790
42861
42892
42919
42944
42977
43012
43039
43065
43099
43126
43188
43222
43245
43285
43312
43329
43353
43390
43426
43450
43475
43501
43540
43575
43605
43639
43681
43715
43762
43795
43850
43878
43917
43955
43985
44004
44031
44067
44088
44134
44169
44214
44264
44291
44315
44348
44376
44405
44429
44465
44495
44535
44560
44594
44645
44693
44714
44757
44800
44831
44862
44888
44941
44962
44994
45044
45068
45094
45113
45131
45160
45192
45219
45248
45277
45305
45325
45388
45416
45440
45470
45485
45522
45537
45569
45585
45628
45669
45710
45751
45775
45798
45843
45889
45921
45951
45985
46018
46057
46116
46167
46199
46247
46276
46308
46330
46352
46384
46417
46451
46465
46487
46535
46572
46602
46636
46668
46699
46724
46744
46790
46821
46856
46879
46935
46946
46983
47024
47045
47061
47097
47126
47156
47164
47179
47206
47233
47257
47284
47313
47348
47385
47418
47434
47447
47462
47474
47513
47526
47561
47603
47623
47660
47688
47732
47760
47798
47813
47830
47850
47869
47900
47945
47965
47991
