48178
48153
48111
48069
48042
47997
47975
47926
47902
47857
47821
47796
47756
47724
47688
47658
47626
47599
47557
47519
47492
47459
47435
47399
47362
47337
47310
47260
47228
47201
47168
47138
47102
47046
47012
46988
46961
46940
46917
46884
46853
46788
46759
46725
46699
46666
46635
46614
46575
46525
46484
46449
46408
46360
46327
46305
46283
46252
46229
46195
46176
46156
46110
46068
46032
45999
45966
45937
45911
45870
45839
45802
45767
45734
45702
45666
45635
45598
45578
45549
45514
45497
45445
45411
45365
45326
45288
45264
45231
45199
45166
45142
45104
45070
45042
45014
44987
44934
44904
44875
44830
44800
44757
44715
44667
44632
44601
44570
44548
44514
44484
44447
44413
44372
44337
44305
44255
44230
44207
44171
44141
44111
44038
44006
43977
43945
43915
43856
43818
43777
43742
43712
43666
43643
43602
43563
43532
43499
43471
43440
43387
43361
43334
43270
43243
43216
43188
43149
43107
43064
43039
43015
42982
42935
42904
42859
42834
42813
42775
42732
42685
42640
42593
42538
42496
42459
42420
42387
42361
42315
42274
42240
42204
42172
42150
42115
42077
42045
42011
41974
41928
41892
41863
41816
41778
41749
41710
41670
41616
41559
41529
41489
41438
41420
41392
41356
41316
41292
41253
41226
41168
41139
41114
41083
41054
41013
40983
40951
40903
40871
40829
40790
40743
40704
40661
40608
40565
40531
40490
40422
40374
40334
40281
40233
40202
40168
40127
40086
40044
40006
39974
39950
39907
39843
39801
39745
39696
39658
39627
39589
39564
39528
39480
39439
39399
39369
39316
39271
39230
39188
39153
39118
39066
39006
38982
38935
38904
38866
38818
38782
38737
38675
38640
38604
38561
38522
38460
38404
38381
38345
38314
38261
38226
38190
38111
38076
38040
38008
37980
37941
37889
37824
37791
37736
37702
37675
37623
37577
37552
37527
37502
37455
37427
37382
37344
37294
37248
37200
37159
37118
37082
37038
36995
36955
36907
36864
36825
36777
36733
36693
36644
36600
36558
36516
36486
36447
36390
36360
36317
36273
36226
36198
36173
36112
36052
35982
35939
35871
35827
35783
35751
35696
35665
35608
35544
35515
35464
35395
35343
35297
35242
35194
35150
35109
35082
35059
35012
34963
34932
34898
34847
34779
34725
34688
34645
34594
34544
34517
34476
34413
34377
34318
34281
34233
34184
34140
34091
34047
34022
33982
33924
33866
33824
33758
33739
33700
33659
33601
33557
33529
33485
33441
33379
33343
33271
33217
33173
33112
33065
33035
32985
32951
32897
32856
32803
32765
32729
32685
32636
32593
32554
32505
32480
32437
32387
32340
32300
32256
32209
32150
32102
32078
32034
31959
31920
31861
31819
31741
31699
31665
31621
31574
31536
31494
31454
31406
31373
31289
31258
31211
31148
31111
31056
31005
30971
30914
30880
30837
30773
30729
30675
30608
30575
30532
30480
30420
30371
30335
30283
30246
30185
30158
30112
30063
29990
29961
29936
29899
29868
29832
29795
29716
29678
29656
29617
29582
29554
29507
29474
29428
29388
29355
29284
29228
29172
29123
29088
29038
28883
28830
28785
28745
28724
28693
28642
28610
28532
28495
28459
28423
28386
28340
28295
28261
28199
28159
28104
28066
28004
27970
27897
27843
27773
27703
27651
27606
27551
27502
27453
27407
27368
27327
27297
27269
27231
27193
27152
27090
27026
26972
26914
26843
26784
26751
26678
26643
26583
26511
26459
26389
26356
26327
26302
26236
26172
26110
26031
26007
25976
25933
25879
25825
25798
25736
25696
25665
25622
25549
25511
25452
25413
25379
25300
25268
25227
25200
25134
25079
25053
24998
24934
24876
24851
24806
24759
24721
24672
24610
24565
24482
24439
24407
24369
24331
24260
24233
24162
24113
24067
24029
23924
23829
23786
23745
23710
23684
23617
23541
23486
23447
23411
23362
23321
23299
23234
23184
23139
23065
22979
22921
22877
22844
22798
22717
22668
22628
22599
22566
22543
22508
22415
22349
22286
22226
22178
22148
22105
22069
22023
21976
21930
21802
21770
21706
21661
21559
21503
21415
21356
21301
21275
21228
21172
21115
21029
20997
20942
20868
20823
20784
20652
20621
20579
20500
20468
20417
20389
20330
20255
20222
20176
20099
20054
20000
19975
19925
19889
19837
19789
19754
19709
19581
19520
19470
19440
19376
19320
19287
19230
19156
19106
19081
19053
18963
18912
18844
18786
18745
18666
18638
18603
18557
18527
18441
18394
18358
18318
18280
18187
18138
18080
18009
17961
17901
17863
17831
17783
17752
17698
17650
17630
17567
17512
17457
17406
17353
17318
17238
17202
17119
17069
17038
16991
16953
16909
16801
16733
16652
16611
16559
16474
16378
16340
16308
16250
16150
16127
16086
16038
15951
15793
15745
15697
15630
15590
15497
15475
15367
15302
15283
15218
15160
15114
15085
14995
14950
14892
14793
14749
14705
14650
14567
14503
14471
14446
14416
14295
14220
14188
14116
14056
13994
13970
13927
13897
13845
13764
13647
13602
13535
13488
13406
13364
13290
13140
13070
12990
12962
12868
12781
12738
12681
12625
12484
12379
12318
12262
12195
12155
12095
12058
11906
11861
11785
11761
11727
11705
11647
11603
11570
11524
11484
11454
11392
11367
11315
11236
11197
11155
11104
11074
11048
10863
10832
10779
10725
10631
10588
10517
10483
10417
10334
10303
10266
10134
10089
10058
9977
9966
9877
9664
9642
9582
9521
9377
9212
9175
9145
9032
8999
8889
8833
8784
8734
8692
8647
8594
8574
8534
8495
8419
8373
8343
8222
8143
8117
8030
7888
7868
7825
7807
7732
7720
7691
7632
7593
7516
7501
7478
7459
7438
7325
7279
7110
7088
6869
6780
6708
6596
6557
6525
6401
6349
6326
6278
6223
6206
6154
6120
6076
6056
5948
5921
5883
5861
5835
5801
5791
5747
5709
5566
5546
5524
5505
5467
5229
5208
5125
5071
5056
5030
5021
4952
4857
4848
4834
4790
4642
4613
4593
4508
4493
4485
4470
3694
3649
3624
3616
3549
3537
3519
3489
3474
3442
3249
3236
3230
3187
3164
3150
3114
3082
3079
2755
2746
2733
2719
2700
2695
2687
2610
2565
2557
2545
2519
1813
1805
1784
1760
1757
1752
1518
1508
1491
1489
1463
1420
1417
1411
1409
1404
1363
1339
1303
1302
1286
1094
1088
1018
1012
1009
1007
952
948
941
937
914
911
901
899
898
897
896
894
476
474
473
473
471
470
470
470
470
470
468
460
459
447
447
444
444
443
423
421
418
416
413
373
371
370
368
365
365
364
364
364
364
364
363
344
344
342
342
342
341
291
291
285
285
285
284
284
283
283
282
282
281
281
271
271
271
271
269
269
265
265
263
262
260
260
248
248
248
248
244
244
242
239
236
236
236
235
234
234
233
233
233
233
232
215
215
215
213
213
213
213
213
213
212
209
208
205
204
203
191
190
190
190
189
186
145
123
123
123
123
123
123
123
123
123
122
122
120
120
120
120
120
120
118
84
83
83
82
81
81
81
80
80
80
78
76
76
76
76
76
74
74
74
74
74
74
74
73
73
73
73
73
73
73
73
72
70
70
70
70
64
64
64
64
64
44
44
44
44
44
44
44
44
44
44
43
43
43
43
43
43
43
43
43
43
43
43
41
41
41
41
41
40
40
40
39
39
38
38
38
38
38
37
37
37
37
37
37
37
37
37
37
37
37
37
37
36
36
36
34
34
34
34
34
34
34
33
33
32
32
32
29
29
29
29
29
29
29
29
29
29
28
28
28
28
28
28
25
25
25
25
25
25
25
25
25
25
25
25
25
25
24
23
22
22
22
22
22
22
20
20
20
19
19
19
19
19
19
19
19
18
18
18
18
18
17
17
17
17
17
17
17
17
17
17
16
16
16
16
16
16
15
15
15
15
14
14
14
14
14
14
14
13
12
12
12
12
10
10
10
10
10
9
9
9
7
6
6
6
6
6
5
5
5
3
3
3
