47970
47939
47910
47884
47845
47819
47793
47762
47740
47712
47679
47654
47625
47599
47563
47531
47494
47465
47436
47416
47385
47352
47317
47291
47259
47227
47186
47157
47120
47097
47057
47026
46992
46962
46935
46905
46864
46804
46772
46749
46720
46681
46649
46617
46587
46542
46509
46489
46461
46417
46377
46340
46316
46273
46234
46212
46179
46150
46122
46082
46050
46017
45986
45953
45918
45878
45852
45818
45781
45756
45719
45684
45659
45632
45601
45575
45523
45485
45452
45409
45378
45335
45297
45260
45227
45201
45177
45147
45107
45070
45031
44998
44956
44929
44913
44874
44836
44791
44760
44719
44673
44638
44599
44556
44533
44494
44467
44438
44399
44363
44332
44296
44253
44219
44180
44140
44107
44081
44052
44010
43983
43947
43906
43871
43834
43804
43772
43742
43705
43670
43631
43592
43525
43495
43461
43434
43409
43382
43340
43304
43276
43208
43179
43140
43087
43054
42994
42962
42915
42852
42823
42786
42742
42713
42670
42640
42605
42577
42526
42499
42471
42417
42379
42332
42283
42252
42202
42152
42118
42054
42018
41971
41947
41917
41874
41847
41799
41766
41727
41691
41651
41604
41569
41546
41519
41491
41450
41424
41379
41340
41307
41270
41244
41218
41188
41167
41127
41097
41062
41028
40994
40952
40922
40884
40854
40808
40762
40722
40691
40638
40604
40569
40533
40495
40437
40403
40371
40339
40304
40272
40241
40203
40169
40130
40094
40056
40014
39984
39933
39879
39836
39796
39759
39729
39664
39618
39578
39554
39504
39443
39411
39358
39314
39270
39210
39137
39112
39058
39025
38976
38934
38903
38862
38827
38779
38728
38696
38666
38608
38582
38524
38489
38453
38421
38370
38320
38281
38242
38206
38166
38134
38092
38055
38029
37996
37969
37930
37894
37864
37822
37776
37732
37676
37628
37593
37541
37505
37455
37412
37380
37330
37298
37257
37221
37184
37122
37080
37030
36996
36949
36914
36863
36830
36794
36728
36680
36651
36612
36580
36551
36515
36463
36428
36380
36347
36315
36264
36230
36200
36155
36118
36066
36033
35997
35962
35918
35886
35841
35807
35772
35728
35699
35660
35627
35588
35548
35504
35464
35431
35400
35351
35296
35267
35225
35161
35118
35085
35043
34980
34950
34923
34858
34804
34735
34675
34626
34583
34544
34494
34437
34386
34342
34286
34266
34227
34183
34129
34083
34049
34011
33983
33942
33917
33878
33843
33774
33733
33667
33601
33557
33509
33445
33388
33333
33293
33237
33192
33153
33075
33044
32999
32915
32884
32837
32774
32746
32679
32627
32596
32532
32492
32456
32420
32352
32312
32254
32175
32123
32086
32043
32003
31951
31918
31851
31785
31746
31701
31670
31642
31594
31558
31489
31433
31408
31381
31349
31304
31268
31232
31190
31157
31134
31093
31063
30991
30958
30917
30880
30791
30739
30704
30657
30617
30568
30472
30426
30369
30316
30265
30206
30175
30148
30104
30068
30028
29983
29940
29911
29864
29806
29772
29733
29701
29661
29610
29563
29514
29475
29412
29379
29331
29297
29261
29193
29168
29118
29085
29048
29012
28964
28902
28837
28797
28752
28685
28617
28565
28535
28493
28451
28399
28307
28233
28185
28137
28068
28009
27959
27909
27854
27745
27706
27644
27609
27546
27508
27450
27408
27385
27337
27252
27223
27159
27115
27046
27011
26960
26921
26875
26835
26790
26736
26678
26632
26576
26531
26449
26424
26355
26317
26277
26230
26185
26147
26080
26037
25985
25937
25866
25833
25785
25735
25682
25642
25577
25542
25523
25484
25412
25341
25297
25268
25220
25156
25111
25033
24986
24947
24913
24841
24797
24759
24724
24688
24614
24563
24519
24461
24425
24382
24338
24249
24213
24175
24136
24100
24066
24026
24004
23965
23914
23851
23806
23749
23689
23649
23584
23537
23484
23438
23398
23351
23288
23177
23135
23085
23050
23009
22957
22927
3
3
3
3
3
3
3
3
3
3
3
3
3
3
3
3
3
3
3
3
3
3
3
3
3
3
3
3
3
3
3
3
3
3
3
3
3
3
3
3
3
3
3
3
3
3
3
3
3
3
3
3
3
3
3
3
3
3
3
3
3
3
3
3
3
3
3
3
3
3
3
3
3
3
3
3
3
3
3
3
3
3
3
3
3
3
3
3
3
3
3
3
3
3
3
3
3
3
3
3
3
3
3
3
3
3
3
3
3
3
3
3
3
3
3
3
3
3
3
3
3
3
3
3
3
3
3
3
3
3
3
3
3
3
3
3
3
3
3
3
3
3
3
3
3
3
3
3
3
3
3
3
3
3
3
3
3
3
3
3
3
3
3
3
3
3
3
3
3
3
3
3
3
3
3
3
3
3
3
3
3
3
3
3
3
3
3
3
3
3
3
3
3
3
3
3
3
3
3
3
3
3
3
3
3
3
3
3
3
3
3
3
3
3
3
3
3
3
3
3
3
3
3
3
3
3
3
3
3
3
3
3
3
3
3
3
3
3
3
3
3
3
3
3
3
3
3
3
3
3
3
3
3
3
3
3
3
3
3
3
3
3
3
3
3
3
3
3
3
3
3
3
3
3
3
3
3
3
3
3
3
3
3
3
3
3
3
3
3
3
3
3
3
3
3
3
3
3
3
3
3
3
3
3
3
3
3
3
3
3
3
3
3
3
3
3
3
3
3
3
3
3
3
3
3
3
3
3
3
3
3
3
3
3
3
3
3
3
3
3
3
3
3
3
3
3
3
3
3
3
3
3
3
3
3
3
3
3
3
3
3
3
3
3
3
3
3
3
3
3
3
3
3
3
3
3
3
3
3
3
3
3
3
3
3
3
3
3
3
3
3
3
3
3
3
3
3
3
3
3
3
3
3
3
3
3
3
3
3
3
3
3
3
3
3
3
3
3
3
3
3
3
3
3
3
3
3
3
3
3
3
3
3
3
3
3
3
3
3
3
3
3
3
3
3
3
3
3
3
3
3
3
3
3
3
3
3
3
3
3
3
3
3
3
3
3
3
3
3
3
3
3
3
3
3
3
3
3
3
3
3
3
3
3
3
3
3
3
3
3
3
3
3
3
3
3
3
3
3
3
3
3
3
3
3
3
3
3
3
3
3
3
3
3
3
3
3
3
3
3
3
3
3
3
3
3
3
3
3
3
3
3
3
3
3
3
3
3
3
3
3
3
2
2
2
2
2
2
2
2
2
2
2
2
2
2
2
2
2
2
2
2
2
2
2
2
2
2
2
2
2
2
2
2
2
2
2
2
2
2
2
2
2
2
2
2
2
2
2
2
2
2
2
2
2
2
2
2
2
2
2
2
2
2
2
2
2
2
2
2
2
2
2
2
2
2
2
2
2
2
2
2
2
2
2
2
2
2
2
2
2
2
2
2
2
2
2
2
2
2
2
2
1
1
1
1
1
1
1
1
1
1
1
1
1
1
1
1
1
1
1
1
1
1
1
1
1
1
1
1
1
1
1
1
1
1
1
1
1
1
1
1
1
1
1
1
1
1
1
1
1
1
1
1
1
1
1
1
1
1
1
1
1
1
1
1
1
1
1
1
1
1
1
1
1
1
1
1
1
1
1
1
1
1
1
1
1
1
1
1
1
1
