2
2
3
3
3
3
3
3
3
3
3
3
3
3
3
3
3
3
3
3
3
3
3
3
3
3
3
3
3
3
3
3
3
3
3
3
3
3
3
3
3
3
3
3
3
3
3
3
3
3
3
3
3
3
3
3
3
3
3
3
3
3
3
3
3
3
3
3
3
3
3
3
3
3
3
3
3
3
3
3
3
3
3
3
3
3
3
3
3
3
3
3
3
3
3
3
3
3
3
3
3
3
3
3
3
3
3
3
3
3
3
3
3
3
3
3
3
3
3
3
3
3
3
3
3
3
3
3
3
3
3
3
3
3
3
3
3
3
3
3
3
3
3
3
3
3
3
3
3
3
3
3
3
3
3
3
3
3
3
3
3
3
3
3
3
3
3
3
3
3
3
3
3
3
3
3
3
3
3
3
3
3
3
3
3
3
3
3
3
3
3
3
3
3
3
3
3
3
3
3
3
3
3
3
3
3
3
3
3
3
3
3
3
3
3
3
3
3
3
3
3
3
3
3
3
3
3
3
3
3
3
3
3
3
3
3
3
3
3
3
3
3
3
3
3
3
3
3
3
3
3
3
3
3
3
3
3
3
3
3
3
3
3
3
3
3
3
3
3
3
3
3
3
3
3
3
3
3
3
3
3
3
3
3
3
3
3
3
3
3
3
3
3
3
3
3
3
3
3
3
3
3
3
3
3
3
3
3
3
3
3
3
3
3
3
3
3
3
3
3
3
3
3
3
3
3
3
3
3
3
3
3
3
3
3
3
3
3
3
3
3
3
3
3
3
3
3
3
3
3
3
3
3
3
3
3
3
3
3
3
3
3
3
3
3
3
3
3
3
3
3
3
3
3
3
3
3
3
3
3
3
3
3
3
3
3
3
3
3
3
3
3
3
3
3
3
3
3
3
3
3
3
3
3
3
3
3
3
3
3
3
3
3
3
3
3
3
3
3
3
3
3
3
3
3
3
3
3
3
3
4
4
4
4
4
4
4
4
4
4
4
4
4
4
4
4
4
4
4
4
4
4
4
4
4
4
4
4
4
4
4
4
4
4
4
4
4
4
4
4
4
4
4
4
4
4
4
4
4
4
4
4
4
4
4
4
4
4
4
4
4
4
4
4
4
4
4
4
4
4
4
4
4
4
4
4
4
4
4
4
4
4
4
4
4
4
4
4
4
4
4
4
4
4
4
4
4
4
4
4
4
4
4
4
4
4
4
4
4
4
4
4
4
4
4
4
4
4
4
4
4
4
4
4
4
4
4
4
4
4
4
4
4
4
4
4
4
4
4
4
4
4
4
4
4
4
4
4
4
4
4
4
4
4
4
4
4
4
4
4
4
4
4
4
4
4
4
4
4
4
4
4
4
4
4
4
4
4
4
4
4
4
4
4
4
4
4
4
4
4
4
4
4
4
4
4
4
4
4
4
4
4
4
4
4
4
4
4
4
4
4
4
4
4
4
4
4
4
4
4
4
4
4
4
4
4
4
4
4
4
4
4
4
4
4
4
4
4
4
4
4
4
4
4
4
4
4
4
4
4
4
4
4
4
4
4
4
4
4
4
4
4
4
4
4
4
4
4
4
4
4
4
4
4
4
4
4
4
4
4
4
4
4
4
4
4
4
4
4
4
4
4
4
4
4
4
4
4
4
4
4
4
4
4
4
4
4
4
4
4
4
4
4
4
4
4
4
4
4
4
4
4
4
4
4
4
4
4
4
4
5
5
5
5
5
5
5
5
5
5
5
5
5
5
5
5
5
5
5
5
5
5
5
5
5
5
5
5
5
5
5
5
5
5
5
21708
21810
21864
21951
22013
22120
22176
22322
22388
22451
22510
22539
22634
22668
22723
22767
22872
22946
23027
23171
23272
23339
23409
23528
23606
23714
23811
23885
24031
24077
24157
24225
24308
24387
24489
24587
24639
24682
24789
24889
25001
25083
25157
25212
25278
25349
25423
25454
25564
25614
25671
25728
25797
25849
25908
25958
26039
26127
26212
26251
26287
26391
26437
26557
26619
26745
26823
26858
26920
26956
27031
27142
27226
27316
27354
27484
27621
27645
27743
27782
27853
27921
27993
28033
28118
28177
28216
28252
28336
28402
28502
28551
28637
28698
28763
28815
28870
28918
28978
29022
29084
29156
29210
29287
29360
29454
29519
29617
29672
29783
29822
29894
29948
30064
30122
30256
30339
30427
30478
30511
30567
30647
30677
30798
30858
31033
31116
31169
31234
31291
31332
31393
31465
31516
31572
31728
31810
31877
31967
32057
32102
32181
32228
32275
32321
32374
32461
32526
32561
32616
32679
32714
32790
32881
32935
32987
33060
33095
33158
33187
33250
33298
33366
33431
33470
33530
33562
33620
33676
33718
33755
33819
33890
33950
34010
34042
34108
34151
34186
34310
34375
34414
34473
34533
34575
34639
34701
34776
34817
34885
34928
34995
35045
35102
35168
35219
35272
35341
35373
35413
35475
35509
35535
35603
35636
35688
35731
35784
35833
35862
35904
35934
36002
36036
36104
36152
36182
36238
36266
36328
36395
36451
36496
36540
36588
36634
36676
36720
36822
36868
36903
36946
36982
37037
37070
37111
37158
37216
37257
37290
37346
37408
37445
37491
37523
37555
37607
37681
37714
37750
37789
37833
37893
37930
37965
38009
38049
38076
38124
38182
38232
38274
38313
38372
38427
38475
38528
38588
38634
38667
38725
38766
38815
38865
38930
38951
39005
39070
39108
39162
39216
39257
39307
39359
39391
39447
39475
39569
39599
39643
39682
39723
39755
39796
39825
39892
39941
39966
40036
40064
40108
40162
40202
40238
40284
40345
40391
40426
40462
40486
40521
40567
40599
40646
40691
40712
40755
40796
40828
40859
40883
40929
40987
41027
41080
41106
41129
41176
41207
41222
41265
41319
41352
41394
41441
41482
41562
41598
41628
41653
41680
41721
41750
41783
41824
41847
41894
41921
41950
42003
42042
42090
42128
42171
42203
42236
42271
42301
42331
42361
42387
42429
42465
42502
42557
42583
42620
42659
42704
42744
42793
42817
42845
42872
42898
42923
42962
42997
43033
43084
43112
43160
43192
43221
43269
43297
43319
43371
43403
43440
43461
43482
43517
43549
43577
43613
43641
43672
43723
43757
43790
43818
43862
43893
43965
43994
44062
44087
44119
44173
44210
44236
44267
44310
44349
44389
44434
44472
44490
44525
44558
44583
44603
44640
44677
44703
44736
44767
44790
44819
44853
44882
44930
44966
44990
45029
45062
45089
45111
45160
45173
45198
45232
45281
45305
45335
45374
45399
45434
45476
45509
45542
45556
45587
45621
45646
45677
45709
45744
45774
45807
45824
45855
45892
45931
45948
45984
46021
46079
46128
46165
46197
46227
46254
46297
46312
46344
46367
46384
46417
46445
46476
46512
46557
46591
46609
46636
46678
46735
46788
46817
46838
46875
46897
46917
46940
46954
46974
46992
47027
47038
47046
47067
47088
47120
47147
47190
47217
47252
47280
47296
47317
47373
47407
47433
47466
47493
47525
47554
47585
47621
47641
47655
47688
47712
47731
47759
47787
47825
47841
47865
47889
47920
47951
47971
47989
48011
