2
2
2
2
2
2
2
2
2
2
2
2
2
2
2
2
2
2
2
2
2
2
2
2
2
2
2
2
2
2
2
2
2
2
2
2
2
2
2
2
2
2
2
2
2
2
2
2
2
2
2
2
2
2
2
2
2
2
2
2
2
2
2
2
2
2
2
2
2
2
2
2
2
2
2
2
2
2
2
2
2
2
2
2
2
2
2
2
2
2
2
2
2
2
2
2
2
2
2
2
2
2
2
2
2
2
2
2
2
2
2
2
2
2
2
2
2
2
2
2
2
2
2
2
2
2
2
2
2
2
2
2
2
2
2
2
2
2
2
2
2
2
2
2
2
2
2
2
2
2
2
2
2
2
2
2
2
2
2
2
2
2
2
2
2
2
2
2
2
2
2
2
2
2
2
2
2
2
2
2
2
2
2
2
2
2
2
2
2
2
2
2
2
2
2
2
2
2
2
2
2
2
2
2
2
2
2
2
2
2
2
2
2
2
2
2
2
2
2
2
2
2
2
2
2
2
2
2
2
2
2
2
2
2
2
2
2
2
2
2
2
2
2
2
2
2
2
2
2
2
2
2
2
2
2
2
2
2
2
2
2
2
2
2
2
2
2
2
2
2
2
2
2
2
2
2
2
2
2
2
2
2
2
2
2
2
2
2
2
2
2
2
2
2
2
2
2
2
2
2
2
2
2
2
2
2
2
2
2
2
2
2
2
2
2
2
2
2
2
2
2
2
2
2
2
2
2
2
2
2
2
2
2
2
2
2
2
2
2
2
2
2
2
2
2
2
2
2
2
2
2
2
2
2
2
2
2
2
2
2
2
2
2
2
2
2
2
2
2
2
2
2
2
2
2
2
2
2
2
2
2
2
2
2
2
2
2
2
2
2
2
2
2
2
2
2
2
2
2
2
2
2
2
2
2
2
2
2
2
2
2
2
2
2
2
2
2
2
2
2
2
2
2
2
2
2
2
2
2
2
2
2
2
2
2
2
2
2
2
2
2
2
2
2
2
2
2
2
2
2
2
2
2
2
2
2
2
2
2
2
2
2
2
2
2
2
2
2
2
2
2
2
2
2
2
2
2
2
2
2
2
2
2
2
2
2
2
2
2
2
2
2
2
2
2
2
2
2
2
2
2
2
2
2
2
2
2
2
2
2
2
2
2
2
2
2
2
2
2
2
2
2
2
2
2
2
2
2
2
2
2
2
2
2
2
2
2
2
2
2
2
2
2
2
2
2
2
2
2
2
2
2
2
2
2
2
2
2
2
2
2
2
2
2
2
2
2
2
2
2
2
2
2
2
2
2
2
2
2
2
2
2
2
2
2
2
2
2
2
2
2
2
2
2
2
2
2
2
2
2
2
2
2
2
2
2
2
2
2
2
2
2
2
2
2
2
2
2
2
2
2
2
2
2
2
2
2
2
2
2
2
2
2
2
2
2
2
2
2
2
2
2
2
2
2
2
2
2
2
2
2
2
2
2
2
2
2
2
2
2
2
2
2
2
2
2
2
2
2
2
2
2
2
2
2
2
2
2
2
2
2
2
2
2
2
2
2
2
2
2
2
2
2
2
2
2
2
2
2
2
2
2
2
2
2
2
2
2
2
2
2
2
2
2
2
2
2
2
2
2
2
2
2
2
2
2
2
2
2
2
2
2
2
2
2
2
2
2
2
2
2
2
2
2
2
2
2
2
2
2
2
2
2
2
2
2
2
2
2
2
2
2
2
2
2
2
2
2
2
2
2
2
2
2
2
2
2
2
2
2
2
2
2
2
2
2
2
2
2
2
2
2
2
2
2
2
2
2
2
2
2
2
2
2
2
2
2
2
2
2
2
2
2
2
2
2
2
2
2
2
2
2
2
2
2
2
2
2
2
2
2
2
2
2
2
2
2
2
2
2
2
2
2
2
2
2
2
2
2
2
2
2
2
2
2
2
2
2
2
2
2
2
2
2
2
2
2
2
2
2
2
2
2
2
2
2
2
2
2
2
2
2
2
2
2
2
2
2
2
2
2
2
2
2
2
2
2
2
2
2
2
2
2
2
2
2
2
2
2
2
2
2
2
2
30502
30585
30681
30727
30780
30864
30930
30998
31054
31122
31161
31236
31315
31370
31417
31473
31565
31646
31714
31757
31797
31858
31901
31956
32057
32141
32239
32313
32375
32446
32511
32573
32604
32675
32737
32785
32821
32878
32954
33014
33089
33120
33175
33229
33251
33293
33328
33407
33445
33483
33544
33589
33615
33674
33763
33805
33861
33920
33960
33991
34039
34103
34161
34219
34271
34311
34377
34424
34495
34599
34645
34695
34756
34794
34830
34874
34942
34999
35077
35135
35200
35259
35357
35389
35456
35491
35527
35582
35632
35700
35770
35838
35884
35939
36007
36094
36169
36204
36249
36333
36417
36470
36512
36573
36600
36628
36707
36776
36839
36885
36947
36988
37058
37084
37131
37184
37245
37287
37348
37383
37399
37458
37511
37545
37591
37656
37707
37750
37802
37829
37850
37923
37970
38037
38079
38157
38203
38232
38278
38338
38393
38421
38469
38499
38533
38581
38651
38685
38726
38820
38863
38901
38941
38973
39037
39070
39120
39182
39242
39305
39357
39381
39446
39509
39546
39572
39607
39644
39673
39728
39778
39815
39857
39893
39937
39979
40017
40059
40106
40135
40198
40230
40252
40295
40366
40433
40474
40504
40538
40574
40622
40674
40715
40754
40812
40876
40901
40939
40988
41037
41087
41124
41166
41186
41230
41272
41307
41363
41393
41436
41479
41513
41546
41581
41642
41682
41712
41751
41789
41829
41891
41958
41990
42036
42061
42112
42154
42194
42220
42269
42325
42363
42398
42437
42479
42511
42535
42609
42635
42670
42705
42738
42781
42825
42838
42872
42917
42954
42988
43027
43061
43089
43118
43149
43173
43232
43266
43304
43336
43365
43406
43436
43488
43504
43548
43569
43639
43673
43704
43733
43785
43814
43835
43865
43905
43936
43974
44007
44043
44089
44122
44148
44178
44209
44250
44287
44331
44357
44380
44403
44421
44465
44489
44521
44543
44587
44609
44650
44698
44725
44757
44810
44850
44884
44910
44943
44973
45020
45061
45108
45149
45169
45210
45246
45277
45312
45337
45377
45414
45443
45463
45493
45516
45556
45588
45625
45654
45687
45702
45723
45753
45782
45805
45842
45865
45889
45905
45933
45956
45992
46023
46058
46088
46123
46147
46201
46233
46264
46294
46331
46359
46386
46406
46433
46453
46475
46518
46554
46574
46608
46635
46652
46705
46744
46766
46790
46805
46831
46862
46901
46925
46949
46980
47017
47035
47068
47091
47119
47148
47175
47200
47247
47272
47302
47334
47359
47387
47418
47442
47477
47494
47532
47575
47600
47622
47653
47663
47683
47711
47743
47768
47787
47820
47856
47890
47913
47940
47957
47993
48015
48044
48074
48103
48122
48156
48176
48206
48239
