48016
47988
47962
47935
47910
47880
47838
47783
47748
47717
47692
47660
47630
47583
47549
47513
47475
47440
47420
47384
47352
47325
47295
47279
47238
47205
47159
47121
47101
47059
47026
47002
46959
46924
46894
46858
46820
46791
46760
46740
46712
46676
46633
46606
46577
46534
46503
46475
46446
46410
46375
46347
46293
46266
46238
46217
46188
46154
46115
46080
46052
46014
45980
45948
45920
45864
45837
45797
45773
45734
45711
45669
45636
45600
45574
45536
45495
45464
45428
45378
45351
45327
45285
45256
45209
45184
45161
45123
45087
45065
45040
45014
44979
44932
44862
44834
44804
44771
44730
44694
44655
44631
44590
44553
44526
44500
44479
44432
44408
44374
44344
44311
44278
44236
44204
44170
44137
44104
44084
44055
44020
43972
43926
43871
43824
43793
43757
43709
43677
43640
43602
43556
43528
43495
43447
43424
43388
43349
43311
43275
43250
43206
43169
43132
43094
43043
43007
42973
42932
42888
42846
42811
42772
42745
42707
42676
42639
42602
42560
42539
42509
42477
42432
42400
42376
42342
42317
42278
42245
42215
42153
42119
42090
42060
42008
41981
41955
41922
41895
41854
41818
41789
41744
41716
41675
41647
41614
41589
41571
41539
41504
41467
41408
41376
41345
41318
41267
41213
41177
41140
41113
41079
41045
41017
40960
40916
40877
40847
40812
40764
40727
40694
40664
40621
40577
40534
40496
40441
40412
40375
40330
40294
40258
40208
40173
40147
40116
40052
40009
39950
39926
39878
39849
39815
39783
39749
39711
39678
39646
39609
39566
39532
39496
39471
39398
39351
39302
39260
39226
39191
39139
39107
39079
39041
39003
38966
38925
38886
38852
38804
38760
38737
38706
38657
38600
38563
38528
38491
38458
38430
38393
38363
38330
38286
38241
38221
38170
38099
38047
37997
37971
37938
37912
37878
37842
37774
37750
37722
37667
37638
37614
37577
37556
37507
37472
37431
37399
37367
37324
37291
37231
37193
37143
37111
37073
37048
37018
36969
36943
36904
36845
36805
36779
36733
36713
36673
36654
36620
36581
36547
36509
36466
36418
36366
36324
36296
36250
36208
36161
36118
36068
36037
36008
35965
35914
35867
35829
35770
35733
35697
35641
35606
35567
35505
35467
35448
35410
35346
35305
35269
35247
35183
35101
35055
35016
34966
34912
34857
34800
34750
34703
34669
34638
34596
34541
34505
34464
34402
34368
34337
34288
34260
34218
34156
34100
34034
33979
33927
33884
33847
33819
33762
33719
33696
33635
33577
33524
33480
33460
33427
33375
33307
33273
33232
33199
33136
33087
33050
33017
32947
32904
32861
32811
32733
32686
32629
32590
32545
32465
32436
32394
32361
32291
32225
32179
32132
32090
32024
31976
31945
31892
31844
31802
31770
31725
31664
31619
31591
31561
31515
31475
31444
31400
31361
31312
31282
31250
31208
31162
31124
31080
31013
30965
30930
30881
30831
30786
30734
30684
30648
30617
30582
30530
30483
30440
30411
30368
30332
30299
30262
30213
30164
30100
30016
29961
29911
29876
29788
29746
29710
29680
29620
29583
29531
29514
29477
29442
29387
29335
29268
29203
29172
29126
29055
28997
28933
28889
28852
28803
28742
28699
28663
28627
28593
28534
28481
28427
28370
28319
28274
28226
28161
28121
28070
28026
27989
27929
27863
27818
27759
27714
27669
27614
27573
27522
27488
27450
27393
27324
27279
27230
27168
27115
27087
27062
26990
26942
26899
26850
26810
26763
26707
26668
26630
26539
26496
26453
26361
26291
26261
26203
26172
26098
26044
25996
25952
25919
25870
25798
25749
25707
25639
25591
25566
25528
25479
25443
25401
25360
25267
25202
25156
25134
25075
25026
24988
24938
24907
24853
24760
24688
24628
24569
24545
24433
24399
24352
24306
24260
24198
24135
24089
24051
24007
23975
23932
23895
23838
23788
23721
23649
23597
23534
23485
23446
23410
23378
23331
23272
23226
23192
23142
23090
23008
22959
22914
22869
22832
22794
22726
22692
22634
22571
22501
22452
22358
22333
22269
22232
22190
22139
22103
22069
22003
21960
21913
21841
21781
21747
21718
21658
21594
21485
21386
21360
21322
21258
21200
21129
21044
21024
20955
20870
20780
20730
20698
20590
20530
20496
20449
20352
20279
20235
20210
20142
20083
20039
19945
19841
19801
19745
19719
19668
19577
19507
19461
19426
19381
19321
19291
19253
19208
19164
19132
19105
19034
18992
18926
18849
18801
18731
18641
18604
18567
18481
18420
18298
18278
18227
18206
18117
18037
17995
17914
17879
17842
17809
17747
17700
17654
17607
17473
17423
17307
17246
17169
17107
17055
16999
16971
16940
16880
16765
16734
16702
16642
16566
16529
16478
16430
16373
16326
16278
16255
16211
16130
16069
16012
15944
15909
15876
15846
15822
15750
15715
15654
15625
15594
15554
15487
15414
15317
15274
15225
15102
15076
15038
15000
14933
14882
14796
14746
14679
14629
14540
14484
14440
14400
14265
14240
14204
14164
14114
14055
14009
13915
13870
13834
13785
13743
13675
13611
13523
13479
13365
13320
13228
13192
13162
12999
12945
12886
12846
12794
12709
12654
12611
12544
12439
12332
12289
12231
12146
12094
12026
11888
11845
11814
11753
11716
11652
11602
11572
11495
11455
11428
11384
11362
11244
11204
11176
11143
10967
10942
10842
10778
10702
10683
10593
10533
10489
10411
10364
10332
10298
10279
10234
10168
10134
10091
10066
9915
9896
9877
9839
9801
9769
9743
9672
9355
9325
9229
9194
9144
9061
9028
8991
8899
8820
8774
8699
8624
8567
8530
8488
8429
8413
8386
8359
8338
8282
8209
8167
8067
8039
7989
7919
7786
7755
7583
7567
7538
7461
7420
7408
7394
7250
7209
7114
7023
7001
6974
6933
6911
6870
6675
6504
6494
6448
6381
6303
6215
6186
6141
6071
6041
5940
5914
315
315
314
311
309
309
309
308
308
308
308
308
308
307
306
305
305
305
290
290
289
289
289
289
289
288
288
288
232
232
231
231
231
230
230
230
230
230
230
230
229
229
228
228
228
228
117
117
110
110
109
109
108
108
108
108
108
108
108
107
93
93
92
68
68
68
68
68
57
57
57
57
57
57
57
57
56
56
56
17
17
3
3
3
3
3
3
3
3
3
3
3
3
3
3
3
3
3
3
3
3
3
3
3
3
3
3
3
3
3
3
3
3
3
3
3
3
3
3
3
3
3
3
3
3
3
3
3
3
3
3
3
3
3
3
3
3
3
3
3
3
3
3
3
3
3
3
3
3
3
3
3
3
3
3
3
3
3
3
3
3
3
3
3
3
3
3
3
3
3
3
3
3
3
3
3
3
3
3
3
3
3
3
3
3
3
3
3
3
3
3
3
3
3
3
3
3
3
3
3
3
3
3
3
3
3
3
3
3
3
3
3
3
3
3
3
3
3
3
3
3
3
3
3
3
3
3
3
3
3
3
3
3
3
3
3
3
3
3
3
3
3
3
3
3
3
3
3
3
3
3
3
3
3
3
3
3
3
3
3
3
1
1
1
1
1
1
1
1
1
1
1
1
1
1
1
1
1
1
1
1
1
1
1
1
1
1
1
1
1
1
1
1
1
1
1
1
1
1
1
1
1
1
1
1
1
1
1
1
1
1
1
1
1
1
1
1
1
1
1
1
1
1
1
1
1
1
1
1
1
1
1
1
1
1
1
1
1
1
1
1
1
1
1
1
1
1
1
1
1
1
1
1
1
1
1
1
1
1
1
1
1
1
1
1
1
1
1
1
1
1
1
1
1
1
1
1
1
1
1
1
1
1
1
1
1
1
1
1
1
1
1
1
1
1
1
1
1
1
1
1
1
1
1
1
1
1
1
1
1
1
1
1
1
1
1
1
1
1
1
1
1
1
1
1
1
1
1
1
1
1
1
1
1
