0.0
0.0
0.0
0.0
0.0
0.0
0.0
0.0
0.0
0.0
0.0
0.0
0.0
0.0
0.0
0.0
0.0
0.0
0.0
0.0
0.0
0.0
0.0
0.0
0.0
0.0
0.0
0.0
0.0
0.0
0.0
0.0
0.0
0.0
0.0
0.0
0.0
0.0
0.0
0.0
0.0
0.0
0.0
0.0
0.0
0.0
0.0
0.0
0.0
0.0
0.0
0.0
0.0
0.0
0.0
0.0
0.0
0.0
0.0
0.0
0.0
0.0
0.0
0.0
0.0004861448711716091
0.0004790801660811242
0.0004727387330601954
0.0004662004662004662
0.0004598405885959534
0.0004533776635937736
0.00044742729306487697
0.00044137119317345886
0.00043554006968641115
0.00042961477874838895
0.0004242081447963801
0.00041893590280687055
0.0004139643990616807
0.00040899795501022495
0.0004041492657955005
0.0003994141925176408
0.0003946849098802789
0.00039032006245121
0.00038590172369436584
0.0003812913065582105
0.00037688442211055275
0.00037267080745341616
0.00036845983787767134
0.00036460865337870687
0.00036083714216983404
0.00035714285714285714
0.00035356511490866236
0.00034997666822211853
0.00034646033029218156
0.00034317089910775565
0.0003397893306150187
0.0003365114974761638
0.00033329630041106545
0.00033003300330033004
0.00032693984306887534
0.0003237992444684296
0.000320958596341072
0.0003181336161187699
0.00031529164477141355
0.0003123048094940662
0.00030950170225936243
0.00030674846625766873
0.0003040437823046519
0.0003015378429992964
0.00029907287409032003
0.0002965599051008304
0.00029403116730373417
0.00029165856503986
0.00028937976270859456
0.0002870264064293915
0.000284792101765711
0.00028251247763442887
0.00028032143524574845
0.00027826732214080325
0.00027611596870685687
0.000273972602739726
0.00027183762232693004
0.0002696629213483146
0.0002676898367091996
0.0002658160552897395
0.0002640147848279504
0.0002620545073375262
0.0002601231249458077
0.00025826446280991736
0.0002565637560933892
0.0002547554347826087
0.0002531004808909137
0.00025140367049358923
0.0002497710432103905
0.000248015873015873
0.00024650780608052587
0.0002449579488854413
0.0002433682161109759
0.00024187696525034265
0.00024042314473473312
0.00023891056781078282
0.00023730422401518748
0.00023573785950023574
0.00023422860712054967
0.00023282887077997672
0.00023146362163413317
0.00023007899378786717
0.00022862368541380886
0.00022716946842344388
0.0002257336343115124
0.00017459842362566096
0.00017358527996825867
0.00017258382642998025
0.0001715938618424278
0.00017060271502035044
0.00016952436307275014
0.00016852039096730702
0.00016755230025372204
0.0001666904795923227
0.00016577856719952633
0.0001648067052785233
0.00016389220575495773
0.00016305613789890518
0.00016214964095436643
0.0001612643122077084
0.0001603775746328499
0.00015951143924892896
0.00015864382195630495
0.0001577322607539602
0.00015691548980049314
0.00015602362643486013
0.00015526572619998223
0.0001544640098856966
0.00015376166941241074
0.00015298540082175013
0.0001522268615170494
0.0001515151515151515
0.00015079057343500923
0.00015009219949397486
0.0001493620108394145
0.00014861995753715496
0.00014783839151830027
0.00014703720041170414
0.00014633636458659976
0.00014565126924677484
0.00014492753623188403
0.00014426445735954822
0.00014351908803870913
0.00014286880561678502
0.00014219838706400957
0.00014158576051779932
0.00014102951546287899
0.00014041844697197648
0.00013982940812209103
0.0001392702240261032
0.00013869075923284195
0.00013804255654814725
0.00013748134181789613
0.00013689253935660504
0.000136340617817771
0.0001358089362280038
0.0001352186679029516
0.0001347112368415988
0.00013417672992141076
0.00013360818445564207
0.00013302926643861648
0.00013244782501750202
0.00013193855433041182
0.00013145539906103286
0.0001309537172148015
0.0001303756681752994
0.00012983881438614062
0.00012932786461220113
0.0001287995878413189
0.000128289714830291
0.000127762872109365
0.0001272680993418421
0.00012670829939361025
0.00012623530260405394
0.00012575904566849915
0.00012531328320802002
0.00012482390912819415
0.00012439137079290613
0.0001239091568866939
0.0001233915036136083
0.00012296233839235524
0.00012247826010883066
0.00012208095711470376
0.00012169891687963976
0.00012129403406629584
0.00012085426701887052
0.00012041767731502984
0.00012003978461432931
0.00011962744595402887
0.00011915704899056956
0.00011870845204178535
0.0001182632201385369
0.00011786892975011785
0.00011748317473104743
0.00011706468660111043
0.00011667833450011666
0.00011624817324299188
0.00011584417303809616
0.0001154429711722409
0.00011503886670282173
0.0001146544805333071
0.00011425027338458273
0.00011388224575788634
0.00011347793664688908
0.000113109376767334
0.00011272686281140795
0.00011239563262684648
0.00011199104071674265
0.00011165342776023222
0.00011130722383882712
0.00011095260738627356
0.00011060024332053529
0.000110265740434447
0.00010990218705352235
0.0001095615970950525
0.0001092333380147621
0.00010893246187363833
0.00010859279254122646
0.00010823514859139683
0.00010785491972512402
0.00010755662087827662
0.0001072205373280642
0.00010695023758231347
0.0001066081844626186
0.00010630704511974728
0.00010595946293689355
0.00010562848951259996
0.00010533760703053284
0.00010501995379122031
0.00010468542031196254
0.00010437168247152143
0.00010405053883314752
0.00010377288562745533
0.00010344623751256132
0.00010316723408645413
0.00010284891494394732
0.00010253705982305032
0.00010221813349688233
0.00010191453738079637
0.00010158177332752864
0.00010130832464976264
0.00010100572846774309
0.00010073536818777071
0.0001004751037046606
0.00010022909507445588
9.997572018224144e-05
9.974920200638393e-05
9.948127620265755e-05
9.918526390364859e-05
9.892874303965628e-05
9.86568573562781e-05
9.841135948263741e-05
9.815469179426775e-05
9.790757524896497e-05
9.766578767457759e-05
9.74048563278369e-05
9.714127116291978e-05
9.687508649561293e-05
9.666238590386234e-05
9.640279843552028e-05
9.612083762444215e-05
9.585627036945744e-05
9.56049058974569e-05
9.537824286025723e-05
9.51798218777619e-05
9.491268033409263e-05
9.467007478935907e-05
9.447076129937784e-05
9.42799035651272e-05
9.406326426402213e-05
9.384006970976606e-05
9.362168813278229e-05
9.337068160597572e-05
9.315819592499433e-05
9.294297284737435e-05
9.2699270324315e-05
9.246783440331826e-05
9.225578575570667e-05
9.204107661762191e-05
9.184182214175127e-05
9.161104567464991e-05
9.133492517060057e-05
9.11244760342628e-05
9.090082719752749e-05
9.068532193289285e-05
9.049539766263315e-05
9.030626725494749e-05
9.008661184252859e-05
8.988186954288648e-05
8.970908624887862e-05
8.949575534417509e-05
8.926977325477593e-05
8.906192348308458e-05
8.885165581407155e-05
8.862217833314341e-05
8.83972319038238e-05
8.822343214357732e-05
8.805031446540879e-05
8.784148376814867e-05
8.766656647630496e-05
8.742678007168995e-05
8.726982583436185e-05
8.711018193583712e-05
8.692520706826111e-05
8.676036786395973e-05
8.656723801043753e-05
8.639095610105273e-05
8.622494857297709e-05
8.604371020478402e-05
8.584112034925071e-05
8.564891287058448e-05
8.548261039468542e-05
8.531695247845746e-05
8.513018838094543e-05
8.495970482571122e-05
8.480531123549222e-05
8.462998561290243e-05
8.444927011702254e-05
8.428758925453647e-05
8.412349328814699e-05
8.39449321245263e-05
8.37791581391452e-05
8.361104143524324e-05
8.345852111500583e-05
8.330655622597498e-05
8.313736668329413e-05
8.296886297099644e-05
8.283925634016165e-05
8.266902863891348e-05
8.248200124901315e-05
8.23132371444362e-05
8.217119782128938e-05
8.204118467470669e-05
8.1868472451259e-05
8.170792917089796e-05
8.156226696495152e-05
8.140008140008139e-05
8.123853956316876e-05
8.105792167488825e-05
8.092017802439165e-05
8.076332883366215e-05
8.061822662935193e-05
8.046531944731819e-05
8.030469897209984e-05
8.014196576793175e-05
8.002103410039209e-05
7.985671423845214e-05
7.970667941973537e-05
7.955720731471693e-05
7.943532829486392e-05
7.930034439006706e-05
7.912286650842093e-05
7.897557398318948e-05
7.88155153971739e-05
7.869324249884769e-05
7.854754370609752e-05
7.84129224496197e-05
7.827351000782734e-05
7.813459241647969e-05
7.79987743049752e-05
7.78816199376947e-05
7.77181938291754e-05
7.757350089209525e-05
7.742420723142094e-05
7.727804641098672e-05
7.713498622589531e-05
7.700261808901502e-05
7.685804319422027e-05
7.673166935227508e-05
7.660068065176235e-05
7.650022403637038e-05
7.637002367470732e-05
7.626019980172347e-05
7.612336334768801e-05
7.600434310532029e-05
7.587582379465833e-05
7.57501974915863e-05
7.560538310327694e-05
7.547088441094974e-05
7.53709326614553e-05
7.523484017970378e-05
7.51064902737095e-05
7.49713502340177e-05
7.485590238790328e-05
7.474080954974e-05
7.462368342501385e-05
7.449740855443098e-05
7.437393087474366e-05
7.426031422721533e-05
7.41494004491335e-05
7.404821596691101e-05
7.39285638848404e-05
7.381163271331561e-05
7.370205418153868e-05
7.359047949453852e-05
7.346767422334171e-05
7.334527813577258e-05
7.323707888679639e-05
7.312690652292005e-05
7.300792657488526e-05
7.289388732687701e-05
7.279382708346331e-05
7.268724754161345e-05
7.258323741976959e-05
7.247502200134595e-05
7.237610761293256e-05
7.227970179460172e-05
7.216569242981886e-05
7.205426715663568e-05
7.193653142598758e-05
7.1836868733516e-05
7.17308657915501e-05
7.160978803502741e-05
7.152418028180526e-05
7.142784257303496e-05
7.132304243721023e-05
7.121202872896701e-05
7.112520067467332e-05
7.101264024996449e-05
7.091551935487139e-05
7.08251125613396e-05
7.073064758960056e-05
7.064071125104699e-05
7.055526997470088e-05
7.0455140205729e-05
7.034893069625341e-05
7.027265791270127e-05
7.0185992881135e-05
7.007848790645522e-05
6.997760716570696e-05
6.98540051292798e-05
6.975376919474255e-05
6.964342566061763e-05
6.952721493841875e-05
6.943617823275006e-05
6.933507661525965e-05
6.923221473854948e-05
6.912760956726116e-05
6.903761563800619e-05
6.894378127092936e-05
6.884613871513433e-05
6.8748772343351e-05
0.00013731952291274322
0.0001371500225317894
0.00013696887871405788
0.0001368323315251918
0.00013665202537823328
0.00013648815965215015
0.0001362928348909657
0.00013609013054931808
0.00013586824662027735
0.000135654971270215
0.00013542664228987104
0.00013523826083596563
0.0001350347714536493
0.00013486306582280918
0.00013468790887400907
0.0001345209612483545
0.00013437763956077706
0.00013416515730864693
0.00013399565471234001
0.0001338227422191634
0.0001336349665435316
0.00013347825257899052
0.0001333447628844377
0.00013315832524872073
0.00013301789090632688
0.00013284749108023988
0.00013268884465927398
0.00011357183418512209
0.00011345264770116573
0.00011331765772401485
0.00011319580043580384
0.00011305183426601097
0.00011292098354176665
0.0001127777151234916
0.00011266653522237557
0.0001125270768278617
0.00011238164807686905
0.00011223659474171554
0.00011210133961100834
0.00011194447554013209
0.00011180054782268433
0.00011163206072784104
0.00011150758251561107
0.0001113802801214045
0.00011125945705384957
0.00011112654535352133
0.000111000111000111
0.00011088625842042524
0.0001107573030596705
0.00011061946902654867
9.205814392370221e-05
9.194641363013636e-05
9.183495422027532e-05
9.174143593695529e-05
9.16481079248119e-05
9.155245497908027e-05
9.144947416552355e-05
9.135673892984716e-05
9.125419769309389e-05
9.11319499503331e-05
9.103985724950384e-05
9.092810314884021e-05
9.083642177167357e-05
9.07424547648863e-05
9.063389345079486e-05
9.054526357726228e-05
9.045926167150624e-05
9.036362321983662e-05
9.02681867829321e-05
9.016807328860997e-05
9.007791739854974e-05
8.999280057595393e-05
8.98908724808083e-05
8.976983015548135e-05
8.968770740282337e-05
8.960332607546393e-05
8.951669934026193e-05
8.942064364979299e-05
8.93224002715401e-05
8.923631561100106e-05
8.913370947758733e-05
8.904323048840212e-05
8.893157604539067e-05
8.882493493573517e-05
8.87350814144372e-05
8.863598089008252e-05
8.853474988933157e-05
8.844078889183692e-05
8.833532087805309e-05
8.824645469868248e-05
8.815776714007388e-05
8.804832091852009e-05
8.795538902668567e-05
8.785339026233022e-05
8.773776935495193e-05
8.76570156292459e-05
8.756030716155752e-05
8.746840203976314e-05
8.737898011254413e-05
8.728974083675946e-05
8.720068365335984e-05
8.713002413501669e-05
0.00014797019706148598
0.00014780038254216658
0.00014763095734333752
0.0001474811094049571
0.00014731241497040754
0.00014716703458425313
0.00014699524427150886
0.00014686190661310528
0.0001466908275088446
0.00014657699603379894
0.00014644820041005496
0.0001462969656288188
0.00014612343132198728
0.0001459691060680216
0.00014583011649252836
0.000145683900215098
0.00014554171482385173
0.0001453998067037864
0.00014524328249818446
0.00014507966580472277
0.00014494977916474822
0.00014481642388619134
0.00014466853884775765
0.00014454676087714377
0.0001443957462711922
0.00014426340801086218
0.00014408733387577977
0.00014394093341461763
0.000143813076838481
0.00014365994845143027
0.00014352531955490267
0.00014339457125023196
0.00014322061028829467
0.00014313740348750076
0.00014299653443693012
0.0001428703493600249
0.00014272641026286847
0.00014260428987257888
0.00014249312680211895
0.00014234279494264424
0.00014223560910307898
0.00014210007188591872
0.00014194345640665965
0.00014178718577457507
0.0001416560424634819
0.0001415145385377386
0.00014140153878145146
0.00014127110756548332
0.00014113740141137403
0.00014101447472108166
0.0001408952650902973
0.00014075877258350308
0.00014063301401366624
0.0001239771881973717
0.0001238850346878097
0.00012375931288829484
0.00012363996043521266
0.00012354830738818879
0.00012345069379289913
0.00012335932103029704
0.00012324073845850484
0.00012313147979412417
0.00012302544166133556
0.00012290145761128726
0.00012281692908550516
0.00012274155538098978
0.00012263618748620342
0.0001225400093130407
0.0001224379851605162
0.00012231817403429802
0.00012222548156839739
0.00012213889635293257
0.00012204349630208206
0.0001219333756035702
0.00012179971255267838
0.00012171076653440763
0.00012158054711246201
0.00012146535807987562
0.00012133860751814012
0.0001414518619106509
0.0001413490351918712
0.00014122242127858744
0.00014112334180073385
0.0001410209919819493
0.00014090177133655393
0.0001407895477839725
0.00014067411033673362
0.00014054531582540256
0.0001404438024156334
0.00014032555528826877
0.00014021761774273673
0.00014008629315658444
0.00013596301805908793
0.00013585870694477744
0.00013577407194428472
0.00013567979568219004
0.000135572674928625
0.00013547543909980556
0.0001194200960137572
0.00011932035127911417
0.00011921793037672866
0.00011912703707233393
0.0001190164480731237
0.00011892586161786742
0.0001188495364868077
0.0001187676666904202
0.0001186690084017658
0.00011858457451854663
0.00011850026070057354
0.00011839083181398432
0.00011828160484481453
0.00011820051535424695
0.00011811395634508174
0.0001180163806736375
0.00011792174712860545
0.00011783281879669125
0.00011773293461112812
0.00011765536390804057
0.00011757236579114445
0.00011746464314241413
0.00011737640264801165
0.00011728004128257453
0.00011719757166631507
0.00011709876109510761
0.0001169973792587046
0.00011693444654926449
0.00011682788915369877
0.00011673242593327574
0.00011662895663735392
0.00011653110215116414
0.00011645781897796619
0.00011638191890507891
0.00011628447834783014
0.00011616830463976208
0.00011610626044956344
0.0001160092807424594
0.0001159205248881367
0.00011584263935869514
0.00011576217818114465
0.00011567915230317192
0.00011556952662721893
0.00011550812022085152
0.0001154334526145677
0.0001153429144847632
0.00011527111766875691
0.0001151914481868866
0.00011511453896627144
0.00011506420582685138
0.00011499011085046686
0.00011487914713721166
0.0001148105625717566
0.00011472363077346672
0.00011464208740312744
0.00011455541045203564
0.00011450556497045756
0.00011441385780645752
0.00011434321258690084
0.00011425698681474371
0.00011419435879867534
0.00011412137949923538
0.00011405890001596824
0.00011396011396011396
0.00011387965198378354
0.00011379930354826229
0.00011371648206691078
0.00011364669515410492
0.00011357441395602398
0.00011349449551696743
0.00011342240773087131
0.00011331958389048795
0.000113245153107447
0.00011318106707110034
0.00011309658448314861
0.00011302500113025001
0.00011294330246216399
0.00011285917432228066
0.00011276499774470004
0.00011268367438925449
0.00011259993244004054
0.00011253657438667567
0.00011245810935426554
0.00011234945173467554
0.00011227628949318483
0.00011221329503119529
0.00011214282510204997
0.00011207244362756085
0.00011199964160114688
0.00011193445118538584
0.00011185682326621924
0.00011177430532269243
0.00011169939458928132
0.00011161960040183056
0.00011155734047300312
0.00011148769175882982
0.00011140819964349375
0.00011132634203905329
0.00011125945705384957
0.00011120007116804554
0.00011112839775076123
0.00011105681666740704
0.0001109779375860079
0.00011091147046427542
0.0001108475402930809
0.00011077877478675086
0.00011071009454642074
0.00011064394777605666
0.00010688722292251782
0.00010682343927271655
0.00010675265777306592
0.00010670081092616303
0.00010663724949439234
0.00010656436487638534
0.00010650331262027528
0.00010643764222271159
0.00010636503011230679
0.00010630654408422411
0.000106245786805006
0.0001061781009497448
0.00010611283087078384
0.00014263770024138686
0.00015426344687415465
0.00015416538804378005
0.0001540640789742691
0.000153986498814085
0.00015388542464354738
0.00015379120839073172
0.00015369039034445584
0.00015362660725467067
0.00015353605914412744
0.0001534322280395579
0.0001533419088524066
0.00015324501772122478
0.00015315158377609384
0.00015305826369545032
0.00015294509923309993
0.00015285203054142942
0.00015277234748106638
0.0001526993776233898
0.00015261654189721891
0.00014890633357910103
0.00014882565002853694
0.00014874183183508427
0.0001486452357758776
0.0001485648348478292
0.00014846525840882716
0.00014767750115260485
0.00014759456851987844
0.00014750854470228455
0.000147416260373071
0.00014733044421925642
0.00014724790081956023
0.00014712742670542215
0.00014705143931079498
0.0001469723691945914
0.00014688391155439002
0.00014680817542502754
0.00014671361502347415
0.00014665693723083084
0.0001465782906826258
0.00014650286931229407
0.0001428622450801814
0.00014278269188209005
0.00014271239171697277
0.00014264216074345092
0.00014255370710915336
0.0001424653631085942
0.00014239841652960818
0.00014230418943533696
0.00014221312058250492
0.00014213125821696334
0.00014204646339817753
0.00014194363418286598
0.00014187717692793348
0.00014179871672161364
0.00014172938191816544
0.00014164506579413306
0.00014158790839262326
0.00014150976771171628
0.00014142871285728427
0.00014135074774545555
0.00014126688139232636
0.00013976536360171105
0.00013968253968253967
0.00013961457914665875
0.00013954078396549537
0.0001394700139470014
0.00013941992860009715
0.000139361050697861
0.0001392816443675347
0.00013922288317934437
0.0001391231028667791
0.00013905861531330328
0.00013897662665824384
0.0001388859662044149
0.00013882461823229986
0.00013873123975280616
0.0001386729419674749
0.00013859431763297704
0.00013851868952924633
0.00013844895219315725
0.00013839089136315026
0.00013830389136857985
0.00012426869964674177
0.00012419846635826373
0.00012413350628338703
0.00012407639760211904
0.0001240089732335688
0.00012393644427733912
0.00012387175793509954
0.00012380455572943833
0.00012374000695168576
0.00012367294758490355
0.00012222731502701498
0.00012216877338386674
0.0001220924989420962
0.00012202900962365141
0.00012195797993236873
0.00012189716312056735
0.00012185159030172113
0.00014738546488696986
0.00014731207336556214
0.00014726013191189278
0.0001471868651270782
0.0001471258651415309
0.00014706491569659055
0.00014697662864595191
0.00014691580276036167
0.00014685198974104407
0.00014676395807925252
0.00014670027687094505
0.00014663059416368927
0.00014656400305513694
0.00014649444971732758
0.0001464370423842425
0.00014636760946647973
0.00014627714368123943
0.0001462108731466227
0.00014614165448819543
0.00014608452327064726
0.00015003986045901226
0.0001499966710921559
0.00014990420612415433
0.00014983954844697956
0.00014977187163025507
0.00014968889722665162
0.0001496305629215074
0.0001495508106688689
0.00014947726862489692
0.00014939462023341445
0.00014935791694451917
0.00014927234603122634
0.00014919297507542424
0.0001491258809329128
0.0001490618927941418
0.0001489857880006146
0.00014754294345256316
0.00014746769408322303
0.00014741356204770836
0.00014732643286602317
0.0001459201068010994
0.00014585472907775003
0.00014579534559991774
0.00014570932539682534
0.0001442854721959958
0.00014420336351925886
0.0001441359869832628
0.0001440774498484769
0.00014402480706475506
0.0001439575972414246
0.00014390796071795582
0.00014384960861321252
0.00014381462005914737
0.000143767995121537
0.00014369811437212602
0.00014363411666946222
0.00014355565190163062
0.00014348307573787856
0.00014340187750592372
0.0001433236662001433
0.000143231081721503
0.00014317327714022426
0.0001430895433234803
0.00014302896960586398
0.00014296844715156956
0.00014291373285874463
0.00014285906042842375
0.00014280730406646193
0.00014272973980081056
0.00014266947026538433
0.0001426178511605647
0.00014255481184678322
0.00014249182823709874
0.00014243461868627483
0.00014239459932644484
0.00014233175717629076
0.00014228894204829226
0.00014223759788381
0.00014218344145000388
0.00014212932624022142
0.00014205534056576158
0.0001420070069497657
0.00014195018596427044
0.0001418877353765167
0.000141842351270203
0.0001417714966978659
0.00014170637298258626
0.0001416186921466257
0.00014156218142571166
0.00014152265074774298
0.00014145493521079157
0.00014141828301120335
0.00014137883264731386
0.00014129999791369127
0.0001412381179878592
0.00014119876806443967
0.0001411201339599446
0.00014104439111893636
0.00014097713237374267
0.00014091553485011407
0.0001408679736189266
0.00014079808892580506
0.00018700062333541117
0.00020015540367662821
0.00020005624222658826
0.00019996906139050188
0.0001998977881121163
0.00019981074529407998
0.00019973168121316273
0.00019966847498493071
0.00019958163171163846
0.00019950274880910037
0.000199416049605683
0.0001993491063612112
0.0001992822080468652
0.0001991996309169103
0.0001991171221940453
0.0001990386059786691
0.00019895623056774792
0.00019888175916544715
0.00019881125871909285
0.00019873298348828885
0.00019867431750217654
0.00019861959382293066
0.00019851804407287863
0.00019517537701142974
0.00019509867220615898
0.00019501436652599448
0.0001949416156873305
0.00019488039391075883
0.00019478863331249987
0.00019470841364471742
0.00019462062978675744
0.00019456723487764664
0.00019448719742549324
0.00019443006812046277
0.0001937014406428129
0.00019361048142671735
0.00019352339230302153
0.00019344772629101693
0.00019336456198925425
0.00019328524455978314
0.00019319467571092948
0.0001931381132692762
0.00019307404919392983
0.00019300626295106393
0.00019294228630109772
0.00019285579713574806
0.00019281070312811708
0.000192735593292653
0.00019263053778033633
0.0001925855490402697
0.00019251435982953498
0.00019244696595040837
0.00019238335948747152
0.00019232727104447224
0.0001922712152965724
0.0001922114585038771
0.00019215920177178555
0.00019208832735252742
0.0001920212313754191
0.00019197652675846067
0.00019192067525045282
0.0001918611361170741
0.0001917867641290454
0.00019171616412675044
0.00019034707908533802
0.00019028811501367696
0.00019021814260831098
0.00019014454301743915
0.0001900893806899029
0.00019001588068770283
0.00018990573719585412
0.0001898470461951948
0.0001897810621670901
0.00018970413874872476
0.0001896492316173937
0.0001895833850003169
0.00018949200718306912
0.0001894554807157452
0.00018935328148135918
0.00018929857723409466
0.00018922933054623468
0.00018916377513706126
0.00018908371351618756
0.0001890000851599221
0.00018894558477010705
0.00018853591792281012
0.0001884743368402369
0.00019318860420433273
0.0001931255530933
0.0001924449696959726
0.00019238588652385066
0.0001923379081528253
0.0001922715160547401
0.00019221622430916734
0.00019216833051309996
0.00019210205541444046
0.0001920395042270581
0.00019196964226450328
0.00019189615824893733
0.00019185209483716948
0.00019177136445029793
0.0001917236920583321
0.00019165039618064566
0.0001915588551049002
0.00019021244861581
0.00019014345080134806
0.00019007087558014105
0.00019000560523348934
0.00018994762476920663
0.00018987519893092503
0.0001898353882571632
0.00018978836079661205
0.00018970882892100442
0.00018964741811112443
0.00018960048372372996
0.00018953553598728397
0.000189481446853693
0.00017675765859278623
0.0001767038817808926
0.00017664006430187122
0.00017658300351265806
0.00017652262637446133
0.00017646564142073152
0.0001764187402535765
0.00018547887890330247
0.00018541202572010327
0.00019673448746082922
0.000196682267628726
0.00019661144218125439
0.00019652205133478934
0.0001964885507199319
0.0001964215837431273
0.00019635837905414484
0.00019631007349575212
0.00019626179169853614
0.00019621724496036476
0.0001961245041745666
0.00019608372599583262
0.00019601333088597848
0.00019592448296082052
0.000195865295744459
0.00019576549836405286
0.00019570640715017875
0.000195654731593322
0.00019556989525317708
0.00019551092204691904
0.00019545566695825767
0.00019541148536947886
0.00019535260764569844
0.00019529376539109407
0.00019525333189929466
0.00019205492044974988
0.00019201156637903004
0.0001919610113618351
0.00019190326678717137
0.0001916146013727159
0.00019156059703201862
0.00019152101319178132
0.00018832644323245435
0.00018827694412036847
0.0001882310039523148
0.00018814272045797472
0.00018807920760247234
0.00018804041529609666
0.0001879769714821261
0.00018792413433095525
0.00018787836615406022
0.00018782910227321372
0.0001877904130586564
0.0001877376807175751
0.00018769200330466258
0.00018763581545402786
0.00018755861206627068
0.00018751302173762062
0.00018746044504498247
0.00018740439572760686
0.00018422103677927186
0.00018417975089933254
0.00018413848352045038
0.00018407661711441456
0.000184031961668746
0.00018400105905003566
0.0001839461466790659
0.00018388098079327194
0.000183826140059364
0.00018378845602610487
0.00018336513613996427
0.00018331732521664168
0.0001832831898191375
0.00019343354290111308
0.00019335435242242343
0.00019329320417591276
0.00019326084723004597
0.0001931925736845507
0.00019314588799308855
0.00019307410789497903
0.00019302030782404546
0.00019296653772752276
0.00019289847192938256
0.0001928483489017278
0.00019280898479265523
0.0001927553323527723
0.00019208707240755314
0.00019204077091787542
0.00019200516957366907
0.0001919446775726544
0.00019188066875044663
0.00019181315018043665
0.00019175987960124525
0.0001917030902538149
0.00018855539255206198
0.00018848564118147026
0.00018842639307858788
0.00018834977433232643
0.00018808802255472368
0.00018804632405726107
0.0001879942269281611
0.00018793521840050642
0.0001878658440120234
0.0001878103813671014
0.00018776534207551193
0.0001876995542629532
0.00018765110852423265
0.00018758194369119139
0.00018753701388431925
0.00018749210559555385
0.00018741960685284993
0.00018736785635393982
0.0001873057934667739
0.00018722310687877399
0.00018715081597755763
0.00018712329126889285
0.0001870648281366505
0.00018702014567885028
0.00018696174697056366
0.00018691024897756812
0.00018685534904579198
0.00018682791117217794
0.0001867833418095832
0.00018672166547863638
0.00018666345299879746
0.0001866018558045617
0.00018654029924991162
0.00018650611870950852
0.0001864890331361566
0.0001864343803313691
0.00018639341174500856
0.00018635246116022387
0.00018630811832722762
0.0001862774318028518
0.00018622971729675473
0.00018617521635519877
0.0001861207473041879
0.00018606971150707323
0.00018602210334213182
0.00018596772383336246
0.0001859133761086308
0.000185859060140079
0.00018581155969571236
0.00018579120979413027
0.00018574713362844313
0.0001857030783706086
0.00018566920392863005
0.00018562180046633405
0.00018558118818844105
0.0001855541232079378
0.0002006725241349387
0.00020060672147459167
0.0002005555714554567
0.00020051174933820282
0.0002004679463673474
0.00020042051474054967
0.00020037675161774438
0.00020032571879033585
0.0002002528598273279
0.00020019825037550696
0.0002001545842540444
0.00020010730077966128
0.00020007094407530453
0.00019999463798159789
0.00021508639772004095
0.00021505125352186952
0.00021500831509544207
0.00021494198942528616
0.00021491469074747977
0.00021487180683218922
0.0002147899850445727
0.00021475493763689277
0.00021472379398600734
0.00021467320481420303
0.00021463430628466506
0.00021459542184930786
0.00021453712160610897
0.00021447108627988584
0.00021442061610046695
0.00021438180904635214
0.00021436241078645797
0.00021428872940351494
0.00021422284687738443
0.00021416862108986214
0.0002141221636883242
0.0002140679888538348
0.00021402544213999628
0.00021395972138358612
0.00021333065003711034
0.00021328057422817452
0.00021322282365299135
0.00023809953514514147
0.0002380265063843168
0.00023736942963480237
0.00023733518151611104
0.0002372881064864187
0.0002372239433512485
0.00023716836336235822
0.00023713417323537335
0.0002370658225459162
0.0002370188542988024
0.0002369633703591279
0.00023689938269858698
0.0002368439546726865
0.00023679707429010146
0.0002367374351831149
0.00023668633985366298
