0.00019259799783160226
0.00019259799783160226
0.00019259799783160226
0.0001955975419009037
0.0001955975419009037
0.00019560106218493987
0.00019560106218493987
0.00019560458259569154
0.00019560458259569154
0.00019560458259569154
0.00019560810313316558
0.00019560810313316558
0.00019560810313316558
0.00019561162379736887
0.00019561162379736887
0.00019561162379736887
0.00019561162379736887
0.00019561514458830818
0.00019561514458830818
0.00019561866550599037
0.00019561866550599037
0.0001968186127083135
0.00019682215535123354
0.00019682215535123354
0.00019682215535123354
0.00019682215535123354
0.00019682215535123354
0.0001968256981216877
0.00019682924101968287
0.00019682924101968287
0.00019683278404522593
0.00019683278404522593
0.00019683632719832378
0.00019683987047898333
0.00019683987047898333
0.00019683987047898333
0.00019683987047898333
0.00019683987047898333
0.00019685050108640088
0.00019685050108640088
0.00019685050108640088
0.0001890495805777808
0.00018905298393308753
0.00018905638741093393
0.00018905979101132658
0.00018906319473427214
0.00018906659857977724
0.00018906659857977724
0.00018966672340574105
0.00018967013817850102
0.00018967013817850102
0.00018967355307422277
0.000192677754298899
0.000192677754298899
0.00019268122346984424
0.00019268816218652362
0.00019269510140296653
0.00019270204111922695
0.00019270204111922695
0.00019270204111922695
0.0001927055111648056
0.0001927055111648056
0.00019270898133535888
0.00019271592205141635
0.00019271592205141635
0.00019272286326745336
0.00019272286326745336
0.00019272980498352392
0.00019274021849531093
0.00019274368991598195
0.00019274716146170187
0.00019274716146170187
0.0001933475348939767
0.00019335101737839484
0.0001933579827235938
0.00019336146558438823
0.00019336494857065495
0.00019337191491963253
0.00019337539828235694
0.00019337539828235694
0.00019337888177058078
0.00019338584912355396
0.0001675707132578214
0.00016791688923131802
0.00016791688923131802
0.00016791688923131802
0.00016792293974529808
0.00016793806793806792
0.0001679441199784275
0.00016281446358747836
0.0001628203313039785
0.0001628203313039785
0.0001658355580613244
0.00016584452408414347
0.00016585050197132526
0.00016585648028946998
0.0001658624590386243
0.0001658654485748446
0.00016587441783014802
0.00016588338805553768
0.00016589235925117092
0.00016590133141720516
0.0001659073134004174
0.00016591329581503564
0.00016592227024595134
0.000165931245647793
0.00016593423766419547
0.00016593423766419547
0.0001659432143608503
0.00016595518480065196
0.00016595817768045
0.00016597015027920774
0.0001659821246055509
0.00016598811241668384
0.0001660060784424893
0.00016600907315824422
0.0001660180579538328
0.0001660180579538328
0.00016602704372202992
0.00016603003919425814
0.00016604202216413973
0.00016605700330911007
0.00016605700330911007
0.00016606599329376968
0.00016606899017163756
0.00016607798145426732
0.00016608997134571983
0.0001660959669406713
0.00016611095782199955
0.00016611395632298916
0.00016611695493223374
0.00016612895045187934
0.0001661379482285783
0.00016614094770407397
0.0001661439472878774
0.0001661439472878774
0.00016615894683171646
0.00016617995074366066
0.00016919273352681928
0.00016920495600671143
0.0001692110679088952
0.00016922023659010255
0.0001692232930379774
0.0001692324630441028
0.00016923551993366484
0.00016924163404410518
0.00016924163404410518
0.00016925080603814616
0.0001692569212531636
0.00016926303691009573
0.00016927832798611703
0.00016927832798611703
0.00016928138653285907
0.00016929362182515302
0.00016930279945513325
0.0001693119780802302
0.00016931503784309423
0.00017053523017737727
0.00017053523017737727
0.00017054447712173596
0.0001705537250689445
0.00017056605722549323
0.00017056605722549323
0.00017058147492930102
0.00017059997985344674
0.00017060614905372348
0.00017061540369076893
0.00017062774476879358
0.00017063083031726225
0.0001706462597336833
0.00017065243228160104
0.00017065860527607678
0.00017067403971627538
0.0001706802142740858
0.0001706802142740858
0.00017069256473008348
0.00017069565262336345
0.0001707049169735737
0.00017071727100494445
0.00017071727100494445
0.00017073271605895642
0.00017073889486309866
0.00017194833708595174
0.00017195456022114965
0.00017195767195767194
0.0001719638957685937
0.00017197945726713394
0.0001719981347834444
0.0001720137024796523
0.000172023044450134
0.00017203238743538547
0.00017204173143557205
0.00017205419168156135
0.0001720666537325659
0.00017207288543507146
0.00017207911758897795
0.0001720884666663217
0.00017210093368314107
0.00017211340250644722
0.00017332719205636173
0.0001733428911299679
0.00017337429781036758
0.00017339000541870728
0.00017341200085260538
0.00017342142917553405
0.000173443432583198
0.00017406338963094935
0.0001740854792940581
0.00017409810447613003
0.00017411704568316653
0.00017412967544439117
0.00017415494046431527
0.00017416125786489438
0.00016207854396202363
0.00016208148384238064
0.00016210794756565958
0.00016211971199452604
0.00016516150661164452
0.00016517649214039872
0.0001651854847630109
0.0001651914803887509
0.00016520047464347725
0.00016520647135744149
0.000165227463285187
0.00016523346195870158
0.00016525146059295147
0.0001652784658976441
0.00016529047108865155
0.00016530247802380737
0.00016532049169765074
0.00016534151261318305
0.00017747384174852607
0.00017748351475323603
0.00017749641373319557
0.0001775125400949906
0.00017752221731869193
0.00017752221731869193
0.00017754802840768452
0.00017756416415012845
0.0001775899874392848
0.00017761258897944834
0.00017763519627325426
0.00017888320758246555
0.00017889296822019035
0.0001789027299231381
0.00017893853195033902
0.0001789548103364922
0.00017897109168466774
0.00017897760505348532
0.0001789906332134863
0.0001790036632703202
0.00017904276482596314
0.00017906884202148826
0.00017908514412647545
0.00017909492681429534
0.00017910471057094992
0.00017912428129146396
0.00017914385628941946
0.0001791601720562175
0.0001792058720181158
0.000179231996751176
0.00017924832857767688
0.00017926466338079875
0.00017926793069868928
0.00017930714780534302
0.00016716586361071318
0.00016717500718448807
0.00016720244390837772
0.00016721769042451841
0.0001672390402190132
0.0001672603954659446
0.00016729091242401097
0.00016730312232547426
0.00016732144051985652
0.0001685503108990653
0.00016857184576393158
0.00016858415387182907
0.00016860569738602485
0.00016862108898185724
0.0001686426419376296
0.0001686734414339199
0.00016869500777588742
0.00016870425218219534
0.00016872582640422163
0.00015657234042368068
0.00015659809245335563
0.00015663244167302075
0.00015664103133255862
0.00015665821347826504
0.000156675399393846
0.00015670118533844671
0.0001567183806841439
0.0001567413136829636
0.00015677859412422234
0.0001567958064636991
0.00015681015296723676
0.00015681589230377753
0.0001568445952895197
0.00015685895072301562
0.00015688192488324306
0.0001568876694748644
0.0001569049057742226
0.0001569307673256102
0.00015695663740356478
0.00015697388886126544
0.00015699402035556812
0.00015700840315604778
0.0001570199112940029
0.00015704293263168
0.00015706883970686302
0.00015709187539502127
0.00015712067950873922
0.0001571322041120699
0.00015836629902281837
0.00015838372617038893
0.0001584069683343291
0.00015843312392379484
0.00015847091947213061
0.00015848255249980339
0.00015849418723551528
0.00015850291440842624
0.0001585174618325615
0.00015854074326628027
0.00015855238654783325
0.0001585844143919619
0.00015860771549790228
0.00015863976570126912
0.0001586485089139729
0.000158660168030173
0.0001586834914043161
0.00015870973839804246
0.00015873599407595696
0.00015875350268791083
0.00015877393428413838
0.00015879437114014097
0.00015882941799331052
0.00015884402541504406
0.00015886448031998907
0.00015888494049371294
0.00015890540593825167
0.00015891710284526023
0.00015894927822039916
0.00015896098158734833
0.0001589931747346826
0.00015902245254975208
0.00015904002441507738
0.0001590576001641885
0.0001590898324622211
0.00015912794202425484
0.00015913673913157936
0.00015915140313879742
0.0001591748711723644
0.00015921008620258266
0.00015923650770235812
0.0001592570638213792
0.00015927175001317385
0.00015930406917143437
0.0001593099467912684
0.00015932758225335853
0.0001593540427685689
0.00011631228111803916
0.00011634019331722943
0.00011637026759446346
0.0001163853105645501
0.00011639820763470223
0.00011641970910466339
0.0001164369160009044
0.00011644767289421958
0.00011646058379002425
0.00011647349754908431
0.00011648856722142861
0.00011650364079379164
0.00011654241932728563
0.00011656397411372628
0.00011657475449717833
0.00011658338023975568
0.00011658985038443377
0.00011661573814634283
0.00011664163740710972
0.00011666970792463675
0.00011668482841555491
0.0001166869888056313
0.00011670427480660245
0.00011671508115820868
0.00011672588951125058
0.00011674318704049185
0.00011675832658455208
0.0001167842892261971
0.00011680593358256639
0.00011683841516436389
0.00011686441343954
0.00011998159428468978
0.00012000385143019681
0.00012003057090727561
0.00012004616276439317
0.00012006175867277184
0.00012007958753081542
0.00012009965132644474
0.00012011303091551152
0.0001201397990388816
0.00012017327597569465
0.00012019113797164073
0.0001202023044157646
0.00012022240924469177
0.00012025369679426748
0.00012027605501622421
0.00012028947394052733
0.0001203185585508987
0.00012033198696145124
0.00012035885277680321
0.00012037229018361094
0.00012038573059117945
0.00012039469253047754
0.00012042158635606142
0.00012044849219944178
0.00012047092292166597
0.00012050009535340634
0.00012051580943864561
0.0001205315276228805
0.00012055848262262843
0.00012058769748066248
0.00012060793144746386
0.00012062592289708217
0.00012065066990651682
0.0001330967169476486
0.00013311906360932553
0.00013314141777617848
0.00013316874973339589
0.00014564017233272269
0.00014567008237894314
0.00014568912244199332
0.00014573266128207387
0.0001457571633174099
0.0001457898455170401
0.00014580074284076974
0.00014582799327865118
0.0001458661610091784
0.00014588525236768602
0.0001459289085301392
0.00014595620690238795
0.0001459999055478182
0.00014602723049130564
0.00014606276821260534
0.00014609832323529543
0.00014610926672498553
0.0001461284217773711
0.00014615853272354406
0.00014619961310862226
0.0001464501239605254
0.0001464748301614972
0.00014649130559371828
0.00014652152018086167
0.0001465435022557519
0.00014654899880510322
0.00014658748619880157
0.00014662049148689798
0.00014665075939355754
0.00014668930026253899
0.00014671408723453334
0.00014672235142014896
0.00014674714956405097
0.00014677471289041536
0.0001468022865730925
0.0001468160772998725
0.00014683814785286119
0.00014684918561790755
0.0001468685057002164
0.00014688506981740064
0.00014691544707149437
0.0001469624184586947
0.00014699006271934304
0.00014702601581000044
0.00014705091671595247
0.00014708689958562905
0.00014712844016956083
0.00014715060474325314
0.00014717831985319838
0.00014723100733463428
0.00014726430307908928
0.0001472976138863681
0.0001473337176040898
0.00014736705982509927
0.00014740319759843273
0.00014743935309973047
0.00014745882879409948
0.00014749779562252429
0.0001475312121563561
0.00014756743049223315
0.00014760087858950766
0.00014764549964640656
0.00014769014769014767
0.00014772644411376287
0.000147785114499692
0.00014780468165249416
0.00014782984703529538
0.00014787180838841355
0.00014791099381586027
0.00014793339481448828
0.0001479502000167695
0.00014797541498041421
0.00014800904830452523
0.00014802867480508656
0.00014805391652682293
0.00014808758554968378
0.00014813250140820658
0.00014815216066519507
0.00014817182514099348
0.00014820554781864193
0.00014825616062619934
0.00014828147999555426
0.00014829836438019688
0.00014832088287531012
0.00014835467344342858
0.00014836875739131377
0.00014840820667538486
0.00014843921726128288
0.00014847588284791401
0.00014851256655236357
0.0001485633893094111
0.00014860859430397113
0.0001486481712470413
0.00014869625731248504
0.0001487330500063898
0.00014876702865737075
0.00014880669004409792
0.00014883786740096976
0.00014886338586641483
0.00014889458698764745
0.00014894567158977039
0.00014899110956157936
0.00014903373284545445
0.00014907638052359331
0.00014911051624405056
0.00014915605486325088
0.0001491873788023008
0.00014923296438870413
0.00014928428148410956
0.00014931565930916257
0.0001493755990726151
0.00014940701530124497
0.0001494327293191386
0.00014947274650023364
0.00014951850667366425
0.00014959865443257803
0.0001496330297816233
0.00014969035714969855
0.00014975059818109145
0.00014979940025468635
0.00014983386793253914
0.00014988272430347004
0.00014992298289178685
0.00014997189740496524
0.00015004676960551688
0.00015012171660203473
0.0001501649893209907
0.0001502111743932512
0.000150242943113682
0.00015028917615704805
0.00015033543766301225
0.00015038462172906573
0.00015044542296616765
0.00015047149569216887
0.00015371634015701812
0.00015377557574089366
0.00015381706782084534
0.00015385858229781735
0.00015388528201130635
0.00015393277105623046
0.00015399217359585507
0.0001540308098381206
0.00015406649127354893
0.00015410814051425775
0.00015414981227937537
0.00015419448561510812
0.0001542451467077496
0.00015430479062975873
0.000154346568827887
0.0001544003169075717
0.0001544839994764504
0.0001545318588264799
0.0001545737600897192
0.00015461268875709296
0.000154654633871764
0.00015471159580026327
0.0001547535946046766
0.00015479261391711206
0.00015485568669627034
0.00015490678327191593
0.00015492783284063325
0.0001549639311279636
0.00015501509917359194
0.00015503617819170095
0.00015508739396732246
0.00015514165933076183
0.0001551929448324268
0.0001552291667824402
0.00015525634434300907
0.000155304683511109
0.00015532886438474107
0.00015537422382417125
0.00015540447817104878
0.00015546502222519052
0.0001554892530578316
0.00015554380005754006
0.00015559231841837996
0.00015562569235326288
0.00015567122534431577
0.0001570297771199252
0.00015708188334671782
0.00015712175262342192
0.00015717391991756273
0.00015721383593387343
0.0001572537722295421
0.0001572875803306762
0.00015732140297179198
0.00015735524016227142
0.00015739217006549935
0.00015745375843984755
0.00015751231205705487
0.00015759868102026961
0.0001576696978432838
0.00015771913861085835
0.00015775005483914628
0.0001578243032617334
0.00015786764712750941
0.00015790171972725046
0.0001579668082759652
0.0001580071280848788
0.00015804746848168753
0.00015808472405796938
0.0001581437479881121
0.00015820281601012498
0.00015824636805857924
0.000161580850842609
0.00016162536084618606
0.00016165716872228983
0.000161711270853723
0.0001617877120122452
0.0001618514682039272
0.00016191527466462419
0.00016195677584900556
0.0001620174697097774
0.000162062220618824
0.00016212619338976263
0.00016216780278138933
0.00016221584016520624
0.00016227672838826752
0.0001623697512213029
0.000162430755062896
0.00016247252095189118
0.00016253681812271388
0.00016260116620384247
0.00016265590214620927
0.00016271389803073735
0.0001627848380786293
0.00016282033130397846
0.00016287521492446837
0.00016294952815484455
0.0001629947955053122
0.00016304332415564824
0.00016309188171158547
0.0001631437083274223
0.00016321502373004517
0.00016327017380464936
0.0001633286086390892
0.00016335784174460491
0.00016341308839369195
0.0001634813858672474
0.00016355299685978243
0.0001636214113556105
0.00016365727036750307
0.00016374861881599778
0.00016383026614582885
0.00016386948579180308
0.00016395125372810893
0.00016403310330662208
0.00016407897477749463
0.0001641412699681423
0.00016419704787985914
0.00016427914311998947
0.00016432515232227163
0.00016439092447737978
0.00016449297543476207
0.00016455228899388437
0.00016462484145912006
0.00016467764708577842
0.00016473048659953302
0.00016479988994233435
0.00016487266095872733
0.00016491900325822585
0.00016502171111729743
0.00016506150335146615
0.00016513782546511427
0.00016519096075062772
0.00016522418767168947
0.00016528402982586248
0.00016533725925457337
0.00016540384427299974
0.00016544715330189358
0.00016549715344896067
0.000165547183826472
0.0001656172771943569
0.00016570079911011466
0.00016579444372359902
0.00016587479482009073
0.00016592170227009743
0.0001659820508453538
0.00016605251302429275
0.00016611967550327037
0.00016618353020060519
0.00016623397649017917
0.00016629118598873846
0.00016635517263327218
0.0001664259520288047
0.0001665170426573224
0.00016661837148652562
0.00016667584591615188
0.00016678752719361854
0.00016683834090150734
0.0001669197072663777
0.00016702492302329632
0.00016708607693514735
0.0001671676851781862
0.00016725618411560746
0.00016735841478109518
0.00016741981318860495
0.00013352950030833175
0.0001335703600085485
0.00013363033282213656
0.000133665796623845
0.0001337285864061731
0.00011678013803412316
0.0001168350551899592
0.00011688285124027316
0.00011732285612943712
0.00011735887935916594
0.00011740213644585509
0.00011744061396860512
0.00011746708189914222
0.00011751523598699134
0.00011755619801384703
0.000117611662700692
0.0001176599354238494
0.00011773000130050583
0.00011779046992918875
0.00011784131160120308
0.00011789462140061553
0.00012138169399469211
0.00012144665610012143
0.00012150918527061536
0.00012156175955496032
0.00012161688619545275
0.0001216595183107885
0.00012172728960779053
0.00012177251243524384
0.0001218303460807797
0.00012189075283034459
8.749268023836589e-05
8.754696170682108e-05
8.758862313443129e-05
8.76448382711193e-05
8.768659292707514e-05
8.772293367593629e-05
8.780298944981403e-05
8.786130366803647e-05
8.791056657321843e-05
8.794709324469375e-05
8.797450817400942e-05
8.800742865854503e-05
8.803488122222916e-05
8.807700843320017e-05
8.812651359021866e-05
8.818158463001923e-05
8.822201382376437e-05
8.826248010619296e-05
8.830298352836473e-05
8.834536778107045e-05
8.83804115604362e-05
8.844688659994846e-05
8.848201098012986e-05
8.854123093226247e-05
8.857643030011368e-05
8.862278791938816e-05
8.866733690795353e-05
8.871564888162399e-05
8.876029130149146e-05
8.882547542611749e-05
8.886090120347048e-05
8.891502663950207e-05
8.896173944717635e-05
8.901785964617153e-05
8.906280681085023e-05
8.910779938817322e-05
8.914532794249776e-05
8.920919908402523e-05
8.924869464999754e-05
8.93014098372183e-05
8.934852961868581e-05
8.93900361783296e-05
8.943724955809548e-05
8.948451283785688e-05
8.953750705019741e-05
8.959056406783487e-05
8.965507504200376e-05
8.968926553672316e-05
8.972538380562797e-05
8.976533785694092e-05
8.981675966590994e-05
8.986633267525704e-05
8.991978022756077e-05
8.998285366095595e-05
9.005367766456068e-05
9.00862558165929e-05
9.014956309404658e-05
9.020142617688003e-05
9.025912185692153e-05
9.032074532394567e-05
9.038438271736733e-05
9.042685748869664e-05
9.050225186705433e-05
9.056227047456056e-05
9.062042884155696e-05
9.066700934512719e-05
9.070586302700463e-05
9.076031415932366e-05
9.079535299374441e-05
9.083626584270306e-05
9.086551188764157e-05
9.095922591550102e-05
9.098855120434453e-05
9.105313344661203e-05
9.112173002138131e-05
9.117864553045152e-05
9.122973370974578e-05
9.130253490344936e-05
9.134587720812476e-05
9.140307315844399e-05
9.146626911248911e-05
9.152955251417987e-05
9.158896028500754e-05
9.164447715743367e-05
9.17159549652996e-05
9.17795844625113e-05
9.182338098026882e-05
9.187718841334607e-05
9.196301204208575e-05
9.201898344382857e-05
9.208303424473786e-05
9.2141157350978e-05
9.222948438634713e-05
9.22696890438826e-05
9.232402096554933e-05
9.237640110269783e-05
9.242884070944594e-05
9.248538075575849e-05
9.25521061069815e-05
9.26006941406364e-05
9.265541669402556e-05
9.270411328880616e-05
9.278945561083957e-05
9.285458387254794e-05
9.291164614562986e-05
9.296061251527994e-05
9.304233792684088e-05
9.309348931990442e-05
9.314264759809315e-05
9.322264062305022e-05
9.32719354293814e-05
9.331099747252102e-05
9.337686018469502e-05
9.344694126822951e-05
9.350060370468533e-05
9.354605854362782e-05
9.361432372865115e-05
9.366817863332964e-05
9.37220955374999e-05
9.37677660383488e-05
9.383635530729559e-05
9.38842193194503e-05
9.394880899541352e-05
9.401139980753572e-05
9.405526302146978e-05
9.417033708531684e-05
9.424581088502012e-05
9.435714551060589e-05
9.439712200270556e-05
9.446452745421818e-05
9.824718097577314e-05
9.829766319646129e-05
9.837238418887498e-05
9.846043680630147e-05
9.857955818434378e-05
9.864364981504316e-05
9.870782483847811e-05
9.877873563218392e-05
9.88408662054093e-05
9.889862890537201e-05
9.8943107713065e-05
9.901658527803407e-05
9.911695801045234e-05
9.920187581728819e-05
9.928917973598105e-05
9.934522465567849e-05
9.942154736080984e-05
9.948898837787727e-05
9.958355965960529e-05
9.963993749858466e-05
9.971219434813154e-05
9.97958720798367e-05
9.98502246630055e-05
9.99364041064777e-05
9.999318228302616e-05
0.00010005457522284883
0.00010011148779322427
0.00010017986840008198
0.00010026433324218394
0.00010033292288046701
0.00010041077133728892
0.00010050021698910487
0.00010057832537088258
0.00010064734542626439
0.00010074182617455812
0.00010083417361811349
0.0001009128021650383
0.00010099387150825166
0.00010113315098719747
0.00010120526267365903
0.00010130079429031887
0.0001013965064294603
0.00010146665436767827
0.00010154392928850015
0.00010163540607964521
0.00010175527855507505
0.00010185185185185186
0.00010196514645902856
0.00010204791613516711
0.00010215690371711826
0.00010223285857013408
0.00010232796111537478
0.0001024280094047536
0.00010249720462169214
0.00010258801585451155
0.00010269576379974327
0.00010277012192273556
0.00010284458780356684
0.00010293842410630732
0.00010302760671552674
0.00010312902847767491
0.00010322338478862667
0.00010330093440390666
0.00010336888596532445
0.0001034612490594432
0.0001035342839663043
0.00010365135453474676
0.00010372954877646283
0.00010381275953189884
0.00010389855722685307
0.0001039672975591314
0.00010406073362817209
0.00010414940705848937
0.0001042086066835611
0.00010428764428432604
0.0001043890865954923
0.00010452051215050955
0.00010462987182840702
0.00010475691633731727
0.00010484927916120577
0.00010494931425163985
0.00010505706508762715
0.00010513739545997612
0.0001052606396976149
0.00010533371636502922
0.00010540184453227932
0.00010550040761521125
0.00010564479339239839
0.00010574127033717047
0.00010581756090522115
0.00010590415673815198
0.00010600366194468537
0.0001061366267850251
0.0001062391346339579
0.00010632385278979292
0.00010644474550029031
0.00010655042983412037
0.00010664598380920064
0.0001067365305775902
0.00010684279539604683
0.00010695707132091985
0.00010706638115631693
0.00010712372790573113
0.00010725951928233631
0.00010736420867698015
0.00010747172760802131
0.0001075636825893512
0.00010766896686732248
0.00010774806543246156
0.00010785106748045201
0.00010797546012269939
0.00010807093383111461
0.00010817721394502632
0.00010832102412604629
0.00010845719638147355
0.0001085910313680002
0.00010867954354591712
0.00010875475802066342
0.00010886508152510083
0.00010896753262834643
0.00010908640138837239
0.0001091757232891668
0.00010929776187992152
0.00010939286957386506
7.217341529578656e-05
7.226333756946001e-05
7.232641660015961e-05
7.240406461438594e-05
7.249818754531136e-05
7.257257257257258e-05
7.263801222322412e-05
7.27053927344749e-05
7.282223840494187e-05
7.289912269676478e-05
7.297066076191434e-05
7.304969898486108e-05
7.314550911796605e-05
7.320089860413459e-05
7.330081136415337e-05
7.342143906020558e-05
7.349028154380275e-05
7.35760497272612e-05
7.365827639633233e-05
7.376319470939844e-05
7.384584044205648e-05
7.390794637851063e-05
7.399280483759855e-05
7.41005723630417e-05
7.419346585821373e-05
7.431895645934241e-05
7.440094412232541e-05
7.449650637073572e-05
7.457696857480841e-05
7.46729838294366e-05
7.479624471267925e-05
7.487735605473792e-05
7.499935345384953e-05
7.507313158507857e-05
7.516653274928073e-05
7.526602647287827e-05
7.537949677687669e-05
7.549330973082731e-05
7.558184993093383e-05
7.567059805865776e-05
7.577143155749484e-05
7.589040378928637e-05
7.599979034540594e-05
7.610150366074474e-05
7.619347888915162e-05
7.629370445397384e-05
7.645058392428756e-05
7.655552915709722e-05
7.665468386551068e-05
7.676425432791571e-05
7.689452192819642e-05
9.467937316945838e-05
9.478505053726293e-05
9.48859152056896e-05
9.50553453085301e-05
9.517964045223671e-05
9.530680775637085e-05
9.541133879050522e-05
9.557752945485078e-05
9.570833109715737e-05
9.584979351983732e-05
9.597101137301331e-05
9.606924168148108e-05
9.620398841955728e-05
9.633130767499437e-05
9.646940026686861e-05
9.66078893433372e-05
9.67415283353224e-05
9.687816891206721e-05
9.708649771801363e-05
9.72559285214372e-05
9.739136766606593e-05
9.756720283036073e-05
9.774367406595414e-05
9.785630670178519e-05
9.80041949459145e-05
9.811473004694835e-05
9.823633642731888e-05
9.926379353130946e-05
9.94227954375984e-05
9.960434938992337e-05
9.974785957717991e-05
9.993060374739764e-05
0.00010012794125827446
0.00010031208203299154
0.0001005221567587189
0.00010062893081761007
0.00010082621481585212
0.00010105546822366945
0.00010123165176311794
0.00010141416417826357
0.00010156007560583406
0.00010169491525423729
0.00010183299389002037
0.0001020292483845369
0.00010219433956908054
0.0001024123805188894
0.00010253197003787987
0.00010269869344440007
0.00010287477853346288
0.00010304851867754401
0.00010329096490976387
0.00010346314125592758
0.0001036030850696443
0.00010382119682768565
0.00010397712503249286
0.0001041938004688721
0.00010442349528643945
0.00010459947119156231
0.00010478519035976249
0.00010495932826029913
0.00010515861424315009
0.000105290866017373
0.0001055563700337194
0.00010579522745973905
0.00010597586105387107
0.0001061539822486952
0.00010641127959563714
0.000106663506266481
0.00010684077756343672
0.00010713010355910011
0.00010732812593166776
0.0001075590080669256
0.0001077553952527762
0.00010790719980816498
3.804375031285979e-05
3.813652877300737e-05
3.8222839152257665e-05
3.8289854196265735e-05
3.836756123664708e-05
3.8416434146144205e-05
3.8496996221215905e-05
3.859082553900213e-05
3.866976024748647e-05
3.876087599579751e-05
3.882741215298001e-05
3.888701276108025e-05
3.8953983044766335e-05
3.902839829507524e-05
3.909103066588485e-05
3.918172069619732e-05
3.9259442929167707e-05
3.936314573686773e-05
3.9492008064683755e-05
3.956478733926806e-05
3.967881047102925e-05
3.977474931440893e-05
3.986864331203509e-05
3.9940299762460324e-05
4.000463211529756e-05
4.012629222500291e-05
4.020653461994245e-05
4.0314025037131345e-05
4.0440159206521514e-05
4.050222762251924e-05
4.057878156869027e-05
4.068304694609497e-05
4.079573147820113e-05
4.090375776364087e-05
4.099642899526384e-05
4.109352020070941e-05
4.1209833967747885e-05
4.1316024093765634e-05
4.1434958019845166e-05
4.156139602541808e-05
4.169958739355632e-05
4.1815220740349494e-05
4.192178277897292e-05
4.202888933129826e-05
4.211973087708798e-05
4.225884655590401e-05
4.2369101775042374e-05
4.2495610650742e-05
4.2608539648367424e-05
4.274658027357812e-05
4.287390558714686e-05
4.3016595349679646e-05
4.31572969903464e-05
4.327377495359458e-05
4.33998035587839e-05
4.351311118744991e-05
4.3666115094686526e-05
4.378838685887464e-05
4.391439005223502e-05
4.4016633654191435e-05
4.41439557631096e-05
4.422873238125168e-05
4.4369716500864046e-05
4.452098930324652e-05
4.4687481625213155e-05
4.482030595756225e-05
4.4976269100119545e-05
4.5120459753737287e-05
4.5259108395564614e-05
4.5401866255660304e-05
4.559306985338229e-05
4.575116183871512e-05
4.5872113376549696e-05
4.605725644195574e-05
4.619330683296258e-05
4.6379358744339896e-05
4.650536647452608e-05
4.669566713362334e-05
4.687538548836751e-05
4.705998910189727e-05
4.7200278233219066e-05
4.738036457943693e-05
4.748516088722275e-05
4.761725749658535e-05
4.778972520908006e-05
4.797616342196299e-05
4.821723131582287e-05
4.8382989559460156e-05
4.858527354787568e-05
4.872544494024722e-05
4.893627981249679e-05
4.9061378366514325e-05
4.93403968006648e-05
4.9513981184687154e-05
4.976883684989457e-05
4.993560934584353e-05
5.011341456981591e-05
5.0304474450622193e-05
5.05151213027584e-05
5.070520262065837e-05
5.0988916619703195e-05
5.118258714508917e-05
5.140484017152984e-05
5.1656403354947466e-05
5.1923208307713334e-05
5.2207842167449794e-05
5.247386663352528e-05
5.274261603375528e-05
5.3047435575285484e-05
5.3403038351813604e-05
5.359283548409845e-05
5.390300296466517e-05
5.414956680346558e-05
5.449669434525091e-05
5.4819815920828654e-05
5.512999071494894e-05
5.540731668197659e-05
5.5699690720138376e-05
5.5945703222766965e-05
5.6271286835480535e-05
5.654004671993335e-05
0.0
0.0
0.0
0.0
0.0
0.0
0.0
0.0
0.0
0.0
0.0
0.0
0.0
0.0
0.0
0.0
0.0
0.0
0.0
0.0
0.0
0.0
0.0
0.0
0.0
0.0
0.0
0.0
0.0
0.0
0.0
0.0
0.0
0.0
0.0
0.0
0.0
0.0
0.0
0.0
0.0
0.0
0.0
0.0
0.0
0.0
0.0
0.0
0.0
0.0
0.0
0.0
0.0
0.0
0.0
0.0
0.0
0.0
0.0
0.0
0.0
0.0
0.0
0.0
0.0
0.0
0.0
0.0
0.0
0.0
0.0
0.0
0.0
0.0
0.0
