0.0
0.0
0.0
0.0
0.0
0.0
0.0
0.0
0.0
0.0
0.0
0.0
0.0
0.0
0.0
0.0
0.0
0.0
0.0
0.0
0.0
0.0
0.0
0.0
0.0
0.0
0.0
0.0
0.0
0.0
0.0
0.0
0.0
0.0
0.0
0.0
0.0
0.0
0.0
0.0
0.0
0.0
0.0
0.0
0.0
0.0
0.0
0.0
0.0
0.0
0.0
0.0
0.0
0.0
0.0
0.0
0.0
0.0
0.0
0.0
0.0
0.0
0.0
0.0
0.0
0.0
0.0
0.0
0.0
0.0
0.0
0.0
0.0
0.0
0.0
0.0
0.0
0.0
0.0
0.0
0.0
0.0
0.0
0.0
0.0
0.0
0.0
0.0
0.0
0.0
0.0
0.0
0.0
0.0
0.0
0.0
0.0
0.0
0.0
0.0
0.0
0.0
0.0
0.0
0.0
0.0
0.0
0.0
0.0
0.0
0.0
0.0
0.0
0.0
0.0
0.0
0.0
0.0
0.0
0.0
0.0
0.0
0.0
0.0
0.0
0.0
0.0
0.0
0.0
0.0
0.0
0.0
0.0
0.0
0.0
0.0
0.0
0.0
0.0
0.0
0.0
0.0
0.0
0.0
0.0
0.0
0.0
0.0
0.0
0.0
0.0
0.0
0.0
0.0
0.0
0.0
0.0
0.0
0.0
0.0
0.0
0.0
0.0
0.0
0.0
0.0
0.0
0.0
0.0
0.0
0.0
0.0
0.0
0.0
0.0
0.0
0.0
0.0
0.0
0.0
0.0
0.0
0.0
0.0
0.0
0.0
0.0
0.0
0.0
0.0
0.0
0.0
0.0
0.0
0.0
0.0
0.0
0.0
0.0
0.0
0.0
0.0
0.0
0.0
0.0
0.0
0.0
0.0
0.0
0.0
0.0
0.0
0.0
0.0
0.0
0.0
0.0
0.0
0.0
0.0
0.0
0.0
0.0
0.0
0.0
0.0
0.0
0.0
0.0
0.0
0.0
0.0
0.0
0.0
0.0
0.0
0.0
0.0
0.0
0.0
0.0
0.0
0.0
0.0
0.0
0.0
0.0
0.0
0.0
0.0
0.0
0.0
0.0
0.0
0.0
0.0
0.0
0.0
0.0
0.0
0.0
0.0
0.0
0.0
0.0
0.0
0.0
0.0
0.0
0.0
0.0
0.0
0.0
0.0
0.0
0.0
0.0
0.0
0.0
0.0
0.0
0.0
0.0
0.0
0.0
0.0
0.0
0.0
0.0
0.0
0.0
0.0
0.0
0.0
0.0
0.0
0.0
0.0
0.0
0.0
0.0
0.0
0.0
0.0
0.0
0.0
0.0
0.0
0.0
0.0
0.0
0.0
0.0
0.0
0.0
0.0
0.0
0.0
0.0
0.0
0.0
0.0
0.0
0.0
0.0
0.0
0.0
0.0
0.0
0.0
0.0
0.0
0.0
0.0
0.0
0.0
0.0
0.0
0.0
0.0
0.0
0.0
0.0
0.0
0.0
0.0
0.0
0.0
0.0
0.0
0.0
0.0
0.0
0.0
0.0
0.0
0.0
0.0
0.0
0.0
0.0
0.0
0.0
0.0
0.0
0.0
0.0
0.0
0.0
0.0
0.0
0.0
0.0
0.0
0.0
0.0
0.0
0.0
0.0
0.0
0.0
0.0
0.0
0.0
0.0
0.0
0.0
0.0
0.0
0.0
0.0
0.0
0.0
0.0
0.0
0.0
0.0
0.0
0.0
0.0
0.0
0.0
0.0
0.0
0.0
0.0
0.0
0.0
0.0
0.0
0.0
0.0
0.0
0.0
0.0
0.0
0.0
0.0
0.0
0.0
0.0
0.0
0.0
0.0
0.0
0.0
0.0
0.0
0.0
0.0
0.0
0.0
0.0
0.0
0.0
0.0
0.0
0.0
0.0
0.0
0.0
0.0
0.0
0.0
0.0
0.0
0.0
0.0
0.0
0.0
0.0
0.0
0.0
0.0
0.0
0.0
0.0
0.0
0.0
0.0
0.0
0.0
0.0
0.0
0.0
0.0
0.0
0.0
0.0
0.0
0.0
0.0
0.0
0.0
0.0
0.0
0.0
0.0
0.0
0.0
0.0
0.0
0.0
0.0
0.0
0.0
0.0
0.0
0.0
0.0
0.0
0.0
0.0
0.0
0.0
0.0
0.0
0.0
0.0
0.0
0.0
0.0
0.0
0.0
0.0
0.0
0.0
0.0
0.0
0.0
0.0
0.0
0.0
0.0
0.0
0.0
0.0
0.0
0.0
0.0
0.0
0.0
0.0
0.0
0.0
0.0
0.0
0.0
0.0
0.0
0.0
0.0
0.0
0.0
0.0
0.0
0.0
0.0
0.0
0.0
0.0
0.0
0.0
0.0
0.0
0.0
0.0
0.0
0.0
0.0
0.0
0.0
0.0
0.0
0.0
0.0
0.0
0.0
0.0
0.0
0.0
0.0
0.0
0.0
0.0
0.0
0.0
0.0
0.0
0.0
0.0
0.0
0.0
0.0
0.0
0.0
0.0
0.0
0.0
0.0
0.0
0.0
0.0
0.0
0.0
0.0
0.0
0.0
0.0
0.0
0.0
0.0
0.0
0.0
0.0
0.0
0.0
0.0
3.8828919779451735e-05
3.87947756368809e-05
3.876570010854396e-05
3.873266713145867e-05
3.86946988262608e-05
3.8662783204886975e-05
3.861600247142416e-05
3.857330213181783e-05
3.853564547206166e-05
3.850992272342173e-05
3.846647006026414e-05
3.8434929664078716e-05
3.839655966825373e-05
3.835630449791597e-05
3.8328861632809504e-05
3.828777088597902e-05
3.8251644820727294e-05
3.821753420469311e-05
3.8169881418901726e-05
3.813688599613546e-05
3.810781972460749e-05
3.806913354652048e-05
3.8034383082306405e-05
3.799873337555415e-05
3.7968916114008e-05
3.793147047667215e-05
3.789505595836597e-05
3.78587112894677e-05
3.782815928176935e-05
3.779479943559766e-05
3.7752944729688915e-05
3.771876885938443e-05
3.7687495289063086e-05
3.765060240963856e-05
3.761095230931247e-05
3.756950358162601e-05
3.7537537537537536e-05
3.750468808601075e-05
3.747096000599535e-05
3.74335554390956e-05
3.740088764773351e-05
3.736455349358575e-05
3.733293511535877e-05
3.730229782154581e-05
3.727078467425334e-05
3.723840023832576e-05
3.720607203095545e-05
3.716919417187035e-05
3.714342313787639e-05
3.711034141514102e-05
3.707273670942389e-05
3.7032465127762004e-05
3.700140605343003e-05
3.697222153755145e-05
3.694581280788177e-05
3.6913990402362495e-05
3.6882222768625524e-05
3.685141509433962e-05
3.681975502589656e-05
3.677822728944465e-05
3.674219228413962e-05
3.670532961385993e-05
3.667302332404283e-05
3.663808895727999e-05
3.6605007565034895e-05
3.6574661074807376e-05
3.6535463756819956e-05
3.649990266692622e-05
3.6475938039539916e-05
3.64449195782108e-05
3.641749010658185e-05
3.638745360599665e-05
3.6355704209990546e-05
3.63248898145009e-05
3.629500580720093e-05
3.626341746446185e-05
3.623100891282819e-05
3.619953181938847e-05
3.616898148148148e-05
3.614022406938923e-05
3.610890445583881e-05
3.608458226081936e-05
3.605769230769231e-05
3.602565026298725e-05
3.599798411288968e-05
3.597294834284618e-05
3.594622444822545e-05
3.591868010823496e-05
3.5885167464114834e-05
3.5858573784991994e-05
3.583458754389737e-05
3.5808923583757074e-05
3.577902871863372e-05
3.574833174451859e-05
3.572959839931399e-05
3.569898614879337e-05
3.5669274486956934e-05
3.563791874554526e-05
3.5604927721996724e-05
3.5577059911768894e-05
3.5551763367463024e-05
3.552145495879511e-05
3.549707740729347e-05
3.547105561861521e-05
3.544423440453686e-05
3.540992894407592e-05
3.538236542907015e-05
3.535984535960963e-05
3.533069530808366e-05
3.529910104955994e-05
3.5271709737343334e-05
3.5240220838717255e-05
3.520713531275672e-05
3.5187313800464475e-05
3.5165041260315077e-05
7.419034900702075e-05
7.412782758647596e-05
7.40688762581963e-05
7.401520817751184e-05
7.396507291399029e-05
7.39150055241741e-05
7.385983735286342e-05
7.380475147221056e-05
7.375833663304839e-05
7.37016866049124e-05
7.365026203987968e-05
7.360233048221148e-05
7.35442116834657e-05
7.348618459729571e-05
7.343506021674937e-05
7.33925108736799e-05
7.333642118264629e-05
7.32770257240927e-05
7.32244986048806e-05
7.318557550825456e-05
7.313317936874519e-05
7.308423150007308e-05
6.918180979614427e-05
6.913557486230498e-05
6.90814470260437e-05
6.902899217671422e-05
6.898454746136865e-05
6.892590465249856e-05
6.887684819542658e-05
6.882470348023583e-05
6.87757909215956e-05
6.872852233676975e-05
6.86766018817389e-05
6.862789952875509e-05
6.858553759630552e-05
6.854166190682904e-05
6.849002328660792e-05
6.84369011771147e-05
6.83869791191757e-05
6.83355732215667e-05
6.828424454864114e-05
6.824230568003458e-05
6.819421713038734e-05
6.81400049969337e-05
6.809978889065443e-05
6.805035726437564e-05
6.800099734796111e-05
6.795632673401893e-05
0.00013582957915468725
0.00013574353521413543
0.00013565453312231517
0.00013552890153825303
0.0001354248956099763
0.00013532410122242772
0.00013520517385131939
0.00013513513513513514
0.00013504996848834067
0.00013495580197485322
0.00013484964264844697
0.0001347557551937114
0.00013467408870533308
0.00013460157932519741
0.00013449899125756557
0.00013439956992137626
0.00013430330162283156
0.00013420416927619218
0.0001527172495995828
0.0001526115180751593
0.00015249572268094918
0.00015239709479099295
0.00015229859439541173
0.00015221039188607237
0.00015212906481440252
0.00015199033193205662
0.00015188222829751134
0.00015180125143470695
0.00015172709845978491
0.00015162946197428955
0.0001515319510662675
0.000151454703961464
0.0001513641230110385
0.0001512401693889897
0.0001511331298565341
0.00015102624173039236
0.0001508928439988812
0.00015080626177024482
0.00015068986555523702
0.0001506001968822086
0.00015051726543169086
0.00015044104912450648
0.00015036490996442586
0.0001502690181935465
0.00014651048648807037
0.0001464139561783029
0.00014630470881705327
0.00014620203659436974
0.00014611231653772255
0.0001459907295886711
0.00014587253657753852
0.00014578003250894723
0.00014567491186667832
0.0001455731213788686
0.00014548417132216013
0.00014538898823803083
0.0001453034298874625
0.00014522113548405834
0.00014511681903932663
0.000145028425571412
0.00014492753623188405
0.00014485510867754528
0.00014476703365109696
0.00014469162597214685
0.00014461629681048756
0.0001445473139495385
0.00014445961270377833
0.00014439390657714244
0.00014431888701274334
0.00014423146265126274
0.00014413791115339155
0.00014406315728815512
0.00014397604238654686
0.0001438921384530156
0.0001438393602025258
0.0001437711163827187
0.00014370913271538404
0.00014362863380443523
0.0001435698646854025
0.0001434648188398
0.0001434030989409681
0.00014333526835945618
0.00014323364271800158
0.00014315060159040318
0.00014304923754756386
0.00014294801695363479
0.00014286836822893225
0.00014279798369247026
0.00014273072421569467
0.00014262690228630923
0.00014254151521630673
0.00014245318632164503
0.00013880584265823866
0.00013872881717676185
0.00013866370850755183
0.0001385809312638581
0.00013851891315929676
0.0001384245160465958
0.00013833319145313696
0.00013826845352052754
0.00013818320967707646
0.00013810100495038988
0.00013803941556235133
0.0001379866683649641
0.00013791640144281773
0.00013784912942972876
0.0001377760820721523
0.00013771478209284095
0.0001376593671904782
0.00013757196071791398
0.00013749629817658756
0.00013741200346701054
0.00013735973457872826
0.00013729590435756077
0.00013723792834068787
0.000137165527137672
0.00013711344555541492
0.00013702384214853386
0.00013698052769114052
0.00013690263063670255
0.0001368161821970574
0.000136758610532517
0.0001366867140513942
0.00013660053799596504
0.00013651160348629633
0.00013642564802182812
0.0001363626827784421
0.00013631692636788793
0.00013626263049767306
0.0001361969617600838
0.00013612280371091704
0.00013606581398756568
0.00013598041881968996
0.00013590365476290038
0.0001358440092791908
0.00013579008941255117
0.000135702206726654
0.0001356172672077448
0.00013556918199641264
0.0001354957058283999
0.00013544206205330167
0.00013536026655560184
0.0001353010969796632
0.0001352166586923509
0.00013516323559991682
0.00013370187944662662
0.0001336602121942436
0.00013359914718057345
0.00013352427997204985
0.00013346887685594352
0.0001333858583345428
0.00013332504369331096
0.0001332808496826811
0.00013320909686993134
0.00013315119905069406
0.00013306307051653293
0.00013299705063535378
0.00013293384302786102
0.00013287069547138116
0.0001327993834805824
0.00013272814799532358
0.00013264057839539265
0.0001325995699102033
0.00013254220061257848
0.0001324766964567632
0.00013240853177461735
0.00013232954857111514
0.0001322778520270039
0.0001322071748080256
0.00013215285908944627
0.00013209316332327234
0.00013200642932868233
0.00013194415959090475
0.00013189005972637937
0.0001318441097106944
0.00013178199298073115
0.00013173881585234332
0.00013168488421282462
0.00013164177068412797
0.0001315798444221736
0.000131526042837964
0.00013146153898549836
0.0001313863644099527
0.00013133540203603898
0.00013127912117811107
0.00013121753555791249
0.0001311533338769741
0.00013108118203984055
0.0001310197819504976
0.00013095843935538592
0.000130897154173788
0.0001308598782257299
0.00013081730313012593
0.00013074817765493322
0.0001306791251946645
0.00013061014563369607
0.0001305518351664705
0.00013050946024533073
0.00013045917574135287
0.0001304115735203692
0.00013034287605270445
0.00013028480393149585
0.00013023205597954076
0.00013016091395891502
0.00013010037277464323
0.00013003988788270806
0.00012863252180354918
0.00012859614750180103
0.00012856238977962658
0.0001285182717993231
0.00012845344739461438
0.00012840940414002677
0.00012835503944733413
0.00012831364961640265
0.0001282541984784083
0.00012818447826903976
0.00012811999007237773
0.00012807875166804134
0.00012801436978056595
0.00012796291085473866
0.0001279269142152923
0.00012787809401383228
0.00012780365076816018
0.00012775236107766808
0.00012771135895584264
0.0001276627031073503
0.00012761408431883478
0.00012755272401864543
0.00012748121153871825
0.0001274250793904945
0.00012737154479677238
0.00012730787175898155
0.00012726206657605075
0.00012723409074255415
0.00012717817595866377
0.0001271273869664477
0.00012707156590756376
0.00012700565873380014
0.00012693475819260856
0.00012689680831273753
0.0001268588811179522
0.00012681339839989378
0.00012676542423277053
0.00012670992052435352
0.0001266645445381718
0.00012659905879233778
0.00012655376215843736
0.0001264984436055368
0.00012644568462725006
0.00012637791628620959
0.00012566636242178925
0.00012562149582143236
0.00012556919192920543
0.0001255194191754035
0.0001254696858635286
0.00012542495956695385
0.000125380265146266
0.00012533808298700443
0.00012529097179634285
0.00012523398982309053
0.0001251820080511797
0.00012513995916485545
0.00012508805540742496
0.00012503866327087982
0.00012497697792511906
0.00012491535341183278
0.0001248611740893349
0.00012479720454261825
0.00012473084396827898
0.00012467927896004359
0.00012463511430351932
0.00012458117775111306
0.00012453708255497658
0.00012449301856256432
0.00012445632238117699
0.00012440498405651916
0.00012436345547133751
0.00012429999476631603
0.00012426341227330103
0.00012421466909865914
0.00012415136011082142
0.0001241051366462873
0.00012406623831165441
0.00012403222226574232
0.00012398851474810756
0.00012395454130295796
0.00012391331285502795
0.00012388422692982286
0.00012385273258239468
0.00012381399228443335
0.0001237438372312642
0.0001236906691665202
0.0001236520301710954
0.00012359894095223227
0.00012354348730753226
0.00012348567566162325
0.0001234303235823378
0.00012337502110362205
0.00012333417719875627
0.0001232861601552108
0.00012323338457247745
0.00012319742711899576
0.00012315670069680765
0.00012308968054988695
0.00012302751283694972
0.00012297257064450572
0.00012291767750283034
0.00012286283334626626
0.0001228270917776959
0.00012277470841006753
0.00012273426094595817
0.0001226962170818965
0.00012265819679539323
0.00012261545212834612
0.00012256562098839497
0.00012252057055895174
0.0001224779217430542
0.00013533631073216944
0.00013528399976808458
0.0001352212799660015
0.00013517166801838335
0.00013511166013626977
0.0001350621285791464
0.00013502044595324435
0.00013498399475490763
0.00013492675404780263
0.0001348643649815043
0.00013482799799684116
0.00013477867416292818
0.00013473457289140393
0.0001346775434816069
0.00013462315133565397
0.00013456362937331795
0.00013450416002152066
0.00013125124048428505
0.0001312235152539335
0.0001311806902024022
0.00013114544349550586
0.0001311127313660028
0.00013106243686626515
0.0001310172047958688
0.00013096949369110366
0.000130934360369682
0.00015771762797795786
0.00015765118876655498
0.00015761497278429722
0.00015756369528329572
0.00015751245113606655
0.00015745822894553988
0.00015740103489587318
0.00015735290370257117
0.00015729278108920477
0.0001572417129797623
0.00015719067802003387
0.00015713367813678902
0.00015707971636618018
0.00015700782496487985
0.00015696591869546707
0.0001569120720652043
0.00015687320580240328
0.00015682838403271174
0.00015677164654658086
0.0001567238994429005
0.00015665233329528015
0.00015661359558184805
0.00015655403649547135
0.0001565183227826043
0.0001564677562397061
0.0001564083080040527
0.00015635484320204593
0.0001563132847306602
0.00014360453714423082
0.00014357183968022062
0.00014353915710265893
0.0001434765570682746
0.00014341401161211247
0.00014336510101871326
0.00014332165293430565
0.00014327551819031027
0.00014322128003230365
0.0001431887568440441
0.00014315083178831334
0.00013996065970646088
0.00013991831795492362
0.00013986278326938708
0.0001397993690136588
0.00013974128977433672
0.00013969644340406254
0.0001396516258091302
0.00013962000716967606
0.00013957260604688886
0.00013952786786333813
0.00013946738536346333
0.00013942271459793505
0.00013937019737833358
0.00013933608239658063
0.0001392993618583288
0.0001392521781675166
0.0001360774575463416
0.00013603906891601313
0.00013601348852660414
0.00013597002393573695
0.0001359368050465756
0.00013587552049090513
0.00013583724569640065
0.00013579644300929926
0.00013576585707671712
0.00013572255058323172
0.0001356818167607686
0.00013563856385638565
0.00013559025499715698
0.00013555722138930537
0.0001355064318721119
0.0001354582170702323
0.00013542271232346685
0.00013538215825363256
0.00013534162846540057
0.00013530871587663838
0.0001352808792633738
0.00013525052510860556
0.00013521765680886332
0.00013519238437001597
0.00013516712137633767
0.00013512924458393272
0.00013509391205822113
0.00013380132681129657
0.00013375637675749658
0.00013371894144354263
0.00013366407420532046
0.00013363167381440737
0.00013359928912750344
0.00013356692013319417
0.0001335246151075339
0.00013347736472224292
0.00013344753959978152
0.00013341524408784307
0.0001333680710634708
0.00013332837227762067
0.00013328373938379517
0.00013325895624147763
0.00013322427532190702
0.00013318218703734676
0.00013315001981767738
0.00013310797843031643
0.00013307090512972865
0.0001330387916365009
0.00013299188440221696
0.00013294747647138848
0.00013290309818757263
0.00013285628657409984
0.000145158500728881
0.00014511547486723478
0.00014508053513109724
0.0001450429265342147
0.0001449972851572141
0.0001449409442748327
0.00014490072758663214
0.0001448632121413865
0.00014483374934516657
0.00014480965233359215
0.00014478823949823174
0.00014473473510464015
0.00014469730555145068
0.0001446732539169514
0.0001446465392546087
0.00014460381631007982
0.00014455845082552105
0.00014451577989324282
0.000144465140868881
0.00014442252499738813
0.00014403416795911222
0.000153885848030814
0.00015384331933082762
0.00015380364708049364
0.00015375266995654415
0.00015371304443871728
0.0001536847530000736
0.00015364798969546415
0.00015358863995879778
0.00015354062850523142
0.00015349829037832272
0.000153461616217309
0.00016873373143469603
0.0001686748463252761
0.00016863458018865035
0.00016857576425092393
0.00016854173166688075
0.00016850152905198773
0.00016845825537170877
0.00017669219103318387
0.000176048610196651
0.00017599375231899607
0.00017593892861882525
0.00017589058312294186
0.00017586480972076984
0.00017582294404796186
0.00017577466226411742
0.00017572962318377594
0.00017261605775638485
0.00017256554275978496
0.00017252767591062582
0.00017250874871733497
0.00017246460141206603
0.00017242047669679248
0.00017238267347892427
0.00018329159941638933
0.00018325812638972358
0.00018322801111706838
0.00018317784098514993
0.00018313104031039644
0.00018977404034875293
0.0001897221185866876
0.00018969443859564766
0.00018964256037622428
0.00018957688868564252
0.0001895147153414439
0.0001894422312955806
0.00018941118367504596
0.0001893732504008147
0.00018933188597173447
0.00018929742941535904
0.0001892457680897176
0.00018919069374697883
0.00018917004913185685
0.00018912189588020053
0.0001890772040921099
0.00018901192330713867
0.000188970716558239
0.00018892952777250293
0.00018887806703314235
0.00018883349039658604
0.0001888026419718861
0.00018875467556191973
0.0001887341259891702
0.00018869304026404376
0.00018865197242301125
0.00018861092245439813
0.00018855279890356473
0.00018851179207849555
0.0001884810486629788
0.00018842641845431593
0.00018838205472272298
0.00018834794298805158
0.0001883172529875647
0.00018826271767448234
0.00018822524296547563
0.0001881673568420556
0.00018814012863139218
0.00018810270270566484
0.00018805509123890634
0.000188004105691992
0.00018798032189679123
0.00018794295951711385
0.0001879090066032292
0.00018787506595468442
0.0001878547074501562
0.00018480126545778453
0.00018475789740863023
0.00018472455121915462
0.00018468788431074364
0.00018464123838372897
0.00018460127491024082
0.00018455800066446336
0.00018450809404641129
0.00018446486347142385
0.00019401779820511008
0.00019397236405558623
0.00019394092210762773
0.00019270551116480557
0.00019267428525287435
0.0001926153305767769
