2
2
2
3
3
3
3
3
3
3
3
3
3
3
3
3
3
3
3
3
3
3
4
4
4
4
4
4
4
4
4
4
4
4
4
4
4
4
4
4
4
4
5
5
5
5
5
5
5
5
5
5
5
5
5
5
5
5
5
6
6
6
6
6
6
6
6
6
6
6
6
6
6
6
6
6
6
6
6
7
7
7
7
7
7
7
7
7
7
7
7
7
7
7
7
7
7
7
7
7
7
7
7
7
7
7
7
7
7
7
7
7
10
10
10
10
10
11
11
11
11
11
11
11
11
11
11
11
11
11
13
13
13
13
13
13
13
13
13
13
13
13
13
13
13
13
13
13
13
13
13
13
13
13
13
13
13
13
13
13
14
14
14
14
14
14
14
14
14
14
14
14
15
15
15
15
15
15
15
15
15
15
15
15
15
15
15
15
15
15
15
15
15
15
15
15
15
15
15
15
15
15
15
15
15
15
15
15
15
15
15
15
15
15
15
15
15
15
15
15
15
15
15
15
15
15
15
15
15
15
15
15
15
15
15
15
15
15
15
16
16
16
18
18
18
18
18
18
18
18
18
18
18
18
18
18
18
18
18
18
18
18
18
18
18
18
18
18
18
22
22
22
22
22
22
22
22
22
22
22
22
22
22
22
22
22
22
22
22
22
22
22
24
24
24
24
24
24
24
24
24
24
24
24
24
24
24
24
27
27
27
27
27
27
28
28
28
28
28
28
28
28
28
31
31
31
31
31
31
31
31
31
31
31
31
31
32
32
32
32
32
32
32
32
32
32
32
32
32
32
32
32
32
32
32
32
32
33
33
33
33
33
33
33
33
33
33
33
33
33
34
34
34
34
34
34
34
34
35
35
35
35
35
35
36
36
37
37
37
37
37
37
37
37
37
37
37
37
43
43
43
43
43
43
43
43
43
43
43
43
43
43
43
43
43
56
56
56
56
56
56
56
56
56
56
56
56
56
56
56
56
57
57
57
57
57
57
57
57
57
57
57
57
59
59
59
59
75
75
75
75
75
75
75
75
75
76
76
76
76
76
76
76
76
127
128
129
129
131
131
145
145
146
147
147
147
147
147
147
148
148
149
149
151
151
151
151
151
152
152
152
153
153
153
153
155
155
157
157
157
157
157
157
160
160
164
164
164
164
169
169
169
169
186
186
186
186
190
190
190
197
197
197
197
197
197
197
197
197
197
197
198
229
229
229
229
230
230
230
231
231
231
231
231
233
233
233
233
233
234
247
248
248
253
253
253
253
254
255
255
255
259
259
259
259
259
276
276
276
276
285
293
295
307
307
307
400
400
423
444
451
464
464
464
465
472
475
489
491
516
516
516
516
519
521
523
524
528
530
533
533
533
533
533
541
624
634
634
856
911
914
914
915
920
924
982
982
982
985
986
993
998
1758
1795
1803
1803
1804
1805
1830
1839
1841
1874
1879
1892
1895
1914
2033
2058
2062
2063
2067
2072
2216
2229
2233
2235
2360
2367
2680
2681
2761
2812
2888
3721
3953
3975
4320
4351
4356
4383
4462
4464
4872
5524
6304
6590
6846
6876
6968
7249
8380
8450
8530
9051
9077
9188
9379
9502
9599
9723
9802
9825
9926
10083
10184
10283
10290
10376
10479
10530
10575
10769
10884
10998
11163
11320
11611
11881
11946
12003
12093
12572
12671
12706
12788
12847
12937
13017
13280
13312
13415
13573
13906
13959
14014
14074
14442
14561
14762
14844
14974
15055
15088
15186
15343
15493
15593
15709
16079
16147
16193
16313
16474
16529
16746
16804
16945
17204
17254
17506
17661
17851
18011
18066
18140
18170
18221
18367
18445
18554
18620
18818
18859
18961
19005
19190
19335
19433
19592
19710
19828
19881
20001
20073
20215
20266
20412
20514
20620
20778
20867
21140
21255
21347
21463
21512
21553
21642
21702
21743
21827
21961
22029
22146
22267
22398
22489
22539
22658
22829
22976
23036
23143
23220
23293
23348
23470
23541
23681
23804
23917
23974
24140
24313
24385
24452
24490
24600
24687
24866
24967
25035
25092
25187
25276
25399
25459
25540
25640
25731
25873
25958
26033
26307
26394
26429
26552
26629
26750
26851
26942
27088
27159
27241
27379
27486
27613
27764
27811
27898
27960
28039
28144
28223
28286
28345
28428
28503
28581
28684
28797
28886
28920
29009
29114
29168
29237
29317
29392
29482
29560
29661
29739
29811
29905
29951
30089
30154
30304
30376
30427
30504
30571
30669
30734
30819
30908
31013
31118
31185
31241
31364
31425
31497
31548
31626
31688
31772
31867
31947
32023
32091
32164
32221
32316
32413
32511
32597
32679
32754
32857
32959
33040
33110
33147
33258
33321
33469
33550
33597
33641
33712
33777
33832
33936
34026
34073
34125
34200
34318
34364
34413
34449
34524
34581
34650
34690
34742
34810
34855
34972
35037
35106
35194
35249
35343
35401
35507
35554
35595
35666
35733
35812
35844
35890
35944
36055
36121
36191
36247
36307
36358
36423
36508
36553
36637
36686
36764
36845
36924
36965
37030
37133
37197
37269
37341
37390
37459
37509
37616
37700
37742
37793
37866
37931
37989
38060
38129
38193
38261
38327
38369
38430
38471
38570
38632
38682
38751
38807
38839
38897
38933
38986
39032
39161
39203
39242
39312
39341
39415
39494
39552
39597
39671
39720
39764
39814
39858
39915
39953
40014
40053
40110
40176
40245
40306
40365
40399
40448
40521
40569
40639
40669
40701
40783
40823
40869
40910
40986
41054
41119
41162
41189
41236
41284
41336
41371
41427
41474
41543
41583
41622
41655
41691
41757
41800
41821
41866
41913
41946
41996
42043
42123
42185
42221
42264
42325
42366
42405
42446
42497
42544
42614
42641
42671
42708
42740
42789
42829
42879
42900
42946
42990
43014
43041
43069
43129
43164
43200
43246
43288
43324
43361
43406
43468
43533
43588
43621
43691
43721
43766
43831
43854
43896
43932
43962
44027
44068
44107
44135
44159
44196
44263
44286
44329
44391
44427
44472
44520
44552
44580
44622
44649
44699
44747
44777
44812
44843
44874
44923
44973
45007
45066
45095
45133
45161
45210
45255
45281
45321
45368
45399
45420
45474
45508
45549
45596
45629
45676
45731
45759
45813
45848
45890
45951
45992
46016
46063
46083
46125
46164
46208
46235
46267
46290
46326
46354
46394
46436
46499
46523
46563
46603
46642
46671
46689
46711
46739
46759
46796
46825
46860
46907
46939
46965
47005
47048
47085
47132
47180
47204
47238
47302
47328
47365
47379
47417
47457
47490
47519
47550
47572
47609
47631
47666
47687
47726
47768
47791
47834
47872
47900
47942
47969
48016
48048
48080
48102
48133
48167
48206
48242
48285
48313
48342
48367
48400
48440
48463
48484
48509
48527
48558
48581
48606
48635
48656
48698
48730
48755
48788
48834
48853
48890
48906
48947
49001
49027
49049
49079
49111
49144
49174
49206
49256
49279
49312
49339
49372
49410
49440
49464
49493
49522
49546
49572
49606
49645
49677
49710
49739
49775
49820
49834
49881
49907
49932
49953
49975
50012
50037
50067
50092
50124
50151
50167
50195
50237
50262
50289
50325
50351
50376
50421
50441
50461
50489
50508
50535
50557
50577
50604
50638
50661
50678
50700
50723
50752
50781
50803
50846
50878
50922
50947
50962
50990
51020
51058
51089
51110
51125
51154
51169
51186
51201
51227
51262
51306
51336
51355
51386
51409
51440
51476
51494
51528
51550
51574
51603
51631
51647
51686
