0.00024707376955578395
0.00024707376955578395
0.00024707376955578395
0.00024707376955578395
0.00024707376955578395
0.00024707376955578395
0.00024707376955578395
0.00024707376955578395
0.00024767328993947695
0.00024767328993947695
0.00024767328993947695
0.00024767328993947695
0.00024767328993947695
0.00024767328993947695
0.00024767328993947695
0.00024827727574179846
0.00024828174132105927
0.00024828174132105927
0.00024828174132105927
0.00024828174132105927
0.00024828620706096106
0.0002494853125282824
0.0002494897999970307
0.00022430813225114972
0.00022430813225114972
0.00022430813225114972
0.0002243121669329062
0.0002243121669329062
0.0002243121669329062
0.0002243121669329062
0.00022431620175981077
0.00022432830711149141
0.00022432830711149141
0.00022432830711149141
0.00022432830711149141
0.00022432830711149141
0.00022433234251906673
0.00022433234251906673
0.00022433234251906673
0.000224340413769787
0.00022434444961294764
0.00022434444961294764
0.00022434848560131903
0.00022434848560131903
0.00022435655801372552
0.00022435655801372552
0.00022436866772161207
0.000227367294350616
0.00022856674500221756
0.00022856674500221756
0.00022870953674645583
0.00022892784317757328
0.00022892784317757328
0.0002289319621405481
0.0002289319621405481
0.0002289319621405481
0.0002289319621405481
0.0002289319621405481
0.00023193069667457476
0.000231934869741196
0.0001899552487025722
0.00018096197742088055
0.00018097174630023316
0.00017077494809486965
0.00017077802113431566
0.00017077802113431566
0.00017077802113431566
0.00017078109428436038
0.00017078109428436038
0.00017079031439814625
0.000170796461693773
0.00017379902559422044
0.00017380215350123925
0.00017380528152084767
0.00017381153789785745
0.00017381466625527103
0.00017381779472529847
0.00018702707521196975
0.00018703044173298876
0.00018703044173298876
0.00018703380837520594
0.00018704054202326094
0.00015703862190037307
0.0001570414488273753
0.00015704427585615707
0.00015704427585615707
0.00015704427585615707
0.00015704993021908124
0.0001570555849891896
0.00015705841252695158
0.00015706689575113473
0.00015707255174305951
0.00015707255174305951
0.0001570753798917792
0.0001570810364947607
0.00015708952216317076
0.00015709800874843825
0.00015710366698138854
0.00016010510166716835
0.00016010510166716835
0.00016010798498912603
0.00016012528710198103
0.00016013393956080244
0.00016014259295475523
0.00016015413226826977
0.00016015701735649134
0.00016015990254866135
0.00016016278784478536
0.00016016278784478536
0.00016077777320210298
0.0001607806699423369
0.0001619934807920177
0.00016200515704975566
0.00016201683499083078
0.00016202559455154612
0.0001620285146156071
0.00016238057475170876
0.00016238935508595392
0.00016239228207505063
0.0001623981363698008
0.0001623981363698008
0.00016240399108666468
0.00016240399108666468
0.00016300778986673534
0.0001642154527341916
0.00016421841306467786
0.00016421841306467786
0.00016423321631823986
0.00016424802224088224
0.0001642509837457639
0.00016425986890121914
0.00016426283083332692
0.00016427171727059924
0.00016428356734939244
0.0001642865301362299
0.0001642865301362299
0.000164307272636698
0.00016433691386787073
0.00016433691386787073
0.0001643458083227879
0.0001643487733550518
0.00016435173849430442
0.00016435470374055156
0.0001643606345540526
0.00016436656579560123
0.00016438436208899616
0.00016440512930252865
0.00016440809647566798
0.00016441699863773687
0.0001644199662393295
0.00016442886968689755
0.0001644437109091597
0.00016444964814824368
0.00016444964814824368
0.0001644615239126884
0.00016446746243814204
0.0001644763710304922
0.00016449122082924902
0.0001645090441276377
0.0001645120150528924
0.00016452389982704783
0.00016452984285808894
0.00016454173020833066
0.00016454767452762434
0.00016455064684833473
0.00016757637930070414
0.0001675824341262529
0.00016759454509007347
0.00016759454509007347
0.00016759454509007347
0.00016760665780450766
0.0001676218011599291
0.00016762785926832335
0.00016764300645528846
0.00016765512617597422
0.00016767937087526396
0.00016769149585462836
0.00016770362258764624
0.0001677157510746981
0.0001677278813161645
0.00016774001331242613
0.00015991567612812888
0.00015991856812169313
0.00015992724473002268
0.00015993592227992663
0.0001599474938114015
0.00015997064189835275
0.00017203711935602815
0.00017205579535957682
0.00017206824828147163
0.00016638748724735988
0.00016639652006366327
0.0001664085653444468
0.00016641157693713074
0.00016642663653577486
0.00016643868617731455
0.00016645375068314138
0.00016646881791621733
0.00016648087366679515
0.00016648388787728302
0.00016648690219692015
0.00016650800549105637
0.00016651102068410077
0.00016652911413582948
0.00016653816233632948
0.00016654419501626632
0.0001665502281332747
0.0001665653128382954
0.00016657436497297373
0.00016657436497297373
0.00016660152728132366
0.00016661360226201047
0.00016661964040875742
0.00016662567899317017
0.00016663473769051678
0.00016698596800082848
0.0001670101811477872
0.00016702229035465697
0.00016704348569253124
0.00016706771552382855
0.00016708286273819025
0.0001670949824874096
0.00016711013464672402
0.00016711619627991577
0.00016713438381828219
0.00016715257531584065
0.0001671738037353626
0.0001671829032801545
0.00016719200381560667
0.00016722234609062674
0.00016722841586725435
0.0001672344860845351
0.00016724662784124798
0.00016725573531585405
0.00016726180751666786
0.0001672800267648043
0.00016729521250382576
0.00016730128757145972
0.00016731343903046404
0.00016733166952903272
0.00016735294346584056
0.0001673651024300375
0.00016738942565963115
0.00016740767272189306
0.00016742288164629907
0.00016743809333440634
0.0001674654813399316
0.00016748983375660225
0.00016749592296745646
0.0001675263756642616
0.00016755683943638558
0.00016755988642297312
0.00016757207547758043
0.0001675903623849278
0.00016760865328396027
0.00016762389874996753
0.0001676391469896428
0.00016766049918639172
0.0001676727028839705
0.00016768185682309176
0.00016770321990182212
0.00016770321990182212
0.00016771848257678
0.00016773069471713326
0.00016774901626255193
0.00016775512433385613
0.0001677948376422354
0.00016780706090485732
0.00016783151277340925
0.00016784374138011795
0.00016785291400465827
0.00016786820394034825
0.00016788961453065093
0.00016790797081264858
0.00016791715045897355
0.0001679385735375675
0.0001679508177512297
0.00016795694052761917
0.00016796612552928862
0.00016799062377913793
0.00018017783335069987
0.00018021398130464502
0.00018025014376577732
0.00018026329735017297
0.00018028961027902752
0.0001803159308907694
0.00018032580310160383
0.00018034884246463426
0.00018036530275728567
0.0001803850590750202
0.00018040481972124631
0.00018042458469738666
0.0001804443540048646
0.0001816651274264774
0.0001816717628683441
0.00019386115053853222
0.00019388239714838922
0.00019391427579673194
0.00019393199068708827
0.00019399579110073684
0.0001940064285844842
0.0002062029754506175
0.0002062180531762281
0.00020623313310699052
0.0002062670710162985
0.00020630856585501794
0.00020632365902685605
0.0002063651766386606
0.00020638027809502903
0.0002063991580238653
0.00019422297738857667
0.0001942585233214809
0.00019427274533797707
0.0001942834132170248
0.0001942976388783561
0.0001943438866684802
0.0001943830366136016
0.00019440795842861854
0.0001944364483291027
0.00019446138384269306
0.00019447563557935683
0.00019451483862860497
0.00019453979425387578
0.0001945504914821972
0.0001945897247197044
0.00019462183641288122
0.0001946432500969287
0.00019467180900678078
0.0001947075194314436
0.00019473967001716751
0.00019477183122221294
0.00019479327792779806
0.00019481472935698032
0.00019481472935698032
0.00019486480107005168
0.00019488984657998486
0.00019494353721506236
0.00019497576579815417
0.00019501875382228886
0.00019540462233003168
0.00019541898688426175
0.00019543335355057682
0.00019545850030023407
0.00019548724736796953
0.00019550162407305267
0.00019552319309600866
0.00019554836297208994
0.0001955843311812926
0.00019561311527683243
0.0001956347089090452
0.00019567430961932455
0.00019570672212712963
0.00019634190488461843
0.0001963563622529438
0.0001975981393864639
0.00019762724555492134
0.00019764908080901081
0.00019768184273856882
0.0001977036900595567
0.00019775104249190878
0.00015969240785440968
0.00012900372267885446
0.00012901323307162077
0.00012902987963355514
0.00012903463658316282
0.0001290536678896038
0.00012907984510418587
0.00012910127072536472
0.00012914176075566378
0.00012916082367702415
0.00012919896640826872
0.00012922520260665694
0.00012923713167417472
0.0001292586095466716
0.00012928009455915487
0.00012930875235526656
0.00012933981264204284
0.00012937806117734035
0.00012941154720748368
0.00011956267179430292
0.00011958257053214245
0.00011959141654183544
0.00011962681367198822
0.00011965116135637546
0.0001196843787208578
0.00011970874984573616
0.00011972204737043485
0.00011974643384009532
0.00011976417569528044
0.00011978414156756692
0.0001198085533425969
0.00011982631361140452
0.00011984407914651249
0.00011986184995026353
0.00011988184840507708
0.00011990407673860913
0.00011991074684616195
0.0001199418838294847
0.00011995300809991964
0.00011997081122531014
0.00011999084605916664
0.00012000866041879313
0.00012002870789714655
0.0001200554482895193
0.0001200777410529704
0.00012009558122547019
0.00012011565775705681
0.0001201379728884513
0.0001201647619932485
0.00012018709537527493
0.0001202116716858138
0.00012024967303246123
0.0001202630910094041
0.00012028769841269844
0.00012030783923399877
0.00012033022583626407
0.00012034366179709068
0.00012037502404398033
0.0001203951941217357
0.00012041985562031745
0.00012045574493185559
0.00012048043124541989
0.00012049165564230128
0.00012050288213078913
0.00012052534138492317
0.0001205523035432435
0.00012057478122513924
0.00012060176551038172
0.00012062651171755988
0.00012064226459211723
0.00012066477583718965
0.00012069405301828454
0.0001207188371166866
0.00012074137694959983
0.00012077745819481282
0.00012080453328351705
0.00012082710513203788
0.00012084291044543696
0.00012087001489068742
0.00012089487131551071
0.00012091069436394122
0.0001209310443704729
0.00012095366352436533
0.00012098308107737306
0.00012099892722600605
0.00012102157178325912
0.0001210691529527768
0.0001210940913573774
0.00012112130860960232
0.00012115761731679597
0.00012117805053249634
0.00012120757734792825
0.00012124621105590452
0.00012126212621262128
0.0001225375271176798
0.0001225559161367374
0.00012258121005165925
0.0001226019128400483
0.0001232551882926341
0.00012328295628774368
0.00012331768388106418
0.00012334548004558148
0.000123359382827372
0.00012338487940224098
0.00012340806725426448
0.00012342662381194044
0.0001234475066110213
0.00012348000501441646
0.00012351484372550865
0.0001235334324109086
0.00012357295195082173
0.00012360551644518064
0.00012361249678419266
0.00012362878730828126
0.00012366371003684804
0.00012369166242850058
0.00012371962745947712
0.00012499450401050205
0.0001250204179074472
0.0001250486998705526
0.00012507227794956885
0.00012510058338362502
0.00012512182086830772
0.00012514542653208817
0.00012515723270440252
0.0001251903018407378
0.00012521156980073114
0.00012523757378947502
0.0001252730511856874
0.00012529908072031232
0.0001253203856593175
0.00012536064809565207
0.00012539856579328772
0.00012542464751892402
0.00012544125063035805
0.00012546735011695576
0.00012547684353226773
0.00012549346046640685
0.0001255195816854946
0.00012555521905915608
0.00012559801062849498
0.00012564083137611435
0.00012566939476609074
0.0001257003530979768
0.00012573370990263537
0.00012576708441562547
0.00012580047665105225
0.00012583149960796217
0.0001258625378694445
0.00012588881297603686
0.00012593422309975383
0.00012595574459466302
0.00012597248862132924
0.00012600120302656156
0.00012604190418281778
0.00012608982157339823
0.00012612338543053074
0.0001293169024798418
0.00012933411948190274
0.00012935872315330912
0.00012939318402374747
0.00013260748185371302
0.0001326302028797888
0.00013266303588884234
0.00013270094033537147
0.00013274392490123598
0.00013276163252342387
0.00013278946833384162
0.00013280971989222714
0.00013282997762863535
0.00013285024154589372
0.00013289078793427946
0.00013292882265768602
0.00013295419123774628
0.00013299734005319894
0.00013302781490675324
0.00013305068021364502
0.0001330735533822331
0.00013309643441657273
0.00013313713124518255
0.00013317785296910147
0.00013321350491742674
0.00013326192024688526
0.0001460701391812418
0.00014611487564284166
0.00014616523692810457
0.00014620163056316358
0.00014625205167998265
0.00014629689965565927
0.00014636141682964555
0.00014640914002212122
0.00014646251455031531
0.00014651311580294308
0.0001465581240560121
0.00014662568830836216
0.00014665949380059432
0.0001467017725930339
0.00014675536073621205
0.00014679204887085506
0.00014683157968979426
0.00014685700360408892
0.00014692201584704713
0.00014695312901072952
0.0001469927466461262
0.00014704088250213498
0.00014709755329877505
0.00014712590508130473
0.00014715426779506358
0.000147208187089392
0.00014722806205437795
0.00014726214591170703
0.00014727351070466195
0.0001473047729319439
0.00014732467398786663
0.0001473673372202273
0.00014742141279926868
0.0001506867839962908
0.00015072172518405442
0.00015079457139542977
0.00015085873433390065
0.00015412096238545718
0.00015419553800694204
0.00015425226376491696
0.000154303053780102
0.00015434789628338016
0.00015439874930552863
0.00015445562470514486
0.00015451553883253489
0.00015456950130316965
0.00015462650259436098
0.00015465952256152408
0.00015472560482174185
0.0001547676865792456
0.00015481881664010779
0.0001548549287926499
0.00015490310454339233
0.00015493624276369955
0.00015498446912955795
0.00015501764217517642
0.00015505988295898374
0.00015511724657151944
0.00015515954166260914
0.0001552109310058188
0.00015528353864545973
0.00015535318474028717
0.00015541682923657173
0.0001554471544715447
0.00015551087600122325
0.00015555338605226332
0.00015558984174104381
0.0001556141550281603
0.00015569626850114656
0.00015576933103915742
0.00015580893521868666
0.00015586075569641716
0.00015590040638474134
0.00015592786868133302
0.00015598282231011213
0.0001560225351377111
0.00015608367129693124
0.00015613261473134085
0.00015618158886993797
0.000156242849764982
0.00015628882698369103
0.00015631642630563458
0.00015637165420273355
0.00015641770726982382
0.00015646686044989134
0.0001565006711848869
0.00015654372416864802
0.0001415261233636042
0.00014158178314390216
0.00014162634249970495
0.00014298832480650662
0.00014301365189952307
0.00014307278335630374
0.0001431488814031217
0.00014321376954408094
0.0001432702418506835
0.00014329566892127283
0.0001433465501482782
0.00014340312724067387
0.00014344842108033768
0.0001434880766673907
0.00014353058913381265
0.00014356461724882778
0.00014362420529037784
0.0001436554378196004
0.00014370373300110086
0.00014375206066600724
0.00014379188433328056
0.00014383173007138803
0.00014388014388014387
0.00014393429201494802
0.0001439856278565956
0.00014403700033036008
0.00014739611217967784
0.0001474399661483127
0.00014748677248677247
0.00014754532221781128
0.00014758926503193355
0.00014766256125016552
0.00014768896571364234
0.0001477241863577045
0.00014777411103600915
0.00014783582930596713
0.0001479093706887403
0.0001479682564960055
0.00014799771698589042
0.0001480832187846551
0.00014811567635064225
0.00014814224312600062
0.0001481983598495421
0.00014825156229224837
0.00014833143761765078
0.00014838177366123707
0.00014842028898694832
0.00014847661659742194
0.0001485181485181485
0.00014855673468300122
0.00014860128210254154
0.00014866072023785715
0.0001487291329024857
0.00014876782879024402
0.0001488452810038713
0.00014890789746055275
0.00014895265576573687
0.00014903030060013097
0.0001490900825009694
0.00014916188412195154
0.00014921578073978908
0.00014927870937510459
0.00014933869077515485
0.00014940772900251916
0.0001494858491198434
0.0001495670603700946
0.00014961823866457334
0.00014968753565986696
0.00014974784611562143
0.00014980518608088134
0.00014988070033941593
0.0001499411665826189
0.00015337423312883434
0.0001534237726098191
0.00015348574198238954
0.0001535446592722791
0.0001535943089266587
0.00015366884364195158
0.0001537403406562285
0.00015381813030014774
0.00015386484188362957
0.00015391781598720052
0.0001539489942674256
0.0001539895449203712
0.0001540488497010236
0.00012366953877344144
0.0001237347613541857
0.00012377493253251627
0.00012382015629757435
0.0001238478093149795
0.00012388553788663458
0.00012391322011863167
0.00012396862171279923
0.00012402407286922577
0.00012405938580435224
0.0001241123929276282
0.0001241679728051784
0.00012422613229064842
0.00012428687856560716
0.00012435782434966973
0.00012442631310555837
0.00012448725536213547
0.0001245380861966885
0.0001246042283729956
0.00012468573063794124
0.00012475713263114836
0.00012479797049857813
0.00012485927745368948
0.0001248976248976249
0.00012493855480911028
0.00012498719393504764
0.00012503843394486008
0.0001250897159848252
0.00012515901350075914
0.00012520782446273526
0.00012529011851212848
0.00012533903180734774
0.00012536736749080296
0.0001254343936994921
0.00012548600111085968
0.00012558417227677928
0.0001256177924217463
0.000125666961949692
0.0001257291258734052
0.00012579394539305452
0.0001258432529449384
0.0001259029927760578
0.00012593938392930877
0.0001259679917398038
0.0001260278500888393
0.0001260695242425495
0.0001261373035566584
0.00012619471223468078
0.00012626262626262626
0.00012632799718350694
0.00012640129302306306
0.00012645894230569894
0.00012651926826233044
0.0001265980408434335
9.205617503131986e-05
9.212504069433187e-05
9.217292472313469e-05
9.221894024490021e-05
9.226692196160862e-05
9.23053432995343e-05
9.233033433300009e-05
9.237265769332277e-05
9.241309347619145e-05
9.248056517446144e-05
9.253268212588617e-05
9.258099096465214e-05
9.262160938751348e-05
9.266613714588296e-05
9.27068303325596e-05
9.273979862215154e-05
9.277279036837074e-05
9.283690022476301e-05
9.288552731742405e-05
9.292641345965735e-05
9.298098434004473e-05
9.303561935140882e-05
9.309031860686487e-05
9.313138527683828e-05
9.319207376888365e-05
9.32606881657095e-05
9.33215453486577e-05
9.338248200807441e-05
9.343562074973303e-05
9.346122764484733e-05
9.349276309777374e-05
9.353221235328452e-05
9.357564500355305e-05
9.363691406525014e-05
9.367648508923917e-05
9.37319407444994e-05
9.377555912795779e-05
9.382318914190579e-05
0.00010797307024600922
0.00010802109588460805
0.00010808977809804378
0.0001081402005894701
0.00010817460654138209
0.00010822740487659952
0.00010827795588204071
0.0001083377588953797
0.00010839532412327311
0.00010845295055821371
0.0001085060210203821
0.00010858456821665815
0.00010866322921549409
0.00010872809448684602
0.00010879535806472257
0.000108860381224786
0.00010892315578147024
0.00010896970214948079
0.00010903027193432528
0.00010909791002631184
0.00010915394987479399
0.00010921238596942052
0.00010928025027320061
0.00010934116587698045
0.00010940214943046527
0.00010949375241530335
0.00010954784663301471
0.0001096444081351851
0.0001097033706898406
0.00010981202764679284
0.0001098569705324832
0.0001099161619862497
0.00010998490403277981
0.0001100394847562949
0.00011011075846881274
0.00011017498379779649
0.00011027027027027026
0.00011033229491173415
0.00011040394856474866
0.00011046133853151396
0.00011052118322678512
0.0001105691056910569
0.00011064106736088513
0.00011074918566775243
0.00011084065026514821
0.00011093709214304359
0.0001110095337599582
0.00011109658868121813
0.00011116923881768245
0.00011125169058941581
0.00011131725417439703
0.0001113804625565092
0.00011149734373975207
0.0001115509963035062
0.00011161447048782088
0.00011167312619063258
0.00011173918759037728
0.00011180777831367562
0.00011189854531891084
0.00011195995785036881
0.00011201897733263046
0.00011208298536328073
0.00011214706658457208
0.00011220628355187889
0.00011230511759006429
0.00011238678683972761
0.00011247105524313595
0.00011259272341928647
0.00011265987762044666
0.00011273957158962796
0.00011284683807585077
0.00011291429583545507
0.00011297182349813928
0.00011304945359430762
0.00011311966285904402
0.0001132201132201132
0.00011329053468689606
0.00011336356361696452
0.00011344425660645964
0.00011353011887271269
0.00011361611121012297
0.00011368195800454727
0.00011378848728246317
0.00011385453408938696
0.00011393338248106694
0.0001140301844605925
0.00011408885508478367
0.00011415780637940682
0.00011422172452407614
0.00011430364426912905
0.00011439081284765834
0.00011445756093181919
0.00011450638766025281
0.00011456554946536076
0.00011464796331265174
0.00011472533405317856
0.00011482348703170028
0.00011495289185412252
0.00011503067484662575
0.00011510596519737286
0.00011520477083286271
0.00011529071344606202
0.00011537417428287032
0.00011544730170228178
0.00011551528878822197
0.00011559121506765485
0.00011566461796657065
0.00011579329761147943
0.00011588275391956373
0.00011597234855375658
0.00011610964393042527
0.0001161995898838004
0.00011627376772604988
0.00011634804033398731
0.00011644899077541327
6.322942377426333e-05
6.328004086518301e-05
6.332928941485263e-05
6.339749465322335e-05
6.344838130183847e-05
6.348332224287342e-05
6.353288783766199e-05
6.357084319447316e-05
6.363517875351718e-05
6.368351594389712e-05
6.372165154237106e-05
6.375101771202974e-05
6.379805992405725e-05
6.384517161274442e-05
6.389677975626842e-05
6.394403741111393e-05
6.398248575811537e-05
6.404765763054533e-05
6.408326191524023e-05
6.413971639426606e-05
6.422905784484427e-05
6.429174509484968e-05
6.434407801913268e-05
6.439499736213264e-05
6.443098897686694e-05
6.447904042758149e-05
6.452866861030126e-05
6.457988064393144e-05
6.462664486490696e-05
6.466591872351035e-05
6.471886281940318e-05
6.476886100446358e-05
6.482501152010746e-05
6.487973797966059e-05
6.494827613189978e-05
6.501084819575315e-05
6.509803921568627e-05
6.515783110776163e-05
6.520543640505932e-05
6.527312477390334e-05
6.533323887563857e-05
6.53903726463405e-05
6.543212796316881e-05
6.55018387865587e-05
6.553907866268694e-05
6.560435043788928e-05
6.565728479440568e-05
6.572435364453419e-05
6.578217382345016e-05
6.585106551784326e-05
6.590910895649204e-05
6.597512022574619e-05
6.604441685962777e-05
6.610280180309329e-05
6.619611596283447e-05
6.625476954515701e-05
6.631670621699145e-05
6.639150188775837e-05
6.64425232148575e-05
6.651280571849857e-05
6.817616721608637e-05
6.825335645917646e-05
6.831095145100498e-05
6.836534440047614e-05
6.84297387594091e-05
6.849922233235824e-05
6.855557437473284e-05
6.860703504608779e-05
6.868353857590743e-05
6.874686595169926e-05
6.884542177945167e-05
6.889061790831875e-05
6.894426059308286e-05
6.900470855658387e-05
6.906526261050442e-05
6.916135751539858e-05
6.923910298705636e-05
6.9344167339713e-05
6.942912919535724e-05
6.950406803221718e-05
6.959796937689347e-05
6.967156006917976e-05
6.97470234432054e-05
6.985708063150801e-05
6.99536659835897e-05
7.000724780918495e-05
7.009904582828208e-05
7.0163274066003e-05
7.022239846667328e-05
7.027813605847141e-05
7.035142606478953e-05
7.045463964524018e-05
7.05247873885086e-05
7.057045837588317e-05
8.725785944005385e-05
8.736022364217252e-05
8.74344241818636e-05
8.754377188594297e-05
8.764241893076249e-05
8.77368896019252e-05
8.780292007425619e-05
8.792865217937445e-05
8.80126738250308e-05
8.809020436927414e-05
8.820564516129032e-05
8.829910691760432e-05
8.841732979664014e-05
8.853810933191673e-05
8.862778861006305e-05
8.873339417908935e-05
8.886406337277204e-05
8.89521437466643e-05
8.9058524173028e-05
8.91492613346918e-05
8.924928600571195e-05
8.932445193068423e-05
8.939746111210442e-05
8.953009490190059e-05
8.96355673931416e-05
8.974589092028e-05
8.983111749910169e-05
8.995348119972243e-05
9.003215434083602e-05
9.013881377321075e-05
9.022013713460844e-05
9.03482278840445e-05
9.047200537662204e-05
9.058908789729786e-05
9.069472156720479e-05
9.079824629672867e-05
9.089256498818396e-05
9.103914683313825e-05
9.111261519237778e-05
9.120996534021318e-05
9.131467035404002e-05
9.141722822964007e-05
9.151044526368081e-05
9.161344361846928e-05
9.175755033557047e-05
9.184664234917469e-05
9.201808812703754e-05
9.21173838662982e-05
9.22266139657444e-05
9.238241038906192e-05
9.25240562546262e-05
9.265632445597501e-05
9.277913264765137e-05
9.290966525974887e-05
9.305045993513053e-05
9.323140033563304e-05
9.336570010937125e-05
9.350288523188716e-05
9.363295880149813e-05
3.572417365520814e-05
3.577689528102751e-05
3.5828809946077644e-05
3.590986623574828e-05
3.595731866274732e-05
3.6013649173036584e-05
3.606527815345776e-05
4.063498943490275e-05
4.071882295455779e-05
4.078968836678088e-05
4.088084596097242e-05
4.0947805197641404e-05
4.1003772347055926e-05
4.1083509079455504e-05
4.115677989354113e-05
4.121332014507089e-05
4.130183380142078e-05
4.135763324050842e-05
4.1413583655438987e-05
4.1485742733080734e-05
4.155469983655151e-05
4.1625041625041625e-05
4.168982768204558e-05
4.1757140471020544e-05
4.185034317281402e-05
4.191934717603331e-05
4.200504060487258e-05
4.209462872537464e-05
4.217273954116059e-05
4.2235675066873154e-05
4.229164317130935e-05
4.234656428208458e-05
4.2399231160608286e-05
4.249171411574743e-05
4.257009876262913e-05
4.263786242183058e-05
4.271070615034169e-05
4.279356384799726e-05
4.2887776983559683e-05
4.297994269340974e-05
4.3077453260963214e-05
4.3154290974999284e-05
4.3248853905371505e-05
4.332004851845434e-05
4.342162396873643e-05
4.3499695502131485e-05
4.3580580493332174e-05
4.365795447930613e-05
4.370374686789814e-05
4.379434177104318e-05
4.3880177860987596e-05
4.397666305080771e-05
4.406968886799659e-05
4.414751155193219e-05
4.4212574056061546e-05
4.43079104389437e-05
4.439840165754033e-05
4.449454200284765e-05
4.4557984790874526e-05
4.4666785778095405e-05
4.474539868150225e-05
4.4836347332237335e-05
4.490749056942698e-05
4.49842555105713e-05
4.507346975570179e-05
4.515352197471403e-05
4.524886877828054e-05
4.5333655705996134e-05
4.5429765582409596e-05
4.551385138210395e-05
6.587615283267458e-05
6.600458985763318e-05
6.613554734796456e-05
6.624473863902733e-05
6.637461834594451e-05
6.654381654381655e-05
6.66728210809203e-05
6.679820775270277e-05
6.698199730011027e-05
6.714390488291136e-05
6.725854183481303e-05
6.73966239475758e-05
6.754369557536838e-05
6.775279610577776e-05
6.792484377285933e-05
6.807851023272378e-05
6.826296996429323e-05
6.846573553266344e-05
6.86327304211938e-05
6.87721525683754e-05
6.894284108144802e-05
6.919383855480685e-05
6.937551364562989e-05
6.958048320969418e-05
6.976419701409238e-05
6.990600331246909e-05
7.001895897966219e-05
7.019817484745397e-05
7.03966036346308e-05
7.054558873007088e-05
7.073213197527641e-05
7.098239636570132e-05
7.120166502355133e-05
7.135173110276846e-05
7.150715071507152e-05
7.170831264824315e-05
7.189152122458912e-05
7.206128535160365e-05
7.231623332554544e-05
7.249286224125626e-05
7.267523116313913e-05
7.283892512158498e-05
7.305012362328614e-05
7.325016622153105e-05
7.342641543536218e-05
7.367609720710919e-05
7.389218561717028e-05
7.408927187343273e-05
7.426958717535622e-05
7.44686945065017e-05
7.478484973997884e-05
7.498932844172176e-05
7.519753814828955e-05
7.549887332450579e-05
7.570463545306314e-05
0.0
0.0
0.0
0.0
0.0
0.0
0.0
0.0
0.0
0.0
0.0
0.0
0.0
0.0
0.0
0.0
0.0
0.0
0.0
0.0
0.0
0.0
0.0
0.0
0.0
0.0
0.0
0.0
0.0
0.0
0.0
0.0
0.0
0.0
0.0
0.0
0.0
0.0
0.0
0.0
0.0
0.0
0.0
0.0
0.0
0.0
0.0
0.0
0.0
0.0
0.0
0.0
0.0
0.0
0.0
0.0
0.0
0.0
0.0
0.0
0.0
0.0
0.0
0.0
0.0
0.0
0.0
0.0
0.0
0.0
0.0
0.0
0.0
0.0
0.0
0.0
0.0
0.0
0.0
0.0
0.0
0.0
0.0
0.0
0.0
0.0
0.0
0.0
0.0
0.0
0.0
0.0
0.0
0.0
0.0
0.0
0.0
0.0
0.0
0.0
0.0
0.0
0.0
0.0
0.0
0.0
0.0
0.0
0.0
0.0
0.0
0.0
0.0
0.0
0.0
0.0
0.0
0.0
0.0
0.0
0.0
0.0
0.0
0.0
0.0
0.0
0.0
0.0
0.0
0.0
0.0
0.0
