51849
51813
51785
51751
51726
51698
51676
51649
51626
51580
51546
51505
51484
51452
51422
51393
51373
51342
51299
51268
51235
51213
51191
51163
51136
51118
51092
51055
51026
51000
50952
50936
50911
50882
50851
50824
50806
50762
50731
50691
50658
50633
50608
50586
50560
50530
50511
50473
50435
50407
50378
50356
50313
50280
50246
50222
50191
50161
50133
50104
50077
50040
50010
49968
49931
49901
49866
49839
49810
49780
49753
49721
49694
49669
49642
49608
49576
49550
49511
49476
49451
49413
49388
49361
49342
49321
49280
49256
49232
49191
49153
49120
49090
49059
49033
48995
48963
48933
48911
48876
48851
48831
48791
48757
48742
48711
48673
48645
48607
48580
48545
48509
48466
48439
48405
48372
48327
48269
48232
48214
48170
48144
48119
48081
48042
48004
47978
47936
47914
47881
47850
47804
47772
47732
47697
47674
47649
47625
47577
47536
47499
47462
47434
47401
47373
47341
47309
47275
47241
47210
47164
47118
47070
47040
47015
46990
46949
46913
46861
46839
46806
46773
46754
46715
46692
46657
46624
46590
46548
46518
46480
46439
46400
46367
46323
46300
46264
46224
46182
46137
46107
46078
46023
45981
45954
45910
45881
45857
45822
45780
45734
45688
45650
45617
45580
45556
45523
45489
45439
45407
45369
45341
45312
45280
45235
45177
45143
45121
45074
45035
44998
44948
44920
44890
44851
44820
44782
44751
44708
44687
44639
44602
44558
44516
44474
44446
44409
44367
44334
44275
44248
44210
44154
44119
44095
44050
44017
43986
43935
43896
43861
43823
43785
43748
43705
43675
43615
43556
43522
43487
43454
43414
43379
43344
43297
43248
43199
43152
43102
43063
43029
42980
42945
42916
42884
42848
42798
42762
42727
42700
42665
42629
42586
42552
42524
42476
42436
42396
42361
42321
42293
42256
42217
42159
42125
42089
42047
42017
41978
41931
41897
41871
41832
41793
41729
41684
41640
41603
41554
41517
41493
41463
41421
41383
41343
41296
41253
41225
41169
41128
41078
41037
40993
40953
40909
40871
40836
40790
40750
40712
40677
40632
40601
40562
40525
40496
40462
40384
40339
40299
40265
40219
40188
40132
40097
40073
40033
39996
39963
39927
39890
39849
39824
39789
39714
39673
39633
39572
39532
39493
39431
39381
39329
39278
39241
39207
39166
39119
39083
39038
38991
38935
38889
38851
38812
38750
38703
38631
38578
38526
38477
38424
38390
38350
38304
38264
38199
38159
38114
38060
38015
37959
37901
37839
37801
37765
37719
37650
37591
37543
37522
37475
37409
37394
37343
37277
37218
37176
37145
37101
37060
37006
36959
36909
36865
36812
36758
36711
36664
36632
36585
36518
36478
36453
36399
36331
36289
36254
36207
36155
36123
36068
36030
35988
35923
35877
35829
35772
35727
35672
35643
35585
35537
35493
35462
35422
35360
35276
35232
35183
35139
35101
35022
34980
34926
34886
34853
34818
34775
34736
34683
34643
34605
34553
34456
34398
34360
34322
34253
34218
34176
34131
34110
34082
34029
33985
33921
33824
33785
33748
33707
33655
33613
33554
33514
33479
33439
33382
33350
33302
33254
33212
33141
33098
33050
32978
32932
32883
32814
32764
32697
32631
32601
32553
32499
32457
32389
32335
32299
32243
32210
32164
32108
32031
31969
31918
31878
31824
31798
31760
31691
31640
31597
31534
31462
31407
31372
31309
31269
31208
31144
31107
31001
30954
30905
30855
30806
30744
30701
30646
30587
30544
30482
30432
30378
30328
30278
30240
30199
30134
30105
30063
30018
29937
29887
29849
29795
29746
29676
29602
29545
29494
29438
29354
29293
29245
29204
29114
29064
29028
28932
28866
28816
28775
28714
28663
28608
28557
28512
28449
28376
28331
28250
28210
28135
28098
27998
27955
27887
27833
27762
27713
27660
27604
27536
27490
27443
27396
27340
27281
27212
27143
27084
27035
26987
26940
26875
26806
26721
26600
26532
26478
26443
26401
26362
26288
26234
26184
26103
26048
26009
25948
25858
25757
25712
25661
25625
25528
25426
25362
25312
25205
25136
25040
24988
24932
24893
24855
24807
24746
24722
24684
24625
24581
24476
24393
24334
24272
24163
24070
23949
23908
23865
23823
23766
23662
23610
23505
23454
23401
23348
23301
23218
23170
23105
23063
23014
22948
22852
22790
22725
22625
22584
22545
22510
22431
22352
22299
22221
22177
22124
22083
22019
21971
21889
21855
21822
21755
21666
21645
21556
21499
21407
21358
21298
21209
21182
21098
21018
20969
20909
20839
20773
20722
20634
20604
20526
20441
20355
20320
20171
20122
19954
19899
19811
19727
19582
19493
19449
19336
19299
19217
19159
19080
19030
19009
18971
18911
18846
18763
18708
18630
18535
18504
18425
18360
18328
18246
18187
18023
17912
17791
17602
17575
17524
17396
17326
17257
17221
17121
17043
17022
16899
16850
16812
16709
16583
16477
16402
16384
16301
16271
16208
16133
16074
16013
15948
15877
15801
15666
15575
15514
15366
15252
15177
15069
15019
14979
14870
14810
14682
14608
14542
14461
14397
14304
14252
14184
14137
13974
13893
13686
13576
13506
13460
13253
13212
13073
13030
12959
12902
12776
12695
12605
12564
12481
12456
12298
12251
12209
12052
11900
11880
11806
11317
11281
11210
11145
11097
11033
10989
10974
10936
10878
10799
10730
10634
10594
10441
10424
10367
10310
10271
10229
10160
10013
9935
9888
9833
9703
9510
9439
9411
9375
9297
9261
9212
9194
9097
9066
9019
8894
8869
8791
8729
8661
8621
8344
8308
8105
7935
7877
7863
7313
7077
6740
6688
6557
6450
6414
6397
6366
6317
6253
6165
6137
6113
6063
6023
5994
5939
5912
5881
5796
5759
5729
5630
5612
5597
5569
5553
5485
5116
4280
4150
3852
3776
3753
3649
3644
3632
3436
2723
2711
2559
2550
2511
2498
2489
2460
2449
2443
2441
2278
2156
2152
2140
2133
2117
2114
2111
2092
2066
2055
1890
1889
1875
1845
1829
1828
1817
1814
1617
1596
1582
1580
1577
1547
1543
1360
1355
1249
1248
1243
1240
1240
1238
1234
1220
1219
1204
1201
1196
1186
1168
1168
1164
1158
1156
1147
1146
1145
1144
1142
1073
1034
898
891
890
888
879
879
877
877
853
760
754
749
745
725
724
723
722
722
721
720
652
521
515
475
474
465
463
463
423
423
423
393
372
370
370
369
308
308
306
302
302
299
298
298
298
298
257
257
257
257
238
238
237
237
237
237
237
237
236
236
236
236
236
236
236
235
234
234
234
229
228
228
212
209
116
116
115
115
115
115
114
113
112
112
112
112
91
91
91
91
91
91
90
90
90
90
90
85
85
85
85
85
85
85
85
85
84
81
81
71
71
71
71
71
71
70
70
69
69
69
69
69
68
68
68
68
68
67
67
67
67
67
67
66
66
66
66
65
65
65
65
65
65
64
64
64
64
63
53
53
52
52
52
52
52
52
52
52
52
52
52
52
52
52
52
50
50
50
49
49
49
49
49
49
48
48
48
48
48
48
48
48
48
48
37
37
37
37
37
37
37
30
30
30
30
30
27
27
27
27
27
27
27
27
27
26
26
25
24
24
24
23
23
23
23
23
23
23
23
23
23
23
23
23
23
23
23
23
23
21
21
21
21
21
21
21
21
21
21
21
21
21
21
20
20
19
19
19
18
18
18
18
18
18
18
16
16
16
16
16
16
16
16
16
16
16
16
16
16
16
16
16
16
16
16
16
16
16
16
16
16
16
16
16
16
16
16
16
16
16
16
16
16
16
16
16
16
16
16
16
16
16
16
16
15
15
15
15
15
15
15
15
15
15
15
15
15
15
15
15
15
15
15
15
15
15
15
15
15
15
15
15
15
15
15
15
15
14
14
14
14
14
9
8
8
8
8
8
8
8
7
6
6
6
6
6
6
6
6
6
5
5
5
5
5
5
5
4
4
4
4
4
4
4
3
3
