0.0
0.0
0.0
0.0
0.0
0.0
0.0
0.0
0.0
0.0
0.0
0.0
0.0
0.0
0.0
0.0
0.0
0.0
0.0
0.0
0.0
0.0
0.0
0.0
0.0
0.0
0.0
0.0
0.0
0.0
0.0
0.0
0.0
0.0
0.0
0.0
0.0
0.0
0.0
0.0
0.0
0.0
0.0
0.0
0.0
0.0
0.0
0.0
0.0
0.0
0.0
0.0
0.0
0.0
0.0
0.0
0.0
0.0
0.0
0.0
0.0
0.0
0.0
0.0
0.0
0.0
0.0
0.0
0.0
0.0
0.0
0.0
0.0
0.0
0.0
0.0
0.0
0.0
0.0
0.0
0.0
0.0
0.0
0.0
0.0
0.0
0.0
0.0
0.0
0.0
0.0
0.0
0.0
0.0
0.0
0.0
0.0
0.0
0.0
0.0
0.0
0.0
0.0
0.0
0.0
0.0
0.0
0.0
0.0
0.0
0.0
0.0
0.0
0.0
0.0
0.0
0.0
0.0
0.0
0.0
0.0
0.0
0.0
0.0
0.0
0.0
0.0
0.0
0.0
0.0
0.0
0.0
0.0
0.0
0.0
0.0
0.0
0.0
0.0
0.0
0.0
0.0
0.0
0.0
0.0
0.0
0.0
0.0
0.0
0.0
0.0
0.0
0.0
0.0
0.0
0.0
0.0
0.0
0.0
0.0
0.0
0.0
0.0
0.0
0.0
0.0
0.0
0.0
0.0
0.0
0.0
0.0
0.0
0.0
0.0
0.0
0.0
0.0
0.0
0.0
0.0
0.0
0.0
0.0
0.0
0.0
0.0
0.0
0.0
0.0
0.0
0.0
0.0
0.0
0.0
0.0
0.0
0.0
0.0
0.0
0.0
0.0
0.0
0.0
0.0
0.0
0.0
0.0
0.0
0.0
0.0
0.0
0.0
0.0
0.0
0.0
0.0
0.0
0.0
0.0
0.0
0.0
0.0
0.0
0.0
0.0
0.0
0.0
0.0
0.0
0.0
0.0
0.0
0.0
0.0
0.0
0.0
0.0
0.0
0.0
0.0
0.0
0.0
0.0
0.0
0.0
0.0
0.0
0.0
0.0
0.0
0.0
0.0
0.0
0.0
0.0
0.0
0.0
0.0
0.0
0.0
0.0
0.0
0.0
0.0
0.0
0.0
0.0
0.0
0.0
0.0
0.0
0.0
0.0
0.0
0.0
0.0
0.0
0.0
0.0
0.0
0.0
0.0
0.0
0.0
0.0
0.0
0.0
0.0
0.0
0.0
0.0
0.0
0.0
0.0
0.0
0.0
0.0
0.0
0.0
0.0
0.0
0.0
0.0
0.0
0.0
0.0
0.0
0.0
0.0
0.0
0.0
0.0
0.0
0.0
0.0
0.0
0.0
0.0
0.0
0.0
0.0
0.0
0.0
0.0
0.0
0.0
0.0
0.0
0.0
0.0
0.0
0.0
0.0
0.0
0.0
0.0
0.0
0.0
0.0
0.0
0.0
0.0
0.0
0.0
0.0
0.0
0.0
0.0
0.0
0.0
0.0
0.0
0.0
0.0
0.0
0.0
0.0
0.0
0.0
0.0
0.0
0.0
0.0
0.0
0.0
0.0
0.0
0.0
0.0
0.0
0.0
0.0
0.0
0.0
0.0
0.0
0.0
0.0
0.0
0.0
0.0
0.0
0.0
0.0
0.0
0.0
0.0
0.0
0.0
0.0
0.0
0.0
0.0
0.0
0.0
0.0
0.0
0.0
0.0
0.0
0.0
0.0
0.0
0.0
0.0
0.0
0.0
0.0
0.0
0.0
0.0
0.0
0.0
0.0
0.0
0.0
0.0
0.0
0.0
0.0
0.0
0.0
0.0
0.0
0.0
0.0
0.0
0.0
0.0
0.0
0.0
0.0
0.0
0.0
0.0
0.0
0.0
0.0
0.0
0.0
0.0
0.0
9.426255262992522e-05
9.411469444095872e-05
9.398201810720216e-05
9.386439723412909e-05
9.371485692865175e-05
9.356579234631818e-05
9.33968431867003e-05
9.325168630132728e-05
9.3106979919928e-05
9.293104516448795e-05
9.278446169548139e-05
9.266123054114158e-05
9.25154963456379e-05
9.23759083630989e-05
9.222823413674372e-05
9.21008196972953e-05
9.195966036232106e-05
9.182736455463728e-05
9.167023162011856e-05
9.154994049253868e-05
9.140489320861644e-05
9.125475285171103e-05
9.113554893978978e-05
9.101389478793762e-05
9.087604507451835e-05
9.076881183625306e-05
9.06426564341179e-05
9.051685122046888e-05
9.039139473922083e-05
9.024999247916729e-05
9.012798173406237e-05
8.999550022498874e-05
8.987686868989484e-05
8.976660682226212e-05
8.962179602079225e-05
8.94854586129754e-05
8.933357155619081e-05
8.924321751546882e-05
8.91000891000891e-05
8.897324870988789e-05
8.883624518803672e-05
8.87154009936125e-05
8.859750155045628e-05
8.847469623687625e-05
8.835483300936562e-05
8.821713176698915e-05
8.809537792917132e-05
8.800234672924612e-05
8.787861034624173e-05
8.776292309042507e-05
8.76577840112202e-05
8.754012255617158e-05
8.742022904100009e-05
8.733115975780159e-05
8.719662839703532e-05
8.709789803739404e-05
8.697921196833956e-05
8.686084892003012e-05
8.673779165582444e-05
8.662008431021539e-05
8.652015919709292e-05
8.638065073423554e-05
8.627631427585413e-05
8.616232982939858e-05
8.60560511746651e-05
8.595003438001376e-05
8.584182213574454e-05
8.576574516138254e-05
8.566533409480297e-05
8.555539711963496e-05
8.543600842968616e-05
8.53315129277242e-05
8.522000965826776e-05
8.511121198365865e-05
8.501232678738417e-05
8.489204561532585e-05
8.476491862567812e-05
8.46620572879921e-05
8.456182879048397e-05
8.445945945945946e-05
8.435733768242275e-05
8.426019548365353e-05
8.41632767569084e-05
8.403832147459241e-05
8.393251825532273e-05
8.382229673093043e-05
8.371703641691084e-05
8.360271987515327e-05
8.350963144415989e-05
8.340283569641368e-05
8.330093852390737e-05
8.321313658049484e-05
8.31140047097936e-05
8.301970334292672e-05
8.291186468783683e-05
8.281116294476496e-05
8.272895237569974e-05
8.26286941912028e-05
8.254684533472746e-05
8.243570015387997e-05
8.232711306256861e-05
8.222557215293956e-05
8.211753756877343e-05
8.200978650118915e-05
8.192692118630181e-05
8.183082840075284e-05
8.17572355153431e-05
8.165709464057269e-05
8.154833097749266e-05
8.145312372729494e-05
8.136696501220504e-05
8.12721805326037e-05
8.118420696560496e-05
8.10898475510866e-05
8.097821685966476e-05
8.089087820530105e-05
8.07971990304336e-05
8.069288288772931e-05
8.061049011177988e-05
8.054556193953713e-05
8.046778606297945e-05
8.03944688605424e-05
8.030838419531e-05
8.020532563362207e-05
8.011750567498999e-05
0.00011829161997260615
0.00011815920398009951
0.00011801137523180806
0.00011784825044082335
0.00011773558181737707
0.00011760752688172044
0.00011748286340187973
0.00011734293251457965
0.00011721572982214938
0.00011709808064800142
0.00011697140796636852
0.00011685116851168513
0.00011675269496822221
0.00011661449702326153
0.00011649498983953473
0.00011637572734829593
0.0001162475636083943
0.00011612272338344947
0.00011598904644794447
0.0001158526493671658
0.00011573771918374452
0.0001156380962317631
0.00011547845415158068
0.00011537026916837987
0.00011525030112390708
0.00011511563495360754
0.00011499917857729588
0.0001148770038695412
0.00011474914800914542
0.00011462750370600201
0.00011451499027053091
0.00011439384165484024
0.00011425527893751182
0.00011411705148995685
0.00011397329768454249
0.00011386791322066403
0.00011377148185216551
0.00011366064179806008
0.00011354710924427143
0.00011345122024038011
0.00011335839150408688
0.0001132599272752046
0.00011315296920197381
0.00011303468380034506
0.00011293102716288391
0.00011283904740088405
0.00011273001585000975
0.00011261547319667065
0.00011250687307025336
0.00011241558265926246
0.0001123045225791198
0.00011221640046911518
0.00011211140333131027
0.00011200094316583719
0.00011190482200402185
0.0001118004068526084
0.00011167649083916907
0.00011156688560619406
0.00011147711366474725
0.00011139308357831436
0.00011128403366969561
0.00011117798508710336
0.00011109997326917938
0.00011099149621544034
0.00011088877772219444
0.00011080009330534173
0.00011067562057401537
0.00011058175982972073
0.00011049631955867937
0.0001103807721674468
0.00011027918045156423
0.00011015861183583883
0.00011007929019549421
0.00010998643776256162
0.0001098828467092979
0.00010978760638253965
0.00010968710310587693
0.00010958136622422161
0.00010950016877845564
0.00010939749126053877
0.00010930039528939951
0.00010921423233890902
0.00010912551896158454
0.00010902354252737885
0.00010893781534630759
0.0001088415332744116
0.00010874008666503148
0.00010863882898778018
0.00010853775971535361
0.00010842892198824402
0.00010834677485051404
0.00010824624800599017
0.00010817493432236131
0.0001080958070205382
0.00010800363801728058
0.00010789849428868121
0.00010780403981454463
0.00010770451711125148
0.00010761562611256757
0.0001075294897604437
0.00010742266375898555
0.00010734983130740795
0.00010726411974869549
0.0001071707721936165
0.00010707758697034838
0.00010698714545425294
0.00010688139379766469
0.00010680414689183873
9.064946733410346e-05
9.057971014492754e-05
9.049918710907154e-05
9.042531908934501e-05
9.034723721346733e-05
9.024982429237749e-05
9.016556951924994e-05
9.008362630441887e-05
8.999968141705693e-05
8.993092031961289e-05
8.986226421096161e-05
8.979799424657099e-05
8.97423679278249e-05
8.96718644605801e-05
8.960573476702509e-05
8.954821735650492e-05
8.946951702296121e-05
8.940580742147322e-05
8.934218848829855e-05
8.927231215288475e-05
8.920254503544419e-05
8.9126559714795e-05
8.90591258019262e-05
8.896026703825291e-05
8.887630463336558e-05
8.881343676561898e-05
8.874647566540223e-05
8.866709038550568e-05
7.291544160884392e-05
7.28588887844317e-05
7.27990042974896e-05
7.273751143856026e-05
7.267782622966193e-05
7.261143512988076e-05
7.25621459669491e-05
7.249427061409662e-05
7.243159886913245e-05
7.238255346969271e-05
7.233695018084237e-05
7.226107226107225e-05
7.220048444196012e-05
7.215007215007214e-05
7.208464132077665e-05
7.203439061229232e-05
7.197251114413075e-05
7.191907943578321e-05
6.80082846455841e-05
6.795629174871617e-05
6.791066660492971e-05
6.785411365564038e-05
6.781489615844026e-05
6.776163305535663e-05
6.771157944953564e-05
6.765535745861876e-05
6.760857706993647e-05
6.756186132927963e-05
6.751210231152233e-05
6.7462416534425e-05
0.00010189696913977507
0.00010182441795478384
0.00010174729948896846
0.00010168662171047602
0.00010160738296051828
0.00010153059277071645
0.00010147481822274105
0.00010139590909437443
0.00010131249190642687
0.00010124770670138017
0.00010119455223312791
0.00010114606861201738
0.00010106766974429121
0.00010101010101010101
0.00010093421062617157
0.00010086761315374349
0.00010080568756300356
0.00010074612733401508
0.00010067977774749815
0.00010062264993153121
0.0001005633057351329
0.00010049264061413849
0.00010041297667851993
0.00010034706503696997
0.00010028577676235288
0.0001002268291396318
0.00010015889870395892
0.00010008202210834443
0.00010001203152258919
9.994439184213295e-05
9.987459355546044e-05
9.980039920159681e-05
9.973753280839896e-05
9.967698660731014e-05
9.962099081689213e-05
9.953376290009954e-05
9.9464536779443e-05
9.940655036847691e-05
9.93441790286679e-05
9.927299326735039e-05
9.921967085925728e-05
9.915088080274939e-05
9.757696289840824e-05
9.751377102873307e-05
9.74702380952381e-05
9.742239673969629e-05
9.734638220716202e-05
9.726181990971728e-05
9.72120186706442e-05
9.714281476867405e-05
9.70672357325983e-05
9.69874656656968e-05
9.69250347746308e-05
9.688417533817016e-05
9.681114436684773e-05
9.6757515326095e-05
9.668681590387413e-05
9.660766961651918e-05
9.654572656186667e-05
9.650092081031309e-05
9.642846627211968e-05
9.636675273468248e-05
9.630936626966624e-05
9.626265743720883e-05
9.61947981377862e-05
9.613549968444074e-05
9.607838823003074e-05
9.603823934781973e-05
9.598968294094803e-05
9.593906770661687e-05
9.588008402315761e-05
9.580225244990494e-05
9.57413376014968e-05
9.568050016798867e-05
9.56197400018978e-05
9.55548747574657e-05
9.551098376313278e-05
9.544835224085045e-05
9.539205406035187e-05
9.532749725296717e-05
9.526718445472265e-05
9.520902378045237e-05
9.5161302039067e-05
9.509912813700083e-05
9.504737857878776e-05
9.499155227798445e-05
9.493785556401059e-05
9.48739118469271e-05
9.480593731228787e-05
9.476478800899905e-05
9.472161966738974e-05
9.465591491083559e-05
9.45943994338778e-05
9.454933887637856e-05
9.450636655484616e-05
9.44532168169987e-05
9.438584356447058e-05
9.431449203366524e-05
9.426359266614858e-05
9.422087963462438e-05
9.417617414684296e-05
9.41173089634164e-05
9.406256955962922e-05
9.40139657387273e-05
9.396541212082088e-05
9.390277120697318e-05
9.385029802842734e-05
9.379586868578385e-05
9.374150244014141e-05
9.368317922092783e-05
9.363496658446804e-05
9.35868035462969e-05
9.354269760002287e-05
9.349663126641544e-05
9.343461360151208e-05
9.335870409566774e-05
9.330085608877114e-05
9.324507082354617e-05
9.31933299186159e-05
9.315356827943227e-05
9.31019288445411e-05
9.304439851413068e-05
9.299089966920795e-05
9.293746231066654e-05
9.288408633256759e-05
9.283077162921548e-05
9.27735758193819e-05
9.272432562518139e-05
9.267119411431807e-05
9.260437431960527e-05
9.254549564824235e-05
9.24945279954812e-05
9.244361645072968e-05
9.239276092138858e-05
9.234586699375433e-05
9.229902064397944e-05
9.224637528078812e-05
9.219184348499245e-05
9.214515323527964e-05
8.856648812787314e-05
8.852355358836548e-05
8.847134160470163e-05
8.844525870238171e-05
8.839127872716559e-05
8.834479712248375e-05
8.830950378469302e-05
8.686210640608035e-05
8.682196595738723e-05
8.678186259071855e-05
8.67308754922327e-05
8.668540189868995e-05
8.663634394628548e-05
8.658371388272097e-05
8.653295928763836e-05
8.64949323735186e-05
8.645874732431096e-05
8.642078559281872e-05
0.00011770933455918203
0.00011764787781328099
0.00011757912240056216
0.00011753251269212046
0.00011747858970081193
0.00011739779792296204
0.00011733911002798088
0.00011730490251199079
0.00011725606921577199
0.00011721459287002359
0.00011714877894926557
0.0001170903397005536
0.00011702952745000278
0.00011697363594205307
0.00011689596259329198
0.00011682323745532721
0.00011677480428128218
0.00011671673745640388
0.00011664665037754863
0.00011659112389704107
0.00011653082895480811
0.00011648263788373792
0.00011506132010472646
0.00011501139783613285
0.00011495914475903323
0.00011490456728453672
0.00011485241121289647
0.00011479793501199535
0.00011473405059290709
0.00011468677462331918
0.00011462537407681959
0.00011458054600717672
0.00011453103996927551
0.00011445568440387093
0.00011440863750959114
0.0001143710278325663
0.00011432639844461331
0.00011428180387326353
0.00011423724407779077
0.00011418100766448559
0.00011412248691349926
0.00011406636340040709
0.00011400329039436947
0.00011394495162456843
0.00011388201277933485
0.00011383078066103647
0.0001137749436234935
0.00011372380777271582
0.00011365415109877022
0.00011361007932296556
0.00011356140816146119
0.00011349889219644143
0.00011344569212061926
0.00011340640236863192
0.00011336252248582968
0.00011332329031119796
0.00011325873177348253
0.00011320805878684345
0.00011314593115036213
0.00011307927737601906
0.00011303565022573287
0.00011300123151042724
0.00011293474806083599
0.00011288894296742443
0.00011283173882492838
0.00011277459262710776
0.00011272206922620011
0.00011268327901594435
0.00011262856179396391
0.0001125738976858312
0.00011252156101768003
0.00011247836306937962
0.0001124306565411752
0.00011239660521870225
0.00011234216598386847
0.00011229230965781103
0.0001122402344275076
0.00011220177507239365
0.00011216560210092217
0.0001121023554920085
0.0001120639905517306
0.00011202339746169738
0.00011195805930425105
0.00011191304289553219
0.00011185457565588978
0.00011181413411000635
0.00011174679648031048
0.00011169298474420968
0.00011165489944373127
0.00011159893880769564
0.00011155421067046084
0.00011085512037129787
0.00011080406370566168
0.00011076413910908266
0.0001107242432731687
0.0001102967439601103
0.00011024602571645636
0.00011020416320494263
0.00011014912936530131
0.00010678153050357524
0.00010674103370564379
0.00010668779522023479
0.00010332972439075349
0.000103298821273101
0.00010325970384965083
0.00010321033469366071
0.0001031589586634088
0.00010311379004781332
0.00010308301593617948
0.00010304406175445773
0.00010300104137082267
0.00010294373670625457
0.00010289671269592223
0.00010286198342106854
0.00010282115545273438
0.00010278035988240716
0.00010273755935974102
0.00010268258246694903
0.00010066275147998773
0.00010061889579484683
0.00011707979242374965
0.00011703345630326929
0.00011699641380557682
0.0001169524562840758
0.00011690391006870222
0.00011684847800623755
0.00011680693844500056
0.00010360550933107693
0.00010355644013930313
0.00010350741740540153
0.00010346048081897136
0.00010341766283589624
0.00010337895328340748
0.00010333620274150382
0.00010329958755155603
0.00010324877614597239
0.00010321628307112461
0.00010316352542157089
0.00010312905918597293
0.00010308448999369517
0.00010305210022424584
0.0001016929825299307
0.00010164509978129485
0.00010160323935033691
0.00010158331792777497
0.00010153155877072155
0.00010149376811472524
0.00010145600558008027
0.00010142621289623107
0.00010137263013525043
0.00010133297568753676
0.00010128741140842563
0.00010124386651070641
0.00010119838231409445
0.00010114306537857995
0.00010109964447863988
0.00010107400419345636
0.00010103458298625908
0.00010100109912960814
0.00010096960517914677
0.00010094403080277407
0.000100896850590126
0.00010084971445997664
0.0001008104679810943
0.00010077125203649621
0.00010075165550342025
0.0001007183588832111
0.00010068312761771502
0.0001006576981397754
0.00010062641794923727
0.00010059125096500106
0.00010054439987099263
0.00010051124007590074
0.00010046835985402535
0.00010041578410606414
0.00010038270907836123
0.0001003379951767673
0.00010030497136514325
0.00010027779160284092
0.00010022735396100711
0.00010018665289100186
0.0001001576009308765
0.00010013050096541262
0.00010010341566103214
0.00010007634500584083
0.00010003962966947381
0.00010001259349752678
9.99759249151399e-05
9.994121105232213e-05
9.99045947849434e-05
9.986608032059946e-05
9.982759554042235e-05
9.978337469574321e-05
0.00011579294790692555
0.00011574615027204467
0.0001157060681099235
0.00011565711648402365
0.00011561487340034052
0.00011556377830420447
0.00011552826051759951
0.00011549941838772686
0.00011545507398997376
0.00011541076362998376
0.0001153797666094792
0.00011533772584688299
0.00011528687536968473
0.00011524490226082575
0.0001152029597035918
0.00011516986871729215
0.00011514561407347437
0.00014701231421808677
0.00014697293164984173
0.0001469251383173109
0.00014689142055751347
0.00014683525866856012
0.0001467987764645066
0.00014674829256132628
0.0001467062491586901
0.00014665302875326738
0.0001466166370342899
0.00014656907510642839
0.00014652713431805378
0.00014648801123226112
0.0001464517013547463
0.0001464014558458473
0.00014634287964318828
0.0001462927087641395
0.00014623978792057535
0.00014622030041790176
0.00014617577705158108
0.0001461201609586497
0.0001460729205437571
0.00014600905563913583
0.00014595911335041768
0.00014590920521546254
0.00014586210108343074
0.0001458150273550076
0.00014578458407106838
0.0001457347951987929
0.00014569333044295104
0.00014566293794831086
0.00014561047167682237
0.00014556631885972746
0.00014550840890659403
0.00014545605387555164
0.00014541474756162094
0.00014537621616262666
0.00014531845733601443
0.00014527173379517673
0.00014523877055785912
0.0001451920982373517
0.00014516191448136337
0.00014512625894555378
0.0001450851397017884
0.00014502487360897945
0.00014497286589695328
0.0001449345682872741
0.00014487989250325147
0.0001448361815687204
0.0001448116057569122
0.00014475156664629552
0.00014470248075492887
0.00014464797990531967
0.0001445880763690375
0.00014454182124486975
0.0001288163408634457
0.00012877515839434031
0.00012874368368088755
0.0001287098050377626
0.00012867594422014144
0.00012864935178798443
0.00012859378493181308
0.00012856722644372142
0.00012849002772632515
0.00012845146312290693
0.00012841051358847554
0.0001283647773478123
0.0001283335028977669
0.000128297435924888
0.000128251780184654
0.00012821815989999338
0.00012816296482470282
0.00012811740472270332
0.00012808625068029116
0.00012804553363287793
0.00012801202137925383
0.00012798091856123814
0.00012794265891181118
0.0001279139791832897
0.00012787098369066956
0.0001278280170923304
0.00012778507935915515
0.0001277326390646915
0.00012769214648899874
0.0001276588189339867
0.00012762313013920504
0.00012758983859619233
0.0001356210628646645
0.00013558065585923018
0.00013555036640265815
0.00013551252360833774
0.00013548478565225864
0.00013544445979895043
0.00013541171271461955
0.00013537646432799173
0.00013534375011064724
0.00013531608119672867
0.00013527585569277778
0.00013501704407755893
0.00013497943696818407
0.00013495187173339553
0.00013489677502593657
0.00013483922200463035
0.00013479671436872042
0.00013476172819888057
0.00013473175450488614
0.00013468681895585728
0.00013466436241960054
0.0001346144858061745
0.0001345771025853967
0.00013452978030180848
0.00013449742106812006
0.0001344625900674735
0.00013442280529343177
0.00013437559144186372
0.0001343308931134407
0.00013429366721562992
0.00013423662756085054
0.00013421184282135887
0.00013417220626922157
0.00013413259312176142
0.00013409795080059064
0.00013405096483324637
0.00013401389390032664
0.0001339817823395071
0.000133954623035983
0.00013392007257037928
0.00013387814238705644
0.00013383131030189852
0.00013379436074079914
0.00013375743157691816
0.00012146107201112902
0.00012143426434395717
0.00012140300368455706
0.00012138068449426317
0.00012134499085427222
0.00012130931820050989
0.00012128034960930493
0.0001200182585153938
0.00011997199342317463
0.00011995217644375225
0.00011992356347298638
0.00011990596227483231
0.0001198707753739575
0.00011984879404606907
0.00011981803372713962
0.00011979168030415302
0.00011976094929203607
0.00011972146115136716
0.00011969076615171293
0.00011965789611340689
0.00011962504412399167
0.00011960096412755343
0.00011957470609452019
0.00011953752694493433
0.0001195200388734028
0.00011948070941507988
0.00011945232089984802
0.00011943049275846584
0.00011939776550017876
0.00011937377690802347
0.0001193585164584306
0.00011933018597250839
0.00011929751365728365
0.00011926921211931612
0.00011924309953866602
0.00011921917304890981
0.00011919525615907289
0.00011916048508084679
0.00011913442008228736
0.00011910836648407722
0.00011907364607408331
0.00011905629345879999
0.00011903027401679691
0.0001189955991135803
0.00011894795409518954
0.00011891332712991312
0.00011888304506901712
0.00011885926283874888
0.00011881604678885023
0.00011878581424754703
0.00011875559708756763
0.00011872970889811043
0.00011567257440016743
0.00011564947013087628
0.00011562427599752411
0.00011560119101638295
0.00011556972634816945
0.00011554875941668394
0.00011552989568190279
0.00012577003383226862
0.00012572899510032422
0.00012569026088172169
0.00012565838002924693
0.00012563789373440848
0.00012560603943848536
0.0001255901183470219
0.0001255560153098169
0.00012552647432201482
0.00012550375994271548
0.00011340739917595503
0.00011338483666210197
0.00011335408406197664
0.00011333359159446114
0.00011330491458453285
0.00011327215862404224
0.00011324760407983847
0.0001132312402970761
0.0001132005709470498
0.0001131740042793786
0.0001131454079637522
0.0001131229495659825
0.00011308621868546825
0.00012389163153898742
0.00012385142293908655
0.00012382463170219595
0.00012380231452396398
0.00012376885383606222
0.00012373986920031016
0.00012370867015537977
0.0001236774868391721
0.00012363519176096795
0.00012359737330947922
0.00012357069185881157
0.00012354179995049762
0.0001235107006931155
0.000123475177851335
0.00012345298644969748
0.00012342858511909038
0.00012341084475471826
0.00012339089293947472
