0.0
0.0
0.0
0.0
0.0
0.0
0.0
0.0
0.0
0.0
0.0
0.0
0.0
0.0
0.0
0.0
0.0
0.0
0.0
0.0
0.0
0.0
0.0
0.0
0.0
0.0
0.0
0.0
0.0
0.0
0.0
0.0
0.0
0.0
0.0
0.0
0.0
0.0
0.0
0.0
0.0
0.0
0.0
0.0
0.0
0.0
0.0
0.0
0.0
0.0
0.0
0.0
0.0
0.0
0.0
0.0
0.0
0.0
0.0
0.0
0.0
0.0
0.0
0.0
0.0
0.0
0.0
0.0
0.0
0.0
0.0
0.0
0.0
0.0
0.0
0.0
0.0
0.0
0.0
0.0
0.0
0.0
0.0
0.0
0.0
0.0
0.0
0.0
0.0
0.0
0.0
0.0
0.0
0.0
0.0
0.0
0.0
0.0
0.0
0.0
0.0
0.0
0.0
0.0
0.0
0.0
0.0
0.0
0.0
0.0
0.0
0.0
0.0
0.0
0.0
0.0
0.0
0.0
0.0
0.0
0.0
0.0
0.0
0.0
0.0
0.0
0.0
0.0
0.0
0.0
0.0
0.0
0.0
0.0
0.0
0.0
0.0
0.0
0.0
0.0
0.0
0.0
0.0
0.0
0.0
0.0
0.0
0.0
0.0
0.0
0.0
0.0
0.0
0.0
0.0
0.0
0.0
0.0
0.0
0.0
0.0
0.0
0.0
0.0
0.0
0.0
0.0
0.0
0.0
0.0
0.0
0.0
0.0
0.0
0.0
0.0
0.0
0.0
0.0
0.0
0.0
0.0
0.0
0.0
0.0
0.0
0.0
0.0
0.0
0.0
0.0
0.0
0.0
0.0
0.0
0.0
0.0
0.0
0.0
0.0
0.0
0.0
0.0
0.0
0.0
0.0
0.0
0.0
0.0
0.0
0.0
0.0
0.0
0.0
0.0
0.0
0.0
0.0
0.0
0.0
0.0
0.0
0.0
0.0
0.0
0.0
0.0
0.0
0.0
0.0
0.0
0.0
0.0
0.0
0.0
0.0
0.0
0.0
0.0
0.0
0.0
0.0
0.0
0.0
0.0
0.0
0.0
0.0
0.0
0.0
0.0
0.0
0.0
0.0
0.0
0.0
0.0
0.0
0.0
0.0
0.0
0.0
0.0
0.0
0.0
0.0
0.0
0.0
0.0
0.0
0.0
0.0
0.0
0.0
0.0
0.0
0.0
0.0
0.0
0.0
0.0
4.381544932743285e-05
4.368910830529949e-05
4.355780120219531e-05
4.344614849893557e-05
4.332004851845434e-05
4.3198410298501014e-05
4.309044684793381e-05
4.297563281619322e-05
4.2868778668495734e-05
4.274783054759971e-05
4.261303106489965e-05
4.250797024442083e-05
4.2389046670340386e-05
4.2268999915462003e-05
4.215851602023609e-05
4.204684017996048e-05
4.193927193423922e-05
4.183050280264369e-05
4.1727519298977675e-05
4.162157662532257e-05
4.1514447027565595e-05
4.1404438555813184e-05
4.128819157720892e-05
4.118446521971912e-05
4.107957112927741e-05
4.095842719639566e-05
4.0858018386108277e-05
4.076640847941296e-05
4.0668591646671275e-05
4.057124310288867e-05
4.047435949326102e-05
4.037467700258398e-05
4.027710649266957e-05
4.017839206074973e-05
4.008498015793482e-05
3.9984006397441024e-05
3.9891495133237594e-05
3.980099502487562e-05
3.972194637537239e-05
3.962279102940011e-05
3.9525691699604744e-05
3.943062182090611e-05
3.93360081818897e-05
3.924184750618059e-05
3.914660403210022e-05
3.90625e-05
3.897723729342064e-05
3.8881760566118436e-05
3.878374185541421e-05
3.8698192794396504e-05
3.860407659048796e-05
3.852376916557516e-05
3.843788437884379e-05
3.8339148104129126e-05
3.824969400244798e-05
3.817376698732631e-05
3.8089433991010895e-05
3.8005472788081484e-05
3.791900500530866e-05
3.784008778900367e-05
3.775722106852936e-05
3.7677555480200444e-05
3.759822536376283e-05
3.7516413430876005e-05
3.74419649543208e-05
3.735524841240194e-05
3.727171077152441e-05
3.719407870267054e-05
3.712228079293192e-05
3.703429375601807e-05
3.694945314809341e-05
3.687315634218289e-05
3.679581999484859e-05
3.6722852631192394e-05
3.664883090229422e-05
3.656841951290865e-05
3.649901452660778e-05
3.6427218417601634e-05
3.634381246592767e-05
3.626473254759746e-05
3.618861506170159e-05
3.610890445583881e-05
3.6038633415020904e-05
3.596475454055026e-05
3.588988981803826e-05
3.581918475535497e-05
3.57398141529664e-05
3.565697985380638e-05
3.5574528637495556e-05
3.550758086851543e-05
3.543711683617421e-05
3.536818278276862e-05
3.528332510055748e-05
3.521498749867944e-05
3.51493848857645e-05
3.508033396477934e-05
3.5015231625757206e-05
3.495647918341665e-05
3.488940060009769e-05
3.482621717629031e-05
3.476447071093343e-05
3.470655606844133e-05
3.464883406673365e-05
3.458053807317242e-05
3.451131971286582e-05
3.444712366517396e-05
3.4383166001925455e-05
3.4317089910775565e-05
3.42641768031523e-05
3.419972640218878e-05
3.41495065396305e-05
3.4088972217487644e-05
3.4037918240920386e-05
3.3973161202649904e-05
3.3924754893645894e-05
3.385928082887519e-05
3.3807769025322016e-05
3.3747300215982723e-05
3.3685912551371016e-05
3.364284753061499e-05
3.35795836131632e-05
3.351318743925735e-05
3.3461602810774635e-05
3.3405712376816434e-05
3.334556003868085e-05
3.3285623939020734e-05
3.321817698644698e-05
3.315210184325686e-05
3.309066843150232e-05
3.3024008454146164e-05
3.2967395246101606e-05
3.291097581043278e-05
3.2851511169513796e-05
3.279333639404473e-05
3.273965426925092e-05
3.269042170644001e-05
3.263388049472963e-05
3.258284187546838e-05
3.2530904359141185e-05
3.24833522819555e-05
3.24380433372259e-05
3.238551719670963e-05
3.233316088980859e-05
3.2275764128715745e-05
3.222376180195276e-05
3.216985684413704e-05
3.210891343436938e-05
3.206053028117085e-05
3.200512081933109e-05
3.195500734965169e-05
3.1898944144948805e-05
3.1852205765249246e-05
3.179245882876582e-05
3.17359568390987e-05
3.168367023636018e-05
3.1633556877135266e-05
3.157961220236215e-05
3.153380423814329e-05
3.14911037631869e-05
3.143962020938787e-05
3.139421718519449e-05
3.1345014575431776e-05
3.1299884190428495e-05
3.124609423822022e-05
3.119832776963155e-05
3.114876650884625e-05
3.109936246306951e-05
3.1048186785891704e-05
3.1001984126984125e-05
3.095783542814686e-05
3.0905213709552804e-05
3.085943527233452e-05
3.0815691350035436e-05
3.0770177543924426e-05
3.0720078643401325e-05
3.0670142616163165e-05
3.0620368669238775e-05
3.057823441274501e-05
3.053062221408072e-05
3.048129972262017e-05
3.044047365377005e-05
3.039421294185587e-05
3.0353619669145544e-05
3.0314972564949827e-05
3.0267259904960804e-05
3.0218783996131996e-05
3.0180479266010744e-05
3.0135004821600772e-05
3.0090572623597026e-05
3.004988280545706e-05
3.0003000300030004e-05
2.996344459759094e-05
2.9916831209238317e-05
2.9865902099572918e-05
9.944311853619729e-05
9.930092151255162e-05
9.916798064241017e-05
9.907071667756443e-05
9.8935454509478e-05
9.878299351983562e-05
9.863392020515855e-05
9.850566900125101e-05
9.836033324480903e-05
9.822410812509822e-05
9.811424422597673e-05
9.794415224439024e-05
9.778899091540273e-05
9.764004022769656e-05
9.750294946422128e-05
9.73577117043441e-05
9.723559211613818e-05
9.710812018100953e-05
9.697533917124874e-05
9.68541763520843e-05
9.672489505348886e-05
9.657916594232291e-05
9.647574117488157e-05
9.63418981280769e-05
9.62306456114014e-05
9.611964973999634e-05
9.598126445717795e-05
9.587635784891802e-05
9.573867172166852e-05
9.562880722188752e-05
9.54890951453344e-05
9.535797383377197e-05
9.525170262418439e-05
9.514023670890892e-05
9.501548752446647e-05
9.489916963226571e-05
9.479930986102421e-05
9.46862099003901e-05
9.457606279850569e-05
9.443673211132201e-05
9.434585302803015e-05
9.420453689049664e-05
9.410081961813887e-05
9.400263207369805e-05
9.388613489559861e-05
9.377784029633797e-05
9.367769253107756e-05
9.35567468447987e-05
9.34439709949914e-05
9.333930704898446e-05
9.322705449121335e-05
9.311767280312129e-05
9.301373812912167e-05
9.290226681531028e-05
9.278847938239987e-05
9.266981744045963e-05
9.252576842650678e-05
9.242571283331023e-05
9.230542017427263e-05
9.220073944993038e-05
9.207848770291796e-05
9.198193474801548e-05
9.187292137515388e-05
9.176921876864061e-05
9.168087720263307e-05
9.157006025309963e-05
9.144194807926187e-05
9.13191971216189e-05
9.122173266559024e-05
9.112696720340449e-05
9.103488456776636e-05
9.094795048793575e-05
9.081909743980964e-05
9.072516625386716e-05
9.06043308870164e-05
9.049364282159178e-05
9.040283503290662e-05
9.03073157956526e-05
9.019491120310991e-05
9.01144453455889e-05
8.552317678090762e-05
8.539863182402487e-05
8.529741863075196e-05
8.51918610386233e-05
8.510257099346053e-05
8.502031538062252e-05
8.491544209660696e-05
8.48130987135192e-05
8.471780054754452e-05
8.462497773026902e-05
8.454364231809767e-05
8.446696896950297e-05
8.436795083568676e-05
8.427364984742034e-05
8.418403516234227e-05
8.409684415526933e-05
8.400983357209812e-05
8.390966021003913e-05
8.38274742340816e-05
8.37343769280942e-05
8.363706794851477e-05
8.353337378107222e-05
8.345632159673905e-05
8.336624106006757e-05
8.32763547748032e-05
8.317355256130766e-05
8.309934307782472e-05
8.302091253091436e-05
8.290788497621853e-05
8.280598992381849e-05
8.27021850787847e-05
8.263743910925539e-05
8.254696487843872e-05
8.245239459112291e-05
8.235589884961813e-05
8.227672694519504e-05
8.219130675526024e-05
8.210393493911344e-05
8.20273712386133e-05
8.195519207708964e-05
8.1881022564686e-05
8.180487384827348e-05
8.172886663569573e-05
8.164457965932724e-05
8.15520645548974e-05
8.148071908878824e-05
8.14074055031406e-05
8.130916311474006e-05
0.0001410690468862214
0.00014092085372415384
0.00014079819778306838
0.0001406505728314239
0.000140485312899106
0.0001403669958910752
0.00014024172573818145
0.00014012738853503185
0.0001399811661703698
0.0001398352486524967
0.0001397286723235608
0.0001395761959142241
0.0001394876997210246
0.00013936399341188394
0.00013928282009724474
0.00013917004048582995
0.00013903986652172813
0.0001388818746527953
0.00013877324451845685
0.00013864381144441644
0.00013852159677622467
0.00013840656298756858
0.00013826738398109507
0.00013815624215021352
0.00013802449307368
0.00013785152137951777
0.0001377513962982443
0.00013759631742219555
0.00013747250549890023
0.00013733862711314205
0.00013722897277876196
0.00013712291199202193
0.00013703066995540274
0.00013692150663446938
0.00013681251710156463
0.00013669350830102395
0.00013656792391925112
0.00013646288209606986
0.000136327582788023
0.00013621953635823263
0.00013611166105721638
0.00013599050539016912
0.0001358628526258584
0.00013575219054671108
0.00013562498458806994
0.0001354980168017541
0.0001353846153846154
0.0001352780578990088
0.00013515838104833755
0.00013502565487442613
0.0001349229712491414
0.00013483366428869114
0.0001347312723531429
0.00013460267736961894
0.00013447761558962323
0.0001343626325304148
0.0001342216365278083
0.00013409401209284183
0.00013399274002972203
0.00013385577648519068
0.00013372884652791285
0.00013359566664237655
0.00013345627487139667
0.0001333527300940743
0.0001332525741974561
0.00013315256863409675
0.00013303983938463027
0.00013291445142580956
0.00013280853838166758
0.0001326995922503438
0.00013257484452586414
0.0001324822353366253
0.00013237063778580023
0.00013227195113152642
0.00013215435628814454
0.00013206233342137488
0.0001319451108338931
0.00013183757610623712
0.0001317270615285129
0.00013160728386494699
0.0001315097317201473
0.00013139662669023843
0.00013127744892113807
0.00013118664281454979
0.00013109596224436288
0.00013101164812653342
0.00013087136534526247
0.0001307717913357744
0.00013065995153703616
0.00013055450056969237
0.00013045850233639318
0.00013034101950375619
0.0001302453348489154
0.00013013439333711907
0.00013000520020800833
0.00012989773505585602
0.00012978738466621045
0.00012972615986980211
0.00012961915535444947
0.00012952147701582518
0.00012941480976022966
0.00012933264355923435
0.00012924754429665837
0.00012914739239674078
0.00012904436779991084
0.0001289536001500551
0.00012887805792482894
0.0001287754624209787
0.00012867604052125493
0.0001285857901012321
0.00012847165448132489
0.000128390681170923
0.00012828586756233527
0.0001281722635221738
0.00012808271814815678
0.00012798436263787406
0.00012790102785916935
0.00012779107321266757
0.00012768130745658836
0.000127577648396001
0.00012749484225410882
0.00012738853503184712
0.00012730597412216745
0.0001272088074752521
0.00012713823393435044
0.0001270383886912736
0.00012696507306262842
0.00012686549950407123
0.00012679530626829886
0.00012669891730016124
0.000126620162534245
0.00012654150561384133
0.00012643096869109467
0.00012632642748863063
0.00012623074981065388
0.00012613232427473913
0.0001260484942934409
0.00012595035266098746
0.00012585812356979406
0.00012575740253801304
0.0001256826854962181
0.00012558224495387707
0.00012549628074658877
0.00012540185594746802
0.0001253018635804438
0.00012523909281355315
0.00012518208302986163
0.00012509951097463892
0.0001249943184400709
0.00012491199382253413
0.00012482694446335762
0.00012473918171096798
0.00012465154227953674
0.00012456120484656324
0.00012449353765363634
0.00012440624293146347
0.00012431064099086882
0.0001242404391334794
0.00012415069637254238
0.00012405268856008662
0.00012397159923363012
0.0001238850346878097
0.00012380416432189082
0.0001236872287314188
0.00012361217242774306
0.00012354553214430117
0.00012345124797988867
0.00012337924536767015
0.0001233156207259927
0.00012322996952858937
0.0001231609826007121
0.00012309207287050715
0.00012302599203686305
0.00012292975123488523
0.0001228418913184285
0.00012276237667961252
0.00012266654771728706
0.00012259819000490392
0.00012251626124922034
0.00012244534485061667
0.0001223717877405718
0.00012229559958197141
0.00012221407461724773
0.00012214622012969708
0.00012205405885224802
0.00012197285549543157
0.00012187825470339264
0.00012180807476801098
0.00012174605985479016
0.0001216894926654424
0.00012163566800097308
0.00012154696132596685
0.00012145570179312781
0.00012137261392474899
0.0001212896396595069
0.00012124151309408342
0.00012117740371904468
0.00012110536166464825
0.00012101742650941735
0.00012094823415578132
0.00012086849507735584
0.00012083397411955973
0.0001207649913268779
0.00012069079019551908
0.00012061668019035505
0.00012055058741013502
0.00012048720644935157
0.0001204397144483861
0.00012036854660451272
0.00012027641707487754
0.00012020806923984788
0.0001201450478395736
0.00012005850123332823
0.00011995637949836423
0.0001198831684031562
0.000119786562125667
0.00011969532100108814
0.00011964064301407409
0.00011957041610504805
0.00011948988681048904
0.00011941724385001195
0.00011934468916133232
0.00011926704976688713
0.0001192075946074819
0.00011915077989601387
0.00011906308178551327
0.0001189935310789468
0.00011892663307890242
0.0001188700858025892
0.00011881102566318154
0.00011874689638793532
0.00011868283630400069
0.00011861628709454797
0.00015446068077647025
0.00015437084903966973
0.0001542844431049206
0.00015418486406632102
0.0001541119210946964
0.00015402249444802636
0.00015393978448430173
0.00015388689670968342
0.00015383074325291205
0.0001537383444883016
0.00015362958834415886
0.0001535538795566221
0.00015347495859745303
0.0001533928354844003
0.00015326489877388083
0.00015316008434490227
0.00015306848924960843
0.0001529802691029664
0.00015290519877675843
0.00015280087558455218
0.0001527357458477189
0.0001526544117124985
0.00015258615795151308
0.00015250822835092499
0.00015243686277846316
0.00015236880337337445
0.00015229109557505827
0.00015222316624185784
0.00015215529748129907
0.00015207780725022104
0.00013785790031813362
0.00013778192301170086
0.00012358495229620843
0.00012351168420532584
0.00012347246916716057
0.00012342805554967803
0.00012334454006583076
0.0001232924002564482
0.00012322728745053305
0.00012314924280808424
0.0001230894754981607
0.00012302976617314156
0.00012296752252062343
0.00012290534181731353
0.00012282511808757782
0.00012277341639831908
0.000122703688122283
0.0001226366171915514
0.00012256961954390096
0.0001225232794230904
0.0001224744028498044
0.000122392172496031
0.00012234083457421895
0.0001222767227043419
0.00012221523849430827
0.00012212568477616107
0.00012203370919715767
0.00012196991873318558
0.00012190364735712894
0.00012184762780075477
0.00012178148921363953
0.00012172304182403718
0.00012167480149625242
0.00012160378014036552
0.00012153790593660584
0.00012147969206633487
0.00012140889823159269
0.00012134575913906919
0.00012129277303003211
0.00012122219682328576
0.00012117435258274478
0.00012111397170777622
0.00012105616314220295
0.00012098586193784785
0.00012093569676237865
0.00012086052695189753
0.00012079295397443332
0.00012073545137810895
0.00012068299680017656
0.00012061811615179963
0.00012056576345686158
0.00012050598742606099
0.00012043135068921143
0.00012037419177328381
0.00012032701444611758
0.00012025507820015943
0.0001202055170897901
0.00012014362311975231
0.00012009415381659221
0.00012003978461432934
0.00011998299669532548
0.00011991640113749274
0.00011986958189489837
0.00011982033796182183
0.00011975883991322618
0.00011971951428082779
0.00011965566518293643
0.0001195967879719802
0.00011955021792296868
0.00011950368412786212
0.0001194547403053946
0.00011940828079368979
0.00011934476315179291
0.00011929594939124982
0.00011925448907969609
0.00011919844156551829
0.00011914974740253551
0.0001190840733557892
0.00011902575717385243
0.00011896992440311091
0.00011891899238238913
0.00011887537106097967
0.00011883178172978334
0.00011876887576775596
0.00011872053186798278
0.0001186601573094657
0.00011859984412591916
0.0001185299576001409
0.0001184794015097661
0.00011844572140212662
0.00011839043134708016
0.00011834479587213353
0.00011830639327749273
0.0001182656178195875
0.0001181937296537937
0.00011814585274300915
0.0001181099705062531
0.00011805021518867799
0.00011800484157007128
0.0001179308857620357
0.00011787607519820021
0.00011783321550011784
0.00011778563015312133
0.00011772857844423367
0.00011769057466626316
0.00011765022252699233
0.00011760752688172044
0.0001175672316611914
0.0001175174933182911
0.00011745124095625446
0.0001174016006869671
0.00011736853047893069
0.00011730952285189506
0.00011726000227819434
0.00011720816840469638
0.00011715167459950865
0.00011710933997175992
0.00011705059261042888
0.00011700363714163458
0.00011696140941840104
0.00011691218224939039
0.00011686767907467512
0.00011681619139164799
0.00011677409883759726
0.00011672269355957527
0.00011665733407994028
0.00011661302467531603
0.00011656641954585724
0.00011650821549359538
0.00011646866992778944
0.00011643147508699096
0.000116391981590114
0.00011635019413860966
0.00011631771352608841
0.00014283911001268943
0.00014279072856478715
0.00014274522301451354
0.00014268838184738317
0.00014263158593055502
0.00014257483521001605
0.00014252379815978575
0.00014246146914218317
0.0001423765628311083
0.00014232849416453175
0.00014226351172516013
0.0001422183415356935
0.00014216473917729597
0.00014209708866197416
0.00014204639301263882
0.0001420013605711757
0.00014194792161833836
0.0001418889042876847
0.00014182432254149186
0.00014177943077207144
0.0001657493944496555
0.00016569368697638207
0.00016562819669477643
0.00016556929968889906
0.00016549083547484118
0.00016542877069504523
0.00016535696434678363
0.00016527870120991523
0.00016521679541373196
0.00016514517292857752
0.0001650671100969488
0.00016502160751673424
0.00016495664733112329
0.00016490471599378984
0.00016484957476302874
0.00016482363870658396
0.00016476531240813868
0.00016471026435061577
0.00016465201825017938
0.00016458734865678956
0.00016451304139746353
0.00016444848090715764
0.00016438074690501876
0.00016432595547140075
0.00016427442041931046
0.00016421004704244644
0.0001641650156889521
0.000164097514948258
0.00016400760026129393
0.0001639209900827801
0.0001638761171043835
0.0001638088536823951
0.00016376084217734928
0.00016369687059948398
0.00016364253404183113
0.00016358504051982865
0.00016351482549902216
0.00016343829600718387
0.00016336502243484427
0.00016329499612174385
0.000163234567145519
0.00016318371426531634
0.00016313924397937403
0.00016309797183965247
0.00016303768857022432
0.00016296477368267056
0.00016289509000879263
0.0001628381204039866
0.00016276538387198503
0.0001626990289826134
0.00016261695022997365
0.00016254125869734264
0.00016248138618778972
0.00016241841012678787
0.00016238064791723755
0.0001623051761518365
0.00016225490060504485
0.00016221721438018739
0.0001621701312103789
0.0001621230753642012
0.00016206351047980008
0.00016200085786817917
0.0001619257386481777
0.00016189133228287935
0.00016184131275373914
0.0001617882008600514
0.0001617413663653315
0.0001616945589780904
0.00016163530849843554
0.00016157610142572548
0.00016152316343115582
0.000161482704835306
0.00016142982801302814
0.00016135523730679774
0.00016128692302123398
0.0001612217678699673
0.00016116596248129652
0.00016111948749355753
0.00016107613501474855
0.00016100805680656987
0.00016095239924242632
0.00016088751403195081
0.0001608473732070316
0.00016080416702070994
0.00016075790042874863
0.0001607054971324113
0.00014787957125878378
0.00014781723220444766
0.0001477606059279366
0.0001477040230199455
0.0001476587878854168
0.000144429925516075
0.0001443746709441648
0.0001443139397250296
0.00014426428853585855
0.00014420916060260323
0.0001441595814733564
0.00014409077809929264
0.0001440467783960732
0.00014401379624909933
0.00014395611382069515
0.0001438984775813435
0.00014385185346533214
0.00014379704023051074
0.0001437477440219984
0.00014369574578998662
0.00014365745536875553
0.00014362191824514856
0.000143564549248075
0.0001435263287051752
0.00014349085641861308
0.00014344994863858305
0.0001434036146758445
0.0001433682030129936
0.000143327365127593
0.00014328927075253536
0.0001432376036213358
0.00014318597373689192
0.00014313709553610937
0.00014309096342197752
0.00014304215005437405
0.00014298795202461015
0.00014295003783441063
0.00014290402619696773
0.0001428445256750643
0.00014281209172410685
0.00014276616883157826
0.00014271487818362226
0.00014265283879149194
0.00014260701824470105
0.00013942108766438197
0.0001393894920107339
0.00013934475600733224
0.0001392974197624395
0.0001392501156674348
0.00013920809454654536
0.0001391687227723128
0.0001391241283424572
0.0001390874249713076
0.00013905336060573439
0.00013901669455969377
0.00013895126754932097
0.00013891204089570486
0.00013886238558411343
0.000138820598110786
0.0001387866643028164
0.00013874753051774314
0.00013872406083810813
0.0001386823565621807
0.00013864588588459654
0.00013860422859145912
0.00013855999513699113
0.00016979992207077265
0.00016974895023675514
0.0001696980089957808
0.00016966936798160429
0.000169612114947023
0.000169554900538203
0.00016950407568089345
0.00016945010764541051
0.00016941203324755737
0.00016938983108267744
0.00016934227460543253
0.0001692915771203325
0.00016925990660416525
0.00016920925841816065
0.00019720704959556978
0.00019714070328054594
0.00019710754686087326
0.0001970523109387608
0.00019696767595927262
0.0001969014905842863
0.00019682800342649565
0.00019676558245721574
0.00019672154442842846
0.00019667752610749874
0.00019659321269699265
0.0001965309405358596
0.00019642846057729574
0.00019635898145094663
0.00019633705088453613
0.00019317353097289457
0.00019309088912154276
0.00019301549524854288
0.00019296167851876243
0.00019292581736827946
0.00019286130087601498
0.00019277176618730165
0.000205102091334083
0.00020505260217939096
0.0002049955289768249
0.00020496130030275963
0.0002048966773177612
0.00020482829738243562
0.00020477894025133084
0.0002047030526342724
0.000204646173822226
0.00020460827217133474
0.00020453251097158232
0.0002044719423953183
0.00020439250055723386
0.000204320677781007
0.0002042413534158926
0.00020419227871541933
0.000204143227592421
0.00020409420002991035
0.0002040451960109164
0.00020397361706766824
0.00020390961530517446
0.0002038606998748717
0.00020380052847585316
0.00020375166536248034
0.0002037291210581269
0.000203654009394419
0.00020358270459623057
0.00020354144568821136
0.0002035039520993801
0.0002034402446895081
0.00020339155416571327
0.00020332791709830027
0.0002155342357734262
0.00021547873067260896
0.0002154351395730706
0.00021537968549312754
0.0002153361344537815
0.00021528073132439653
0.00023359396120240525
0.00023355105189819275
0.00023349958153726682
0.00023343527547985376
0.00023340099339658765
0.0002333581549498149
0.00023329820753579424
0.00023321262178153482
0.00023314419837689725
0.00023308008788952529
0.0002330245539805307
0.0002329733153935155
0.00023291356551413708
0.00023287517105858774
0.00023278563320307803
0.0002589384308732004
0.0002588768352720778
0.0002588200037982337
0.0002465697110317954
0.0002465110973531622
0.0002464344907310687
0.000243325518372121
0.00024327216726266612
0.00024322328262702027
0.0002309687731262267
0.000230930818135025
0.00023756933451900687
0.00023753464590128888
0.00023746096621329264
0.00023437289613840686
0.0002343258745097222
0.00023429596147750612
0.00023422334732770087
0.00023414224358256727
0.00023406546024921292
0.00023401003693160628
0.00023394611955531163
0.00023388649483204471
0.00023379711471136717
0.00023372480939473246
0.000233644050476814
0.00023357608624134695
0.00023229648093334027
0.00023222472847270713
0.00023217410635892354
0.0002321150751130956
0.0002320687144742053
0.00023203079681484998
0.00023197604873225608
0.0002319129099626641
0.00023184139422711476
0.0002317867354772743
0.00023171529752624064
0.00023166069821015355
0.00023161451888210614
0.00023156835796119766
0.00023150963430275837
0.00023142998553131463
0.00023138389812901464
0.00023133782907892378
0.00023126248291811208
0.00023119973193235256
0.00023113283507156593
0.00025162577371158564
0.0002515848338033601
0.00025153026797763636
0.00025148481453371403
0.00025143029208069857
0.00025140303971866947
0.00025135309239559064
0.0002512850143849385
0.00025122150817146843
0.00025116709981711427
0.00025113084067176746
0.00025105835377880407
0.0002509859087192805
0.0002509089816400733
0.0002508727969763068
0.0002508230601014106
0.00025077334294380875
0.00026273909257424255
0.00026267757003734524
0.00026262080557056244
0.00026254515776713593
0.0002625120755554755
0.00026245538258496055
