2
2
2
2
3
3
3
3
4
4
4
4
4
4
4
4
4
4
5
5
5
5
5
5
5
5
5
5
5
5
5
5
5
5
5
5
5
5
5
5
5
5
5
6
6
6
6
6
6
6
6
6
6
6
6
6
6
6
6
6
6
6
6
6
6
6
6
6
6
6
6
6
6
6
6
6
6
6
6
6
6
6
6
6
6
6
6
6
6
6
6
6
6
6
6
6
6
6
6
6
6
6
6
6
6
6
6
6
6
6
6
6
6
6
6
6
6
6
6
6
6
6
6
6
6
6
6
6
7
7
7
7
7
7
7
7
7
7
7
7
7
7
7
7
7
8
8
8
8
8
9
9
9
9
9
9
9
9
9
9
9
9
9
9
9
9
9
9
10
10
10
10
10
10
10
10
10
10
10
10
10
10
10
10
10
10
10
10
10
10
10
10
10
10
10
10
10
10
10
10
10
10
10
10
10
10
11
11
11
11
11
11
11
11
12
12
12
12
12
13
13
13
13
13
13
13
13
13
13
13
13
13
13
13
13
14
14
14
14
14
14
14
14
14
14
14
14
14
14
14
14
14
14
14
14
14
14
14
14
14
16
16
16
16
16
16
16
16
16
16
16
16
16
16
16
16
16
16
16
16
16
16
16
18
18
18
18
19
19
19
19
19
19
19
19
19
19
19
19
19
19
19
19
19
19
19
19
19
19
19
19
19
19
19
21
21
21
21
21
21
21
21
21
22
22
22
22
22
22
22
22
22
22
22
22
22
22
22
22
22
22
22
22
22
22
22
22
22
22
23
28
28
28
28
28
28
28
28
28
28
28
28
28
28
28
28
28
28
28
28
28
28
28
28
29
29
30
30
30
30
30
32
32
32
32
32
32
32
32
32
32
32
32
32
32
32
32
32
32
32
32
32
32
32
32
32
32
32
32
32
32
32
32
32
32
33
33
33
35
35
35
35
35
35
35
36
36
36
36
36
36
36
37
37
37
37
37
37
37
37
37
37
38
38
38
39
39
39
39
39
39
39
39
39
41
41
41
41
55
57
57
57
58
58
58
58
58
58
58
58
58
58
58
58
58
58
60
60
60
61
61
61
61
62
62
69
69
69
69
80
80
80
80
80
80
80
80
81
101
101
101
135
135
135
137
163
163
165
165
165
165
169
169
169
169
169
184
184
184
184
184
184
184
184
185
185
185
187
187
188
188
188
189
189
198
198
198
198
198
198
200
200
200
200
200
200
200
200
200
200
200
200
200
202
205
205
209
210
213
213
213
214
214
215
215
215
232
232
256
259
259
259
260
260
260
260
260
260
265
265
265
277
277
277
277
277
286
287
288
288
289
293
293
295
295
295
295
295
295
295
356
356
356
356
357
357
362
363
365
365
367
369
369
369
372
372
427
428
453
453
470
470
471
474
489
492
492
502
502
504
504
504
506
506
1024
1025
1087
1109
1161
1165
1172
1305
1527
1541
1560
1573
2299
2328
2340
2378
2673
2844
2845
2864
2879
3296
3326
3341
3539
3553
3562
3588
4132
4342
4412
4441
4463
4496
4527
4755
4860
5063
5186
5363
5447
5489
5697
5740
5840
6206
6278
6549
7304
7337
7468
7489
8174
8501
8589
8730
8786
8934
8969
9196
9265
9504
9561
9591
9662
9824
10297
10455
10609
10818
10910
11006
11188
11369
11659
11852
11914
12059
12108
12177
12337
12553
12601
12712
12814
13029
13087
13156
13191
13709
13783
13974
14045
14173
14219
14273
14362
14501
14529
14598
14736
14849
15603
15799
15913
16083
16165
16324
16364
16500
16567
16757
16838
16934
17109
17188
17397
17604
17724
17806
18071
18145
18320
18438
18519
18936
19012
19053
19144
19372
19460
19587
19621
19723
19814
19856
19989
20076
20228
20399
20457
20701
20810
20939
21088
21179
21318
21488
21658
21806
21921
21981
22062
22249
22375
22447
22511
22585
22688
22945
23028
23075
23132
23189
23333
23427
23496
23594
23705
23824
23918
23999
24175
24231
24287
24367
24513
24647
24751
24917
25013
25162
25258
25394
25452
25531
25675
25824
25932
26054
26111
26203
26313
26403
26500
26669
26869
26981
27142
27249
27328
27462
27611
27705
27774
27880
27948
28014
28071
28121
28212
28298
28345
28411
28480
28576
28679
28721
28825
28889
29061
29107
29199
29297
29323
29421
29531
29600
29708
29817
29901
29977
30089
30139
30181
30259
30335
30451
30489
30544
30619
30734
30813
30888
30995
31101
31139
31341
31399
31511
31575
31657
31733
31813
31857
31890
31952
32017
32113
32175
32265
32328
32370
32476
32567
32656
32749
32808
32884
32948
33017
33058
33139
33216
33315
33395
33488
33581
33663
33727
33812
33865
33931
33974
34072
34160
34212
34264
34332
34421
34523
34594
34664
34749
34827
34891
34985
35057
35104
35152
35227
35318
35363
35432
35497
35557
35614
35701
35735
35822
35888
35954
36001
36076
36133
36199
36274
36333
36389
36443
36483
36523
36580
36653
36725
36788
36866
36932
37003
37074
37127
37194
37265
37337
37379
37447
37517
37557
37625
37696
37747
37788
37845
37968
38067
38160
38224
38281
38355
38402
38467
38526
38585
38641
38725
38794
38861
38890
38935
38973
39018
39074
39152
39221
39294
39385
39427
39472
39556
39609
39658
39716
39746
39846
39886
39984
40060
40127
40207
40287
40316
40359
40413
40475
40511
40558
40638
40705
40795
40840
40877
40936
40979
41021
41070
41138
41195
41242
41279
41347
41377
41420
41467
41547
41577
41616
41639
41697
41723
41756
41790
41849
41908
41946
42007
42034
42101
42151
42189
42234
42294
42321
42365
42408
42463
42490
42531
42573
42638
42687
42754
42807
42843
42868
42916
42941
42965
43006
43051
43134
43182
43228
43259
43314
43351
43397
43422
43455
43515
43544
43607
43642
43683
43716
43760
43816
43870
43895
43942
43989
44037
44102
44123
44183
44229
44290
44327
44383
44415
44477
44535
44569
44620
44653
44689
44747
44795
44830
44860
44896
44927
44960
45010
45046
45109
45146
45179
45216
45259
45298
45322
45366
45395
45431
45487
45518
45561
45588
45626
45652
45677
45706
45743
45773
45808
45854
45882
45938
45960
45994
46036
46103
46132
46167
46204
46238
46320
46371
46420
46456
46495
46521
46566
46601
46630
46681
46733
46754
46805
46831
46878
46943
47006
47032
47073
47093
47133
47184
47217
47239
47258
47295
47350
47377
47401
47440
47469
47534
47563
47597
47634
47655
47678
47708
47738
47773
47800
47834
47870
47899
47914
47950
47976
48007
48040
48077
48087
48107
48126
48162
48202
48240
48270
48299
48334
48374
48408
48446
48481
48529
48572
48598
48631
48673
48700
48728
48752
48777
48819
48847
48881
48894
48938
48972
49006
49035
49063
49091
49124
49153
49178
49221
49235
49268
49305
49327
49357
49380
49401
49430
49460
49518
49542
49572
49610
49647
49670
49687
49717
49746
49773
49788
49820
49851
49870
49892
49921
49949
49986
50003
50034
50060
50086
50113
50140
50166
50191
50224
50257
50280
50313
50333
50356
50386
50416
50436
50469
50489
50519
50539
50570
50602
50629
50640
50653
50690
50706
50730
50760
50783
50801
50833
50859
50879
50894
50925
50953
50980
51002
51029
51059
51078
51103
51131
51156
51173
51189
51213
51228
51242
51270
51293
51311
51349
51375
51389
51410
51447
51486
51521
51545
51573
51599
51631
51650
51674
51701
51719
