0.0
0.0
0.0
0.0
0.0
0.0
0.0
0.0
0.0
0.0
0.0
0.0
0.0
0.0
0.0
0.0
0.0
0.0
0.0
0.0
0.0
0.0
0.0
0.0
0.0
0.0
0.0
0.0
0.0
0.0
0.0
0.0
0.0
0.0
0.0
0.0
0.0
0.0
0.0
0.0
0.0
0.0
0.0
0.0
0.0
0.0
0.0
0.0
0.0
0.0
0.0
0.0
0.0
0.0
0.0
0.0
0.0
0.0
0.0
0.0
0.0
0.0
0.0
0.0
0.0
0.0
0.0
0.0
0.0
0.0
0.0
0.0
0.0
0.0
0.0
0.0
0.0
0.0
0.0
0.0
0.0
0.0
0.0
0.0
0.0
0.0
0.0
0.0
0.0
0.0
0.0
0.0
0.0
0.0
0.0
0.0
0.0
0.0
0.0
0.0
0.0
0.0
0.0
0.0
0.0
0.0
0.0
0.0
0.0
0.0
0.0
0.0
0.0
0.0
0.0
0.0
0.0
0.0
0.0
0.0
0.0
0.0
0.0
0.0
0.0
0.0
0.0
0.0
0.0
0.0
0.0
0.0
0.0
0.0
0.0
0.0
0.0
0.0
0.0
0.0
0.0
0.0
0.0
0.0
0.0
0.0
0.0
0.0
0.0
0.0
0.0
0.0
0.0
0.0
0.0
0.0
0.0
0.0
0.0
0.0
0.0
0.0
0.0
0.0
0.0
0.0
0.0
0.0
0.0
0.0
0.0
0.0
0.0
0.0
0.0
0.0
0.0
0.0
0.0
0.0
0.0
0.0
0.0
0.0
0.0
0.0
0.0
0.0
0.0
0.0
0.0
0.0
0.0
0.0
0.0
0.0
0.0
0.0
0.0
0.0
0.0
0.0
0.0
0.0
0.0
0.0
0.0
0.0
0.0
0.0
0.0
0.0
0.0
0.0
0.0
0.0
0.0
0.0
0.0
0.0
0.0
0.0
0.0
0.0
0.0
0.0
0.0
0.0
0.0
0.0
0.0
0.0
0.0
0.0
0.0
0.0
0.0
0.0
0.0
0.0
0.0
0.0
0.0
0.0
0.0
0.0
0.0
0.0
0.0
0.0
0.0
0.0
0.0
0.0
0.0
0.0
0.0
0.0
0.0
0.0
0.0
0.0
0.0
0.0
0.0
0.0
0.0
0.0
0.0
0.0
0.0
0.0
0.0
0.0
0.0
0.0
0.0
0.0
0.0
0.0
0.0
0.0
0.0
0.0
0.0
0.0
0.0
0.0
0.0
0.0
0.0
0.0
0.0
0.0
0.0
0.0
0.0
0.0
0.0
0.0
0.0
0.0
0.0
0.0
0.0
0.0
0.0
0.0
0.0
0.0
0.0
0.0
0.0
0.0
0.0
0.0
0.0
0.0
0.0
0.0
0.0
0.0
0.0
0.0
0.0
0.0
0.0
0.0
0.0
0.0
0.0
0.0
0.0
0.0
0.0
0.0
0.0
0.0
0.0
0.0
0.0
0.0
0.0
0.0
0.0
0.0
0.0
0.0
0.0
0.0
0.0
0.0
0.0
0.0
0.0
0.0
0.0
0.0
0.0
0.0
0.0
0.0
0.0
0.0
0.0
0.0
0.0
0.0
0.0
0.0
0.0
0.0
0.0
0.0
0.0
0.0
0.0
0.0
0.0
0.0
0.0
0.0
0.0
0.0
0.0
0.0
0.0
0.0
0.0
0.0
0.0
0.0
0.0
0.0
0.0
0.0
0.0
0.0
0.0
0.0
0.0
0.0
0.0
0.0
0.0
0.0
0.0
0.0
0.0
0.0
0.0
0.0
0.0
0.0
0.0
5.470220121657695e-05
5.462331760181786e-05
5.452860025083155e-05
5.443421081281163e-05
5.4350779933692045e-05
5.425700457929118e-05
5.417059403473418e-05
5.409147951014756e-05
5.3995097245170135e-05
5.390080096590235e-05
5.3806833467850413e-05
5.3708000343731196e-05
5.3609529629987024e-05
5.3530324929072314e-05
5.343935701765636e-05
5.333845382490052e-05
5.3254942058623034e-05
5.316829893344392e-05
5.3081937278382906e-05
5.299922621129731e-05
5.2915092442666495e-05
5.283457494584456e-05
5.2752632356354575e-05
5.266428624092857e-05
5.257291863815111e-05
5.249178503564192e-05
5.24125496608908e-05
5.231384119610366e-05
5.223350465922861e-05
5.215667866270276e-05
5.20817057800277e-05
5.199883522609093e-05
5.191299382235373e-05
5.183710707472837e-05
5.176304946477006e-05
5.1681189080798363e-05
5.159639238024477e-05
5.151187348683871e-05
5.1432392120557526e-05
5.1348409226282164e-05
5.1278895657703114e-05
5.1203277009728616e-05
5.113729340533464e-05
5.1065220499622115e-05
5.0996471044203735e-05
5.09201266892752e-05
5.0853318687577544e-05
5.076502898683155e-05
5.068937550689375e-05
5.0621633661361516e-05
5.054640665595082e-05
5.0475988572236184e-05
5.041186493653146e-05
5.034942500956639e-05
5.027955432203049e-05
5.019022093735256e-05
5.011777677542224e-05
5.0042536155732367e-05
4.996752111127766e-05
4.989571794948557e-05
4.9828589651598495e-05
4.97527289371822e-05
4.9685984577470385e-05
4.9616464727655224e-05
4.953683063357606e-05
4.947506951247266e-05
4.940174486962879e-05
4.9325717442560194e-05
4.926739385339994e-05
4.920920802700601e-05
4.914101505680701e-05
4.908023637041835e-05
4.902970219358887e-05
4.895912891917827e-05
4.888015563441554e-05
4.8811441401864594e-05
4.874862285140445e-05
4.869307779206108e-05
4.862346957629508e-05
4.85554746297645e-05
4.849331277216871e-05
4.8415833914323333e-05
4.835683475502427e-05
4.828258833299535e-05
4.822251798699921e-05
4.816538065100328e-05
4.81000481000481e-05
4.804597038446385e-05
4.798786866680103e-05
4.792026068621813e-05
4.78432273127416e-05
4.7782874617737e-05
4.7717208734157885e-05
4.765581067299536e-05
4.759864819839116e-05
4.7544335092473725e-05
4.7490145794747586e-05
4.742663100184015e-05
4.737001667424586e-05
4.730950826497109e-05
4.7246475412934194e-05
4.718494611479153e-05
4.7128906986389164e-05
4.705306644834043e-05
4.699336453692738e-05
4.694571197866786e-05
4.689155858162413e-05
4.682437114869547e-05
4.675999962592e-05
4.669711318446293e-05
4.6640920878341817e-05
4.6588770242820664e-05
4.6545833682427084e-05
4.64861145975697e-05
4.643430938251655e-05
4.6364555224821725e-05
4.632331823193159e-05
4.626930586787337e-05
4.621285641665511e-05
4.615398816611743e-05
4.610164490669026e-05
4.604305946921561e-05
4.599477499356073e-05
4.594405851435292e-05
4.589471751801367e-05
4.584296035500788e-05
4.57900617250032e-05
4.574356159370568e-05
4.570091493231694e-05
4.56495937186159e-05
4.558716265499635e-05
4.5533608356327803e-05
4.548390324664101e-05
4.542563823021713e-05
4.53774038679699e-05
4.532064355313845e-05
4.527140205532165e-05
4.522472164183829e-05
4.5170790759863036e-05
4.51169883507936e-05
4.505722267279445e-05
4.5000045000044994e-05
4.4940588541947545e-05
4.489095985850369e-05
4.4836615373578675e-05
4.477638672469686e-05
4.4723519204279144e-05
4.467436852780086e-05
4.4618157805500525e-05
4.457162213961615e-05
4.4528752215305416e-05
4.447528063902083e-05
4.441720189394949e-05
4.4366359651457875e-05
4.4314455375343434e-05
4.426384794482954e-05
4.420983757305675e-05
4.416649000070666e-05
4.411154928583401e-05
4.406722896450825e-05
4.401834684696581e-05
4.397421352119117e-05
5.710169372408462e-05
5.7022045600091246e-05
5.6969569485345684e-05
5.691270466684179e-05
5.685446132584605e-05
5.680378225799405e-05
5.675616677581315e-05
5.6701210788931934e-05
5.663599609647289e-05
5.656797730318696e-05
5.6523705172353826e-05
5.6467726522456785e-05
5.6411858640561e-05
5.6357567087180826e-05
5.629899094885454e-05
5.6230319388214134e-05
5.6170551076314185e-05
5.610509779550124e-05
5.6057195587867505e-05
5.599779454839933e-05
5.594574123803623e-05
5.5893784611151246e-05
5.585200079052064e-05
5.579303359598978e-05
5.573275714236719e-05
5.566974991435424e-05
5.561402157824038e-05
5.556267897593709e-05
5.551000888160143e-05
5.5454599745762e-05
5.539363569736327e-05
5.5339871952050134e-05
5.529608929042357e-05
5.5246740442313914e-05
5.5193261327355485e-05
5.513287021722352e-05
5.5078211059704785e-05
5.503763727656837e-05
5.4962245165436367e-05
5.49107067430348e-05
5.486065393899496e-05
5.48065329387263e-05
5.474975152035849e-05
5.4704134790988135e-05
5.465170050868122e-05
5.4592488073641075e-05
5.454713291877513e-05
5.449774043983869e-05
5.0257570046488254e-05
5.022223338271853e-05
5.016680462537939e-05
5.0121544746009074e-05
5.0082636349977465e-05
5.0028766540760936e-05
4.998625378021044e-05
4.993882493944918e-05
4.988775255674732e-05
4.985169121862459e-05
4.980699788320259e-05
4.976857612103718e-05
4.972526789488078e-05
4.968450340338848e-05
4.964134130904217e-05
4.959579427664534e-05
4.954787563483216e-05
4.9498824402920434e-05
4.945476125714003e-05
4.940223298093074e-05
4.9361996199126294e-05
4.931574405128837e-05
4.927564797477087e-05
4.923440500221555e-05
4.919202105418501e-05
4.914487910359741e-05
4.909903274905484e-05
4.905327185323261e-05
4.901240013723472e-05
4.8970397394774857e-05
4.892966360856269e-05
4.889019262735895e-05
4.885317179217861e-05
6.345332519829164e-05
6.339607919633279e-05
6.334047943870591e-05
6.327573618885374e-05
6.321419888159494e-05
6.31589175533207e-05
6.310985970192728e-05
6.305781916957704e-05
6.30119722747322e-05
6.296314234513489e-05
6.290982119093131e-05
6.285355122564425e-05
6.279283195672125e-05
6.274888379389406e-05
6.269138957876209e-05
6.263400062634001e-05
6.259027443428021e-05
6.252855871672158e-05
6.24714673586583e-05
6.242197253433208e-05
6.236058810831555e-05
6.150651010464094e-05
6.146232439335887e-05
6.140791603863116e-05
6.135653726015172e-05
6.131696090844661e-05
6.126427179058757e-05
6.120875364669034e-05
6.115625024819906e-05
6.110529155953401e-05
6.1060227588121e-05
6.101087895283145e-05
6.09616100198719e-05
6.0913866210999295e-05
6.085465221961416e-05
6.080851635117313e-05
6.0758135277593655e-05
6.070783761836057e-05
6.0663357756243594e-05
6.061751137562388e-05
6.057030481809242e-05
6.052459892627789e-05
6.047183740143875e-05
6.043481673338042e-05
6.039642013946082e-05
6.034813822074878e-05
5.951541919215649e-05
5.902356247442871e-05
5.898340756529229e-05
5.8935017446104597e-05
5.8894982883645596e-05
5.884398320271752e-05
5.880269690550807e-05
5.875048402387406e-05
5.871207066798324e-05
5.8669600146674e-05
5.862719102471003e-05
5.858484316904057e-05
5.853301627949515e-05
5.848264128874475e-05
5.8440501924219936e-05
5.839435432765205e-05
5.835775959255673e-05
5.83130949343812e-05
5.826984899501064e-05
5.822531875053759e-05
5.818085651476835e-05
5.814318419826826e-05
5.810690349631879e-05
5.8066644671725504e-05
5.801840765842981e-05
5.798228245937122e-05
5.794486677619124e-05
5.790883307120812e-05
5.787151209054261e-05
5.783423918401146e-05
5.779037199268426e-05
5.774789761560243e-05
5.771210839383267e-05
5.7679009756273414e-05
5.764727076202486e-05
5.7606326222006924e-05
5.7570712208589155e-05
5.754435983534466e-05
5.750882237615998e-05
5.746676070318418e-05
5.742082614213612e-05
5.358148189206755e-05
5.355459092113897e-05
5.351552492976766e-05
5.348626281825954e-05
5.3453381170314616e-05
5.340960181137636e-05
5.3380455390505647e-05
5.3336795356561345e-05
5.3296836351685606e-05
5.3253312939366837e-05
5.322192354611308e-05
5.318093166951449e-05
5.314000288874661e-05
5.3105142796820586e-05
5.306672952867487e-05
5.303196547436179e-05
5.299963986045937e-05
5.295421125615338e-05
5.292794606288012e-05
5.289813086117728e-05
5.2860016383388446e-05
5.283146655007309e-05
5.280888646089411e-05
5.27673420458316e-05
5.274007700265198e-05
5.2705739473284714e-05
5.267026491113362e-05
5.264073923400784e-05
5.261124664109739e-05
5.258649838987182e-05
5.256295026350778e-05
5.252531709629819e-05
5.249125855511689e-05
5.2464277998950714e-05
5.2438496451094455e-05
5.2403380602670765e-05
5.2367143600692564e-05
5.2327457373819715e-05
5.2297149646225164e-05
5.227036821452692e-05
5.223780173158247e-05
5.2215726148110494e-05
5.217510940369036e-05
5.2151928193247756e-05
5.2112567373727446e-05
5.207673131364347e-05
5.2049021098329365e-05
5.202249313313643e-05
5.198678080559475e-05
5.196261642840806e-05
5.193962361156326e-05
5.191205907655502e-05
5.188223049391252e-05
5.1849000565816685e-05
5.181581317719221e-05
5.1788379864089646e-05
5.175298813145469e-05
5.1714226971958934e-05
5.1685763140816976e-05
5.1649375126373344e-05
5.161303831195004e-05
5.158241887016716e-05
5.1550703724616773e-05
5.151902755484216e-05
5.148739028903956e-05
5.146481602111206e-05
5.143775301531656e-05
5.140846685978732e-05
5.138033852660366e-05
5.134101053271766e-05
5.131183440328396e-05
5.128157119244736e-05
5.125358151294751e-05
4.758683818708693e-05
4.755363541313e-05
4.7527727967058515e-05
4.7500814151508935e-05
4.7473930800008295e-05
4.7436757894387966e-05
4.740685536251236e-05
4.7381107559252255e-05
4.735435949609999e-05
4.732764161608396e-05
4.729890221106877e-05
4.7272246856085944e-05
4.72364120541548e-05
4.720778330596725e-05
4.7182251232095474e-05
4.715980584163779e-05
4.712719609646876e-05
4.710276836750856e-05
4.7074301337197955e-05
4.70499283978164e-05
4.702253899123307e-05
4.6992143693356774e-05
4.696886722988287e-05
4.6932480760757075e-05
4.6906236686002694e-05
4.687599150909988e-05
4.6848804179158834e-05
4.682365882932675e-05
4.680155323932148e-05
4.677144286837618e-05
4.673936781433246e-05
4.67093373801161e-05
4.668634016809122e-05
4.6663365590148944e-05
4.663841885577019e-05
4.660552998017739e-05
4.658064503005876e-05
4.6546844113806025e-05
4.652599157249725e-05
4.650020001177735e-05
4.6479389232410144e-05
4.645562828194307e-05
4.6424972986342146e-05
4.639929327189986e-05
4.637068400808754e-05
4.635589995222711e-05
4.63302965745928e-05
4.62998064101981e-05
4.627917457353438e-05
8.161072090143485e-05
8.156919753273368e-05
8.153462698917244e-05
8.148282608257194e-05
8.145005287197119e-05
8.139319359491977e-05
8.135877204641477e-05
8.130547614519466e-05
8.127112873326674e-05
8.12145189044885e-05
8.117168514628483e-05
8.112718594089964e-05
8.109127987731932e-05
8.105199063889632e-05
8.101103374290025e-05
8.095648889303021e-05
9.281118780298798e-05
9.27643784786642e-05
9.271177439534822e-05
9.125793009422656e-05
9.119284840312632e-05
9.115460839960263e-05
9.111258142001901e-05
9.107631656651263e-05
9.103245561295353e-05
9.098673267938487e-05
9.092393858999179e-05
9.088782371943237e-05
9.084034783992995e-05
9.07891295679213e-05
9.075122732834549e-05
9.070389400857564e-05
9.064337935991675e-05
9.059804633698106e-05
9.056218983937857e-05
9.050940038761419e-05
9.045855452580099e-05
9.040776575971734e-05
9.035327834945441e-05
9.03176152983993e-05
9.027073310118034e-05
9.023326237223543e-05
9.01902094724416e-05
9.014159042149338e-05
9.008182350079869e-05
9.004823942377016e-05
9.000908963643425e-05
8.997369772188174e-05
8.969391765891488e-05
8.965496868722677e-05
8.9612349083651e-05
8.956606936279719e-05
8.952723132243668e-05
8.948657996149277e-05
8.94367400823938e-05
8.93832701613022e-05
8.934459045735012e-05
8.929306956327306e-05
8.924711895008926e-05
8.920121560536325e-05
8.916085970457938e-05
8.91223722114388e-05
8.908208760276728e-05
8.904001079628468e-05
8.899432019775214e-05
8.895232624254823e-05
8.892131269538518e-05
8.888667607762283e-05
8.884296311041118e-05
8.879565588830766e-05
8.875748297230826e-05
0.00011941790713174851
0.0001193617288604096
0.0001193080425595299
0.00010562225666743537
0.0001021707267494731
0.00010212692320405357
0.00010207899096787985
0.00010204151015606863
9.859950831323477e-05
9.855529869388754e-05
9.850711521112826e-05
9.846298838805763e-05
9.842491066158406e-05
9.837285199898868e-05
9.832684598849708e-05
9.828687572590012e-05
9.82409500785057e-05
9.819307339968498e-05
9.814524336251114e-05
9.809745989885964e-05
9.80656300970227e-05
9.802189783135602e-05
9.798018976606326e-05
9.793058356212735e-05
9.788697163446664e-05
9.785131802979191e-05
9.781569038805523e-05
9.777613453533951e-05
9.772475972989282e-05
9.768527737135701e-05
9.762808458601078e-05
9.758868028968126e-05
9.754340465384339e-05
9.749423963133642e-05
9.745101539063896e-05
9.74176410829043e-05
9.738036742748975e-05
9.734312228424193e-05
9.731178004375438e-05
9.726676091629025e-05
9.723546782181063e-05
9.71924726798707e-05
9.71475638490525e-05
9.709879695020856e-05
9.370705292513185e-05
9.367321280490369e-05
9.36393971169953e-05
9.359809997288948e-05
9.356433848438177e-05
9.353060134310135e-05
9.350250563828215e-05
9.34631999969497e-05
9.343514476491604e-05
9.339776397846851e-05
9.335294649700329e-05
9.33044427379073e-05
9.326344044599043e-05
9.322991991069705e-05
9.320200453225046e-05
9.315551603215457e-05
9.311835860967311e-05
9.30775196668385e-05
9.303857044172683e-05
9.300335874444992e-05
9.297002487102246e-05
9.293301524745963e-05
9.290158022698116e-05
9.286093116642043e-05
9.281662728704714e-05
9.278895882365745e-05
9.275946397233772e-05
9.273551320901763e-05
9.269684963067798e-05
9.265086357597371e-05
9.128085982508832e-05
9.12374306633287e-05
9.11832022899107e-05
9.115611226962215e-05
9.111640934412213e-05
9.107493870227872e-05
9.103890794756009e-05
9.100650463459925e-05
9.097592267846671e-05
9.093817333295699e-05
9.052782660793879e-05
9.049029285949324e-05
9.045993118466325e-05
9.041888603932398e-05
9.038144255355511e-05
9.034581091114572e-05
9.03226654054338e-05
9.028352309288368e-05
9.024441469113438e-05
9.020711553727357e-05
9.016097832857938e-05
9.01184320048238e-05
9.008654860414988e-05
9.004761062758272e-05
9.000693871673015e-05
8.997160169081177e-05
8.992923386833052e-05
8.989219474245068e-05
8.985342455906474e-05
8.982348867897411e-05
8.980412903057259e-05
8.978301892952521e-05
8.97320438022893e-05
8.970921166806939e-05
8.967937178784795e-05
0.0001352972627570648
0.00013524699686487686
0.00013518884089413574
0.0001351333750130249
0.0001350805926620316
0.00013502521555230193
0.00013499359187045822
0.00013495671629171465
0.00013490407182747881
0.00013483306691618906
0.00013477789252843328
0.00013471751522470233
0.00013468865824132312
0.00013463884346855617
0.0001345785906540844
0.000134528857250295
0.00013447393149930334
0.0001344242754045685
0.00013437204543394077
0.00013431203112155402
0.00013427031364251097
0.00013421299440509688
0.00013416613323505262
0.00013412710724997415
0.00013406991018931317
0.00013401535848301074
0.0001339764201500536
0.00013393231738409206
0.00013389342728457678
0.00013385196939789192
0.0001337846550612508
0.00013373033519589077
0.0001336967307122331
0.000133626990720169
0.00013357021931264444
0.0001335160734048851
0.00015790015307631949
0.00015783924185729532
0.0001577875042580131
0.00015772972000565385
0.00015766894018213814
0.00015762642216914503
0.00015757785822485815
0.00015749294328971003
0.00015614379336436972
0.00015611376109144997
0.000156065733476901
0.00015602673279380765
0.00015596377285013386
0.0001527113467411975
0.00015266149473845917
0.00015261167527306932
0.00015255017845492574
0.00015249458116739877
0.00015246241178275545
0.00015240395675178284
0.00015234846597550928
0.00015227843009558105
0.0001522201160319375
0.00015216767154751652
0.00015212690637019462
0.00015209198216984562
0.0001520628909163941
0.00015201927489674164
0.0001519611591100237
0.00015193792523507377
0.00015187987161852361
0.00015182476175925748
0.0001517696918788897
0.00015171466193393256
0.00015163942243500488
0.0001515758165074644
0.00015154692235841324
0.0001514891670954096
0.00015144010972264555
0.00015137955328750692
0.00015133632833320642
0.00015127297636716522
0.00015123268908841882
0.00015119242326271348
0.00015114355786231677
0.00015109472403831533
0.0001510229668889269
0.00015096561022388485
0.0001509226213076164
0.00015088824779836016
0.00015084530292393223
0.00015079952199396803
0.00015074519321931057
0.00015068804731036052
0.00015065092569782647
0.00015059955672583304
0.00015055677600181805
0.00015051686924911963
0.00015046843948140438
0.00015042004086884128
0.00015035745356886183
0.00015032049463951444
0.00015028923588793528
0.00015022391867122693
0.0001501813510654375
0.00015014447864926628
0.00015010762433442847
0.0001500594575209045
0.00015001981393768989
0.00014998302079009923
0.00014992079656030776
0.00014985862393967955
0.00014945731425520365
0.00014940382000136352
0.0001493588019011748
0.00014931662206443342
0.0001492491838565344
0.00014920425888349884
0.0001491453358837141
0.00014910607973213727
0.00014903883152840195
0.00014900802970319176
0.00014894926155865944
0.00014891849674131816
0.00014888215470156525
0.0001488430369520378
0.00014880952380952382
0.00014875928238272087
0.00014872022916577373
0.00014866447441239374
0.00014861711573039223
0.00014855865547057994
0.00014851692629262337
0.0001484529870648469
0.0001484085400627317
0.0001483696707627564
0.00014833914487893726
0.00014828922051777913
0.0001482421005785492
0.0001482060878842969
0.00014816455651158985
0.00014813134816870342
0.00014809262391142364
0.00014805668379697166
0.00014800694935060895
0.0001479572483061094
0.00014791585626006902
0.000147885516809047
0.000147841408909542
0.0001477918189618989
0.0001477340060530583
0.00014769823977042257
0.0001476707390275454
0.00014764324852378915
0.0001475992850008818
0.00014756358391233544
0.0001599110768644852
0.00015986350286567832
0.00015983081215829577
0.00016908501157176928
0.0001690441682637602
0.00016899078754748856
0.00016893116662864498
0.00016889666847895752
0.00016884964824831193
0.00016879325851829467
0.00016873690644000013
0.0001686993592868092
0.00016864619608154688
0.00016858994213848463
0.00016854621501044976
0.00016850251055952004
0.0001684525903608615
0.00015605072243419734
0.00015602473130787588
0.00015596411900313336
0.00015592085332431535
0.00015587472971735655
0.00015584303556354795
0.00015579407903304718
0.00015575090763060687
0.00015571351176404366
0.00015565888855773093
0.00015561579203647938
0.0001555727193724721
0.00015553540901288383
0.00015549238082942734
0.00015546944219794537
0.00015543218135305445
0.00015539207425819044
0.00015534912533309467
0.00015530906108413706
0.00015526329866765584
0.00015521470563997902
0.0001551775667842002
0.0001551575762993187
0.00015510904941500102
0.00015506625677675888
0.00015503203966298372
0.00017032441745634861
0.00017027119988027192
0.00017022114311962728
0.00017018674616587763
0.00017013986362575002
0.00017009925297968776
0.00017006490526453813
0.00017003993381946138
0.00015774868899524872
0.00015769950013057917
0.00015766768838472485
0.00015638776133734884
0.00017041715326109917
0.0001703609470759867
0.00017032349687878378
0.0001703047779539702
0.00017027358888760987
0.0001580268484345969
0.0001579834598944278
0.00015793142508604537
0.00015788520069060075
0.00015784477653533978
0.00015779860284028776
0.00015775822301137597
0.0001577322754610351
0.00015767752531974826
0.00015762857055889653
0.00015758540041906847
0.0001575566334602479
0.00015751925211162702
0.00015747901510669037
0.00015723311416253387
0.0001571987017645337
0.0001571786348210595
0.00015713278675431376
0.00015710414529269108
0.00015706978931821297
0.0001570297263344924
0.00015698968378287894
0.00015693823049977456
0.0001568782442810946
0.0001568297175852036
0.00015679833395273007
0.00015676411158486783
0.00015673560435430558
0.00015669856045101482
0.00015667292492770106
0.00015663306411484577
0.00015660460452146044
0.00015655340330665004
0.00015651928775941342
0.00015527198533734482
0.00015524661824286068
0.00015521562527007172
0.00015515930610270233
0.0001551283479781058
0.00015510021494679008
0.00015506365725751446
0.00015502711679774052
0.00015498216755850447
0.00015494285835065226
0.00015491479255132416
0.0001548586914440573
0.00015483065612507835
0.00015479142372773258
0.00015475501144290952
0.00015470742121851907
0.0001546710484389075
0.00015464028482742884
0.00015459835416451468
0.00015335997769309415
0.0001533294957937641
0.00015331841447078045
0.00015327964245071956
0.00015022568248636832
0.00015017415732268788
0.00014893843763321094
0.00014889006878325968
0.0001488632107724394
0.00014883367814996215
0.0001487773302152764
0.00014875587555665426
0.00014873442708494253
0.0001486888696128169
0.00014864334004072467
0.00014861924743603925
0.00014859248703352632
0.00014856306171925093
0.00014851493633482617
0.00014849355728183955
