2
3
3
3
3
3
3
3
3
3
3
3
3
3
3
3
3
3
4
4
4
4
4
4
4
4
4
4
4
4
4
4
4
4
4
4
4
4
4
4
5
5
5
5
5
5
5
5
5
6
6
6
6
6
6
6
6
6
6
6
6
6
7
7
7
7
7
7
7
7
7
7
7
7
7
7
7
7
7
7
7
7
7
7
7
7
7
7
7
7
7
7
7
7
7
7
7
7
10
13
13
13
13
13
13
13
13
13
13
13
13
13
13
13
13
13
13
13
13
13
13
13
13
13
13
13
13
13
13
13
13
13
13
13
13
13
13
13
13
13
13
13
13
13
13
13
13
13
13
13
13
13
13
13
13
13
13
13
13
13
13
13
13
13
13
13
13
13
13
13
13
13
13
13
13
13
13
13
13
13
13
13
13
13
13
13
13
14
14
14
14
14
14
14
14
14
14
14
14
14
14
14
14
14
14
14
14
14
14
14
14
14
14
14
14
14
14
15
15
15
15
15
15
15
15
15
15
15
15
15
15
15
15
15
15
15
15
15
15
15
15
15
15
15
15
15
15
15
15
15
15
15
15
15
15
15
15
15
15
16
16
16
16
16
16
16
16
16
16
16
17
17
17
17
17
22
22
22
22
22
22
22
22
22
22
22
22
24
24
24
24
24
24
24
24
24
25
25
25
25
25
25
25
28
28
28
28
28
28
28
28
28
28
28
28
28
28
28
28
28
28
28
28
28
28
28
28
30
30
30
30
30
30
30
30
30
30
30
30
30
30
30
30
30
30
30
30
30
30
30
30
30
30
30
30
30
30
30
30
30
30
30
30
30
30
30
30
30
30
30
30
30
30
30
30
30
30
30
30
30
30
30
30
30
30
31
34
34
34
36
36
36
36
36
36
36
36
36
36
36
36
36
41
41
42
42
42
42
42
42
42
42
42
42
42
42
42
42
44
44
44
44
44
44
44
44
46
46
47
51
51
51
51
52
57
57
57
57
57
57
57
57
57
57
57
57
57
57
57
57
57
57
57
57
57
57
57
59
59
59
59
60
60
60
60
60
60
60
60
60
60
62
62
62
62
62
62
62
62
62
62
63
63
63
63
63
63
63
64
65
65
66
66
66
66
66
66
66
66
68
68
68
68
68
68
87
99
99
99
100
100
102
102
102
102
102
102
103
103
103
103
109
109
110
110
110
110
110
115
115
115
115
115
115
115
115
115
115
115
115
115
122
122
122
122
122
122
123
124
124
137
137
137
138
138
138
140
140
140
140
140
140
141
148
148
148
148
148
148
148
148
148
148
150
156
159
159
159
159
160
160
160
160
160
215
215
215
215
320
320
322
322
323
323
323
345
345
371
373
373
373
409
409
409
423
423
426
426
437
863
880
921
928
929
935
935
940
956
959
978
983
984
1012
1012
1043
1081
1090
1090
1090
1849
1903
1904
1923
1939
1958
1967
2033
2064
2096
2157
2223
2223
2339
2341
2372
2385
2590
2605
2616
2617
2617
2724
2752
2766
2767
2784
2824
2928
4070
4342
4483
4960
4996
5033
5044
5106
5793
5963
6037
6766
6839
6907
7454
7468
7546
7658
7871
8377
8406
8609
8772
8827
8871
8903
9004
9025
9110
9162
9322
9422
9477
9550
9682
9741
9996
10179
10255
10333
10845
10944
10971
11039
11196
11285
11339
11412
11503
11656
11945
12032
12179
12326
12363
12568
12895
12955
13091
13153
13246
13410
13539
13688
13904
14101
14256
14329
14406
14523
14642
14827
14922
15122
15197
15300
15542
15785
15904
16357
16430
16544
16635
16737
16824
16942
17153
17266
17338
17452
17708
17847
17985
18134
18193
18303
18382
18466
18559
18635
18784
18917
19041
19136
19251
19404
19531
19647
19771
19934
20004
20273
20358
20440
20526
20676
20790
21006
21105
21188
21268
21489
21562
21764
21825
21866
21989
22040
22108
22243
22364
22434
22513
22634
22724
22790
22896
23055
23153
23299
23382
23507
23644
23851
23962
24136
24217
24369
24495
24587
24655
24773
24898
25016
25065
25189
25320
25519
25623
25751
25854
25911
26084
26204
26262
26359
26422
26508
26593
26782
26930
27009
27086
27153
27223
27327
27380
27453
27581
27645
27757
27809
27864
27922
28000
28149
28284
28365
28450
28645
28732
28825
28971
29036
29090
29145
29303
29397
29484
29616
29687
29772
29985
30103
30189
30298
30375
30429
30494
30563
30689
30768
30814
30899
30987
31067
31160
31227
31307
31375
31431
31516
31592
31660
31709
31792
31854
31911
31978
32055
32135
32200
32279
32367
32456
32523
32605
32673
32718
32810
32932
33014
33067
33161
33221
33272
33317
33393
33461
33522
33622
33690
33763
33807
33891
33931
33991
34086
34125
34174
34248
34301
34340
34404
34459
34497
34581
34646
34701
34741
34823
34877
34925
34997
35083
35160
35245
35322
35375
35464
35523
35578
35657
35699
35760
35854
35899
35999
36082
36142
36192
36270
36339
36381
36448
36504
36566
36624
36703
36754
36801
36840
36897
36974
37008
37112
37173
37212
37280
37319
37362
37423
37466
37518
37558
37621
37684
37745
37874
37911
37965
38014
38047
38106
38173
38263
38312
38361
38415
38488
38566
38614
38703
38769
38833
38904
38950
38991
39032
39091
39161
39224
39251
39334
39381
39415
39462
39539
39577
39666
39764
39826
39874
39910
39991
40080
40138
40176
40226
40269
40316
40364
40427
40487
40554
40606
40693
40727
40794
40865
40937
40993
41047
41087
41121
41190
41233
41290
41363
41410
41449
41506
41558
41613
41656
41687
41723
41771
41831
41884
41926
41972
42031
42063
42124
42174
42225
42261
42299
42338
42396
42454
42510
42540
42580
42607
42669
42713
42741
42765
42803
42874
42909
42946
42987
43031
43082
43142
43174
43232
43273
43320
43362
43415
43481
43503
43553
43617
43648
43681
43711
43766
43809
43854
43902
43956
44010
44046
44079
44105
44136
44188
44222
44259
44313
44344
44381
44424
44462
44510
44592
44646
44683
44740
44765
44797
44870
44913
44957
44988
45028
45056
45099
45159
45187
45224
45277
45326
45348
45409
45445
45479
45532
45568
45598
45639
45667
45700
45732
45765
45831
45862
45894
45931
45965
46014
46076
46120
46146
46174
46202
46232
46261
46313
46348
46388
46416
46456
46497
46538
46563
46598
46627
46657
46703
46742
46786
46815
46845
46883
46925
46966
46994
47040
47095
47129
47159
47196
47223
47251
47284
47314
47347
47375
47417
47465
47491
47514
47540
47568
47602
47659
47680
47721
47765
47786
47824
47857
47900
47930
47967
47998
48017
48048
48079
48111
48151
48197
48235
48274
48313
48343
48365
48393
48429
48464
48495
48520
48566
48575
48606
48640
48669
48698
48738
48760
48799
48831
48856
48893
48917
48947
48966
48992
49021
49054
49084
49119
49135
49150
49201
49228
49252
49291
49327
49364
49380
49410
49445
49466
49503
49543
49577
49601
49625
49657
49672
49700
49725
49751
49775
49804
49819
49864
49903
49932
49953
49976
49986
50035
50057
50083
50108
50123
50162
50184
50209
50230
50259
50283
50314
50357
50383
50408
50433
50455
50475
50511
50537
50565
50593
50622
50645
50674
50718
50742
50767
50807
50836
50865
50885
50924
50943
50982
51005
51032
51052
51080
51111
51138
51152
51196
51217
51245
51267
51282
51302
51333
51357
51377
51396
51422
51438
51467
51492
51533
51547
51574
51597
51611
51636
51663
51692
51711
