51699
51679
51653
51625
51602
51573
51537
51517
51485
51455
51419
51391
51366
51334
51309
51280
51254
51229
51201
51170
51134
51103
51081
51052
51011
50985
50951
50926
50889
50851
50832
50793
50765
50738
50709
50678
50650
50628
50601
50572
50539
50512
50485
50450
50421
50394
50365
50335
50310
50281
50257
50235
50208
50182
50159
50141
50113
50089
50058
50022
49998
49979
49952
49925
49895
49868
49825
49793
49754
49723
49669
49631
49593
49555
49527
49501
49477
49455
49424
49396
49368
49340
49304
49278
49251
49222
49191
49155
49129
49102
49077
49050
49032
49005
48964
48946
48917
48900
48873
48842
48811
48778
48737
48705
48664
48631
48610
48584
48548
48496
48468
48431
48402
48380
48343
48294
48259
48218
48191
48159
48130
48112
48083
48022
47988
47949
47915
47878
47848
47806
47776
47730
47705
47653
47618
47586
47557
47535
47508
47477
47447
47414
47367
47341
47301
47262
47209
47169
47146
47124
47072
47042
47007
46973
46952
46933
46911
46872
46843
46807
46784
46754
46715
46681
46646
46607
46574
46556
46505
46475
46438
46408
46369
46338
46309
46264
46232
46200
46167
46128
46089
46058
46000
45973
45947
45926
45901
45859
45815
45777
45738
45716
45688
45662
45641
45618
45575
45549
45522
45485
45447
45409
45362
45304
45259
45233
45187
45144
45120
45082
45062
45029
44992
44947
44914
44878
44849
44810
44777
44750
44711
44674
44645
44592
44561
44521
44495
44468
44425
44394
44362
44303
44264
44219
44189
44138
44098
44060
44027
43991
43964
43926
43884
43844
43808
43765
43727
43686
43649
43617
43576
43540
43490
43460
43414
43380
43337
43310
43269
43238
43199
43160
43124
43086
43040
43006
42980
42947
42912
42868
42825
42777
42734
42700
42655
42617
42578
42543
42511
42478
42439
42397
42356
42317
42271
42231
42207
42164
42119
42064
42024
41989
41959
41916
41889
41871
41822
41772
41743
41693
41654
41589
41544
41509
41468
41415
41335
41285
41240
41207
41170
41125
41090
41056
41011
40950
40909
40874
40845
40806
40773
40725
40684
40646
40610
40551
40506
40460
40406
40350
40314
40279
40232
40165
40140
40089
40025
39968
39938
39871
39828
39793
39756
39736
39695
39633
39590
39548
39491
39457
39420
39364
39324
39295
39261
39218
39179
39146
39100
39053
39014
38966
38930
38887
38829
38774
38737
38678
38646
38603
38575
38522
38473
38436
38402
38377
38346
38318
38255
38215
38172
38128
38087
38037
37973
37942
37876
37842
37794
37743
37684
37636
37596
37546
37485
37452
37385
37318
37256
37187
37141
37072
37022
36983
36941
36898
36862
36810
36754
36698
36652
36607
36549
36504
36454
36433
36365
36331
36293
36258
36223
36182
36119
36067
36016
35970
35938
35896
35842
35782
35731
35681
35633
35598
35551
35514
35482
35446
35379
35331
35274
35235
35188
35144
35102
35053
35001
34973
34909
34819
34755
34705
34665
34611
34568
34497
34455
34396
34355
34302
34232
34179
34131
34071
34022
33960
33913
33870
33807
33766
33723
33671
33636
33598
33540
33493
33414
33345
33294
33236
33212
33148
33074
33011
32963
32884
32840
32779
32744
32698
32643
32591
32548
32514
32464
32408
32353
32300
32262
32231
32178
32129
32063
32006
31960
31903
31843
31814
31782
31749
31708
31619
31560
31520
31463
31424
31362
31320
31272
31218
31152
31096
31057
31018
30962
30898
30852
30783
30720
30670
30621
30519
30471
30417
30371
30308
30266
30211
30150
30100
30014
29972
29926
29878
29822
29780
29724
29682
29558
29506
29464
29409
29348
29272
29224
29129
29076
29049
28993
28916
28854
28793
28758
28702
28640
28592
28526
28482
28401
28340
28302
28260
28180
28125
28087
28024
27961
27910
27855
27727
27682
27619
27562
27515
27470
27410
27353
27284
27183
27109
27068
26998
26948
26893
26833
26792
26735
26685
26609
26550
26493
26412
26319
26272
26215
26137
26073
26008
25909
25844
25732
25692
25629
25563
25505
25466
25433
25390
25308
25254
25195
25135
25065
25028
24967
24915
24870
24780
24707
24628
24585
24529
24493
24455
24331
24280
24227
24146
24055
24001
23947
23898
23794
23725
23647
23592
23554
23495
23446
23413
23364
23314
23264
23218
23134
23089
23017
22950
22856
22831
22769
22682
22556
22503
22437
22309
22245
22084
21934
21899
21774
21716
21650
21579
21514
21448
21405
21375
21310
21274
21219
21183
21065
21011
20960
20904
20847
20775
20691
20632
20571
20474
20384
20335
20268
20204
20167
20087
20028
19972
19923
19862
19832
19731
19621
19508
19448
19409
19327
19272
19211
19147
18996
18951
18916
18853
18786
18713
18616
18533
18464
18382
18334
18289
18223
18143
18102
18012
17937
17893
17793
17766
17721
17640
17540
17457
17427
17357
17269
17193
17032
16915
16803
16719
16680
16580
16508
16451
16371
16336
16278
16190
16150
16000
15959
15915
15864
15738
15628
15570
15422
15305
15231
15154
15092
15017
14907
14820
14736
14650
14588
14560
14491
14459
14387
14332
14222
14137
14021
13956
13915
13863
13821
13783
13677
13634
13590
13559
13450
13366
13231
13179
13019
12961
12880
12726
12670
12546
12472
12299
12226
12204
12168
12115
12026
11934
11896
11827
11742
11587
11529
11474
11404
11344
11296
11248
11143
10997
10921
10883
10806
10765
10668
10638
10595
10305
10091
10058
10021
9972
9895
9848
9782
9630
9558
9501
9439
9410
9381
9340
9286
9256
9140
9068
8894
8837
8817
8797
8566
8469
8374
8246
8223
8190
8170
8135
8111
8045
7999
7961
7654
7571
7512
7450
7218
7082
6868
6802
6776
6698
6536
6413
6385
6275
6235
6216
6203
6027
6006
5977
5966
5957
5920
5702
5503
5497
5428
5275
5243
5190
5156
4920
4840
4522
4511
4470
4140
4101
4096
4081
4053
4036
4016
3960
3768
3764
3574
3563
3521
3488
3479
3457
3356
3347
3326
3080
3061
2967
2948
2552
2536
2450
2446
2251
2219
2041
2014
1992
1981
1978
1976
1970
1946
1880
1750
1739
1732
1712
1707
1697
1695
1681
1680
1658
1465
1465
1455
1446
1437
1432
1431
757
757
747
746
745
707
704
703
701
614
474
474
474
468
466
466
466
419
419
419
418
417
417
410
409
409
409
385
385
380
378
378
376
374
374
374
373
373
372
371
370
368
368
368
368
236
235
234
223
223
222
221
220
219
218
218
218
218
218
217
216
216
213
213
213
213
213
200
184
184
159
159
159
159
159
159
159
159
159
159
159
159
157
148
148
147
146
146
129
120
120
120
120
120
114
114
113
113
113
109
109
108
105
94
94
94
94
94
94
89
89
89
89
89
89
89
89
88
87
87
86
86
86
86
86
86
86
86
86
86
75
75
75
75
75
75
75
75
75
75
75
75
75
75
74
74
74
74
74
74
74
74
74
74
74
74
74
74
73
73
73
66
66
66
66
61
61
61
61
61
61
61
61
56
56
56
56
56
56
56
56
56
56
56
56
56
56
56
56
56
56
55
53
46
46
46
46
46
46
44
44
44
44
44
44
44
44
44
37
36
36
36
36
36
36
36
35
35
35
35
35
35
35
34
34
34
34
34
34
34
34
34
29
29
29
29
29
29
29
29
29
29
28
28
28
28
28
28
28
28
28
28
28
27
27
27
27
27
27
27
27
27
27
27
27
27
27
24
23
23
23
23
23
23
23
23
22
22
22
22
22
22
22
22
22
22
22
22
22
22
22
22
22
22
22
22
22
20
20
20
20
20
20
20
20
20
20
20
20
20
20
20
20
20
20
19
19
19
19
19
19
19
19
16
16
16
16
16
16
16
16
15
15
15
15
15
15
15
15
15
15
14
14
13
13
13
13
13
12
12
12
12
12
12
12
12
12
12
12
12
12
12
12
11
10
9
7
7
6
6
6
6
5
5
5
5
5
4
4
4
3
