2
2
2
2
3
3
3
3
3
3
3
3
3
3
3
3
3
4
4
4
4
4
4
4
4
5
5
5
5
5
5
5
5
5
5
5
6
6
6
6
6
6
6
6
6
6
6
6
6
6
6
6
6
6
6
6
6
6
6
6
6
6
6
6
6
6
6
6
7
7
7
7
7
7
7
7
7
8
8
8
8
8
8
8
8
8
8
8
8
8
8
8
8
8
8
8
8
8
8
8
8
8
8
8
8
8
8
8
8
8
8
8
8
8
8
8
8
9
9
9
9
9
9
9
9
9
9
9
9
9
9
9
9
9
9
9
9
9
9
9
9
9
9
9
9
9
9
9
9
9
11
11
11
11
11
11
11
11
11
11
11
11
11
11
11
11
11
11
11
11
11
11
11
11
11
11
11
11
11
11
11
11
11
11
11
11
11
11
11
11
11
11
11
11
11
11
11
11
11
11
11
11
11
11
11
11
12
12
12
12
12
12
12
12
12
12
13
13
13
16
16
16
16
16
16
16
16
16
16
16
17
17
17
17
17
17
17
17
17
17
17
17
17
17
17
17
17
17
17
17
17
17
17
17
17
17
17
17
17
17
17
17
17
17
17
17
17
17
17
17
17
17
17
17
17
17
17
17
17
17
17
17
17
17
17
17
17
17
17
17
17
17
17
17
18
18
18
18
18
18
18
21
21
21
21
21
21
21
21
21
21
21
21
21
21
21
21
21
23
23
25
25
25
25
25
25
25
25
25
25
25
25
25
25
25
25
26
26
26
26
26
26
26
27
27
27
27
27
27
27
27
27
28
28
28
28
28
28
32
32
32
32
32
32
32
32
32
32
32
32
32
32
32
32
32
32
32
32
32
34
34
34
34
34
34
34
42
42
42
42
43
43
43
50
50
50
50
50
50
50
50
50
50
50
50
51
51
51
51
51
51
51
51
51
51
51
51
51
51
51
54
54
54
56
56
56
56
56
56
57
57
57
57
57
57
57
57
57
58
58
58
58
58
58
58
58
58
58
59
59
59
60
60
60
60
60
60
60
60
60
60
60
60
61
61
61
61
61
61
61
61
61
61
61
61
61
62
62
62
62
62
68
68
68
73
73
73
73
73
73
73
73
73
73
73
73
85
85
85
85
85
85
85
85
85
86
86
86
91
91
91
92
92
92
92
97
97
97
98
98
98
98
98
98
98
98
98
98
100
100
100
106
106
106
106
106
106
106
106
106
130
130
130
130
130
130
138
157
157
157
176
176
176
176
176
176
179
179
179
193
193
193
193
193
193
193
193
194
194
196
197
211
211
218
218
219
219
219
219
219
266
266
268
268
271
272
272
272
272
284
284
284
286
286
286
286
297
297
297
306
306
309
309
332
335
344
344
344
349
349
369
370
371
377
404
416
419
423
424
437
491
492
591
592
592
594
601
601
611
612
614
710
848
848
864
864
877
1374
1376
1378
1391
1391
1399
1406
1431
2218
2292
2315
2315
2332
2336
2337
2339
2341
3115
5663
5695
5711
5970
6005
6535
6578
6619
6751
6836
6931
7013
7648
7782
7878
7937
8045
8464
8586
8645
8680
8713
8774
8986
9093
9320
9426
9451
9492
9929
9972
10110
10181
10329
10440
10544
10622
10689
10779
10869
10945
11029
11130
11508
11638
11960
12058
12139
12219
12330
12585
12663
12988
13119
13231
13302
13363
13567
13679
13745
13845
14113
14232
14369
14565
14618
14789
14864
15175
15294
15374
15425
15569
15744
15761
15984
16181
16289
16370
16470
16590
16770
16898
17188
17306
17394
17454
17544
17621
17756
17821
18029
18249
18350
18481
18566
18617
18694
18793
18938
19059
19121
19213
19276
19364
19447
19604
19658
19736
19764
19855
19962
20099
20185
20348
20429
20651
20738
20827
20939
21108
21198
21291
21372
21464
21524
21612
21689
21783
21886
21949
22070
22194
22334
22407
22528
22654
22694
22795
22895
23045
23142
23198
23275
23394
23491
23595
23797
23893
24001
24087
24281
24368
24431
24468
24522
24618
24778
24854
25021
25132
25169
25339
25541
25585
25744
25801
25906
25981
26123
26211
26305
26399
26438
26518
26604
26703
26766
26811
26927
27018
27121
27318
27418
27522
27612
27685
27749
27897
27995
28046
28109
28283
28390
28482
28544
28628
28711
28823
28969
29048
29114
29160
29279
29403
29516
29606
29783
29957
30019
30135
30193
30278
30339
30418
30476
30520
30590
30696
30732
30844
30904
30986
31071
31167
31232
31306
31360
31537
31623
31697
31753
31837
31916
32015
32088
32164
32232
32315
32368
32411
32523
32565
32638
32717
32776
32845
32932
33017
33096
33163
33274
33343
33438
33534
33680
33736
33779
33847
33943
33986
34052
34124
34160
34228
34312
34377
34450
34516
34560
34620
34675
34761
34889
34935
35015
35065
35119
35154
35229
35322
35398
35459
35514
35560
35617
35682
35749
35840
35891
36039
36122
36185
36261
36324
36407
36471
36564
36646
36698
36750
36853
36920
36959
37030
37112
37158
37244
37328
37382
37425
37503
37578
37616
37647
37713
37763
37839
37892
37944
37995
38078
38127
38179
38244
38318
38423
38467
38531
38572
38623
38673
38722
38786
38823
38888
38919
38979
39030
39072
39122
39174
39228
39270
39329
39420
39486
39537
39590
39654
39728
39787
39824
39873
39954
40017
40091
40127
40189
40233
40271
40307
40383
40421
40495
40567
40605
40656
40730
40790
40864
40923
40987
41030
41100
41128
41189
41213
41250
41298
41384
41428
41492
41531
41579
41615
41642
41713
41773
41826
41874
41913
41997
42044
42085
42117
42160
42204
42239
42295
42324
42363
42398
42436
42474
42552
42592
42630
42689
42722
42801
42858
42886
42948
42989
43029
43101
43131
43177
43210
43252
43291
43326
43374
43416
43469
43528
43573
43617
43654
43715
43763
43810
43859
43905
43947
43994
44034
44064
44117
44196
44247
44275
44344
44378
44422
44480
44543
44580
44628
44674
44710
44759
44811
44850
44898
44950
44977
45017
45056
45093
45140
45171
45210
45262
45306
45336
45388
45437
45465
45507
45526
45557
45600
45639
45681
45707
45758
45791
45832
45869
45889
45925
45962
46001
46038
46061
46091
46119
46156
46198
46242
46291
46318
46348
46388
46409
46442
46475
46508
46533
46558
46636
46673
46706
46754
46778
46813
46859
46892
46938
46983
47001
47027
47049
47081
47106
47158
47179
47197
47228
47272
47303
47325
47361
47399
47430
47464
47488
47516
47534
47574
47606
47632
47659
47708
47754
47782
47806
47827
47865
47897
47928
47962
48001
48028
48078
48118
48161
48190
48248
48286
48321
48332
48363
48401
48437
48466
48496
48522
48563
48599
48630
48656
48700
48725
48756
48779
48801
48838
48872
48890
48915
48935
48964
48987
49017
49045
49094
49124
49154
49183
49220
49244
49277
49300
49321
49347
49372
49410
49437
49459
49481
49513
49540
49586
49605
49642
49675
49708
49734
49768
49799
49817
49866
49910
49944
49977
50005
50028
50055
50088
50117
50133
50154
50184
50209
50222
50251
50277
50303
50323
50333
50366
50404
50444
50474
50508
50533
50556
50579
50597
50623
50651
50681
50708
50726
50765
50784
50813
50834
50872
50890
50920
50951
50977
51007
51030
51064
51086
51106
51128
51145
51174
51205
51240
51261
51288
51330
51352
51369
51387
51401
51426
51451
51467
51503
51533
51566
51593
51618
51642
51675
51695
51732
51765
51784
