51789
51766
51729
51684
51664
51638
51591
51555
51528
51486
51469
51429
51400
51376
51358
51330
51301
51279
51262
51230
51212
51185
51162
51126
51080
51041
51017
50972
50940
50914
50887
50865
50841
50809
50778
50754
50723
50700
50675
50644
50610
50593
50546
50508
50482
50456
50421
50385
50352
50325
50294
50267
50237
50215
50184
50161
50140
50107
50074
50029
49999
49963
49936
49912
49896
49871
49838
49801
49756
49728
49688
49656
49628
49598
49559
49530
49503
49474
49443
49410
49382
49362
49342
49318
49284
49255
49225
49184
49156
49124
49086
49053
49019
48983
48954
48928
48906
48880
48858
48823
48795
48766
48734
48700
48661
48611
48587
48549
48505
48485
48445
48411
48396
48360
48328
48287
48248
48207
48172
48126
48096
48068
48041
48021
47988
47957
47918
47889
47848
47825
47803
47776
47742
47711
47681
47650
47609
47570
47542
47494
47462
47436
47403
47373
47329
47297
47256
47233
47196
47168
47130
47097
47068
47038
47014
46987
46937
46900
46866
46838
46788
46756
46730
46703
46674
46645
46616
46576
46531
46485
46444
46419
46382
46341
46306
46273
46243
46218
46188
46135
46091
46054
46013
45964
45916
45877
45837
45808
45770
45745
45692
45649
45614
45588
45559
45500
45467
45435
45405
45370
45342
45304
45276
45241
45186
45152
45132
45094
45069
45029
44996
44958
44928
44903
44872
44844
44810
44763
44729
44701
44668
44639
44609
44552
44515
44465
44437
44408
44366
44315
44272
44234
44197
44166
44135
44110
44078
44042
44002
43966
43920
43894
43849
43821
43774
43731
43693
43648
43618
43576
43533
43488
43442
43396
43362
43320
43275
43230
43195
43167
43123
43095
43056
43015
42972
42942
42899
42846
42799
42757
42714
42669
42639
42587
42551
42498
42467
42437
42410
42366
42328
42293
42249
42212
42178
42144
42104
42040
42004
41964
41931
41880
41843
41800
41770
41745
41709
41677
41622
41565
41534
41485
41456
41408
41371
41334
41285
41247
41210
41166
41107
41046
41011
40962
40916
40878
40821
40789
40740
40690
40648
40613
40552
40504
40469
40444
40376
40336
40298
40244
40206
40148
40097
40048
40019
39971
39934
39893
39843
39785
39745
39684
39649
39621
39571
39524
39480
39442
39390
39364
39332
39275
39226
39179
39141
39115
39068
39026
38981
38934
38888
38815
38758
38731
38700
38644
38613
38543
38499
38454
38414
38367
38311
38258
38202
38150
38107
38063
38015
37989
37940
37900
37852
37816
37758
37717
37679
37633
37588
37534
37483
37441
37402
37367
37328
37282
37258
37224
37167
37142
37097
37064
37023
36971
36924
36884
36836
36794
36755
36703
36664
36632
36596
36537
36503
36418
36375
36333
36294
36238
36201
36165
36122
36076
36027
35985
35949
35878
35845
35819
35770
35721
35656
35605
35558
35504
35442
35411
35385
35343
35308
35237
35179
35129
35093
35056
34994
34949
34897
34856
34819
34775
34744
34710
34644
34600
34547
34524
34489
34412
34366
34317
34279
34243
34141
34084
34029
33989
33956
33897
33848
33781
33737
33649
33569
33523
33483
33417
33372
33289
33244
33190
33148
33098
33040
32963
32904
32844
32817
32785
32741
32682
32640
32592
32541
32471
32430
32374
32338
32278
32229
32208
32162
32114
32055
32024
31980
31923
31866
31819
31761
31701
31652
31610
31515
31471
31440
31358
31313
31250
31200
31135
31084
31008
30975
30925
30878
30827
30782
30743
30691
30647
30597
30534
30475
30423
30374
30300
30249
30171
30124
30091
30010
29952
29903
29853
29811
29762
29719
29673
29611
29563
29527
29438
29390
29364
29273
29234
29189
29129
29033
28983
28914
28870
28820
28776
28731
28666
28609
28561
28470
28408
28328
28223
28183
28135
28088
28010
27979
27931
27860
27775
27722
27655
27597
27524
27464
27424
27367
27260
27161
27106
27050
27018
26965
26903
26838
26803
26777
26699
26646
26602
26544
26469
26416
26333
26269
26239
26189
26136
26091
26018
25988
25944
25883
25827
25772
25740
25675
25636
25588
25541
25506
25376
25314
25241
25172
25105
25064
25013
24938
24895
24863
24801
24742
24657
24573
24452
24367
24316
24289
24220
24151
24092
24037
23998
23896
23824
23746
23692
23637
23603
23495
23411
23376
23270
23224
23192
23124
23083
23012
22958
22898
22817
22770
22734
22689
22649
22603
22559
22484
22433
22395
22343
22268
22190
22134
22099
22011
21968
21946
21892
21814
21766
21688
21617
21550
21488
21438
21309
21250
21196
21098
21027
20921
20845
20772
20689
20583
20528
20462
20395
20342
20286
20224
20190
20151
20093
20026
19969
19850
19800
19704
19678
19631
19581
19539
19461
19415
19343
19263
19176
19129
19044
18976
18855
18731
18672
18569
18472
18408
18208
18144
18096
18057
18010
17955
17894
17832
17786
17725
17618
17574
17546
17458
17388
17349
17292
17225
17123
17058
17018
16982
16931
16770
16713
16610
16571
16513
16431
16362
16315
16240
16193
16083
16036
15973
15819
15766
15589
15556
15431
15341
15311
15260
15192
15090
15026
14958
14896
14803
14725
14669
14552
14493
14438
14358
14304
14204
14153
14069
13976
13856
13766
13686
13630
13530
13409
13328
13290
13259
13150
13082
13006
12887
12855
12752
12670
12505
12452
12402
12334
12249
12222
12098
12044
11994
11933
11885
11847
11787
11686
11576
11362
11265
11209
11083
10983
10960
10915
10786
10745
10564
10468
10416
10369
10263
10151
10121
10093
10044
9809
9739
9715
9654
9633
9598
9543
9371
9348
9295
9244
9089
9038
8969
8817
8787
8754
8727
8706
8515
8505
8436
8398
8375
8333
8268
8106
8013
7965
7951
6989
6759
6692
6622
6550
6449
6345
6312
6216
5573
5214
5148
5066
5057
5027
4900
4882
4736
4708
4631
3975
3785
3420
3353
3343
3140
3117
3059
3032
2983
2961
2939
2931
2926
2747
2667
2623
2609
2597
2591
2581
2515
2503
2395
2339
2335
2053
1692
1685
1682
1678
1612
1611
1610
1569
1537
1536
1528
1507
1505
1292
1233
1227
1222
769
750
750
745
745
745
732
731
729
729
729
729
729
728
721
717
714
710
710
708
708
707
707
707
706
703
700
700
698
616
292
288
286
286
264
264
263
263
263
260
258
258
258
258
257
255
255
255
255
251
251
248
248
248
248
248
247
247
229
225
225
223
223
223
223
223
223
223
223
223
223
218
215
215
207
201
200
200
200
200
200
198
197
197
197
197
197
197
196
196
196
194
194
192
190
190
190
190
190
188
188
115
115
115
115
115
115
111
111
111
111
111
111
110
109
109
109
109
108
108
106
103
103
103
91
90
90
90
90
85
84
84
84
82
82
82
82
82
81
80
80
80
80
80
80
80
80
80
79
78
78
78
78
77
76
76
76
76
76
76
76
76
76
76
76
76
76
76
76
76
76
74
74
74
74
74
74
74
74
74
59
59
59
48
48
48
48
48
46
46
46
46
46
46
46
46
46
46
46
46
46
46
46
44
44
44
44
44
44
44
42
42
39
39
33
33
33
33
33
33
33
33
33
33
33
33
33
33
33
33
32
32
32
32
32
32
32
32
32
32
32
32
32
32
32
32
32
32
32
31
31
31
31
31
31
31
30
30
30
30
30
30
30
30
30
30
30
30
30
30
29
26
26
26
26
26
26
26
26
22
20
20
20
20
20
20
20
20
20
20
20
19
19
19
19
19
19
19
19
19
19
19
19
19
19
19
19
19
19
17
17
17
17
17
17
17
17
17
17
17
16
16
16
16
15
15
15
15
15
15
15
15
15
15
15
15
15
15
15
15
15
15
15
15
15
15
15
15
11
11
11
11
11
11
10
10
10
10
9
9
9
9
9
9
9
9
9
9
8
8
8
8
8
8
8
8
8
8
7
7
6
6
6
6
6
5
5
5
4
4
4
4
4
4
4
4
3
