0.0
0.0
0.0
0.0
0.0
0.0
0.0
0.0
0.0
0.0
0.0
0.0
0.0
0.0
0.0
0.0
0.0
0.0
0.0
0.0
0.0
0.0
0.0
0.0
0.0
0.0
0.0
0.0
0.0
0.0
0.0
0.0
0.0
0.0
0.0
0.0
0.0
0.0
0.0
0.0
0.0
0.0
0.0
0.0
0.0
0.0
0.0
0.0
0.0
0.0
0.0
0.0
0.0
0.0
0.0
0.0
0.0
0.0
0.0
0.0
0.0
0.0
0.0
0.0
0.0
0.0
0.0
0.0
0.0
0.0
0.0
0.0
0.0
0.0
0.0
0.0
0.0
0.0
0.0
0.0
0.0
0.0
0.0
0.0
0.0
0.0
0.0
0.0
0.0
0.0
0.0
0.0
0.0
0.0
0.0
0.0
0.0
0.0
0.0
0.0
0.0
0.0
0.0
0.0
0.0
0.0
0.0
0.0
0.0
0.0
0.0
0.0
0.0
0.0
0.0
0.0
0.0
0.0
0.0
0.0
0.0
0.0
0.0
0.0
0.0
0.0
0.0
0.0
0.0
0.0
0.0
0.0
0.0
0.0
0.0
0.0
0.0
0.0
0.0
0.0
0.0
0.0
0.0
0.0
0.0
0.0
0.0
0.0
0.0
0.0
0.0
0.0
0.0
0.0
0.0
0.0
0.0
0.0
0.0
0.0
0.0
0.0
0.0
0.0
0.0
0.0
0.0
0.0
0.0
0.0
0.0
0.0
0.0
0.0
0.0
0.0
0.0
0.0
0.0
0.0
0.0
0.0
0.0
0.0
0.0
0.0
0.0
0.0
0.0
0.0
0.0
0.0
0.0
0.0
0.0
0.0
0.0
0.0
0.0
0.0
0.0
0.0
0.0
0.0
0.0
0.0
0.0
0.0
0.0
0.0
0.0
0.0
0.0
0.0
0.0
0.0
0.0
0.0
0.0
0.0
0.0
0.0
0.0
0.0
0.0
0.0
0.0
0.0
0.0
0.0
0.0
0.0
0.0
0.0
0.0
0.0
0.0
0.0
0.0
0.0
0.0
0.0
0.0
0.0
0.0
0.0
0.0
0.0
0.0
0.0
0.0
0.0
0.0
0.0
0.0
0.0
0.0
0.0
0.0
0.0
0.0
0.0
0.0
0.0
0.0
0.0
0.0
0.0
0.0
0.0
0.0
0.0
0.0
0.0
0.0
0.0
0.0
0.0
0.0
0.0
0.0
0.0
0.0
0.0
0.0
0.0
0.0
0.0
0.0
0.0
0.0
0.0
0.0
0.0
0.0
0.0
0.0
0.0
0.0
0.0
0.0
0.0
0.0
0.0
0.0
0.0
0.0
0.0
0.0
0.0
0.0
0.0
0.0
0.0
0.0
0.0
0.0
0.0
0.0
0.0
0.0
0.0
0.0
0.0
0.0
0.0
0.0
0.0
0.0
0.0
0.0
0.0
0.0
0.0
0.0
0.0
0.0
0.0
0.0
0.0
0.0
0.0
0.0
0.0
0.0
0.0
0.0
0.0
0.0
0.0
0.0
0.0
0.0
0.0
0.0
0.0
0.0
0.0
0.0
0.0
0.0
0.0
0.0
0.0
0.0
0.0
0.0
0.0
0.0
0.0
0.0
0.0
0.0
0.0
0.0
0.0
0.0
0.0
0.0
0.0
0.0
0.0
0.0
0.0
0.0
0.0
0.0
0.0
0.0
0.0
0.0
0.0
0.0
0.0
0.0
0.0
0.0
0.0
0.0
0.0
0.0
0.0
0.0
0.0
0.0
0.0
0.0
0.0
0.0
0.0
0.0
0.0
0.0
0.0
0.0
0.0
0.0
0.0
0.0
0.0
0.0
0.0
0.0
0.0
0.0
0.0
0.0
0.0
0.0
0.0
0.0
0.0
0.0
0.0
0.0
0.0
0.0
0.0
0.0
0.0
0.0
0.0
0.0
0.0
0.0
0.0
0.0
0.0
0.0
0.0
0.0
0.0
0.0
0.0
0.0
0.0
0.0
0.0
0.0
0.0
0.0
0.0
0.0
0.0
0.0
0.0
0.0
0.0
0.0
0.0
0.0
0.0
0.0
0.0
0.0
0.0
0.0
0.0
0.0
0.0
0.0
0.0
0.0
0.0
0.0
0.0
0.0
0.0
0.0
0.0
0.0
0.0
0.0
0.0
0.0
0.0
0.0
0.0
0.0
0.0
0.0
0.0
0.0
0.0
0.0
0.0
0.0
0.0
0.0
0.0
0.0
0.0
0.0
0.0
0.0
0.0
0.0
0.0
0.0
0.0
0.0
0.0
0.0
0.0
0.0
0.0
0.0
0.0
0.0
0.0
0.0
0.0
0.0
0.0
0.0
0.0
0.0
0.0
0.0
0.0
0.0
0.0
0.0
0.0
0.0
0.0
0.0
0.0
0.0
0.0
0.0
0.0
0.0
0.0
0.0
0.0
0.0
0.0
0.0
0.0
0.0
0.0
0.0
0.0
0.0
0.0
0.0
0.0
0.0
0.0
0.0
0.0
0.0
0.0
0.0
0.0
0.0
0.0
0.0
0.0
0.0
0.0
0.0
0.0
0.0
0.0
0.0
0.0
0.0
0.0
0.0
0.0
0.0
0.0
0.0
0.0
0.0
0.0
0.0
0.0
0.0
0.0
0.0
0.0
0.0
0.0
0.0
0.0
0.0
0.0
0.0
0.0
0.0
0.0
0.0
0.0
0.0
0.0
0.0
0.0
0.0
0.0
0.0
0.0
0.0
0.0
0.0
0.0
0.0
0.0
0.0
0.0
0.0
0.0
0.0
0.0
0.0
0.0
0.0
0.0
0.0
0.0
0.0
0.0
0.0
0.0
0.0
0.0
0.0
0.0
0.0
0.0
0.0
0.0
0.0
0.0
0.0
0.0
0.0
0.0
0.0
0.0
0.0
0.0
0.0
0.0
0.0
0.0
0.0
0.0
0.0
0.0
0.0
0.0
0.0
0.0
0.0
0.0
0.0
0.0
0.0
0.0
0.0
0.0
0.0
0.0
0.0
0.0
0.0
0.0
0.0
0.0
0.0
0.0
0.0
0.0
0.0
0.0
0.0
0.0
0.0
0.0
0.0
0.0
0.0
0.0
0.0
0.0
0.0
0.0
0.0
0.0
0.0
0.0
0.0
0.0
0.0
0.0
0.0
0.0
0.0
0.0
0.0
0.0
0.0
0.0
0.0
0.0
0.0
0.0
0.0
0.0
0.0
0.0
3.843788437884378e-05
3.84130788850988e-05
3.838918960420745e-05
3.836356382162477e-05
3.833532677032539e-05
3.83132954797974e-05
3.828865047822524e-05
3.82622802788555e-05
3.8235946377908794e-05
3.820526927073782e-05
3.8172018383644053e-05
3.8147554741741054e-05
3.811614752473738e-05
3.809175542045679e-05
3.806565564285279e-05
3.803698716632053e-05
3.800922864071396e-05
3.7987570466943216e-05
3.796680182848117e-05
3.793828200283778e-05
3.7911529654398496e-05
3.7888259943773816e-05
3.786673937080626e-05
3.784610260835339e-05
3.782205479659299e-05
3.7804038983525e-05
3.7776619294786065e-05
3.774667451797496e-05
3.772616837943471e-05
3.7695450912983815e-05
3.766733714526785e-05
3.7640965415480975e-05
3.3847820200379094e-05
3.382110888142319e-05
3.3795962509012255e-05
3.3772374197906115e-05
3.3748059486579524e-05
3.372605450130407e-05
3.370332090055273e-05
3.368515607455648e-05
3.3660966742964855e-05
3.363832077502691e-05
3.362022592791823e-05
3.360290329084433e-05
3.3581087131727414e-05
3.356005011634151e-05
3.354203935599284e-05
3.3521051220166265e-05
3.3500089333571554e-05
3.347691208962885e-05
3.3454513013805565e-05
3.343065368071497e-05
3.340534040041868e-05
3.3377837116154874e-05
3.335260372659759e-05
3.3333333333333335e-05
3.3311865686557554e-05
3.328747059606764e-05
3.3268275372604684e-05
3.324983929244342e-05
3.3232159868843745e-05
3.3207881337170686e-05
3.3188777767944065e-05
3.317263036843735e-05
3.315649867374005e-05
3.313745415985508e-05
3.3114775812967744e-05
3.309577918496128e-05
3.307315782510914e-05
3.305566574110803e-05
3.303309916536369e-05
3.301201637396012e-05
3.2985882042485813e-05
3.2967032967032964e-05
3.29453107840984e-05
3.292217198542645e-05
3.290339563042906e-05
3.2886803621933304e-05
3.286878779910597e-05
3.2851511169513796e-05
3.283353398270767e-05
3.280911655985476e-05
3.27890353465801e-05
3.2769694586446455e-05
3.2748231595493846e-05
3.272893892779996e-05
3.2708955712073966e-05
3.268970927951881e-05
3.266906239790918e-05
3.26470204152701e-05
3.262926627656566e-05
3.261011348319492e-05
3.259239945244769e-05
3.257611953264127e-05
3.255349624549677e-05
3.2533726629939705e-05
3.252032520325203e-05
3.2500595844257144e-05
3.247737409604642e-05
3.245207909653412e-05
3.243173120581177e-05
3.2414210389834906e-05
3.2398807723875764e-05
3.2386915686062834e-05
3.237153894296135e-05
3.2354083085285365e-05
3.233873749568817e-05
3.2319924155911316e-05
3.2306002455256185e-05
3.228583727938011e-05
3.2268473701193935e-05
3.2246968784934215e-05
3.22338025142366e-05
3.221165202826036e-05
3.219713230874904e-05
3.217986398644155e-05
3.216399348143066e-05
3.214538285150976e-05
3.213023455071222e-05
3.211647575206081e-05
3.209929381553606e-05
3.208075796137477e-05
3.205676183963071e-05
3.2036906516306786e-05
3.20225438708851e-05
3.2003413697461066e-05
3.199044552027128e-05
3.198089674434471e-05
3.195909236177693e-05
3.1939357805979046e-05
3.192032686414709e-05
3.1900640139512134e-05
3.188368830506313e-05
3.185998598160617e-05
3.18451054072989e-05
3.182888789865682e-05
3.1812686899535535e-05
3.1795154418466623e-05
3.177898773331074e-05
3.17588024814211e-05
3.174670363393934e-05
3.1728572637278956e-05
3.171247357293869e-05
3.169974006213149e-05
3.168367023636018e-05
3.166360585143436e-05
3.165091154625253e-05
3.1634224012484976e-05
3.161755406601745e-05
3.159757330637007e-05
3.158626208174525e-05
3.157362970447083e-05
4.206983592763988e-05
4.204684017996048e-05
4.202475257926919e-05
4.199739616143799e-05
4.1974479516454e-05
4.195158786760079e-05
4.192960020126208e-05
4.190851371456111e-05
4.188744842607913e-05
4.186377527525432e-05
4.183400267737617e-05
4.180776788327271e-05
4.178156597309267e-05
4.177022200872998e-05
4.174842399699411e-05
4.1726648724207714e-05
4.170750526557254e-05
4.1684903812084455e-05
4.1664930627890504e-05
4.164757819332806e-05
4.162850720173175e-05
4.160599126274184e-05
4.15878230854006e-05
4.156707887353216e-05
4.155153429040367e-05
4.153082625578836e-05
4.1512723649798665e-05
4.148861137617724e-05
4.146796599626788e-05
4.144304689280756e-05
4.142073107590349e-05
4.1403581409791944e-05
4.138815884775366e-05
4.137018037398643e-05
4.1356492969396195e-05
4.133683318520968e-05
4.1317192083625994e-05
4.129842240026431e-05
4.1280521785795375e-05
4.125923175310476e-05
4.123626316983155e-05
4.121501875283353e-05
4.118785781951481e-05
4.1166663236111395e-05
4.1141258511097855e-05
4.112180277983387e-05
4.110405491501737e-05
4.108125872976748e-05
4.10559592724884e-05
4.104332122555357e-05
4.1023116526162495e-05
4.1002091106646436e-05
4.098696614476597e-05
4.0970173713536546e-05
4.095171792456694e-05
4.093495435752589e-05
4.091485618428051e-05
4.090230484487801e-05
4.088223871139184e-05
4.086720202701322e-05
4.084800457497651e-05
4.08279916710897e-05
4.081216202428323e-05
4.079634464751958e-05
4.077804510051788e-05
4.0754778497778866e-05
4.072987943955686e-05
4.0709982087607885e-05
4.06934158053227e-05
4.0669418630660674e-05
4.0648754115686354e-05
4.063223761732559e-05
4.0607488020791034e-05
4.0587710041399465e-05
4.057124310288867e-05
3.919978372533117e-05
3.9178335731317675e-05
3.916246345399423e-05
3.914264118345751e-05
3.9128381569183024e-05
3.910542958662864e-05
3.908566499541754e-05
3.906592037287747e-05
3.905171659226641e-05
3.903279427698478e-05
3.901861457008887e-05
3.900444516176758e-05
3.898635477582846e-05
3.896906662366632e-05
3.894551656527403e-05
3.8928264604810994e-05
6.909922783290061e-05
6.906586738012378e-05
6.904086817215976e-05
6.90158870551658e-05
6.899646979227373e-05
6.897567770277509e-05
6.894382082638875e-05
6.890369537876964e-05
6.886776052740669e-05
6.884014382911604e-05
6.880841199537714e-05
6.878222079760665e-05
6.876293477535215e-05
6.87436595653799e-05
6.872164398185215e-05
6.868864703371745e-05
6.865705467901161e-05
6.862686308607673e-05
6.860080988917306e-05
6.857751589600187e-05
6.854876279465984e-05
6.852140129591931e-05
6.849132886477285e-05
6.845718767238916e-05
6.842580782312924e-05
6.840126974007518e-05
6.837538751584914e-05
6.835088557530873e-05
6.831824362418333e-05
6.82897074813695e-05
9.278958635727966e-05
9.276007606326236e-05
9.272689941118418e-05
9.268086007838152e-05
9.26403832664999e-05
9.258708145679157e-05
9.254118082546732e-05
9.249899242168968e-05
9.245317906860024e-05
9.241290084095738e-05
9.237448616692068e-05
9.235072165492493e-05
9.232331625351981e-05
9.22977525497254e-05
9.225213827277638e-05
9.220839096357767e-05
9.217196655474356e-05
9.213011404391973e-05
9.210283939896317e-05
9.205378571193739e-05
9.201748332183114e-05
9.198483564280973e-05
9.19449643713263e-05
9.190693766083713e-05
9.186532543291533e-05
9.18219441329057e-05
9.178221391811714e-05
9.173891105912572e-05
9.170826291448858e-05
9.167763524088298e-05
9.164342851157979e-05
9.159845852879788e-05
9.155892143590547e-05
9.15212133097993e-05
9.147815632310083e-05
9.145485069995622e-05
9.141364675155075e-05
9.13903739824661e-05
9.135995823544765e-05
9.132062672041536e-05
9.127418765972982e-05
9.123849743228798e-05
9.120996534021316e-05
9.117788805960427e-05
9.115473516293907e-05
9.111913827329232e-05
9.108712483490457e-05
9.104625149575984e-05
9.102316539559316e-05
9.098057564709934e-05
9.094157004124848e-05
9.091145224551286e-05
9.088135439184143e-05
9.085304519938997e-05
9.0817683500373e-05
9.077528578005148e-05
9.074174898239609e-05
9.070823695583156e-05
9.065889590416059e-05
9.06307251105371e-05
9.058850173088743e-05
9.056388958968088e-05
9.05322650526057e-05
9.048486963715566e-05
9.045505353000846e-05
9.04287615135191e-05
0.00011944885651932489
0.00011940028785150477
0.00011935637879198442
0.00011930557705205593
0.00011924328853653034
0.00011920410319853605
0.00011915573332302797
0.00011912811101452075
0.00011779472820314762
0.00011774243360098826
0.00011770381090207428
0.0001176470588235294
0.00011761076620522114
0.0001175722298247981
0.00011751786849557863
0.00011746808141886036
0.00011742963847071959
0.0001173934798506601
0.00011735282801077337
0.0001173076923076923
0.00011726709985005189
0.00011724230717484479
0.00011720626381016427
0.00011717249327698809
0.0001171297451948002
0.000117096018735363
0.00011705781888660742
0.00011700842076995377
0.00011695906432748537
0.00011690974950648753
0.00011686943193792508
0.00011683809304909115
0.00011680006127216328
0.0001167642892691704
0.00011672853917103601
0.0001166950433302087
0.00011666379788475146
0.00011660358603815421
0.00011655679755421801
0.00011652562608645819
0.00011648334860983806
0.00011643665655003913
0.00011640110676462169
0.00011635448060122839
0.00011632563550029557
0.00011629237045792503
0.00011623918594458629
0.0001161926893845597
0.00011615950032372319
0.00011548956152040104
0.00011545219834941417
0.000115414859346067
0.0001153775444869186
0.0001153512191102745
0.00011532709806605327
0.00011529203091346762
0.00011525479542273812
0.00010255631101150911
0.00010251737099897484
0.00010248429523068456
0.00010244929708398946
0.0001024220928247634
0.00010238907849829352
0.00010235608544837653
0.00010231535867217402
0.00010227660138641616
0.00010223980915235625
0.00010221852048156281
0.00010217790308236675
0.00010215084274445265
0.00010211993418937575
0.00010208904433311277
0.00010205817315870046
0.00010203696005441972
0.00010200612036722203
0.00010197337361911058
0.00010193487494100992
0.00010190409692211886
0.00010187910346388952
0.0001018483591097699
0.00010180803529345224
0.00010178308892826178
0.0001017658255281458
0.00010175048519907294
0.00010172939979654121
0.00010170257646527047
0.0001016738528741692
0.00010163366709327712
0.00010159351306605461
0.00010157058214991067
0.00010155339075488022
0.000101519025417356
0.00010149422046800113
0.00010145036446982792
0.00010142940325701084
0.00010139892967796452
0.00010137608650759383
0.00010135135135135136
0.00010131902358481716
0.00010128861628495865
0.00010126202486545278
0.00010123165176311794
0.0001011975037949064
0.00010116527408295553
0.00010113306489371664
0.00010110466204830557
0.00010107249143691393
0.00010104601336052844
9.791082008107266e-05
9.788335047850619e-05
9.78687063253106e-05
9.784491891959266e-05
9.781200159489634e-05
9.778093334080704e-05
9.776631981418173e-05
9.77425821473485e-05
9.771155797033801e-05
9.76823767304402e-05
8.521331318069576e-05
8.518311260337002e-05
8.515452126998333e-05
8.512594912326485e-05
8.510056775123303e-05
8.507520151024008e-05
8.504985038675954e-05
8.501818272083008e-05
8.49928655623798e-05
8.49659825974783e-05
8.495175732321353e-05
8.492016265000495e-05
0.00011277799465853674
0.00011275493767501797
0.00011271932269312473
0.00011269000959722608
0.0001126711735136072
0.0001126314291195564
0.00011260634184068058
0.00011256664316374117
0.00011252697246798854
0.00011249567324333678
0.00011247481676492763
0.00011244563068406484
0.00011241021080002718
0.00011235816325270709
0.00011233527759775328
0.00011230200601000845
0.00011226875412525985
0.00011224590487467929
0.00011221683745822696
0.00011218363598259304
0.00011215045414771816
0.00011212765302036164
0.00011210071818372198
0.00011207172590457892
0.00011204688731284476
0.00011200551411761809
0.00011197450426672081
0.00011194351158184792
0.00011191666512934984
0.00011188364101334612
0.00011184445018005728
0.00011182795698924731
0.00011179910560715513
0.00011177644710578842
0.0001117435056762017
0.00011172086970400107
0.00011169824290071744
0.00011168384879725085
0.00011164685241758377
0.00011163041744869294
0.00011160577406576155
0.00011157908934297082
0.00011154216232448964
0.00011150935882118677
0.00011148681760266588
0.00011147247793518671
0.00011143971540011144
0.00011141924859348503
0.00011138651733529177
0.00011137629276054096
0.00011134358673175984
0.00011131089990581385
0.00011129048038352411
0.00011125170392376201
0.0001112211100111221
0.00011119257086999022
0.00011115182606571393
0.00011114164452993802
0.00011111314615041789
0.000111094833479832
0.00011106839249861164
0.00011104602918924196
0.00011101148541906836
0.00010976345974425115
0.00010973535490242698
0.0001096992412469147
0.00010966916468652898
0.0001096411081061326
0.00010926508789054005
0.0001092331588733678
0.00010920922435365704
0.00010919128034600422
0.00010915939444347395
0.0001091315095511793
0.00010910960998526673
0.00010908771920682111
0.00010905987091687571
0.00010903800009028624
0.00010901812513128178
0.00010898634026299029
0.0001089466352317458
0.00010892480979351984
0.00010889902736521578
0.00010887523903142645
0.00010885740460026538
0.00010881779344199518
0.00010878810398618322
0.00010876832001441007
0.00010873668062236166
0.00010871889155204008
0.00010566241507415841
0.00010564129718168748
0.00010561443206942009
0.00010558758061754467
0.00010555882635184029
0.00010553391865331461
0.0001055051936033264
0.00010487939733222751
0.00010485086389684195
0.00010480714277081077
0.00010477674957321167
0.0001047520680767641
0.00010472929547550464
0.00010470842928730992
0.00010467998879044601
0.00010465914224332647
0.00010464209215227407
0.00010461747404814472
0.00010459475992314784
0.00010456827257348203
0.00010454747049375858
0.00010452478675307612
0.0001045021128536738
0.00010447567240078038
0.00010445868203086952
0.00010443415013914517
0.00010441717327057981
0.00010438889075195256
0.00010436439162609007
0.0001043361376893241
0.00010431354555210995
0.00010429848956198929
0.0001042815567673061
0.00010426274899816724
0.00010423642951591022
0.00010422139577688723
0.00010419885329762763
0.00010416318097537578
0.00010414253973972944
