2
3
3
3
3
3
3
3
3
3
3
3
3
3
3
3
3
3
3
3
3
3
3
4
4
4
4
4
5
5
5
5
5
5
5
5
5
5
5
5
5
5
5
5
5
5
5
5
5
5
5
5
5
5
5
5
5
5
5
5
5
5
5
5
5
5
5
5
5
5
5
5
7
7
7
7
7
7
7
7
7
7
7
7
7
7
7
7
7
7
7
7
7
7
8
8
8
8
8
8
8
8
8
8
8
8
8
8
8
8
8
8
8
8
8
8
8
8
8
8
8
8
8
8
8
8
8
8
8
9
9
9
9
9
9
9
9
9
9
9
9
9
9
9
9
9
9
9
9
9
9
9
9
9
9
9
9
9
9
9
9
9
9
9
9
9
9
9
9
11
11
11
11
11
11
11
11
11
11
11
11
11
11
11
11
11
11
11
11
11
11
11
11
11
11
14
14
14
14
14
14
14
14
14
14
15
15
15
15
15
15
15
15
15
15
15
15
15
15
15
15
15
15
15
15
15
15
15
15
15
15
15
15
15
15
15
15
15
15
15
15
15
15
15
16
18
18
18
18
18
18
18
18
18
18
18
18
18
18
18
18
18
18
18
18
18
21
21
21
21
21
21
21
21
21
21
21
21
29
29
29
29
29
29
29
29
29
29
29
29
29
29
32
32
32
32
32
32
32
32
32
32
32
32
32
32
32
32
32
34
34
34
34
34
34
34
34
34
35
35
35
35
35
35
36
36
36
36
36
36
36
37
37
37
37
37
37
37
37
37
37
37
37
37
37
37
37
37
37
37
37
37
37
37
37
37
37
37
37
37
37
40
40
40
40
40
40
40
40
40
40
40
40
40
40
40
40
40
40
40
40
40
40
41
41
41
41
41
41
41
41
41
41
41
41
50
50
50
50
50
50
50
50
50
50
50
50
60
60
60
60
60
60
60
62
62
62
62
62
62
62
62
63
63
63
63
63
63
63
65
65
65
65
65
65
65
65
65
65
65
65
65
65
65
66
66
66
66
66
66
66
66
67
67
69
69
69
69
69
69
69
69
69
69
69
69
75
75
75
75
75
75
75
75
75
75
75
75
75
75
75
75
75
75
75
75
75
75
75
75
75
75
75
75
75
75
75
75
75
75
75
75
80
80
82
88
88
125
125
125
125
125
127
127
127
127
127
127
127
127
127
127
139
141
145
145
146
146
147
147
147
147
147
147
148
148
149
150
150
150
176
176
176
176
177
177
177
177
178
178
178
178
178
178
183
183
183
183
183
183
187
188
188
190
194
194
194
200
200
260
260
262
262
262
262
262
264
264
266
266
266
267
267
317
317
318
318
320
320
320
320
321
323
346
347
347
347
347
347
347
349
356
393
393
393
393
564
564
564
567
567
570
570
570
570
586
588
588
588
589
601
618
620
646
862
1056
1059
1061
1062
1146
1196
1391
1391
1391
1452
1473
1475
1519
1520
1525
1846
1859
1860
2008
2942
2949
2962
3503
3519
3530
3534
3539
3571
3714
4152
4303
4414
4682
4786
4851
4858
4871
5011
5043
5073
5175
5249
5466
5585
5620
5637
5654
6362
6413
6471
6503
6556
6595
6628
7343
7363
7798
8067
8114
8167
8187
8720
9070
9134
9501
9569
9634
9714
9909
9958
10434
10535
10585
10656
10721
10889
11054
11096
11205
11356
11449
11648
11707
11850
11931
12027
12065
12234
12640
12812
12896
13232
13360
13751
13819
13901
13981
14204
14304
14404
14517
14640
14781
15246
15432
15560
15832
15983
16108
16156
16311
16432
16545
16620
16897
16970
17205
17374
17482
17527
17612
17682
17907
17980
18053
18255
18315
18371
18581
18695
18727
18789
18869
18941
19063
19151
19219
19284
19389
19482
19602
19835
19983
20039
20126
20231
20487
20770
20851
20905
21041
21146
21431
21501
21571
21660
21884
21964
22078
22227
22295
22399
22528
22614
22701
22813
22903
22996
23028
23088
23191
23289
23384
23526
23582
23710
23882
23943
24049
24197
24267
24358
24514
24593
24694
24781
24874
24967
25095
25203
25339
25505
25618
25747
25819
25943
26033
26151
26249
26357
26479
26599
26728
26784
26890
26978
27059
27169
27226
27296
27411
27507
27561
27643
27764
27839
28029
28127
28196
28270
28406
28471
28645
28759
28857
28945
29048
29112
29164
29245
29305
29363
29450
29511
29624
29697
29790
29837
29899
29941
30047
30127
30206
30324
30387
30522
30586
30655
30787
30862
30936
31043
31134
31193
31330
31425
31525
31569
31639
31742
31841
31889
31967
32026
32122
32194
32281
32329
32470
32622
32699
32751
32826
32936
33011
33090
33163
33264
33343
33415
33496
33563
33630
33724
33802
33854
33906
33958
34025
34127
34198
34246
34318
34391
34461
34516
34571
34653
34736
34789
34850
34954
35016
35108
35186
35247
35316
35385
35424
35467
35520
35559
35615
35705
35792
35836
35939
36028
36125
36180
36245
36304
36348
36406
36454
36533
36599
36646
36711
36775
36832
36902
36955
37012
37071
37180
37259
37338
37414
37479
37535
37576
37621
37686
37724
37801
37866
37908
37975
38039
38122
38169
38217
38270
38329
38387
38455
38503
38562
38624
38690
38744
38814
38872
38915
38955
38999
39064
39115
39167
39221
39293
39343
39395
39470
39539
39639
39682
39747
39809
39873
39914
39953
39985
40034
40126
40147
40190
40258
40326
40367
40415
40524
40590
40627
40665
40711
40750
40788
40833
40888
40928
40997
41039
41079
41163
41206
41259
41328
41396
41439
41503
41553
41593
41638
41674
41726
41778
41809
41858
41901
41939
42035
42111
42164
42211
42289
42332
42382
42417
42469
42511
42576
42619
42698
42744
42776
42819
42917
42973
43008
43058
43091
43122
43165
43222
43280
43317
43358
43390
43449
43516
43553
43592
43634
43683
43713
43791
43826
43857
43895
43921
43951
44004
44045
44106
44144
44169
44215
44269
44302
44347
44402
44449
44495
44528
44555
44605
44646
44679
44719
44760
44795
44836
44879
44919
44950
44987
45009
45053
45099
45138
45178
45205
45232
45264
45309
45352
45393
45429
45479
45521
45542
45565
45597
45633
45653
45692
45726
45767
45827
45869
45907
45961
46006
46065
46085
46115
46158
46182
46209
46257
46288
46321
46344
46381
46423
46461
46507
46532
46558
46594
46635
46669
46701
46735
46780
46812
46838
46858
46897
46928
46961
47005
47038
47073
47116
47143
47180
47228
47263
47312
47338
47363
47390
47422
47458
47500
47541
47581
47612
47650
47686
47723
47758
47782
47806
47844
47909
47936
47970
48007
48043
48077
48109
48133
48157
48180
48212
48238
48284
48317
48354
48390
48404
48421
48449
48503
48539
48566
48602
48628
48658
48693
48724
48747
48779
48814
48843
48882
48908
48941
48974
49011
49040
49063
49106
49138
49181
49205
49232
49246
49271
49295
49316
49331
49356
49377
49407
49443
49469
49513
49544
49590
49613
49649
49680
49711
49739
49776
49804
49851
49881
49909
49939
49961
49994
50024
50042
50065
50085
50110
50127
50165
50186
50214
50248
50285
50306
50335
50360
50389
50415
50446
50467
50503
50522
50546
50575
50600
50620
50640
50665
50686
50704
50735
50765
50801
50812
50834
50866
50892
50941
50965
51014
51049
51066
51085
51122
51141
51164
51188
51213
51233
51257
51288
51314
51339
51370
51404
51433
51455
51474
51506
51528
51548
51581
51602
51633
51657
51683
51705
51727
51759
51783
51804
51817
