0.00029839589703498543
0.00029839589703498543
0.00029839589703498543
0.00029839589703498543
0.00029840126869829837
0.00029840126869829837
0.00029840126869829837
0.00029840126869829837
0.00029840664055501406
0.00029841201260514286
0.00029841201260514286
0.00029841201260514286
0.00029841201260514286
0.00029841201260514286
0.00029841738484869527
0.0002876157213925231
0.0002876208993661196
0.0002876208993661196
0.00028796381549055016
0.00028796381549055016
0.00028796381549055016
0.0002879689998242524
0.0002879689998242524
0.0002879689998242524
0.0002879689998242524
0.0002879689998242524
0.0002879689998242524
0.0002879689998242524
0.00028797418434462944
0.00028797418434462944
0.00028797936905169144
0.00028797936905169144
0.00028798455394544846
0.00028798455394544846
0.00028798455394544846
0.00028798973902591056
0.00028798973902591056
0.00028798973902591056
0.00028799492429308784
0.00028800010974699037
0.0002880104812150116
0.0002880104812150116
0.00028801566722915043
0.0002880260398177351
0.000288031226392201
0.000288031226392201
0.000288031226392201
0.00028803641315346286
0.00028803641315346286
0.00028804678723641454
0.00028804678723641454
0.0002673945836731509
0.0002673993993375905
0.00026740903118685705
0.00026740903118685705
0.00026741384737170274
0.00026741384737170274
0.00026741384737170274
0.00026741866373003584
0.0002674331138460536
0.0002674331138460536
0.0002674331138460536
0.0002674427481243412
0.00026744756552379585
0.00026746201876351575
0.00026747647356546657
0.00026747647356546657
0.00026748129217998975
0.00026749092992990164
0.00026749092992990164
0.00026749574906530916
0.00026749574906530916
0.0002675005683743636
0.0002567046060974208
0.00025671848227209587
0.00025671848227209587
0.00025672773388866154
0.0002567416125638636
0.0002567554927397064
0.00025676011979850513
0.00025676937441643325
0.00025677400197558076
0.00025677400197558076
0.00025677400197558076
0.0002567925138802705
0.000256797142273513
0.000256797142273513
0.000256797142273513
0.00025680177083360156
0.00025682954569840555
0.00025683417542666923
0.00025684343538396036
0.00025684343538396036
0.0002568758504934472
0.00025688511345616085
0.00025688974518803953
0.0002569082737859109
0.00025692217198844197
0.0002569268050567867
0.00025694070526445056
0.000256959241214476
0.00025697314493216666
0.0002569824149132255
0.0002569963211388923
0.0002570195015264828
0.00025702413810580426
0.00025703341176632296
0.00025705196109511696
0.0002570705131014028
0.00025708442886356996
0.0002571029855568617
0.00025710762514876925
0.00025711690483494937
0.00025712618519100987
0.00025714010698128515
0.0002571493890123642
0.00026919635605085853
0.0002692109334708613
0.00026923037248692533
0.00026923523267958685
0.0002692498143104729
0.0002692643975209106
0.0002704875396037263
0.00027050707609021834
0.0002705217303072047
0.00027054615753078907
0.00027056081598252453
0.00027056081598252453
0.0002705803630558896
0.0002705803630558896
0.0002705999129538742
0.00027061946567709063
0.00027062924309835214
0.00027063902122615135
0.00027067325023853836
0.000270687922465893
0.0002707074879102346
0.0002707221638497277
0.0002707319486934559
0.000270756413897567
0.00027076620121732907
0.0002707808835237665
0.0002708053575732535
0.00027081514843183745
0.00027081514843183745
0.0002708445252558646
0.0002708543189468881
0.0002708935007947702
0.0002708935007947702
0.0002708935007947702
0.00027091799520683553
0.0002709424940489109
0.00023176917134123815
0.0002317817478979437
0.00023179432581961392
0.000231806905106471
0.00023181529205625596
0.00023181948575873721
0.00023183626208611287
0.00023186143113043437
0.0002318782135295897
0.00023189080192337526
0.00023189499835837992
0.0002319159828118456
0.00023194116916966617
0.00023195376440013967
0.00023197056016881876
0.0002319873583700367
0.00023199995861762168
0.00023202516321948498
0.00023204617123817462
0.00023205457551086936
0.00023206298039235983
0.00023207558885623218
0.00023207979198199252
0.00023329564379679396
0.00023331677258644373
0.00023333790520356474
0.0002333463593223381
0.00023335904164919715
0.00023338018192438145
0.0002333886391069628
0.0002334140143327423
0.00023343939507697466
0.00023346054991395194
0.0002334732446566563
0.0002334817085854807
0.0002335028710926036
0.00023353673908463966
0.00023355791156918977
0.0002335621465267885
0.000233583323618685
0.00023359179553075432
0.00023362145206312363
0.00023364687794218003
0.0002336553544651064
0.0002336807877245453
0.0002336935064306752
0.00023371046685933747
0.00023374863682634167
0.00023377409039840988
0.000233791062526361
0.00023379954951450947
0.00023380379323965632
0.00023382501417645196
0.0002338419936996657
0.00023385472996046523
0.0002369106846718788
0.0002369278926388061
0.00023693219502113807
0.00023696661970576367
0.00023699674951173488
0.00023700966463132463
0.00023703119295896254
0.00024008513289036553
0.00024010694493114778
0.000240115670857226
0.00024012439741755953
0.00024013748844743982
0.0002401462165937142
0.00022804730921484226
0.00022807632550429975
0.00022808461722900134
0.00022810534917864768
0.0002141835572131551
0.00021419523974022987
0.0002142147134510216
0.0002142263993772368
0.00021423808657851216
0.00021425756808133824
0.00021426536167456093
0.0002142848481383896
0.00021429654171809703
0.00021432383170121497
0.00021433552953611178
0.0002143628294507148
0.00021438623491324034
0.00021440574337001808
0.00021442135269192405
0.0002144408675407256
0.00021446429004864893
0.00021448771767382265
0.00021451505637306548
0.0002145463091357357
0.00021456193893223783
0.00021456584673719417
0.0002145892965565097
0.00021459711430202164
0.00021462057095664912
0.00021464794353561782
0.0002146792350338463
0.00021469097169793316
0.0002147183622387297
0.0002147301031815468
0.0002147457597694565
0.0001770870226463051
0.00017710316519818625
0.0001771322292091046
0.0001771386891737001
0.000177158071894914
0.00017718069043146103
0.0001772000823459206
0.00017720977989502926
0.00017721624551747143
0.00017723241163791417
0.0001772518148761192
0.00017727769247013
0.0001773003415638933
0.000177316523031591
0.00017733594469204828
0.00014996687688110624
0.0001499887834474987
0.0001500024783018154
0.00015002439527123104
0.00015005454156380319
0.00015006824842950315
0.00015010115512628075
0.00015012035736477417
0.0001501395645169292
0.0001501642666499527
0.00015018348504041893
0.00015019721547423137
0.0001502082016290406
0.00015022468387501306
0.00015023292635451312
0.0001502466658305113
0.00015026590531941304
0.0001502851497362822
0.00015029889876650346
0.0001503126503126503
0.00015033465802133443
0.0001503484161121207
0.00015035392005355213
0.00015036768167031033
0.00015038419893606447
0.0001504007198309234
0.00015042550798040019
0.00015045305995358194
0.0001504723523408264
0.0001504888926111262
0.0001505109519621393
0.000150535776463535
0.0001505550900712191
0.0001505716485369673
0.00015058821064540797
0.0001506075377108178
0.00015062134579517592
0.0001506351564116872
0.00015065173249492368
0.00015067936740870795
0.00015070148264049963
0.00015071807332499795
0.00015074296620211616
0.0001507595660222023
0.00015077340199859976
0.00015079277663262682
0.00015082046332046332
0.000150842619992025
0.00015086201242053507
0.00015087586720824542
0.0001508952681868162
0.00015090912908373224
0.00015093131181621552
0.0001509424056281829
0.00015095350107111353
0.00015096182372384748
0.00015098402195176387
0.00015101177891875566
0.00015102566122974286
0.0001510589891920577
0.000151070101781839
0.0001376035091960486
0.00013762629249135125
0.0001407105620537083
0.00014072868718361235
0.00014075976970088984
0.00014078049900813737
0.0001408064192296328
0.00014084791144297192
0.00014085828831744509
0.00014087904665412263
0.00014089461942222675
0.00014090240709741038
0.00014091279200359387
0.00014093096927336306
0.00014095954303127965
0.00015328132654189952
0.0001533095905422207
0.00015332655394618289
0.0001533520060919216
0.0001533661498244985
0.0001534001054296257
0.00015341708887119817
0.0001534255820022829
0.00015343690763994526
0.0001534567315298212
0.00015349072726121904
0.00015349922854769154
0.00015351906854547276
0.0001535445846513456
0.00015356443637630146
0.00015358713034850026
0.00015360131748758915
0.0001536467339509122
0.00015366945225553486
0.00015370354231204986
0.0001537120671896046
0.00015373480482019366
0.00015374901925561168
0.00015379452311806502
0.00015382297671246995
0.00015384574716958188
0.00015386567685035372
0.0001538913083140969
0.00015389415678165538
0.00015391694831881435
0.00015393119645799554
0.00015395684975716084
0.0001539939196215242
0.00015400818201544313
0.0001540424225420705
0.00015404813077680489
0.00015409095602583007
0.0001541166626063193
0.00015415666767318783
0.00015726144339691783
0.00015729936161718936
0.0001264105241399049
0.00012643163282345424
0.0001264410167236137
0.00012646213559286084
0.0001264738713466418
0.00012649969767367848
0.00012652318530739562
0.00012654198169518503
0.00012657723997930182
0.00012659134879499366
0.00012661722312768428
0.0001266431080395806
0.0001266548774076375
0.00012668077771905547
0.00012670433265067054
0.00012672318290379397
0.00012674203876659004
0.0001267656164875028
0.00012678920298233722
0.00012681043833343965
0.00012682223882462104
0.00012683640231336832
0.00012686237692753684
0.0001268883621824798
0.00012691435808473726
0.00013934123791075064
0.00013936200411610245
0.0001393827765120059
0.0001394165448657705
0.0001394503295856612
0.0001394711283223159
0.0001394997367175561
0.00013953616438088485
0.0001395595922123793
0.0001395778192986992
0.00013959605114671357
0.00013961949909393966
0.0001396612037888991
0.00013968206548074723
0.00013970032457427415
0.00013972119795585485
0.0001397551305078066
0.0001397890795454141
0.00013981520541532502
0.00013983088562527813
0.00013984918364930702
0.00013989364165143954
0.00013991195610451627
0.00013993027535356666
0.00013995645403263451
0.00013998002322011078
0.00014000098027420942
0.00014002718541792006
0.00014004815659719527
0.00014007437940630218
0.0001400927412163367
0.0001401294792820661
0.00014015310678667554
0.00014018462252323396
0.00014021089646616775
0.00014023980918102092
0.0001402608441006521
0.00010188518851885187
0.00010191003157335333
0.00010193106208414627
0.0001019463624537176
0.0001019731491560627
0.00010199037661354407
0.00010203251269146743
0.0001020670135692772
0.00010209002711962068
0.00010210345648388267
0.00010211880865566539
0.0001021456860680804
0.00010217065633677453
0.00010219756105207059
0.00010220909598249276
0.0001022264032612104
0.00010225526175465009
0.00010226488487358052
0.00010228221105275376
0.00010231110106830363
0.00010233229745424866
0.00010235543080333313
0.00010238243293322529
0.00010240558895778752
0.0001024229628512542
0.000102444205617462
0.00010246738959610246
0.0001025021852459738
0.000102529264871461
0.0001025563588088362
0.00010257184748887756
0.00010259315206445114
0.0001026047764726618
0.00010262609473081112
0.00010265517936316
0.00010267069790879314
0.00010269204357166707
0.00010270951480781347
0.00010274253225674286
0.00010276973904052153
0.00010280085015672398
0.0001028319801149447
0.00010287091908539547
0.00010288260652768045
0.00010290793843201131
0.00010292743300245004
0.00010295278698878887
0.00010299962717926357
0.00010301915650695536
0.00010303283144334458
0.00010305628263975822
0.00010307583345980673
0.00010309343554130377
0.00010311887138609476
0.0001031345304531592
0.00010316782176651159
0.00010318741493368783
0.00010321485787377392
0.00010324820107428802
0.00010327567636064119
0.00010328941948811537
0.00010333460124255102
0.00010335622388353083
0.00010338572389034769
0.0001034113041878406
0.00010343295894409543
0.00010345068321877597
0.00010348417898318857
0.0001034979776622156
0.00010351966873706003
0.00010355518284160502
0.00010357097471089083
0.00010360059745129818
0.00010361640317587453
0.00010365396110750759
0.00010366780510452639
0.00010368758865924949
0.00010370935929248582
0.00010373113906972895
0.00010376878023936846
0.00010379455046771224
0.0001038203334989363
0.00010384414459182242
0.00010386995227080106
0.00010390372013564853
0.00010392160613073719
0.00010395341866442177
0.00010397928069302509
0.00010402506812684676
0.00010405295848733808
0.0001040768764166906
0.0001041008053442671
0.00010412075452414259
0.00010414071135133752
0.00010416666666666666
0.0001042146181780983
0.00010424661038628804
0.00010427461968551285
0.00010430064180088174
0.00010431866472109155
0.00010435072085221887
0.00010436074243384616
0.00010438079137289556
0.00010440084801670413
0.00010444098443637108
0.00010446307262426619
0.00010449722729749654
0.0001045253714498246
0.00010455755476442476
0.00010458774462624317
0.00010460788088820432
0.0001046320546397576
0.00010466228754518777
0.00010470262527380057
0.00010473491785055675
0.00010476521023742495
0.00010480764902940399
0.00010485214560939679
0.00010488250585540368
0.00010492301354343682
0.00010495138754748566
0.00010497369217591786
0.00010500818161905865
0.00010502848011546689
0.00010504878646095149
0.00010506706888661134
0.00010509552086758608
0.00010513009042477715
0.00010515857655286314
0.0001051687539115679
0.00010520337167124913
0.00010522374570712938
0.0001052706359508909
0.00010532165102995528
0.00010533798629959931
0.00010535841251373536
0.00010539724415303937
0.00010543405843504808
0.00010547089844381894
0.0001054913762417888
0.00010551391100581296
0.00010554465574959367
0.00010558978046394724
0.00010561235729373193
0.0001056575399294752
0.00010571510104547693
0.00010575419610590989
0.00010578302150056135
0.00010582216682247843
0.00010585721615004448
0.0001058984803892906
0.00010592738450340851
0.00010595837071128618
0.00010598524009233068
0.00010601419159300956
0.00010604729839627858
0.00010606800065072392
0.00010608456827485664
0.0001061156465242243
0.00010613844881587258
0.00010617993264414087
0.00010621106680219979
0.00010623806451192406
0.00010628378422435658
0.00010632538176030475
0.00010636492959033188
0.00010640242310303408
0.00010642117977344692
0.00010644619895643541
0.00010647957617209188
0.00010653594771241829
0.00010657147153626371
0.0001066049273713056
0.00010665096345732324
0.00010669075390435794
0.00010671799605863596
0.00010675993424112024
0.0001067956076211442
0.00010682290335476343
0.00010686282222746701
0.00010690487433758328
0.0001069427495440171
0.00010698697121853564
0.00010701647265827604
0.00010703122948020906
0.00010706919428789132
0.00010712619202534223
0.00010716633793556869
0.00010720439866882389
0.00010723190379390421
0.00010725307118840349
0.00010728271958403263
0.00010731450391730857
0.00010736539804239286
0.00010739935428609079
0.00010742908362332593
0.00010746945691661556
0.00010749709823783897
0.00010752262592680544
0.00010757158790182606
0.00010759715098586714
0.00010764191562987029
0.00010766964574704897
0.00010769312085414519
0.00010773796540487662
0.00010777857123965192
0.00010781706816949106
0.00010785345164129131
0.00010789414459139228
0.00010794559012463409
0.00010801211326030918
0.00010805937299046027
0.00010810022150597534
0.0001081561695464076
0.00010819709129046603
0.00010823373173970783
0.0001082941348428074
0.00010833516107378089
0.00010837621840135103
0.00010842379736057896
0.0001084670872261705
0.00010850174401576269
0.00010857112407747848
0.00010861670298329434
0.00010864711018683302
0.00010871015072695744
0.00010876020043904424
0.00010880593826764924
8.012981029267414e-05
8.01538954793203e-05
8.017960230917254e-05
8.020854220974534e-05
8.027614995584812e-05
8.030515960650471e-05
8.032289805016165e-05
8.035678412149946e-05
8.039554608674679e-05
8.043111075363951e-05
8.04634695848085e-05
8.049585446349512e-05
8.052340211373931e-05
8.055421298533914e-05
8.058017727639001e-05
8.060940711781066e-05
8.063865817272801e-05
8.067606542828906e-05
8.071350740546431e-05
8.073631519457452e-05
8.075424464498415e-05
8.078033806571481e-05
8.081461128171973e-05
8.085218199826168e-05
8.08783387589219e-05
8.091760564804887e-05
8.095199546668825e-05
8.098313526208167e-05
8.10142990237777e-05
8.104384471999351e-05
8.106355382619974e-05
8.111451341431266e-05
8.115236356258876e-05
8.11935451131635e-05
8.123641828631775e-05
8.128759551292472e-05
8.131899408404319e-05
8.134710811030668e-05
8.137855268244054e-05
8.140670791273201e-05
8.144980655670943e-05
8.147967082212988e-05
8.149959250203749e-05
8.153281695882592e-05
8.156606851549755e-05
8.160600620205648e-05
8.16443165350152e-05
8.167599134234492e-05
8.171102894613201e-05
8.173941474579042e-05
8.176782027433104e-05
8.184310676433278e-05
8.189672822570739e-05
8.193531207111985e-05
8.200250107628282e-05
8.203277209245093e-05
8.206306546581047e-05
8.210686208099841e-05
8.216251745953496e-05
8.220979940808945e-05
8.224529659710085e-05
8.227913195515788e-05
8.232485387338437e-05
8.236893043943825e-05
8.241475224065108e-05
8.244702778464837e-05
8.250144377526606e-05
8.252867871585376e-05
8.25593395252838e-05
8.260196179659266e-05
8.26360913128809e-05
8.266512358435976e-05
8.269417626263671e-05
8.272153862061834e-05
8.277460475126231e-05
8.281744963663845e-05
8.287922425046102e-05
8.291873963515754e-05
8.294625082946251e-05
8.297722275235447e-05
8.300477277443452e-05
8.303923603902844e-05
8.30685523228044e-05
8.31013420866747e-05
8.315835429616847e-05
8.320159747067144e-05
8.324315325064514e-05
8.327954862484645e-05
8.333506948061417e-05
8.338197281747686e-05
3.476495414502548e-05
3.47743837979191e-05
3.4793984815905024e-05
3.481069941657267e-05
3.4824519247511786e-05
3.484053487189135e-05
3.4857294237392116e-05
3.488355868112241e-05
3.4900359473702576e-05
3.492302964266756e-05
3.493327744008943e-05
3.494646202018507e-05
3.495892326516343e-05
3.4971393400198635e-05
3.4982403850863014e-05
3.499562554680665e-05
3.8520261657631906e-05
3.853321563187467e-05
3.8553473667977476e-05
3.856807264822411e-05
3.859080416219364e-05
3.861274922774501e-05
3.863716192483315e-05
3.865426918833062e-05
3.867057591034051e-05
5.275040617812757e-05
5.278158978148422e-05
5.2807232478560265e-05
5.284071694284748e-05
5.288878546193065e-05
5.292797561078884e-05
5.295263915953571e-05
5.298069383516646e-05
5.300990224974025e-05
5.303689246239684e-05
5.305602716468591e-05
5.307066890271085e-05
5.309997663601028e-05
5.312141430453444e-05
5.314625850340136e-05
5.3186962811675604e-05
5.3206205971864556e-05
5.324019847945993e-05
5.3265153936294876e-05
5.329354082285227e-05
5.3318546323153044e-05
5.335495987707017e-05
5.338914278392346e-05
5.341994487061689e-05
5.34382147361221e-05
5.3472504438217866e-05
5.3504547886570356e-05
5.3533190578158456e-05
5.356301152676008e-05
5.360090907141785e-05
5.362965505405869e-05
5.3668799106951185e-05
5.3720695360680746e-05
5.375534865719139e-05
5.378657487091222e-05
5.381552039608223e-05
5.384797639304715e-05
5.3873505010235965e-05
5.391998274560552e-05
6.835319173430035e-05
6.83812361887898e-05
6.845958722472039e-05
6.849660761538073e-05
6.852773569934357e-05
6.856334531387577e-05
6.859899195586558e-05
6.863467568309564e-05
6.867784308197242e-05
6.873150579876862e-05
6.876882094046791e-05
6.881514802500524e-05
6.885704552537925e-05
6.890349159377402e-05
6.893949289560383e-05
6.900559308491319e-05
6.907634026278094e-05
6.911704790175194e-05
6.916233492042691e-05
6.921070653203363e-05
6.924551544174994e-05
6.929703627517488e-05
6.9342559543361e-05
6.938662225922841e-05
6.943074100871903e-05
6.947491589878602e-05
6.95176208874839e-05
6.95726045053754e-05
6.960471846723082e-05
6.964298805072942e-05
6.968743352185618e-05
6.973807845900869e-05
6.977495740055232e-05
6.982419003939554e-05
6.987349220358929e-05
6.990434142752024e-05
6.996457583055316e-05
7.002491412734215e-05
7.006674779658517e-05
7.010863147951352e-05
7.017077350351592e-05
7.022212366485567e-05
7.027510855654926e-05
7.031255782282716e-05
7.035160994105275e-05
7.041731524720184e-05
7.045178131767079e-05
7.049726544817708e-05
7.055695431622884e-05
7.062461899876592e-05
7.06624417964624e-05
7.071451434015914e-05
7.075401435934102e-05
7.078406389938232e-05
7.084899469005429e-05
7.090928090525027e-05
7.094105171976044e-05
7.098876135820182e-05
7.104290991759022e-05
7.108756491417111e-05
7.486935297905155e-05
7.492151970810576e-05
7.496364263332284e-05
7.501762914284857e-05
7.507845698755198e-05
7.515801973649598e-05
7.518853525214474e-05
7.52394495481871e-05
7.529893677901267e-05
7.533978241870837e-05
7.53960175823513e-05
7.543867590036059e-05
7.551558264047785e-05
7.556522790472736e-05
7.562008469449485e-05
7.566127958356032e-05
7.573003756209862e-05
7.578858017673897e-05
7.583858515535534e-05
7.58852008681267e-05
7.595609737571683e-05
7.601325671197056e-05
7.607397433264106e-05
7.613131128570558e-05
7.617480594468185e-05
7.623752563486798e-05
7.633005114113425e-05
7.639302684450963e-05
7.645610654923008e-05
7.650699656483585e-05
7.656674706175107e-05
7.666183697093749e-05
7.670947055123425e-05
7.675186123263489e-05
7.679960678601325e-05
7.686158765295456e-05
7.692366864360494e-05
7.698051623134184e-05
7.705347511172753e-05
7.713371128851864e-05
7.72033845963807e-05
7.724274304429098e-05
7.729647837244535e-05
7.735208347836848e-05
7.742215202613771e-05
7.747613734969629e-05
7.755364773582125e-05
7.7634929507484e-05
7.77181938291754e-05
7.779982106041156e-05
7.783979014392576e-05
7.790528275722376e-05
7.799277786876935e-05
7.806766905553733e-05
7.813904060885939e-05
7.82178837369376e-05
7.829136915946385e-05
7.837789116446033e-05
7.844429278547838e-05
7.84997134760458e-05
7.85607667530835e-05
7.861264405767023e-05
7.868873098683537e-05
7.874449772822123e-05
7.881524917441025e-05
7.886186555629159e-05
7.89309590900839e-05
7.899081336840525e-05
7.906575899175343e-05
7.913896802785692e-05
7.921043042947895e-05
7.928579357150785e-05
7.935563226600007e-05
7.942559410344388e-05
7.947862025115243e-05
7.954690085274277e-05
7.961910221500341e-05
7.968762451191329e-05
7.979253939756632e-05
7.987475638199302e-05
7.998784184803909e-05
4.002561639449247e-05
4.006313950786439e-05
4.010555782820383e-05
4.016064257028112e-05
4.019454158125326e-05
4.024306813151434e-05
4.027321348025001e-05
4.029560858457645e-05
4.033168780047107e-05
4.037174300963269e-05
4.0402081515239664e-05
4.045602026037494e-05
4.049730692908921e-05
4.053867795263461e-05
4.057815758933281e-05
4.061969405246439e-05
4.064941505491736e-05
4.0690104166666664e-05
4.072888411003315e-05
4.0769732550554466e-05
4.0811662340630455e-05
4.0860689564997095e-05
4.090581844361541e-05
4.093998198640792e-05
4.099032628299721e-05
4.104584821245331e-05
4.107518401682439e-05
4.111875920032237e-05
4.116751060063398e-05
4.120822516174228e-05
4.125208323020312e-05
4.129194229038145e-05
4.132470473498466e-05
4.1363677727314085e-05
4.140683875348852e-05
4.145318277537349e-05
4.1498597347409657e-05
4.153893444325366e-05
4.159595354563908e-05
4.1654170415542e-05
0.0
0.0
0.0
0.0
0.0
0.0
0.0
0.0
0.0
0.0
0.0
0.0
0.0
0.0
0.0
0.0
0.0
0.0
0.0
0.0
0.0
0.0
0.0
0.0
0.0
0.0
0.0
0.0
0.0
0.0
0.0
0.0
0.0
0.0
0.0
0.0
0.0
0.0
0.0
0.0
0.0
0.0
0.0
0.0
0.0
0.0
0.0
0.0
0.0
0.0
0.0
0.0
0.0
0.0
0.0
0.0
0.0
0.0
0.0
0.0
0.0
0.0
0.0
0.0
0.0
0.0
0.0
0.0
0.0
0.0
0.0
0.0
0.0
0.0
0.0
0.0
0.0
0.0
0.0
0.0
0.0
0.0
0.0
0.0
0.0
0.0
0.0
0.0
0.0
0.0
0.0
0.0
0.0
0.0
0.0
0.0
0.0
0.0
0.0
0.0
0.0
0.0
0.0
0.0
0.0
0.0
0.0
0.0
0.0
0.0
0.0
0.0
0.0
0.0
0.0
0.0
0.0
0.0
0.0
0.0
0.0
0.0
0.0
0.0
0.0
0.0
0.0
0.0
0.0
0.0
0.0
0.0
0.0
0.0
0.0
0.0
0.0
0.0
0.0
0.0
0.0
0.0
0.0
0.0
0.0
0.0
0.0
0.0
0.0
0.0
0.0
0.0
0.0
0.0
0.0
0.0
0.0
0.0
0.0
0.0
0.0
0.0
0.0
0.0
0.0
0.0
0.0
0.0
0.0
0.0
0.0
0.0
0.0
0.0
0.0
0.0
0.0
0.0
0.0
0.0
0.0
0.0
0.0
0.0
0.0
0.0
0.0
0.0
0.0
0.0
0.0
0.0
0.0
0.0
0.0
0.0
0.0
0.0
0.0
0.0
0.0
0.0
0.0
0.0
0.0
0.0
0.0
0.0
0.0
0.0
0.0
0.0
0.0
0.0
0.0
0.0
0.0
0.0
0.0
0.0
0.0
0.0
0.0
0.0
0.0
0.0
0.0
0.0
0.0
0.0
0.0
0.0
0.0
0.0
0.0
0.0
0.0
0.0
0.0
0.0
0.0
0.0
0.0
0.0
0.0
0.0
0.0
0.0
0.0
0.0
0.0
0.0
0.0
0.0
0.0
0.0
0.0
0.0
0.0
0.0
0.0
0.0
0.0
0.0
0.0
0.0
0.0
0.0
0.0
0.0
0.0
0.0
0.0
0.0
0.0
0.0
0.0
0.0
0.0
0.0
0.0
0.0
0.0
0.0
0.0
0.0
0.0
0.0
0.0
0.0
0.0
0.0
0.0
0.0
0.0
0.0
0.0
0.0
0.0
0.0
0.0
0.0
0.0
0.0
0.0
0.0
0.0
0.0
0.0
0.0
0.0
0.0
0.0
0.0
0.0
0.0
0.0
0.0
0.0
0.0
