0.0001168476306895808
0.0001168476306895808
0.0001168476306895808
0.0001168476306895808
0.00011684973124561815
0.00011684973124561815
0.00011684973124561815
0.00011684973124561815
0.00011684973124561815
0.00011684973124561815
0.00011684973124561815
0.00011684973124561815
0.00011685183187717975
0.00011685393258426968
0.00011685603336689201
0.00011685603336689201
0.0001168581342250508
0.0001168581342250508
0.0001168581342250508
0.0001168581342250508
0.00011686023515875015
0.00011686023515875015
0.00011686233616799412
0.00011686233616799412
0.00011686233616799412
0.00011686233616799412
0.00011686443725278678
0.0001168686396490345
0.00011687074096049771
0.00011687074096049771
0.00011687074096049771
0.00011687494381012319
0.00011687494381012319
0.00011687914696204127
0.00011688124865137023
0.00011688335041628457
0.00011688545225678836
0.00011688545225678836
0.00011688545225678836
0.00011688545225678836
0.00011688965616458065
0.0001168917582318773
0.00011689386037477972
0.00011689596259329198
0.00011689806488741818
0.00011689806488741818
0.00011689806488741818
0.0001169001672571624
0.0001169001672571624
0.0001169001672571624
0.0001169022697025287
0.00011690857749240096
0.00011690857749240096
0.00011691278306383439
0.00011691278306383439
0.00011691488596301894
0.00011692329831630453
0.00011692540159378318
0.00011692540159378318
0.00011692540159378318
0.00011692750494693291
0.0001169338154604494
0.00011693802284789064
0.00011694433449677954
0.00011694643853115274
0.000116950646827039
0.00011695485542580565
0.00011695485542580565
0.0001169590643274854
0.00011696327353211093
0.00011696748303971498
0.0001169737978692773
0.00011697800813447073
9.298586614834543e-05
9.298753966968425e-05
9.298921325126284e-05
9.299088689308446e-05
9.299256059515238e-05
9.299256059515238e-05
9.299590818004007e-05
9.299925600595195e-05
9.300093000930008e-05
9.300260407291403e-05
9.300427819679704e-05
9.300595238095238e-05
9.300762662538327e-05
9.30159987517853e-05
9.30159987517853e-05
9.302102275114175e-05
9.3024372385565e-05
9.3024372385565e-05
9.302772226123384e-05
9.303107237817429e-05
9.303609800602633e-05
9.304615089084184e-05
9.305285402108397e-05
9.305452995455335e-05
9.36582554348805e-05
9.36599423631124e-05
9.366500351243763e-05
9.366837791587859e-05
9.367006520877617e-05
9.367343997694192e-05
9.36768149882904e-05
9.367850258516638e-05
9.368187796133822e-05
9.368525358075849e-05
9.36936936936937e-05
9.370044687905435e-05
9.370213532750699e-05
9.370551240697025e-05
9.370888972986611e-05
9.371395617070358e-05
9.372071227741331e-05
9.372577999675565e-05
9.372746935832733e-05
9.37308482641768e-05
9.373422741365635e-05
9.374436632413918e-05
9.374774644840269e-05
9.375281709185973e-05
9.375619782557741e-05
9.376126938333935e-05
9.376803231390653e-05
9.37731051521108e-05
9.377479622015437e-05
9.377479622015437e-05
9.377817853922452e-05
9.377986979025772e-05
9.378325247533681e-05
9.378832696053676e-05
9.379340199491351e-05
9.37950937950938e-05
9.379678565630693e-05
9.380524587798102e-05
9.38120151542486e-05
9.381709275262959e-05
9.381878540757046e-05
9.382724959852763e-05
9.38306357025569e-05
9.38306357025569e-05
9.383571531687599e-05
9.383910203197748e-05
9.384587619563256e-05
9.384756988936816e-05
9.385265133740028e-05
9.385773333573994e-05
9.386620455612116e-05
9.386620455612116e-05
9.387298263349821e-05
9.38780668339622e-05
9.387976168983572e-05
9.389332274024052e-05
9.389501814701793e-05
9.390180038644203e-05
9.390349609939324e-05
9.391197558288636e-05
9.391876027236441e-05
9.392554594223579e-05
9.393233259271302e-05
9.393742322422141e-05
9.394421159127042e-05
9.394760614272809e-05
9.395779126915294e-05
9.395948900493287e-05
9.396288466055909e-05
9.3964582580412e-05
9.397307310020783e-05
9.397816814863008e-05
9.399345660936682e-05
9.399515563428654e-05
9.400365168031528e-05
9.400705052878966e-05
9.401044962305426e-05
9.401384896313572e-05
9.402914903620123e-05
9.403765122881893e-05
9.40427532824538e-05
9.404785588974698e-05
9.405636146583222e-05
9.406657018813315e-05
9.407678112675037e-05
9.408358965080514e-05
9.409210169184838e-05
9.410061527325372e-05
9.410402113721091e-05
9.410402113721091e-05
9.410572416164468e-05
9.411424020849924e-05
9.411935057648102e-05
9.411935057648102e-05
9.413127692697585e-05
9.41363891453502e-05
9.414661524813064e-05
9.415684357289007e-05
9.416536887472385e-05
9.417389572052086e-05
9.418242411070058e-05
9.720285208865384e-05
9.720813408684732e-05
9.721517764413208e-05
9.722398352627162e-05
9.723279100385308e-05
9.723983813492783e-05
9.723983813492783e-05
9.725041074707645e-05
9.725569791534527e-05
9.727332596231113e-05
9.727861562258314e-05
9.72821423823853e-05
9.728919666920465e-05
9.730154413320038e-05
9.730507255573889e-05
9.731918880527096e-05
0.00010035426263798712
0.00010036518416406686
0.00010037428725186087
0.00010037974989720147
0.00010038703434929851
0.00010039614140131242
0.00010040525010584893
0.00010041800506929448
0.00010043258613909309
0.0001004417014582199
0.00010045264202551257
0.00010046176098573565
0.00010047635476627143
0.00010048730288446988
0.00010050007870488093
0.00010050190408727926
0.00010051650953393039
0.00010053111922627375
0.00010053659895587292
0.00010054573316616093
0.00010055121448906658
0.00010056035135544451
0.00010057680190005333
0.00010058411498097386
0.00010059325782779163
0.00010060423143821629
0.00010061337794263827
0.00010062252611033322
0.00010064265793621925
0.00010065364232788835
0.00010065913542291998
0.0001006646291175472
0.00010067745007065617
0.00010068294576464453
0.00010068844205865407
8.249774041115417e-05
8.250524757640835e-05
8.252026600650453e-05
8.252627490958518e-05
8.253228468783377e-05
8.25428039062168e-05
8.25548291539951e-05
8.256385038944639e-05
8.257738593998566e-05
8.258791665907586e-05
8.260296520350091e-05
8.261350244803246e-05
8.261801923298889e-05
8.26240423812735e-05
8.263006640784014e-05
8.263458500425325e-05
8.264362367982888e-05
8.265567832354836e-05
8.266472161439338e-05
8.26737668842932e-05
8.267678241416204e-05
8.268432220134848e-05
8.270242330262397e-05
8.270694981634191e-05
8.271902294236431e-05
8.272958981939401e-05
8.273411930746675e-05
8.274166955654115e-05
8.27477107480758e-05
8.276583961684285e-05
8.277339565683123e-05
8.278700000608727e-05
8.279304781907284e-05
8.280060882800608e-05
8.280817121807166e-05
8.281724790977791e-05
8.283389368026117e-05
8.283994834685574e-05
8.284448992769381e-05
8.285054614348983e-05
8.28566032448108e-05
8.287023496148972e-05
8.287781007574788e-05
8.288993313951717e-05
8.289902776507878e-05
8.290509195759648e-05
8.291570642962529e-05
8.292784058342174e-05
8.293390899223104e-05
8.294149575229766e-05
8.296122782617182e-05
8.297033810412777e-05
8.297793153100385e-05
8.298248825431691e-05
8.299008390541571e-05
8.30022398398545e-05
8.30174397665745e-05
8.302960371679579e-05
8.303568702872668e-05
8.304937774032414e-05
8.305850738976425e-05
8.306611696442204e-05
8.307068337853356e-05
8.307981771310584e-05
8.308743119322105e-05
8.30935229820799e-05
8.310418576229759e-05
8.311180370947535e-05
8.31285681104143e-05
8.31331413935804e-05
8.314838930564981e-05
8.316059166315068e-05
8.31712716642816e-05
8.317584964742002e-05
8.318653356821295e-05
8.320180107428208e-05
8.321860180510937e-05
8.322318500024478e-05
8.323540932236584e-05
8.324457992091765e-05
8.325986874326574e-05
8.633675006429332e-05
8.634785324539324e-05
8.63557858376511e-05
8.636054609264464e-05
8.637006817722401e-05
8.63764174002536e-05
8.638753078704554e-05
8.640341201558936e-05
8.642247719917622e-05
8.643678160919539e-05
8.644791053560917e-05
8.64606328182487e-05
8.647017698789417e-05
8.648449719385406e-05
8.650678249986195e-05
8.651952211770335e-05
8.653226548835495e-05
8.654023200147301e-05
8.654819998158548e-05
8.655776349472365e-05
8.656892359832018e-05
8.658327653224766e-05
8.659125244113635e-05
8.660561278077723e-05
8.661997788426096e-05
8.66327508663275e-05
8.664393031615815e-05
8.666150385367111e-05
8.6675887505763e-05
8.668228177274486e-05
8.668867698323403e-05
8.670466913867211e-05
8.671586715867157e-05
8.980415313453401e-05
8.982570122495187e-05
8.985057725918815e-05
8.987048800906093e-05
8.988376674546888e-05
8.989538885912901e-05
8.990701397869328e-05
8.992528809968158e-05
8.994523197861029e-05
8.995686999383858e-05
8.997350095519814e-05
8.998514628749639e-05
9.000678133284015e-05
9.002676137975262e-05
9.003675473001308e-05
9.005674808783618e-05
9.007008192675945e-05
9.008175227518126e-05
9.008842240363316e-05
9.01034338048335e-05
9.011845020955627e-05
9.013847987010182e-05
9.015350795944328e-05
9.016519993824302e-05
9.017856591373741e-05
9.019026439337783e-05
9.021701517623214e-05
9.024545527595948e-05
9.026386725029058e-05
9.027223881335287e-05
9.027391331231065e-05
9.028563654465739e-05
9.030238930225942e-05
9.03157959852773e-05
9.032250081970764e-05
9.033759033759035e-05
9.036275074116024e-05
9.037953213116176e-05
9.039296173158244e-05
9.041143395011271e-05
9.042655319992321e-05
9.044840104573221e-05
9.047194130477891e-05
9.048708080000497e-05
9.05072746771804e-05
9.051905860179055e-05
9.053926675596567e-05
9.055442879382742e-05
9.058139607025643e-05
9.059319930503847e-05
9.06066924833681e-05
9.062525216786777e-05
9.064213120758911e-05
9.066239435657645e-05
9.067421871118399e-05
9.068435632740781e-05
9.070463836184939e-05
9.071478278158864e-05
9.073846192092082e-05
9.076553893592948e-05
6.279571496962801e-05
6.281211714148895e-05
6.281797713674416e-05
6.283087297588165e-05
6.283790930187705e-05
6.284729352175076e-05
6.286020140159578e-05
6.288368386317506e-05
6.289895687373501e-05
6.290718387582994e-05
6.292129231612653e-05
6.292834890965732e-05
6.294246684614618e-05
6.295659111875732e-05
6.295776842761416e-05
6.297425537619324e-05
6.298485868941605e-05
6.300607603149056e-05
6.302612776207325e-05
6.303674855202716e-05
6.304973437958438e-05
6.306508816624207e-05
6.307454036770584e-05
6.308281336855978e-05
6.310409676794562e-05
6.312066045459374e-05
6.313131313131313e-05
6.314907558506681e-05
6.315381392760447e-05
6.31751452715593e-05
6.318818818818818e-05
6.320598266528991e-05
6.321429018488615e-05
6.32297242307572e-05
6.324754211284363e-05
6.325586056153668e-05
6.327963961931971e-05
6.329034602900077e-05
6.33081980982468e-05
6.332129601765474e-05
6.333201652902927e-05
6.33403572145294e-05
6.33498921170154e-05
6.336181478275052e-05
6.337970719830318e-05
6.339044749890165e-05
6.3399997489109e-05
6.341671689772955e-05
6.343105483960108e-05
6.345376984500945e-05
6.346692807500409e-05
6.347291089283133e-05
6.34788948387259e-05
6.349086611599341e-05
6.35040397371813e-05
6.351602050121057e-05
6.35292045640387e-05
6.354839115607737e-05
6.355798879869108e-05
6.357479165093033e-05
6.359520706221627e-05
6.36060205302601e-05
6.362044420927977e-05
6.36469046178665e-05
6.365893935383025e-05
5.3588540878599886e-05
5.3604762625498203e-05
5.361490620545232e-05
5.3624038710247234e-05
5.3640281958564456e-05
5.365348684542745e-05
5.3664665290325834e-05
5.367788218652116e-05
5.368907080009348e-05
5.3710443837832364e-05
5.372266464416634e-05
5.373692928220106e-05
5.374916214541361e-05
5.3752221231495e-05
5.375936045334952e-05
5.3774665173628896e-05
5.3783852189319156e-05
5.379406366685652e-05
5.3803257312495644e-05
5.381654257205085e-05
5.382165403440786e-05
5.38339255065139e-05
5.384210959719767e-05
5.386565272496831e-05
5.3876919761420316e-05
5.3886141752250534e-05
5.3894341728169616e-05
5.390767201303931e-05
5.391382667656143e-05
5.392716660322294e-05
5.3938459390685775e-05
5.39497569087424e-05
5.396311462400406e-05
5.3984706450219744e-05
5.3996023351691975e-05
5.401249277185758e-05
5.402588157526758e-05
5.4038246363543884e-05
5.405061681292127e-05
5.4066087841490945e-05
5.4078471042569296e-05
5.4094990803851555e-05
5.410738724975333e-05
5.4121856952748426e-05
5.413840323556574e-05
5.414771496642841e-05
5.4157029901051914e-05
5.417049046599367e-05
5.418499394403008e-05
5.419639498332663e-05
5.4208837953839577e-05
5.4220249030414365e-05
5.4228551013116926e-05
5.424204715867394e-05
5.425658898399749e-05
5.4265941418320174e-05
5.428153597588622e-05
5.428985673864863e-05
5.430650591940914e-05
5.432108233158866e-05
5.4331498846254633e-05
5.433566657078019e-05
5.4347131110855354e-05
5.435651478816946e-05
5.437320488463285e-05
5.4384685272627224e-05
5.4400348162228235e-05
5.4418110347123515e-05
5.442856411044516e-05
5.444739100913435e-05
5.4454716098736004e-05
5.44704193581462e-05
5.447670319810292e-05
5.4494515287314313e-05
5.451129025017475e-05
5.452387825138715e-05
5.453752181500872e-05
5.455852525096921e-05
5.457533965123147e-05
5.458480230668952e-05
5.460163291001008e-05
5.461426267532784e-05
5.462900478807159e-05
5.464270102085422e-05
5.4662730950038255e-05
5.4680664916885384e-05
5.470283489397303e-05
5.472079518972021e-05
5.473030835699614e-05
5.475040257648953e-05
5.476839412625081e-05
5.478427884553411e-05
5.4803352675693096e-05
5.4824561403508766e-05
5.484047872512016e-05
5.4853219238637313e-05
5.4862778509281486e-05
5.487765511007811e-05
5.4888286193981654e-05
5.4906368492787884e-05
5.492126874592128e-05
5.493404682965921e-05
5.4951093526761175e-05
5.49564227894587e-05
5.497135022570589e-05
5.498948730389778e-05
5.5005500550055e-05
5.5018317863476894e-05
5.503434790772358e-05
5.504931771227988e-05
5.5069646906381596e-05
5.509106228530688e-05
5.510606296353923e-05
5.511785494277469e-05
5.512965196975003e-05
5.514038092272562e-05
5.516292532237862e-05
5.517366723138537e-05
5.519086299030588e-05
5.5211296880886496e-05
5.5220981374287806e-05
5.524466888945216e-05
5.526298680189844e-05
5.528455284552845e-05
5.5297500552975e-05
5.530937461364775e-05
5.53374608568843e-05
5.534935208699615e-05
5.536882149091951e-05
5.5381808704717223e-05
5.5394802012460565e-05
5.54099685792884e-05
5.542622769094335e-05
5.545009165573973e-05
5.5465288517380206e-05
5.548592615802391e-05
5.5508754057036875e-05
5.5531600747390006e-05
5.5551198598802704e-05
5.556645093809243e-05
5.5576260436894785e-05
5.560025379880557e-05
5.561771653285698e-05
5.563191308331697e-05
5.5651581814372504e-05
5.698229619004578e-05
5.70013365830647e-05
5.7025995988516146e-05
5.705628898026639e-05
5.707537886242865e-05
5.70933574831673e-05
5.710684888346264e-05
5.711584669318943e-05
5.713047418293572e-05
5.715524547192495e-05
5.7177783473648925e-05
5.7204852549561096e-05
5.7221783741120756e-05
5.724776437609807e-05
5.7264720982583625e-05
5.7283950617283946e-05
5.730885520621307e-05
5.733151454045825e-05
5.735305751127284e-05
5.7378022238929995e-05
5.738597011971901e-05
5.740982697865938e-05
5.742346837749e-05
5.743825387708213e-05
5.745987715474539e-05
5.7480377388408784e-05
5.7499752156240706e-05
5.751457697037007e-05
5.75419659510298e-05
5.75670954422741e-05
5.759110316751067e-05
5.761856509904432e-05
5.7640324375894414e-05
5.765751436467383e-05
5.7672420650704e-05
5.7697664239385615e-05
5.77240789028444e-05
5.773787006988273e-05
5.775396809591141e-05
5.7775829780451844e-05
5.780001195862316e-05
5.782075565746187e-05
5.785074507769953e-05
5.787730012373767e-05
5.7906191969010205e-05
5.793279795437293e-05
5.796174524813623e-05
5.797101449275362e-05
5.7991881136640866e-05
5.801160232046409e-05
5.80452753147455e-05
5.80673581354371e-05
5.809411246218874e-05
5.811157422250721e-05
5.8143031858371595e-05
5.81651891371495e-05
5.818152636225022e-05
5.819787276740919e-05
5.821422836036615e-05
5.823176241440935e-05
5.8238778993874886e-05
5.825632784250703e-05
5.8292628997567786e-05
5.8316073116290293e-05
5.834305717619603e-05
5.8370066219833746e-05
5.840180441437087e-05
5.843004513217279e-05
5.8446531500665076e-05
5.8465384460304016e-05
5.8486608583414006e-05
5.852083543537483e-05
5.854328165374677e-05
5.8563379712837495e-05
5.8595328537945523e-05
5.862375677205466e-05
5.8649840229745576e-05
5.867001153169192e-05
5.869138450952217e-05
5.871039578904747e-05
6.21046733766716e-05
6.212228637023533e-05
6.215250332718565e-05
6.217266430140227e-05
6.22092394244293e-05
6.223070002773325e-05
6.225343916417992e-05
6.227745962119058e-05
6.230149862191794e-05
6.232808964405241e-05
6.235597126203064e-05
6.237880205578835e-05
6.239530136252349e-05
6.243849468933455e-05
6.246774763029957e-05
6.24944807863436e-05
6.25327107250396e-05
6.256332836906924e-05
6.259142089328844e-05
6.261442445773867e-05
6.264512219203455e-05
6.267456911233735e-05
6.272969637463266e-05
6.276179171271472e-05
6.278234997065608e-05
6.280935313193378e-05
4.576408953368441e-05
4.578097561308925e-05
4.579787415837861e-05
4.580820718983741e-05
4.583641189831157e-05
4.58571174352867e-05
4.5878784143744386e-05
4.5908019514334255e-05
4.5927845298565264e-05
4.594768821407507e-05
4.5971333100045963e-05
4.599689692575963e-05
4.6021540828662486e-05
4.6055706783249466e-05
4.607280879096697e-05
4.609943717403569e-05
4.611942866976423e-05
4.614420408135153e-05
4.616137188841349e-05
4.618523726803981e-05
4.620530326540463e-05
4.6234956387324714e-05
4.6257939795636556e-05
4.628574191899303e-05
4.6307815653424e-05
4.632414455898722e-05
4.634721674587198e-05
4.637320044296788e-05
4.64069264069264e-05
4.6428150704391264e-05
4.645422525445821e-05
4.647259157528212e-05
4.6489036913683036e-05
4.652002444037104e-05
4.654038246469529e-05
1.1814170054553668e-05
1.182205717703183e-05
1.1827732554094483e-05
1.1837121212121212e-05
1.1846029489645177e-05
1.1850736488417647e-05
1.186090645233311e-05
1.1867613283349738e-05
1.1873581281648332e-05
1.188005339035759e-05
1.1886033910155567e-05
1.1891271806494033e-05
1.1896764080170194e-05
1.1904761904761905e-05
1.1911518438329864e-05
1.1916778824585015e-05
1.1922294691072304e-05
1.1927313548024976e-05
1.193283917340521e-05
1.1940382373186116e-05
1.1945668289872182e-05
1.1953479868933608e-05
1.196054427512066e-05
1.1965595393949632e-05
1.1973939073780595e-05
1.1976722886812923e-05
1.1980267794221282e-05
1.198508209781237e-05
1.1990153967683008e-05
1.1994214555332133e-05
1.2000310596274256e-05
1.2006158453041795e-05
1.2014304089103733e-05
1.2020930561448168e-05
1.2027053796304156e-05
1.2032416746292953e-05
1.2036761686279507e-05
1.2042389210019268e-05
1.2049559127895438e-05
1.205417287102035e-05
1.2060330027384042e-05
1.2067521331118588e-05
1.2074463929314668e-05
1.2082702545185754e-05
1.2088888888888888e-05
1.2096114301164785e-05
1.210179747285994e-05
1.2109555864230508e-05
1.211576974335949e-05
1.2124843090265891e-05
1.2131332377098898e-05
1.2138608629836699e-05
1.2146935042478546e-05
1.2153187352106433e-05
1.2161272784502246e-05
1.2169630329582224e-05
1.2178784557301181e-05
1.2184021730561109e-05
1.2189525612344405e-05
1.2193984779037823e-05
1.2200548306994502e-05
1.2204489816430114e-05
1.221238048030574e-05
1.2219227313566935e-05
1.2224499334843419e-05
1.2231623784032694e-05
1.2239020878329733e-05
1.2248015101082149e-05
1.2253047044492975e-05
1.2260735355633447e-05
1.226763653157834e-05
1.2277204841551839e-05
1.2284657185801827e-05
1.2290785525792575e-05
1.2296919983218321e-05
1.2304663467454165e-05
1.2317233983973104e-05
1.2322322975333608e-05
1.2330903420012331e-05
1.233654083395016e-05
1.2343527634980104e-05
1.2349984017667742e-05
1.2358603041670301e-05
1.2366964201275979e-05
1.2378851096984658e-05
1.238615664845173e-05
1.2391844708317844e-05
1.3126517753615261e-05
1.3133701076963488e-05
1.3143770947884948e-05
1.3153279551034725e-05
1.316222441592629e-05
1.3170892327955219e-05
1.3178413758263963e-05
1.3184784758388819e-05
1.3194642974952168e-05
1.3200739241397518e-05
1.3209167162010435e-05
1.3221100876999692e-05
1.3229263130043656e-05
1.3241233200185376e-05
1.3253224951404841e-05
1.326435866825839e-05
1.3274629969689594e-05
1.3281094362175443e-05
1.3289330882190082e-05
1.3300230537329313e-05
1.3309376455713049e-05
1.3318830606672734e-05
1.3329186475318789e-05
0.0
0.0
0.0
0.0
0.0
0.0
0.0
0.0
0.0
0.0
0.0
0.0
0.0
0.0
0.0
0.0
0.0
0.0
0.0
0.0
0.0
0.0
0.0
0.0
0.0
0.0
0.0
0.0
0.0
0.0
0.0
0.0
0.0
0.0
0.0
0.0
0.0
0.0
0.0
0.0
0.0
0.0
0.0
0.0
0.0
0.0
0.0
0.0
0.0
0.0
0.0
0.0
0.0
0.0
0.0
0.0
0.0
0.0
0.0
0.0
0.0
0.0
0.0
0.0
0.0
0.0
0.0
0.0
0.0
0.0
0.0
0.0
0.0
0.0
0.0
0.0
0.0
0.0
0.0
0.0
0.0
0.0
0.0
0.0
0.0
0.0
0.0
0.0
0.0
0.0
0.0
0.0
0.0
0.0
0.0
0.0
0.0
0.0
0.0
0.0
0.0
0.0
0.0
0.0
0.0
0.0
0.0
0.0
0.0
0.0
0.0
0.0
0.0
0.0
0.0
0.0
0.0
0.0
0.0
0.0
0.0
0.0
0.0
0.0
0.0
0.0
0.0
0.0
0.0
0.0
0.0
0.0
0.0
0.0
0.0
0.0
0.0
0.0
0.0
0.0
0.0
0.0
0.0
0.0
0.0
0.0
0.0
0.0
0.0
0.0
0.0
0.0
0.0
0.0
0.0
0.0
0.0
0.0
0.0
0.0
0.0
0.0
0.0
0.0
0.0
0.0
0.0
0.0
0.0
0.0
0.0
0.0
0.0
0.0
0.0
0.0
0.0
0.0
0.0
0.0
0.0
0.0
0.0
0.0
0.0
0.0
0.0
0.0
0.0
0.0
0.0
0.0
0.0
0.0
0.0
0.0
0.0
0.0
0.0
0.0
0.0
0.0
0.0
0.0
0.0
0.0
0.0
0.0
0.0
0.0
0.0
0.0
0.0
0.0
0.0
0.0
0.0
0.0
0.0
0.0
0.0
0.0
0.0
0.0
0.0
0.0
0.0
0.0
0.0
0.0
0.0
0.0
0.0
0.0
0.0
0.0
0.0
0.0
0.0
0.0
0.0
0.0
0.0
0.0
0.0
0.0
0.0
0.0
0.0
0.0
0.0
0.0
0.0
0.0
0.0
0.0
0.0
0.0
0.0
0.0
0.0
0.0
0.0
0.0
0.0
0.0
0.0
0.0
0.0
0.0
0.0
0.0
0.0
0.0
0.0
0.0
0.0
0.0
0.0
0.0
0.0
0.0
0.0
0.0
0.0
0.0
0.0
0.0
0.0
0.0
0.0
0.0
0.0
0.0
0.0
0.0
0.0
0.0
0.0
0.0
0.0
0.0
0.0
0.0
0.0
0.0
0.0
0.0
0.0
0.0
0.0
0.0
0.0
0.0
0.0
0.0
0.0
0.0
0.0
0.0
0.0
0.0
0.0
0.0
0.0
0.0
0.0
0.0
0.0
0.0
0.0
0.0
0.0
0.0
0.0
0.0
0.0
0.0
0.0
0.0
0.0
0.0
0.0
0.0
0.0
0.0
0.0
0.0
0.0
0.0
0.0
0.0
0.0
0.0
0.0
0.0
0.0
0.0
0.0
0.0
0.0
0.0
0.0
0.0
0.0
0.0
0.0
0.0
0.0
0.0
0.0
0.0
0.0
0.0
0.0
0.0
0.0
0.0
0.0
0.0
0.0
0.0
0.0
0.0
0.0
0.0
0.0
0.0
0.0
0.0
0.0
0.0
0.0
0.0
0.0
0.0
0.0
0.0
0.0
0.0
0.0
0.0
0.0
0.0
0.0
0.0
0.0
0.0
0.0
0.0
0.0
0.0
0.0
0.0
0.0
0.0
0.0
0.0
0.0
0.0
0.0
0.0
0.0
0.0
0.0
0.0
0.0
0.0
0.0
0.0
0.0
0.0
0.0
0.0
0.0
0.0
0.0
0.0
0.0
0.0
0.0
0.0
0.0
0.0
0.0
0.0
0.0
0.0
