0.00016920662354912675
0.00016920662354912675
0.00016920966995683878
0.00016920966995683878
0.00016920966995683878
0.00016920966995683878
0.00016920966995683878
0.0001661548274921938
0.00016615781906288018
0.00016615781906288018
0.00016615781906288018
0.00016615781906288018
0.00016616081074129327
0.0001661638025274389
0.0001661638025274389
0.0001661638025274389
0.0001661638025274389
0.0001661638025274389
0.0001661638025274389
0.0001661638025274389
0.00016616679442132284
0.00016616679442132284
0.00016616978642295096
0.00016617277853232907
0.00016617876307435856
0.00016617876307435856
0.00016617876307435856
0.00016618474804745782
0.00016618474804745782
0.00016918906728202436
0.00016918906728202436
0.00016919211408676564
0.00016919516100124431
0.00016919820802546636
0.00016919820802546636
0.00016919820802546636
0.00016920125515943767
0.00016920125515943767
0.00016920125515943767
0.0001692043024031642
0.0001692043024031642
0.00014433392850710862
0.00014433392850710862
0.00014433652794751395
0.00014433912748155233
0.00014433912748155233
0.00014433912748155233
0.00014433912748155233
0.00014434172710922884
0.00014434952655413747
0.00014435472665235983
0.000144359927125256
0.00014436252750221943
0.00014436252750221943
0.00014436252750221943
0.0001443677285372023
0.0001443729299469603
0.0001443755307923926
0.00014437813173153385
0.00014438333389096353
0.00014438593511126207
0.00015640792009211164
0.00015640792009211164
0.00015641637472661453
0.00015641919314123717
0.00015642483027519786
0.0001564276489945469
0.0001564276489945469
0.00015643328673800984
0.00015643328673800984
0.00015643610576213473
0.00015644174411519877
0.00015644174411519877
0.0001564473828747185
0.00015645302204073786
0.00015645866161330076
0.00015646148155204983
0.00015646430159245125
0.00015646994197823324
0.0001564812239698677
0.00015648686557580814
0.0001564896865313284
0.00015649532874749652
0.00015649532874749652
0.00015650379283465026
0.00015651225783741785
0.00015651225783741785
0.00015651507970850247
0.00015652636821046484
0.00015653765834088972
0.0001565404811279845
0.00015654612700759888
0.0001565489501001295
0.00015655177329448305
0.00015655177329448305
0.0001565545965906651
0.00015657436251559944
0.00015658565957092264
0.00015659413343228914
0.00015659413343228914
0.000156602608210856
0.0001566082585728632
0.00015661390934262534
0.00015662521210559098
0.00015663369024850025
0.0001566365165001061
0.0001566506492881547
0.00015665347615180693
0.00015666195735494803
0.0001566676120005844
0.0001566760947344628
0.00015668175040072882
0.00015668740647532407
0.00015668740647532407
0.00015668740647532407
0.00015669589135293104
0.0001597071977403752
0.0001597071977403752
0.00015971584676906356
0.00015971872998680466
0.00015972161330864433
0.0001597273802646419
0.00015973314763710137
0.00015974756789056683
0.00015975045225370224
0.00015975910596809456
0.00015976199074790618
0.00015977353090904081
0.0001597850727374674
0.0001597850727374674
0.00015979373020316503
0.00015980527495022207
0.00015980816139764186
0.00015982259519895672
0.0001598312567313217
0.00015983414411740665
0.00015986013528744705
0.00015986591225099458
0.00015988035648672807
0.00016109087435686273
0.00016110251955046197
0.00016110834277865415
0.0001611199904980518
0.0001611287273929165
0.00016113163990177164
0.000161143290990179
0.0001611520304122806
0.0001611549437636394
0.0001611607707823787
0.00016116368444977063
0.0001611724260841041
0.0001611899121979949
0.0001611957417458222
0.0001612015717153242
0.00016120448685821753
0.00016122197992993043
0.00016123072788955692
0.00016124239331257508
0.00016125114348767615
0.00016125406042375703
0.00016125697746537107
0.00016126281186522147
0.00016127448193157203
0.00016128031759816386
0.0001612861536870945
0.00016129782713215563
0.00016130074575745432
0.00016131825972756858
0.00016132993782075312
0.00016134453781512602
0.0001613562197133858
0.00014748156480439944
0.00014748690418005988
0.00014749758409129504
0.00014750826554936266
0.00014750826554936266
0.00014751360685856367
0.00014751627765822434
0.0001475269618240575
0.0001475429909749565
0.00014755635126173185
0.0001475777327540627
0.00014759109933372666
0.0001476098166135668
0.0001476231890059981
0.00014762853864140328
0.00014764458987422165
0.00014766332072456
0.00014766867326903573
0.00014767134968679175
0.0001476793795221955
0.00014769544181308887
0.00014770079668652986
0.0001295797506819987
0.00012958209988613004
0.00012958679854994012
0.0001295891480096281
0.0001296008965860827
0.00012961734817240402
0.00012963145285681466
0.00012963615510046153
0.00012964320910560003
0.0001296573194191421
0.00012968084343522047
0.0001296879023046603
0.0001296949619426076
0.00012970437598887704
0.00012971614546874972
0.00012972556259063935
0.00012973498107995512
0.0001297467561149966
0.00012976560061761855
0.0001297750249218194
0.0001297750249218194
0.00012979387763749201
0.00012980566336661062
0.000129812735831515
0.00012982216698365415
0.00012982924124712187
0.00012984575086052004
0.0001298528276945543
0.0001298669836770785
0.00012987642271357791
0.00012989530490348285
0.00012990002630886607
0.00012990710906052321
0.00012991655393094947
0.00012993308575929918
0.00012994725924694652
0.00012995434715039813
0.00012996616204122204
0.0001299779790805595
0.0001299850703356923
0.00013000161960711969
0.00013001344309551525
0.0001300205382209275
0.00013002763412077583
0.0001300441942328302
0.00013006312524099802
0.00013007732711457984
0.00013008916437862273
0.00013009863574115486
0.0001301104768839364
0.0001301152139446061
0.0001301294271964434
0.00013014127394521407
0.00013015786301773737
0.00013016734438671754
0.00013017445632000887
0.00013018631126931218
0.00013019816837806563
0.00013019816837806563
0.00013020528368009923
0.0001302123997598748
0.00013022426162149592
0.00013024561841938568
0.00013025511257825286
0.000130271730687281
0.00013028835303716818
0.00013028835303716818
0.00013029310305915357
0.00013030497962953798
0.00013032398664634967
0.0001303429992089109
0.00013036915054206118
0.0001303786627196937
0.0001303857977638966
0.00013041196627534387
0.00013042862443420826
0.0001304452868492727
0.00013045242918762292
0.0001304643348231126
0.00013048577044414713
0.00013050721311019293
0.00013052866282472374
0.00013053581429649805
0.00013055250411183852
0.0001305644280216836
0.00013057396871792194
0.00013058112515517925
0.00013058589654917416
0.0001305978265598218
0.00013060975875046226
0.00013062646748088466
0.0001306503445130337
0.000130671841306405
0.00013067900847628798
0.0001306957349305902
0.0001310655937576201
0.00013107278502234334
0.00013108477221734463
0.0001311111517657318
0.00013111834803078537
0.00013113034356150013
0.00013114954097660658
0.0001311711447885399
0.00013118555128439807
0.0001311999609451279
0.00013120956914439155
0.00013122158137263877
0.00013124080551333466
0.00013125763125763126
0.00013127446131677443
0.00013129129569242417
0.0001313009172743151
0.00013131535229160557
0.00013132738389743024
0.00013135145372457737
0.00013136830785399176
0.00013137794072716163
0.00013138998380542058
0.00013140443841410122
0.00013141166691115348
0.00013141407658690137
0.00013143094679186228
0.000131433357174733
0.00013145264342094803
0.00013147434721457835
0.00013149847094801222
0.00013151536282947655
0.00013153950161824178
0.00013154674498286833
0.00013155881903013613
0.00013157331081287826
0.0001315805579015655
0.00013160230395847488
8.8761561958631e-05
8.876971299833481e-05
8.8782757776145e-05
8.878928160286087e-05
8.880396371898753e-05
8.881375449428224e-05
8.882354742871145e-05
8.883824088029507e-05
8.884967248172455e-05
8.885457264014511e-05
8.886927635893383e-05
8.888071594949125e-05
8.888888888888889e-05
8.891014556736937e-05
8.89183239202556e-05
6.132975167583546e-05
6.133426561417067e-05
6.257246443491544e-05
6.258167829336081e-05
6.2594351780257e-05
6.260587758709582e-05
6.261625444299158e-05
6.262317425819166e-05
6.262894193928677e-05
6.264278870955855e-05
6.265664160401002e-05
6.266588027130639e-05
6.267858788828463e-05
6.269014474048124e-05
6.270054955187549e-05
6.271442800752573e-05
6.272136953955136e-05
6.27259980813224e-05
6.273873009429262e-05
6.274915104089768e-05
6.276305102266853e-05
6.277579808349181e-05
5.232282567881171e-05
5.2326690921626925e-05
5.233248985673211e-05
5.2339256905703127e-05
5.234795996920708e-05
5.235569845581486e-05
5.2361503822389775e-05
5.237795935470354e-05
5.238958125315878e-05
5.239636307597472e-05
3.884285291506362e-05
3.884716415701653e-05
3.885866548240257e-05
3.886298023539862e-05
3.8871612616614834e-05
3.888096869156282e-05
3.8889609066834565e-05
3.8896091868864595e-05
3.890185617428031e-05
3.890618052467763e-05
3.891555324944869e-05
3.892060197197716e-05
3.892420900446701e-05
3.8932146829810896e-05
3.893936584461338e-05
3.8943698538684066e-05
3.8949476964166475e-05
3.896176181376277e-05
3.89660994934407e-05
3.8976947919373394e-05
3.8985631010284775e-05
3.8991421887184814e-05
3.899793868038403e-05
3.900156006240249e-05
3.900445765230311e-05
3.901242824499804e-05
3.901822708608163e-05
3.9027653880463864e-05
3.903345724907063e-05
3.903635958063796e-05
3.904216553878188e-05
3.904652114090215e-05
3.9054508936043586e-05
3.906467994865784e-05
3.9071221254744356e-05
3.9079219159982876e-05
3.908576533650982e-05
3.9094496984138795e-05
3.9103232533889464e-05
3.910760177287794e-05
3.911342894393741e-05
3.911780046196259e-05
3.912217295726368e-05
3.913383772501956e-05
3.9139672717784316e-05
3.914842847022855e-05
3.915207785670339e-05
3.915937867119174e-05
3.916156944651648e-05
3.916741271262309e-05
3.917691174001455e-05
3.918202850959026e-05
3.918787788310815e-05
3.9192997517776815e-05
3.919811849031246e-05
3.920543648719288e-05
3.921348944036748e-05
3.921715096735638e-05
3.9228872450123286e-05
3.9241334205362975e-05
3.924793481104922e-05
3.9253070150843933e-05
3.9265547286937656e-05
3.927362495558339e-05
3.9282440748985195e-05
3.928758512310109e-05
3.929199565917e-05
3.929934875364922e-05
3.930670460075618e-05
3.9317007414064246e-05
3.932657914942227e-05
3.933689238550154e-05
3.934278809224946e-05
3.9351634966738494e-05
3.935310983265558e-05
3.9360485820853554e-05
3.936712657468506e-05
3.9372293154845595e-05
3.938041480703596e-05
3.938706228782564e-05
3.939592908732764e-05
3.94003639843149e-05
3.940701820228935e-05
3.941219525927593e-05
3.942477377689332e-05
3.943587913841993e-05
3.9446249788680796e-05
3.945959149927657e-05
3.946552404578e-05
4.260171158641256e-05
4.2608919049319825e-05
4.261292424926054e-05
4.262334129386913e-05
4.2634565346876076e-05
4.264419066970193e-05
4.265622843664923e-05
4.266425739095518e-05
4.2678717127973385e-05
4.2689970368138216e-05
4.269640345589713e-05
4.270364299754454e-05
4.2718934539515015e-05
4.272376572297407e-05
4.2735042735042735e-05
4.273987756282133e-05
4.275761462813451e-05
4.2767295597484274e-05
4.277213772628348e-05
4.27785956038702e-05
4.2794748832584425e-05
4.2803638309256285e-05
4.281576627628762e-05
4.28254735993551e-05
4.283437584645136e-05
2.835377955881519e-05
2.8360748723766308e-05
2.8368794326241135e-05
2.8371477208246643e-05
2.8377918195921147e-05
2.8382750856212984e-05
2.8388659676747794e-05
2.8393495996517066e-05
2.8400484701605576e-05
2.840640090900483e-05
2.8410705153701913e-05
2.8415010702987363e-05
2.8425241614553722e-05
2.842955157120655e-05
2.8433862835045684e-05
2.8439253753981494e-05
2.8447343966318346e-05
2.845921794069099e-05
2.8464618479230318e-05
2.8474885151296557e-05
2.8481373181939012e-05
2.8488405219075836e-05
2.8493816841745343e-05
2.8499772001823985e-05
2.8508438497795348e-05
2.8513315718440513e-05
2.852307516781076e-05
2.8526872313719523e-05
2.8533926839011585e-05
2.853826981982839e-05
2.8545873218261746e-05
2.8550763257071074e-05
2.856000456960073e-05
2.8570340177517048e-05
2.8577960676726108e-05
2.8586674797987497e-05
2.8596484538834025e-05
2.86046644672858e-05
2.861066605630579e-05
2.8617216117216117e-05
2.8621584490917416e-05
2.863141820958198e-05
2.863961813842482e-05
2.8644540350609173e-05
2.8650558685894373e-05
0.0
0.0
0.0
0.0
0.0
0.0
0.0
0.0
0.0
0.0
0.0
0.0
0.0
0.0
0.0
0.0
0.0
0.0
0.0
0.0
0.0
0.0
0.0
0.0
0.0
0.0
0.0
0.0
0.0
0.0
0.0
0.0
0.0
0.0
0.0
0.0
0.0
0.0
0.0
0.0
0.0
0.0
0.0
0.0
0.0
0.0
0.0
0.0
0.0
0.0
0.0
0.0
0.0
0.0
0.0
0.0
0.0
0.0
0.0
0.0
0.0
0.0
0.0
0.0
0.0
0.0
0.0
0.0
0.0
0.0
0.0
0.0
0.0
0.0
0.0
0.0
0.0
0.0
0.0
0.0
0.0
0.0
0.0
0.0
0.0
0.0
0.0
0.0
0.0
0.0
0.0
0.0
0.0
0.0
0.0
0.0
0.0
0.0
0.0
0.0
0.0
0.0
0.0
0.0
0.0
0.0
0.0
0.0
0.0
0.0
0.0
0.0
0.0
0.0
0.0
0.0
0.0
0.0
0.0
0.0
0.0
0.0
0.0
0.0
0.0
0.0
0.0
0.0
0.0
0.0
0.0
0.0
0.0
0.0
0.0
0.0
0.0
0.0
0.0
0.0
0.0
0.0
0.0
0.0
0.0
0.0
0.0
0.0
0.0
0.0
0.0
0.0
0.0
0.0
0.0
0.0
0.0
0.0
0.0
0.0
0.0
0.0
0.0
0.0
0.0
0.0
0.0
0.0
0.0
0.0
0.0
0.0
0.0
0.0
0.0
0.0
0.0
0.0
0.0
0.0
0.0
0.0
0.0
0.0
0.0
0.0
0.0
0.0
0.0
0.0
0.0
0.0
0.0
0.0
0.0
0.0
0.0
0.0
0.0
0.0
0.0
0.0
0.0
0.0
0.0
0.0
0.0
0.0
0.0
0.0
0.0
0.0
0.0
0.0
0.0
0.0
0.0
0.0
0.0
0.0
0.0
0.0
0.0
0.0
0.0
0.0
0.0
0.0
0.0
0.0
0.0
0.0
0.0
0.0
0.0
0.0
0.0
0.0
0.0
0.0
0.0
0.0
0.0
0.0
0.0
0.0
0.0
0.0
0.0
0.0
0.0
0.0
0.0
0.0
0.0
0.0
0.0
0.0
0.0
0.0
0.0
0.0
0.0
0.0
0.0
0.0
0.0
0.0
0.0
0.0
0.0
0.0
0.0
0.0
0.0
0.0
0.0
0.0
0.0
0.0
0.0
0.0
0.0
0.0
0.0
0.0
0.0
0.0
0.0
0.0
0.0
0.0
0.0
0.0
0.0
0.0
0.0
0.0
0.0
0.0
0.0
0.0
0.0
0.0
0.0
0.0
0.0
0.0
0.0
0.0
0.0
0.0
0.0
0.0
0.0
0.0
0.0
0.0
0.0
0.0
0.0
0.0
0.0
0.0
0.0
0.0
0.0
0.0
0.0
0.0
0.0
0.0
0.0
0.0
0.0
0.0
0.0
0.0
0.0
0.0
0.0
0.0
0.0
0.0
0.0
0.0
0.0
0.0
0.0
0.0
0.0
0.0
0.0
0.0
0.0
0.0
0.0
0.0
0.0
0.0
0.0
0.0
0.0
0.0
0.0
0.0
0.0
0.0
0.0
0.0
0.0
0.0
0.0
0.0
0.0
0.0
0.0
0.0
0.0
0.0
0.0
0.0
0.0
0.0
0.0
0.0
0.0
0.0
0.0
0.0
0.0
0.0
0.0
0.0
0.0
0.0
0.0
0.0
0.0
0.0
0.0
0.0
0.0
0.0
0.0
0.0
0.0
0.0
0.0
0.0
0.0
0.0
0.0
0.0
0.0
0.0
0.0
0.0
0.0
0.0
0.0
0.0
0.0
0.0
0.0
0.0
0.0
0.0
0.0
0.0
0.0
0.0
0.0
0.0
0.0
0.0
0.0
0.0
0.0
0.0
0.0
0.0
0.0
0.0
0.0
0.0
0.0
0.0
0.0
0.0
0.0
0.0
0.0
0.0
0.0
0.0
0.0
0.0
0.0
0.0
0.0
0.0
0.0
0.0
0.0
0.0
0.0
0.0
0.0
0.0
0.0
0.0
0.0
0.0
0.0
0.0
0.0
0.0
0.0
0.0
0.0
0.0
0.0
0.0
0.0
0.0
0.0
0.0
0.0
0.0
0.0
0.0
0.0
0.0
0.0
0.0
0.0
0.0
0.0
0.0
0.0
0.0
0.0
0.0
0.0
0.0
0.0
0.0
0.0
0.0
0.0
0.0
0.0
0.0
0.0
0.0
0.0
0.0
0.0
0.0
0.0
0.0
0.0
0.0
0.0
0.0
0.0
0.0
0.0
0.0
0.0
0.0
0.0
0.0
0.0
0.0
0.0
0.0
0.0
0.0
0.0
0.0
0.0
0.0
0.0
0.0
0.0
0.0
0.0
0.0
0.0
0.0
0.0
0.0
0.0
0.0
0.0
0.0
0.0
0.0
0.0
0.0
0.0
0.0
0.0
0.0
0.0
0.0
0.0
0.0
0.0
0.0
0.0
0.0
0.0
0.0
0.0
0.0
0.0
0.0
0.0
0.0
0.0
0.0
0.0
0.0
0.0
0.0
0.0
0.0
0.0
0.0
0.0
0.0
0.0
0.0
0.0
0.0
0.0
0.0
0.0
0.0
0.0
0.0
0.0
0.0
0.0
0.0
0.0
0.0
0.0
0.0
0.0
0.0
0.0
0.0
0.0
0.0
0.0
0.0
0.0
0.0
0.0
0.0
0.0
0.0
0.0
0.0
0.0
0.0
0.0
0.0
0.0
0.0
0.0
0.0
0.0
0.0
0.0
0.0
0.0
0.0
0.0
0.0
0.0
0.0
0.0
0.0
0.0
0.0
0.0
0.0
0.0
0.0
0.0
0.0
0.0
0.0
0.0
0.0
0.0
0.0
0.0
0.0
0.0
0.0
0.0
0.0
0.0
0.0
0.0
0.0
0.0
0.0
0.0
0.0
0.0
0.0
0.0
0.0
0.0
0.0
0.0
0.0
0.0
0.0
0.0
0.0
0.0
0.0
0.0
0.0
0.0
0.0
0.0
0.0
0.0
0.0
0.0
0.0
0.0
0.0
0.0
0.0
0.0
0.0
0.0
0.0
0.0
0.0
0.0
0.0
0.0
0.0
0.0
0.0
0.0
0.0
0.0
0.0
0.0
0.0
0.0
0.0
0.0
0.0
0.0
0.0
0.0
0.0
0.0
0.0
0.0
0.0
0.0
0.0
0.0
0.0
0.0
0.0
0.0
0.0
0.0
0.0
0.0
0.0
0.0
0.0
0.0
0.0
0.0
0.0
0.0
0.0
0.0
0.0
0.0
0.0
0.0
0.0
0.0
0.0
0.0
0.0
0.0
0.0
0.0
0.0
0.0
0.0
0.0
0.0
0.0
0.0
0.0
0.0
0.0
0.0
0.0
0.0
0.0
0.0
0.0
0.0
0.0
0.0
0.0
0.0
0.0
0.0
0.0
0.0
0.0
0.0
0.0
0.0
0.0
0.0
0.0
0.0
