0.0
0.0
0.0
0.0
0.0
0.0
0.0
0.0
0.0
0.0
0.0
0.0
0.0
0.0
0.0
0.0
0.0
0.0
0.0
0.0
0.0
0.0
0.0
0.0
0.0
0.0
0.0
0.0
0.0
0.0
0.0
0.0
0.0
0.0
0.0
0.0
0.0
0.0
0.0
0.0
0.0
0.0
0.0
0.0
0.0
0.0
0.0
0.0
0.0
0.0
0.0
0.0
0.0
0.0
0.0
0.0
0.0
0.0
0.0
0.0
0.0
0.0
0.0
0.0
0.0
0.0
0.0
0.0
0.0
0.0
0.0
0.0
0.0
0.0
0.0
0.0
0.0
0.0
0.0
0.0
0.0
0.0
0.0
0.0
0.0
0.0
0.0
0.0
0.0
0.0
0.0
0.0
0.0
0.0
0.0
0.0
0.0
0.0
0.0
0.0
0.0
0.0
0.0
0.0
0.0
0.0
0.0
0.0
0.0
0.0
0.0
0.0
0.0
0.0
0.0
0.0
0.0
0.0
0.0
0.0
0.0
0.0
0.0
0.0
0.0
0.0
0.0
0.0
0.0
0.0
0.0
0.0
0.0
0.0
0.0
0.0
0.0
0.0
0.0
0.0
0.0
0.0
0.0
0.0
0.0
0.0
0.0
0.0
0.0
0.0
0.0
0.0
0.0
0.0
0.0
0.0
0.0
0.0
0.0
0.0
0.0
0.0
0.0
0.0
0.0
0.0
0.0
0.0
0.0
0.0
0.0
0.0
0.0
0.0
0.0
0.0
0.0
0.0
0.0
0.0
0.0
0.0
0.0
0.0
0.0
0.0
0.0
0.0
0.0
0.0
0.0
0.0
0.0
0.0
0.0
0.0
0.0
0.0
0.0
0.0
0.0
0.0
0.0
0.0
0.0
0.0
0.0
0.0
0.0
0.0
0.0
0.0
0.0
0.0
0.0
0.0
0.0
0.0
0.0
0.0
0.0
0.0
0.0
0.0
0.0
0.0
0.0
0.0
0.0
0.0
0.0
0.0
0.0
0.0
0.0
0.0
0.0
0.0
0.0
0.0
0.0
0.0
0.0
0.0
0.0
0.0
0.0
0.0
0.0
0.0
0.0
0.0
0.0
0.0
0.0
0.0
0.0
0.0
0.0
0.0
0.0
7.779800525914515e-05
7.751937984496123e-05
7.727139258503716e-05
7.706060045619874e-05
7.68403258029814e-05
7.662835249042145e-05
7.638952546826778e-05
7.615914214342289e-05
7.590593736242048e-05
7.571283635427549e-05
7.549334903594993e-05
7.525813540443722e-05
7.503113792223772e-05
7.478201043956865e-05
7.458122641368714e-05
7.436824178602769e-05
7.416637000118665e-05
7.395574488226244e-05
7.374957593993833e-05
7.354130815278941e-05
7.333421334389345e-05
7.312186490004241e-05
7.291393239420188e-05
7.271669575334496e-05
7.251736790961435e-05
7.233796296296296e-05
7.217194243565871e-05
7.196626221627301e-05
7.176793121761472e-05
7.157991181354864e-05
7.139593328763994e-05
7.120072909546594e-05
7.099146682568755e-05
7.080147267063155e-05
7.061847661822238e-05
7.04185679680018e-05
7.024050348392897e-05
7.003683937751257e-05
6.98431323247985e-05
6.967087478750383e-05
6.949946485412062e-05
6.93173626129873e-05
6.916490296164114e-05
6.897312806930419e-05
6.883354671732816e-05
6.866622720281256e-05
6.848564540872232e-05
6.830881047037446e-05
6.816632583503748e-05
6.80133306128001e-05
6.786931085501757e-05
6.770664066731665e-05
6.753106428957319e-05
6.735095234246611e-05
6.719888181060666e-05
6.703940576270731e-05
6.686995131867543e-05
6.672004270082733e-05
6.654688227856524e-05
6.638254935542544e-05
6.622428842002092e-05
6.606154293339674e-05
6.589698982550477e-05
6.575659538651727e-05
6.559613769941226e-05
6.545959179398557e-05
6.529290396719684e-05
6.513978998931707e-05
6.500260010400415e-05
6.484075111526091e-05
6.470481662654968e-05
6.455194495010135e-05
6.439979392065944e-05
6.42706565890277e-05
6.412722842118764e-05
6.39918090484418e-05
6.387653942460013e-05
6.372755196981863e-05
6.358410905946386e-05
6.34437254155564e-05
6.33015559522453e-05
6.315044963120137e-05
6.30119722747322e-05
6.289308176100629e-05
6.276991061564728e-05
6.262603489522663e-05
6.249218847644044e-05
6.23612462271446e-05
6.224944597993077e-05
6.211951795254069e-05
6.198321494539278e-05
6.186128226065869e-05
6.174440286987984e-05
6.161201680775818e-05
6.145299460442706e-05
6.130606439589004e-05
6.118228650441123e-05
6.103888176768602e-05
6.0920632599848914e-05
6.079840464986198e-05
6.0667831489031254e-05
6.054001695120474e-05
6.041055009846919e-05
6.0279455555957415e-05
6.014241724403387e-05
6.000600060006e-05
5.989602050839741e-05
5.976500400425526e-05
5.964096141229796e-05
5.9517432656024945e-05
5.9392298006794477e-05
5.928033671231252e-05
5.914779851893912e-05
5.904512228244824e-05
5.89282136501314e-05
5.880554183426246e-05
5.86875124710964e-05
5.8569955955393113e-05
5.8438522674146794e-05
5.833625014584062e-05
5.8218061571421915e-05
5.810035092611959e-05
5.800531328669706e-05
5.788443950497227e-05
5.7774080236642627e-05
5.767212244945038e-05
5.7568535341323844e-05
5.746928266841373e-05
5.7364447809825376e-05
5.7250160300448834e-05
5.713241007358654e-05
5.701709372469866e-05
5.69158442327175e-05
5.680139958648581e-05
5.6683558367060046e-05
5.659501737467033e-05
5.649143025003106e-05
0.0001127993412518471
0.00011261261261261261
0.00011236965120460266
0.00011216924095074649
0.00011198459092028938
0.00011180804794329096
0.00011160963414361928
0.0001113895850737956
0.000111174109773316
0.00011099271887764163
0.0001107898206312804
0.00011060234034552171
0.00011041183614883516
0.00011024385941703048
0.00011009820760118025
0.00010990218705352238
0.00010968881283797866
0.00010950503723171267
0.00010931470610741263
0.00010913575396435627
0.00010896094839609484
0.00010876540390032739
0.00010859885754001868
0.00010840813494644639
0.00010822510822510823
0.00010803219359369092
0.00010786439288526466
0.00010768667485085396
0.00010751647690008494
0.00010731225720601807
0.00010711913790517814
0.0001016097117492914
0.00010141446490525754
0.00010126528306311491
0.00010111008227167747
0.0001009521380600187
0.0001008139399148918
0.00010067611962442508
0.00010049400738366496
0.00010036342123056119
0.00010020462839904647
0.00010007795546004256
9.991060629962664e-05
9.975952703483182e-05
9.957758141777512e-05
9.945561139028476e-05
9.930590399732396e-05
9.915043730561296e-05
9.902951079421667e-05
9.888108248763986e-05
9.872386415596292e-05
9.857328145265887e-05
9.841398100092198e-05
9.826129229114303e-05
9.809084244545632e-05
9.797551643410373e-05
9.78241841977902e-05
9.765223469429711e-05
9.235884489871314e-05
9.220272305375418e-05
9.208103130755064e-05
9.194838630582033e-05
9.180207472688883e-05
9.167303284950343e-05
9.152480322167308e-05
9.140489320861644e-05
9.128251939753537e-05
9.114385538508278e-05
9.101665604805679e-05
9.089256498818396e-05
9.075508228460794e-05
9.062075215224287e-05
9.049773755656108e-05
9.036961171190167e-05
9.022827754218172e-05
9.009279557944684e-05
8.997390756680563e-05
8.984995058252718e-05
8.972633467922836e-05
8.961644162982435e-05
8.950414702547884e-05
8.938680650735951e-05
8.924852739929791e-05
8.913980092111128e-05
8.90128475209922e-05
8.88862552220675e-05
8.87757819666795e-05
8.865772208759384e-05
8.850340738118418e-05
8.837044892188053e-05
8.826644698128751e-05
8.815491757515207e-05
8.805917576611483e-05
8.794043501201853e-05
8.781944322472996e-05
8.769878391019644e-05
8.759379835907618e-05
8.746100696772689e-05
8.733624454148471e-05
8.722451590393674e-05
8.711307276845346e-05
8.701200765705667e-05
8.689355539464157e-05
8.679802100512108e-05
8.668515950069348e-05
8.659508139937652e-05
8.648773315651397e-05
8.635827168312271e-05
8.625894936599672e-05
8.613511728731804e-05
8.603877480784674e-05
8.59131132048455e-05
8.58049938506421e-05
8.56971462850287e-05
8.559201141226819e-05
8.550175278593211e-05
8.540195855158278e-05
8.528542187855356e-05
8.517887563884156e-05
8.5087072437461e-05
8.498824329301114e-05
8.48704311417902e-05
8.476491862567812e-05
8.464294783172982e-05
8.453561767357981e-05
8.44475721323012e-05
8.433125316242199e-05
8.423890152472412e-05
8.412787436904095e-05
8.402419896930316e-05
8.391843128479118e-05
8.383635144198524e-05
8.374274229566771e-05
8.36423453313631e-05
8.355847700749241e-05
8.345155637152634e-05
8.336112037345781e-05
8.325470389076983e-05
8.316699933466401e-05
8.307947936859596e-05
8.301740598278772e-05
8.2930200414651e-05
8.283402821879228e-05
8.273807882180976e-05
8.264918177310045e-05
8.25718374986238e-05
8.247422680412371e-05
8.239494644328481e-05
8.23000109733348e-05
8.220529402093495e-05
8.211079483249398e-05
8.201651265788179e-05
8.19000819000819e-05
8.18040520273771e-05
8.172605426610003e-05
8.163931749530574e-05
8.15350328857966e-05
8.142880408229738e-05
8.134710811030668e-05
8.125016927118599e-05
8.115785202218315e-05
8.106136345213326e-05
8.097165991902834e-05
8.088869715271785e-05
8.081461128171973e-05
8.071459319845028e-05
8.064949728480026e-05
8.056502940623573e-05
8.04634695848085e-05
8.038369818600787e-05
8.030623444066707e-05
8.022248368809498e-05
8.012392500400619e-05
8.002774295088964e-05
7.994457176357726e-05
7.987007800644285e-05
7.976814060464251e-05
7.967915858808531e-05
7.95798185580137e-05
7.947862025115244e-05
7.940078871450123e-05
7.932101213611486e-05
7.922883929750429e-05
7.914523149980213e-05
7.90659673721108e-05
7.898686185197862e-05
7.889753839680202e-05
7.880841673890771e-05
7.871536523929471e-05
7.862459377293217e-05
7.854225573358467e-05
7.847035128560592e-05
7.838219156607619e-05
7.829831658619339e-05
7.821666014861165e-05
7.812906922235533e-05
7.804167425405166e-05
7.797068302318329e-05
7.789577545244463e-05
7.781091946569835e-05
7.77363184079602e-05
7.764377038148972e-05
7.756547819117305e-05
7.749134679960738e-05
7.741535920726672e-05
7.732357338007114e-05
7.725388200757088e-05
7.719027402547279e-05
7.713470290283599e-05
7.706931100035965e-05
7.70040298775636e-05
7.693096727869525e-05
7.685016778953301e-05
7.67656090071648e-05
7.669103737409888e-05
7.662443808745403e-05
7.654818708376924e-05
7.64779361154307e-05
7.639808495467046e-05
7.632034191513177e-05
7.624275693809088e-05
7.618273699179766e-05
7.61208799573723e-05
7.603791757489735e-05
7.175175580767152e-05
7.16791472711327e-05
7.161935576283039e-05
7.155243530818054e-05
7.14694110920526e-05
7.14081690945444e-05
7.13344579000814e-05
7.127523982021868e-05
7.121611997821624e-05
7.112851667754514e-05
7.104825430259869e-05
7.09895102558963e-05
7.09131105827389e-05
7.084041737507083e-05
7.07943964153049e-05
7.072724246962888e-05
7.065669160432251e-05
7.059507495535899e-05
7.054234615544212e-05
7.047742235046349e-05
7.041436784465761e-05
7.034094670638861e-05
7.027813605847141e-05
7.023458350891979e-05
6.605237953697282e-05
6.599026643570074e-05
6.59152330103487e-05
6.584849906577442e-05
6.578352287210861e-05
6.573001396762798e-05
6.567173980856688e-05
6.562487182642222e-05
6.557323300628684e-05
6.55120173606846e-05
6.545894905657291e-05
6.5394738993248e-05
6.53306547764875e-05
6.527787977446493e-05
6.52283808685159e-05
6.517258515205579e-05
6.512165539248009e-05
6.506604203266316e-05
6.501052357850427e-05
6.494402636727472e-05
6.488713693619162e-05
6.483349946917573e-05
6.477208323212696e-05
6.471235358830001e-05
6.465430153149878e-05
6.459635353584291e-05
6.455569542622898e-05
6.449324433265617e-05
6.443869866048055e-05
6.437958201556377e-05
6.432367674136255e-05
6.426631962854067e-05
6.421988889959221e-05
6.416426050689766e-05
6.411951878301155e-05
6.406252502442385e-05
6.40102416386622e-05
6.395650957349003e-05
6.390593047034765e-05
6.385084442741756e-05
6.379737952263611e-05
6.374095675176085e-05
6.369223910066559e-05
6.363903936870074e-05
6.357834839345462e-05
6.353139244929401e-05
6.346788525006347e-05
6.341505949125269e-05
6.336985020951657e-05
6.332921693423261e-05
6.328863573434595e-05
6.322711178553364e-05
6.317468590335853e-05
6.312533535334407e-05
6.306711128980127e-05
6.301643941363203e-05
6.29732835844393e-05
6.292870178088227e-05
6.287232203203345e-05
6.282936330293963e-05
6.277611682635342e-05
6.272443587210488e-05
6.267431293284448e-05
6.26330953275711e-05
6.259340109069003e-05
6.254642117196358e-05
6.250537155536804e-05
6.244974746883368e-05
6.239276243955701e-05
6.235191420376606e-05
6.229947356944834e-05
6.225148041801869e-05
6.220936561999409e-05
6.217455506334033e-05
6.213833546933862e-05
6.208914448920037e-05
6.203858800173708e-05
6.198955476002295e-05
6.19348445435402e-05
6.189028399904071e-05
6.185009084232093e-05
6.17941944354328e-05
6.173982836327716e-05
6.170268560939116e-05
6.165845838439426e-05
6.161856567383753e-05
6.156450806110279e-05
6.152189795055179e-05
6.148927012236365e-05
6.144676405978771e-05
6.140431672346566e-05
6.136334000659657e-05
6.131818774096132e-05
6.127732585749958e-05
6.123511221334314e-05
6.117470731725969e-05
6.113123347546346e-05
6.10864220155465e-05
6.105285651052399e-05
6.100397288373406e-05
6.097328607903663e-05
6.0923137846214775e-05
6.0891141861137756e-05
6.086334657111122e-05
6.081753977847212e-05
6.077180188392586e-05
6.072889860551267e-05
6.0686055861514424e-05
6.0639136498696264e-05
6.059504332545599e-05
6.0553764173365436e-05
6.051254122416872e-05
6.04727456894271e-05
4.53257790368272e-05
4.529498358056845e-05
4.5271402055321653e-05
4.5233518036865316e-05
4.520591293341169e-05
4.517425970681906e-05
4.5149784409779445e-05
4.5108033740809235e-05
4.5075501464953795e-05
4.504910352283989e-05
4.501868275334264e-05
4.4988303041209284e-05
4.4958974935371473e-05
4.493372275893058e-05
4.490749056942698e-05
4.4878267698866824e-05
4.484003318162455e-05
4.48038710544591e-05
4.477277815088426e-05
4.474373028479384e-05
4.470872267179327e-05
4.319911814213999e-05
4.318078603920517e-05
4.314609416263102e-05
4.312203536006899e-05
4.3095121335057134e-05
4.3071119329278705e-05
4.3047144044650275e-05
4.3018408912227606e-05
4.2993536144221074e-05
4.296487251285242e-05
4.293434006958324e-05
4.290765975705387e-05
4.2877208545871215e-05
4.285249874397848e-05
4.2830663801442946e-05
4.280411214677382e-05
4.278232647340857e-05
4.2755834697097024e-05
4.273693207775174e-05
4.271238364557558e-05
4.2686920874640286e-05
4.265866448960379e-05
6.101640091451087e-05
6.097202632816173e-05
6.093174176687369e-05
6.089017027239181e-05
6.085400903278785e-05
6.0813880218636886e-05
6.0780479946103094e-05
6.075111804015429e-05
6.0713789345095715e-05
6.067650649531036e-05
6.0649903910091994e-05
6.06100437414653e-05
6.057686693524844e-05
6.054240156389047e-05
6.050532884281736e-05
6.047491019840142e-05
6.0427359761202724e-05
6.038383750200067e-05
6.0350907808534925e-05
6.030486653007251e-05
6.026545845313816e-05
6.023396905570554e-05
6.018417808715829e-05
6.0142312653073056e-05
6.0103116672459736e-05
6.006788394595338e-05
6.0027482461850005e-05
5.9994940185767464e-05
5.996373277848819e-05
5.992866322979393e-05
5.9898821508728626e-05
5.9857351997288386e-05
5.981852644627504e-05
5.977458499873969e-05
5.974489649016729e-05
5.971394860283749e-05
5.968432028188257e-05
5.9647004714269285e-05
5.960074680453827e-05
5.9571230684207884e-05
5.9537899818517e-05
5.9505886064151643e-05
5.9468793213392654e-05
5.943813063498542e-05
5.9402397566648776e-05
5.9374351710768214e-05
5.8628801041018715e-05
5.859612265168893e-05
5.856348067048044e-05
5.8539649904337645e-05
5.85008097368177e-05
5.8459520346764765e-05
5.8432026451180756e-05
5.840580639187447e-05
5.8375869408908726e-05
5.834845412174903e-05
5.8314843261079824e-05
5.828748525042294e-05
5.8246496331181054e-05
5.8213002797063796e-05
5.818202459254844e-05
5.814736812247821e-05
5.81078112488219e-05
5.807077552812538e-05
5.8048576748005464e-05
5.8027626811594204e-05
5.799192356381587e-05
5.7959951087455915e-05
5.7932924976862154e-05
5.790960451977401e-05
9.318085556967388e-05
9.311775162956066e-05
9.306851111534151e-05
9.302128919050337e-05
9.29603650807065e-05
9.291521486643439e-05
9.285834880972481e-05
9.281329761427638e-05
9.275851164751766e-05
9.272918861959958e-05
9.268426263349694e-05
9.263547938860585e-05
9.257895512024744e-05
9.253222855460454e-05
9.24836051790819e-05
9.243697478991598e-05
9.237681341983162e-05
9.232060428031894e-05
9.22663982553263e-05
9.22064586433077e-05
9.216010724085207e-05
9.211380241589383e-05
9.205020920502093e-05
9.200593856512557e-05
9.195978849248648e-05
9.191560476289953e-05
9.185803757828811e-05
9.182353186693936e-05
9.178713728435239e-05
9.176225234619396e-05
9.171443460135487e-05
9.16685764286756e-05
9.16342128829373e-05
9.159224796519495e-05
9.154651186983751e-05
9.149891864914324e-05
9.144947416552356e-05
9.140198176115001e-05
9.135643543799183e-05
9.132230547311182e-05
9.128441318644842e-05
9.124276797378845e-05
9.119927040583677e-05
9.115770282588879e-05
9.111239956928684e-05
9.106902618234503e-05
9.102192800992967e-05
9.0982403176113e-05
9.093915343915345e-05
9.090721266089545e-05
9.085840543498462e-05
9.082652134423253e-05
9.077405512460803e-05
9.072726148009155e-05
9.06879920854116e-05
9.06394199077126e-05
9.058716956271103e-05
9.054429468052269e-05
9.049215391892726e-05
9.043635541487678e-05
9.039176613184873e-05
9.036020864993634e-05
8.894362342638204e-05
8.890347817761546e-05
8.88670139316134e-05
8.88324005931271e-05
8.878689778579136e-05
8.874325892552393e-05
8.870329430388383e-05
8.866155157715259e-05
8.861622358554874e-05
8.856189113699843e-05
8.851485687828526e-05
8.848232395420699e-05
8.84407888918369e-05
8.840109617359255e-05
8.83668447598461e-05
8.832901880049191e-05
8.828942632247372e-05
8.824807211903985e-05
8.822291895706936e-05
8.817265562473717e-05
8.81385809688464e-05
8.81045326393407e-05
8.804903654035016e-05
8.8000758160378e-05
8.796503051709904e-05
8.792576360143928e-05
8.788118463836892e-05
8.784199252667355e-05
8.779038357644515e-05
8.775838092537837e-05
8.772107397585646e-05
8.768557302521972e-05
8.763769229732098e-05
8.758986383145014e-05
8.755446898214562e-05
8.750849842148131e-05
8.747846683893195e-05
8.743786866832126e-05
8.740612246270111e-05
8.736911434600857e-05
8.734093871353515e-05
8.730750374414871e-05
8.726530667042579e-05
8.722841767650334e-05
8.719857799242042e-05
8.71564861186535e-05
8.713195128653677e-05
8.709167403596216e-05
8.705143400496862e-05
8.702346286441075e-05
8.70042431300111e-05
8.696931989991838e-05
8.693093671427807e-05
8.69030429434729e-05
8.686123583493691e-05
8.68299068916229e-05
8.679164663782513e-05
8.676731675410141e-05
8.674126415383897e-05
8.671002167750541e-05
8.667880169890451e-05
8.664760419374404e-05
8.660777338076774e-05
8.656970859304245e-05
8.653858955412655e-05
8.64919529217647e-05
8.645398985163164e-05
8.642123037240902e-05
8.639366269255818e-05
8.635922781564297e-05
8.632997974565859e-05
8.6274978265342e-05
8.623720538385506e-05
8.618746436479838e-05
8.614634275641789e-05
8.611210471231932e-05
8.607618404412397e-05
8.604541874333975e-05
8.601979778730612e-05
8.598566023758499e-05
8.594984495970274e-05
8.591916988863554e-05
8.588511214613681e-05
8.583747664230203e-05
8.581537811575834e-05
8.578310072915635e-05
8.575593859874795e-05
8.570166590853654e-05
8.56694739894297e-05
8.564069118625533e-05
8.560008955086291e-05
8.556797388202151e-05
8.552912924767261e-05
8.550044065611722e-05
8.547008547008547e-05
8.543638275499473e-05
8.540943971407548e-05
8.537578480048335e-05
8.533543389786005e-05
8.529680005773937e-05
8.526323383769815e-05
8.521963722655967e-05
8.517943375333345e-05
8.515097923626121e-05
8.512923272367706e-05
8.508243178679651e-05
8.504736484011095e-05
8.501399461142064e-05
8.496565426821695e-05
8.493567755803393e-05
8.48990680694605e-05
8.486581409164202e-05
8.482594368862353e-05
8.478445183590947e-05
8.475626055378436e-05
8.471649299785602e-05
8.46751081235996e-05
8.463706973443491e-05
8.460402064338103e-05
8.457099735227723e-05
8.453470149496368e-05
8.451162034779782e-05
8.447537542806271e-05
8.444409800711929e-05
8.440955516164429e-05
8.43783264532544e-05
8.433891267678733e-05
8.429789579483189e-05
8.426511100307891e-05
8.423398906254049e-05
8.420125395098191e-05
8.416690945582855e-05
8.413585999792896e-05
8.410156881772602e-05
8.407872355562453e-05
8.404773911581777e-05
8.400863350264303e-05
8.397770069055508e-05
8.357941289613733e-05
0.00011260357730775082
0.00011255997898142897
0.00011250552852720034
0.00011247288353391456
0.00011242938633444287
0.00011238157825706386
0.00011233381082103042
0.00011230343449840096
0.00011226873881105472
0.00011223623106875364
0.0001121907518434291
0.00011215612573611067
0.00011212584542060965
0.00011209774262137952
0.00011204157926322336
0.0001120027298945468
0.0001119703759948719
0.00011192726652714716
0.00011190357046625568
0.00011186912137387373
0.00011183254244553314
0.00011179383787970761
0.00011176375284558201
0.00011172080230358959
0.0001116886110547027
0.00011165429416379984
0.00011161571285966585
0.00011156859412606426
0.00011153649051939829
0.00011149371443912084
0.00011146592757727298
0.0001114317473702655
0.00011139118559085222
0.0001113399918478335
0.00011129949682782758
0.00011126116028714672
0.00011123136123136121
0.00011118881883052309
0.00011115055848376435
0.00011111020111765394
0.00011108472735113417
0.00011105926526246276
0.00011101049553775991
0.00011097871226519274
0.00011093212970609798
0.00011089404577989573
0.00012165781469880609
0.00012162535035362114
0.00012159985480614348
0.00012157668630946708
0.00012152343225703473
0.0001214771622934888
0.0001214447942779563
0.00012141013339711893
0.00012138010996675632
0.00012134087095579478
0.00012128321259317987
0.00012125786026931911
0.00012121179227917063
0.0001211703610062927
0.00012113585657514579
0.00012109907350171524
0.00012107839283794197
0.00012104394075712079
0.00012100262413153525
0.00012096362876442872
0.00012092007543968883
0.00012088113325160323
0.00012084679332132077
0.00012080332407475019
0.00012078274429211394
0.00012075074523034554
0.00012071647933090636
0.00012067082170525879
0.00012062519860398835
0.00012058872495421675
0.00012053860968608684
0.00011925221844200483
0.00011921394317648518
0.00011918244081324489
0.00011914870675131076
0.00011911499178052659
0.0001190700681554915
0.00011903190970810251
0.00011900274621722039
0.0001189668723017129
0.00011892430010896909
0.0001188862350181826
0.00011885490558833178
0.00011882582875638822
0.00011880347164171882
0.0001187855920064284
0.00011874091645421355
0.00011870966355747616
0.00011868288845151052
0.0001186494365493952
0.00011862268860202356
0.00011858258928571428
0.0001185514196666613
0.00011851359286558896
0.00011847356726055339
0.00011844245492085525
0.0001184046976126184
0.00011835365249546801
0.00011830930119888542
0.00011828049067671427
0.00011824726519758261
0.00011821627158717379
0.00011817423480846149
0.00011813222791501962
0.00011810350355913725
0.00011807920924330461
0.0001492101477144851
0.00014916273957485057
0.00014912372019193894
0.00014909864708101143
0.00014905966121834036
0.00014900400248221463
0.0001489595054117806
0.0001489039214327471
0.00014887059095229212
0.00014879565189985234
0.00014875127916337167
0.00014869585044533342
0.00014865707491482818
0.00014861001752108558
0.00014855469400923944
0.00017643576710124276
0.00017639965730091692
0.00017635700113378684
0.00017631436559151212
0.00017625536578521277
0.00017620295465185535
0.00017614402937208326
0.00017608187320690107
0.00017604263927793338
0.0001759870877981991
0.00017593157136671703
0.00017464587170551365
0.00017459404896581505
0.00017454225697175802
0.00017449372987629212
0.00017444199737410527
0.00017439998729711775
0.0001743353959053668
0.00017429989102950665
0.0001742547239159981
0.00017421602787456443
0.00017415801602570875
0.00017410004279849305
0.00017406785212420887
0.00017401637179825718
0.0001739649219137725
0.00017388138070787397
0.00017384606050053946
0.00017380433693249848
0.0001737465988905528
0.00017368569478231304
0.00018249825888932508
0.00018244778551585838
0.00018239734005342012
0.00018234692247886514
0.00018228645816885445
0.0001822461709009521
0.00018219248223667138
0.00018213882519581238
0.0001820784987899403
0.0001820148642552763
0.0001819546199223672
0.00018191782356947634
0.00018189107193187926
0.00018184761729740138
0.0001818175454806353
0.00018179082332521487
0.00018171404086379756
0.00018168734912212136
0.00018163065519893713
0.00018159398974579465
0.00018151737343137717
0.00018147076905879723
0.00018143084149684812
0.000181380956745268
0.00018133109941796034
0.0001812812694923165
0.00018125138468033292
0.00018120491677479664
0.00018115847268935768
0.00018109216528015254
0.0001810424665685657
0.00018099610570939065
0.00018096962444883951
0.00018091668516753077
0.0001808736948021879
0.00018081420339944625
0.0001807778668037725
0.0001807316413442329
0.00018068873886564342
0.00018065904907962126
0.0001806359637684939
0.0001805931066968061
0.0001805535643689097
0.0001805239189848961
0.00018047453163906135
0.00018042188157968994
0.00018037583797076315
0.00018033310422871585
0.00018030024589552304
0.00018025754795952445
0.00018021158817749542
0.00018017549335830473
0.0001801262964455829
0.00018009351342684676
0.00018005091333815086
0.0001800017844257744
0.00017993632089971626
0.0001829648500314367
0.00018292494711446785
0.000182891707976657
0.00018285848091636293
0.00018283522915675505
0.0001827787852085526
0.00018274559916261533
0.00018271905900116848
0.0001826626867460231
0.00018261960201541077
0.00018257322579911416
0.00018254342495337817
0.0001824904696863213
0.00017036912350970176
0.00017032281077224894
0.00017027343826387232
0.00017024567880468612
0.00017021792839520225
0.00017016245470764587
0.00017010701716584068
0.00017007007886816794
0.00017004238567083457
0.00017000240030411507
0.0001699655074221046
0.00016992863054915558
0.00016989484080357016
0.00016986106449327123
0.00016981195928183964
0.00016975368370654198
0.00016972609344480618
0.00016969238419089458
0.00016966175103191078
0.00016960357848941958
0.00016956379920278378
0.00016952709641971712
0.00016949346615712708
0.0001694690161638122
0.00016940792203058323
0.00016936518234002553
0.00016932551478988735
0.000169288915078493
0.00016926452405966136
0.00016923709256334312
0.00016920966995683878
