0.0001711907802821799
0.0001711907802821799
0.0001711907802821799
0.0001711907802821799
0.0001711907802821799
0.0001711907802821799
0.00015620315404449238
0.00015620315404449238
0.00015620596400966615
0.00015621158424331826
0.00015621158424331826
0.00015621158424331826
0.00015621158424331826
0.00015621158424331826
0.00015621158424331826
0.00015621158424331826
0.00015621158424331826
0.00015621158424331826
0.00015621158424331826
0.00015621158424331826
0.00015621158424331826
0.0001562143945118075
0.0001562143945118075
0.00015621720488141283
0.00015621720488141283
0.00015921561572366637
0.0001592184801381692
0.00015922134465573998
0.00015922134465573998
0.00015922420927638438
0.0001592270740001079
0.0001592270740001079
0.0001592299388269161
0.0001592299388269161
0.00015923566878980885
0.00015923566878980885
0.00015924139916510718
0.00015924139916510718
0.00015924426450742232
0.00015924712995285558
0.00015924999550141248
0.00015924999550141248
0.00015924999550141248
0.00015924999550141248
0.00016225197341586885
0.00016225197341586885
0.00016225197341586885
0.00016225489313970713
0.00016225781296862811
0.0001622607329026375
0.0001622607329026375
0.0001622607329026375
0.00016226365294174101
0.00016226365294174101
0.0001622724136896727
0.00016227533414920928
0.00016227533414920928
0.00016228409615857642
0.00016228409615857642
0.00016228701703863686
0.00016229285911419891
0.0001622957803097119
0.0001622957803097119
0.00016229870161038707
0.00016230454452724672
0.00016230746614344255
0.00016231330969139466
0.00016231915366013183
0.00016232207580230907
0.00016232792040230914
0.000162333765423208
0.00016234253374384084
0.00016234837981718547
0.00016235130301175165
0.00016236007322709397
0.00016236007322709397
0.0001623717683215981
0.00016237761650068729
0.00016237761650068729
0.00016238638955924547
0.00016238638955924547
0.00016238638955924547
0.00016238931412276746
0.00016240101343035362
0.0001624068637163253
0.00016241563993563412
0.00016242149127547402
0.00016243026907579875
0.00016243612146979162
0.0001624419742855255
0.00016244490085155953
0.0001624536811823985
0.0001624566081702761
0.00016245953526362883
0.00016247124469190522
0.00016247124469190522
0.00016247710003904252
0.00016248881199954342
0.00016249759707804686
0.00016250052564865039
0.00016250345432481463
0.00016251517008519274
0.00016252102859889444
0.00016252981716146628
0.0001385033228779849
0.00013850581964799694
0.0001385083165080281
0.00013851580762828488
0.00013851580762828488
0.00013851580762828488
0.00013851830484844116
0.00013851830484844116
0.0001385282946295495
0.00013853578791102458
0.00012085289948215712
0.00012085507866098583
0.00012086161666902806
0.00012086161666902806
0.00012086379616224171
0.00012086815538449383
0.00012087687477241653
0.00012088341513898371
0.00012088777577658048
0.0001208921367287919
0.00012089431732288873
0.00012089431732288873
0.00012089867874708597
0.00012090085957719486
0.00012090085957719486
0.00012090740253961381
0.00012091176490801255
0.00012091612759121328
0.00012092267220634261
0.00012092267220634261
0.00012092703567669737
0.0001209292175299681
0.00012094012797742564
0.00012094449270767006
0.00012095104039378048
0.00012095758878888581
0.00012096195477956563
0.00012096850435658506
0.00012097287113531427
0.00012097505464290655
0.00012098378946155981
0.00012099252554167257
0.00012100344741615728
0.0001210100014873698
0.00012102092651729717
0.00012102311176000707
0.00012102529708163509
0.00012102748248218552
0.00012103185352007063
0.00012103403915741389
0.00012103841066892317
0.00012104496852830817
0.00012104934082936213
0.00012104934082936213
0.00012105371344629385
0.00012105808637913757
0.00012106464637081304
0.00012107339413239191
0.00012107558127031724
0.0001210799557832346
0.00012108433061226946
0.00012109089344861702
0.00012110183309026925
0.00012111934062889119
0.00012112590726101405
0.00012112809629662139
0.00012113466387820264
0.00012114561143029285
0.00012114999100520492
0.00012115656096133319
0.00012116751247186029
0.00012117627510587319
0.00012118503900737613
0.00012120257061395237
0.00012121353044418836
0.0001212244922567048
0.00012123326313432128
0.00011098736113659327
0.00011100342443626026
0.00011100944937245416
0.00011101145782986171
0.00011102150120714882
0.00011102351010068372
0.00011103355565896283
0.00011104561272874879
0.0001110516422456478
0.00011105767241735966
0.00011106571366509098
0.00011107375607737665
0.00011108179965446966
0.00011109185576423179
0.00011109990196306672
0.00011111398561597766
0.00011111599785788018
0.00011112203502090492
0.00011113411131523793
0.0001111461902346621
0.00011115827178003345
0.00011116632760289681
0.00011117237023634806
0.00011118244275204375
0.0001111985625741108
0.00011120259326000953
0.00011120662423812459
0.00011121468707113079
0.00011121871892608552
0.0001112207349631897
0.00011123484926965711
0.00011124493311058447
0.0001112570361332805
0.00011126510627825345
0.00011127519560598995
0.00011127923184943752
0.00011130345546047756
0.00011130951301116206
0.00011131557122123161
0.00011132163009079387
0.00011132566970360675
0.00011133981065751408
0.00011134183108705402
0.00011134587216612442
0.00011135597614726472
0.00011137416793513071
0.00011139034340385031
0.00011139641041601827
0.00011140045545797389
0.00011140854642325391
0.00011141663856390568
0.00011142675539297713
0.00011143889801330003
0.00011144901888535413
0.00011146116635871033
0.0001114712912761711
0.00011147939253464427
0.00011151180934725998
0.00011152599763185775
0.00011154221723593452
0.00011155235688442969
0.0001115685841570013
0.00011157061289803044
0.00011157061289803044
0.00011157264171284139
0.00011158481615135007
0.00011159496354651134
0.00011160917300071462
0.00011464919598299016
0.0001146554532160703
0.00011466796973146815
0.00011467214251057046
0.00011469301096234672
0.00011471388701093833
0.00011472850476727927
0.00011474730450041789
0.00011475148305562347
8.74432074359241e-05
8.745276163420899e-05
8.746231792053895e-05
8.746391083797972e-05
8.746868993845535e-05
8.747984320419972e-05
8.749099931464661e-05
8.750375263986283e-05
8.751332007400234e-05
8.75212945341064e-05
8.753246122012526e-05
8.753405669359956e-05
8.754522663666603e-05
8.755639943081828e-05
8.756278516511901e-05
8.756757507714804e-05
8.757555942850543e-05
8.758993493070972e-05
8.76043151531577e-05
8.761070787888265e-05
8.761870009817464e-05
8.762349612970883e-05
8.764428500165989e-05
8.76554830960073e-05
8.76618832919145e-05
8.767148533838933e-05
8.768749342452485e-05
8.769549966000058e-05
8.771151651777017e-05
8.772753922730175e-05
8.773875860748977e-05
8.774837750335201e-05
8.775799850850561e-05
8.77612059790748e-05
8.777082979769629e-05
8.778045572722865e-05
8.77932935847782e-05
8.779489858100461e-05
8.78045297908537e-05
8.78093461882385e-05
8.78189805683634e-05
8.782701083359459e-05
8.783986231308443e-05
8.786075399076002e-05
8.78752232823596e-05
8.7883263837148e-05
8.788808887633967e-05
8.789934936178186e-05
8.790578522049665e-05
8.79202693489977e-05
8.79267082716495e-05
8.794603069957426e-05
8.795408421788891e-05
8.797503027004016e-05
8.798147721641785e-05
8.799921119199883e-05
8.800727445354332e-05
8.823675728607822e-05
8.825131460415227e-05
8.82594040787892e-05
8.827235032335969e-05
8.828368140331758e-05
8.829825420988783e-05
8.8304732557195e-05
8.95406868513214e-05
8.955711603369444e-05
8.957190745343134e-05
8.95899924919216e-05
8.96047947744232e-05
8.961137513682126e-05
8.961631104291528e-05
8.962947611789816e-05
8.999742864489585e-05
9.000900090009e-05
9.001892234490106e-05
9.002553785665729e-05
9.0032154340836e-05
9.004208089086531e-05
9.005697482080499e-05
9.008180898979684e-05
9.009671606663479e-05
9.011991466195835e-05
9.012986057462384e-05
9.014975898737903e-05
9.015971148892323e-05
9.01713255184851e-05
9.018128278273672e-05
9.0189582182956e-05
9.019456255637159e-05
9.02061855670103e-05
9.02095069774292e-05
9.021615053209116e-05
9.022611769904986e-05
9.0234425354032e-05
9.024605864152054e-05
9.025436996923982e-05
9.026600840026526e-05
9.028430342896099e-05
9.030094170982068e-05
9.031092762224228e-05
9.339649886019404e-05
9.340855179872914e-05
8.235764112965182e-05
8.237282926079606e-05
8.238498379966923e-05
8.240170214859363e-05
8.242451083513253e-05
8.242907408774391e-05
8.243515921059107e-05
8.244428857962027e-05
8.245646421758661e-05
8.246559830637816e-05
8.247930323454283e-05
8.249758355958604e-05
8.250215490703116e-05
8.251282335482361e-05
8.252959363413523e-05
8.254331984304449e-05
8.25646808012471e-05
8.258147216881132e-05
8.259368836291913e-05
8.260896368904507e-05
8.26196597796398e-05
8.262883006209495e-05
8.264564753481603e-05
8.265482358746607e-05
8.266553155787513e-05
8.26823639751706e-05
8.269614105246267e-05
8.270685973163476e-05
8.272370898539989e-05
8.273903244728474e-05
8.275436158715455e-05
8.276509536515467e-05
8.278196835751926e-05
8.28003831062502e-05
9.517452783545932e-05
9.518864659051576e-05
9.519747293980924e-05
9.583163309468166e-05
9.585296773156222e-05
9.586363861263669e-05
9.587075385338579e-05
9.589032621270331e-05
9.589566551591869e-05
9.590812620271885e-05
9.592771382596857e-05
9.594730945173851e-05
9.595978356425591e-05
9.597582647570573e-05
9.599365822541788e-05
9.601506507343604e-05
9.603291140809032e-05
9.605433576877553e-05
9.607398316535883e-05
9.610257554902472e-05
9.6109726304302e-05
9.613118495639986e-05
9.61365511167346e-05
9.615623216456984e-05
9.617413102019037e-05
9.619561844473407e-05
9.62206992451331e-05
9.623145216365556e-05
9.624041476514234e-05
9.625475840055642e-05
9.626193182171048e-05
9.628525282643807e-05
9.630319975147562e-05
9.631935770523792e-05
9.633552108194114e-05
9.634270654633153e-05
9.69787392763894e-05
9.698959227067557e-05
9.70058763175077e-05
9.702940737423497e-05
9.703846082072144e-05
9.7054761282616e-05
9.708375340726635e-05
9.710188228264117e-05
9.712001792984946e-05
9.713634580539108e-05
9.715630955494937e-05
9.717628151221245e-05
9.720534629404617e-05
9.722533841896643e-05
9.723988331214003e-05
9.725625151962893e-05
9.727080566415384e-05
9.728718428437792e-05
9.730903102661028e-05
9.732724414164857e-05
9.733999737930776e-05
9.73509313863147e-05
9.736186784998783e-05
9.738557195295528e-05
9.739651620153588e-05
0.00010991824830282477
0.00010995533064692468
0.00010998006611301701
0.00010998625171853518
0.0001099965626074185
0.00011002544338378249
0.00011005021040849887
0.00011007911936704506
0.00011010184420589044
0.00011011217678009472
0.00011013491527120723
0.00011014939011033713
0.00011017421297426555
0.00011019490724218461
0.00011022596322461045
0.00011025703671684614
0.00011027154367630289
0.00011029642163313905
0.00011031923629001422
9.904776233552115e-05
9.907571140123155e-05
9.909994668673754e-05
9.912792521488173e-05
9.915218605468432e-05
9.916712170567449e-05
9.918579759819708e-05
9.920448052641162e-05
9.923812753983658e-05
9.92437375945328e-05
9.925495960700061e-05
9.928676909542213e-05
9.92980008421476e-05
9.932983792891001e-05
9.934295325222421e-05
9.936731947222118e-05
0.00011197081210291249
0.00011201308916997041
0.00011202577851622485
0.00011204904978628845
0.00011207444765556625
0.00011210621118794793
0.00011527050775713825
0.00011529665261685598
0.00011531626904608869
0.00011534461567552235
0.00011535988501834411
0.000115403533996746
0.00011543629241337547
0.00011546251253998598
0.000115490931121966
0.00011552155139762139
0.00011554562157861838
0.0001155718914003145
0.0001156091274353726
0.00011564200269199416
0.00011568805947504172
0.0001157143941118446
0.00011574952561669828
0.000115793470007593
0.00011582205175916608
0.00011584624734123366
0.00011586164979391821
0.0001158902652177217
0.00011590788173595804
0.00011592990991675851
0.00011596296789156511
0.00011598281172757348
0.00011601810643234812
0.00011605563060063544
0.00011608434193499277
0.0001161196984695043
0.00011615950032372319
0.00011618605005523599
0.00011622146858209807
0.00011626355614004993
0.00011630345669126198
0.00011633229079258524
0.00011638778119097135
8.460559796437659e-05
8.462174715276453e-05
8.465406403157024e-05
8.467023172905526e-05
8.469287688330213e-05
8.471391537525717e-05
8.472686733556299e-05
8.602561651691837e-05
8.603877480784674e-05
8.606016561800762e-05
8.607992042389579e-05
8.60980369647572e-05
8.61244019138756e-05
8.614748449345279e-05
8.615903042371097e-05
8.61804810785966e-05
8.61986399770137e-05
8.623002337791745e-05
8.624985625023958e-05
8.628127696289905e-05
8.630444371991332e-05
8.631768745324459e-05
8.633921719109746e-05
8.635910033008367e-05
8.638562543192812e-05
8.640221189662456e-05
8.642212406376032e-05
8.645200952893261e-05
8.646696001383471e-05
8.648191567052312e-05
8.650851628282517e-05
8.652681369815602e-05
8.655177719649177e-05
8.65717583686033e-05
8.659341505185984e-05
8.660508083140877e-05
8.661841700030797e-05
8.664176518156263e-05
8.666512595331639e-05
8.669183940818371e-05
8.673194048261507e-05
8.674531575294934e-05
8.676705936795018e-05
8.678714007444408e-05
8.682565408659411e-05
8.685246661005173e-05
8.689271645941145e-05
8.692124934809063e-05
8.694812095449715e-05
8.697500918069542e-05
8.698845953103555e-05
8.700191404210893e-05
8.703556853567491e-05
8.706251088281386e-05
8.709284096847239e-05
8.711644564901752e-05
8.714175058094501e-05
8.716031687617424e-05
8.71839581517001e-05
8.720592225107555e-05
8.723127919824762e-05
8.726849607291768e-05
8.730743859376819e-05
8.7329464961478e-05
8.735828544805094e-05
8.738882199867946e-05
8.742617345352814e-05
8.745505781751045e-05
8.749246592654521e-05
8.751288384123217e-05
8.753331128790679e-05
8.756908227601775e-05
8.759465088665252e-05
8.762023443280501e-05
8.764754002570995e-05
8.766461466531598e-05
5.521452466790088e-05
5.5229592665510096e-05
5.52543650948425e-05
5.526406470446729e-05
5.527376772011965e-05
5.5293183976685795e-05
5.530505618343061e-05
5.5320173640262676e-05
5.5332057441185283e-05
5.5347189665051836e-05
5.5368821490919515e-05
5.538180870471723e-05
5.539805129207808e-05
5.5424059258100065e-05
5.54457512246988e-05
5.546420275102446e-05
5.679370177431358e-05
5.680705190989226e-05
5.683377101869635e-05
5.686163016411443e-05
5.688616881460994e-05
5.69062616510665e-05
5.693195649613255e-05
5.6950963256809564e-05
5.696774447019998e-05
5.698005698005698e-05
5.698901487609802e-05
5.7008059760172986e-05
5.702936028789994e-05
5.7038333693920496e-05
5.705628898026639e-05
5.707537886242865e-05
5.7094481523044514e-05
5.711359697494879e-05
5.714285714285714e-05
5.715862503941974e-05
5.717891084033282e-05
5.719582667692247e-05
5.787493752137427e-05
5.7898926896025374e-05
5.7917217867461717e-05
5.7937809029080834e-05
5.7953834502288526e-05
5.79652866976254e-05
5.797674341996904e-05
5.7996230245034076e-05
5.802032029854093e-05
5.803983643318824e-05
5.8069710047379606e-05
5.80938611952812e-05
5.811572955052767e-05
5.8145681361666144e-05
5.816182205126172e-05
5.818489573002209e-05
5.820336785851291e-05
5.824266010113044e-05
5.826464064620784e-05
5.829242927074847e-05
5.830981062563777e-05
5.832488285314723e-05
5.8341123199215054e-05
5.835969467268833e-05
5.837479270315092e-05
5.839919833827736e-05
5.8421297218349604e-05
5.8432934926958834e-05
5.8451564907805944e-05
5.847953216374269e-05
5.849702529331605e-05
5.8520365752285957e-05
5.85285393138859e-05
5.854489328862633e-05
5.8562425549189114e-05
5.8591669329924366e-05
5.8613914143937125e-05
5.8642037011122e-05
5.866784002346714e-05
5.8690142723756176e-05
5.871246238732879e-05
5.8741856242657274e-05
5.8771279544255444e-05
5.879483941659485e-05
5.881723879798952e-05
5.884201587397111e-05
5.88550026752274e-05
5.8869176634288625e-05
5.888926810008499e-05
5.892120627778671e-05
5.8937780456767804e-05
5.8961474036850924e-05
5.898400058984001e-05
5.900773135389217e-05
5.902554196179438e-05
5.90493061706525e-05
5.907903835438025e-05
5.9112373966373126e-05
5.91338238752814e-05
5.9149325159972047e-05
5.917677042775391e-05
5.9207826198117466e-05
5.923891458152419e-05
5.926644307054054e-05
5.92856084185564e-05
5.931437969291328e-05
5.933117583603021e-05
4.7216263979386734e-05
4.7235380649688925e-05
4.7252598892939114e-05
4.727270271547911e-05
6.079273729431791e-05
6.082231773578785e-05
6.0849458439819885e-05
6.086674241194611e-05
6.0884036205706864e-05
6.0905049028564466e-05
6.0937214356807704e-05
6.097313117352953e-05
6.1004127945991015e-05
6.103639803869707e-05
6.105875887896119e-05
6.109481915933529e-05
6.111971314481297e-05
6.113964294448521e-05
6.117330397014743e-05
6.119451697127937e-05
6.122573930080205e-05
6.124448799608035e-05
6.12732583076326e-05
6.129203612143995e-05
6.131207847946045e-05
6.13421666053245e-05
6.137605106487449e-05
6.140871594374962e-05
6.143260842855388e-05
6.145651951244495e-05
6.147918929442384e-05
6.149809355909966e-05
6.15245790693382e-05
6.155613919894944e-05
6.158773172384061e-05
6.160796796385666e-05
6.162821750652231e-05
6.165861679169664e-05
6.169919585381404e-05
6.174109899156205e-05
6.177033788374823e-05
6.179578552742703e-05
6.182762458266353e-05
6.185439475474733e-05
6.189778612251635e-05
6.192589534523686e-05
6.1956589083249e-05
6.197962936181642e-05
6.201678587671063e-05
6.205527056097964e-05
6.207709975789931e-05
6.210280083631772e-05
6.214139238146529e-05
6.217101172959754e-05
6.219936971305358e-05
6.224712107065048e-05
6.227425582264292e-05
6.229365227683299e-05
6.232730143560551e-05
6.236487610177948e-05
6.238822110385559e-05
6.242716830364575e-05
6.246356292162904e-05
6.248437890527369e-05
6.25117209476777e-05
6.254299831133904e-05
6.256908669989781e-05
6.260564702936204e-05
6.263048016701462e-05
6.26527159952384e-05
6.26749676179334e-05
6.270378730875344e-05
6.273788113262789e-05
6.277595262508108e-05
6.280486528356396e-05
6.284301814068457e-05
6.28693574751666e-05
6.290231270836391e-05
6.293266205160478e-05
6.296964862936064e-05
6.300270911649201e-05
6.302918251150283e-05
6.30490521625825e-05
6.307689072979963e-05
6.31246712256707e-05
6.316853364777226e-05
6.319647784963452e-05
6.323110970597533e-05
6.327245117475851e-05
6.329648071567221e-05
6.332988537290748e-05
6.334994509671425e-05
6.338072803329601e-05
6.34209246770818e-05
6.346788525006347e-05
6.350415952244872e-05
6.354182110859298e-05
6.35674026359283e-05
6.359839732038752e-05
6.363347120585428e-05
6.366453036798098e-05
6.369832473405949e-05
6.372809346787042e-05
6.378228978420326e-05
6.382163979066502e-05
6.385424205014687e-05
6.388551715326135e-05
6.391818472355386e-05
6.397134083930399e-05
6.400955876077494e-05
6.404372051320368e-05
6.409023905659168e-05
6.413682522715126e-05
6.418897233455292e-05
6.423432682425488e-05
6.42756138321121e-05
1.4289286607366126e-05
1.4298174123164471e-05
1.4307686804735844e-05
1.4312908812457955e-05
1.4321825746346143e-05
1.4334143212424835e-05
1.4344012450602807e-05
1.4355440712029859e-05
1.4363172824877015e-05
1.4371223062938771e-05
1.4377731769036117e-05
1.4383936020252581e-05
1.4392320257910378e-05
1.4400092160589826e-05
1.4409118089927306e-05
1.4420338445343312e-05
0.0
0.0
0.0
0.0
0.0
0.0
0.0
0.0
0.0
0.0
0.0
0.0
0.0
0.0
0.0
0.0
0.0
0.0
0.0
0.0
0.0
0.0
0.0
0.0
0.0
0.0
0.0
0.0
0.0
0.0
0.0
0.0
0.0
0.0
0.0
0.0
0.0
0.0
0.0
0.0
0.0
0.0
0.0
0.0
0.0
0.0
0.0
0.0
0.0
0.0
0.0
0.0
0.0
0.0
0.0
0.0
0.0
0.0
0.0
0.0
0.0
0.0
0.0
0.0
0.0
0.0
0.0
0.0
0.0
0.0
0.0
0.0
0.0
0.0
0.0
0.0
0.0
0.0
0.0
0.0
0.0
0.0
0.0
0.0
0.0
0.0
0.0
0.0
0.0
0.0
0.0
0.0
0.0
0.0
0.0
0.0
0.0
0.0
0.0
0.0
0.0
0.0
0.0
0.0
0.0
0.0
0.0
0.0
0.0
0.0
0.0
0.0
0.0
0.0
0.0
0.0
0.0
0.0
0.0
0.0
0.0
0.0
0.0
0.0
0.0
0.0
0.0
0.0
0.0
0.0
0.0
0.0
0.0
0.0
0.0
0.0
0.0
0.0
0.0
0.0
0.0
0.0
0.0
0.0
0.0
0.0
0.0
0.0
0.0
0.0
0.0
0.0
0.0
0.0
0.0
0.0
0.0
0.0
0.0
0.0
0.0
0.0
0.0
0.0
0.0
0.0
0.0
0.0
0.0
0.0
0.0
0.0
0.0
0.0
0.0
0.0
0.0
0.0
0.0
0.0
0.0
0.0
0.0
0.0
0.0
0.0
0.0
0.0
0.0
0.0
0.0
0.0
0.0
0.0
0.0
0.0
0.0
0.0
0.0
0.0
0.0
0.0
0.0
0.0
0.0
0.0
0.0
0.0
0.0
0.0
0.0
0.0
0.0
0.0
0.0
0.0
0.0
0.0
0.0
0.0
0.0
0.0
0.0
0.0
0.0
0.0
0.0
0.0
0.0
0.0
0.0
0.0
0.0
0.0
0.0
0.0
0.0
0.0
0.0
0.0
0.0
0.0
0.0
0.0
0.0
0.0
0.0
0.0
0.0
0.0
0.0
0.0
0.0
0.0
0.0
0.0
0.0
0.0
0.0
0.0
0.0
0.0
0.0
0.0
0.0
0.0
0.0
0.0
0.0
0.0
0.0
0.0
0.0
0.0
0.0
0.0
0.0
0.0
0.0
0.0
0.0
0.0
0.0
0.0
0.0
0.0
0.0
0.0
0.0
0.0
0.0
0.0
0.0
0.0
0.0
0.0
0.0
0.0
0.0
0.0
0.0
0.0
0.0
0.0
0.0
0.0
0.0
0.0
0.0
0.0
0.0
0.0
0.0
0.0
0.0
0.0
0.0
0.0
0.0
0.0
0.0
0.0
0.0
0.0
0.0
0.0
0.0
0.0
0.0
0.0
0.0
0.0
0.0
0.0
0.0
0.0
0.0
0.0
0.0
0.0
0.0
0.0
0.0
0.0
0.0
0.0
0.0
0.0
0.0
0.0
0.0
0.0
0.0
0.0
0.0
0.0
0.0
0.0
0.0
0.0
0.0
0.0
0.0
0.0
0.0
0.0
0.0
0.0
0.0
0.0
0.0
0.0
0.0
0.0
0.0
0.0
0.0
0.0
0.0
0.0
0.0
0.0
0.0
0.0
0.0
0.0
0.0
0.0
0.0
0.0
0.0
0.0
0.0
0.0
0.0
0.0
0.0
0.0
0.0
0.0
0.0
0.0
0.0
0.0
0.0
0.0
0.0
0.0
0.0
0.0
0.0
0.0
0.0
0.0
0.0
0.0
0.0
0.0
0.0
0.0
0.0
0.0
0.0
0.0
0.0
0.0
0.0
0.0
0.0
0.0
0.0
0.0
0.0
0.0
0.0
0.0
0.0
0.0
0.0
0.0
0.0
0.0
0.0
0.0
0.0
0.0
0.0
0.0
0.0
0.0
0.0
0.0
0.0
0.0
0.0
0.0
0.0
0.0
0.0
0.0
0.0
0.0
0.0
0.0
0.0
0.0
0.0
0.0
0.0
0.0
0.0
0.0
0.0
0.0
0.0
0.0
0.0
0.0
0.0
0.0
0.0
0.0
0.0
0.0
0.0
0.0
