0.00011938704392610493
0.00011942336351964825
0.00011945516129616546
0.00011948924913825512
0.00011950516345660756
0.00011953700481410589
0.00011956203492951821
0.00011960073845975284
0.0001196303521884917
0.0001196622603012513
0.00011970559140370459
0.00011974895389892242
0.00011978320964513655
0.00011979463258286853
0.00011984263272185422
0.00011987236637502872
0.00011989295985631022
0.00011992271849073756
0.00011994791041464326
0.00011998457211263812
0.00012001437624825413
0.00012004648957306588
0.00012007632448100444
0.00012009928450327699
0.0001201314432895796
0.00012015442439745151
0.00012018431298582844
0.00012020731432800099
0.00012023722923833953
0.00012027637120990368
0.00012030632050552367
0.00012034320165834573
0.00012038010543070339
0.00012042395806799432
0.00012044243189615103
0.00012047939656172444
0.00012051407154826317
0.00012054413935231513
0.00012058811160297162
0.00012061126778078923
0.00012063674985023297
0.0001206645607544691
0.0001207132607040356
0.00012074574918205968
0.00012077361037096451
0.00012079916109149688
0.0001208270469375061
0.00012086192235514894
0.00012090612679651927
0.00012093639057594693
0.00012095502197181443
0.00012100395671012348
0.00012425791685365004
0.00012429384754634396
0.00012433938959828457
0.00012438736466902761
0.00012440896553118217
0.00012444978763572056
0.00012448582939373376
0.0001245074644707743
0.00012455316322719637
0.00012459408003283245
0.00012462779641672072
0.0001246518907224562
0.0001247194043681267
0.00012475318862332
0.00012477250213099267
0.0001248014836075924
0.00012483289540404736
0.00013776962594716616
0.0001378256754288371
0.0001378523816905463
0.00013788177053483176
0.00013792186643181176
0.00013796466110006038
0.00013798339211943043
0.0001380262249827467
0.00013805033015651248
0.00013809588513084446
0.00013813878787374446
0.00013817366598597175
0.0001382139318533156
0.00013824347507453488
0.00013829453403350726
0.00013832949084747646
0.00013836177436473053
0.00013968006965478275
0.0001397235549082068
0.00013978339136012574
0.0001398432790837854
0.00013987324219311595
0.00013992230044138619
0.00013994411515507534
0.00013999868171002633
0.00014043574089605803
0.00014048232264106766
0.00014055088137115193
0.0001406085224387767
0.00014067995310668228
0.00014072669702714852
0.000140776224459869
0.0001408423152911719
0.00014087538398325147
0.00014091949973577594
0.00014096088335486902
0.00014101609933800773
0.00014107688690336232
0.00014113219382154616
0.0001411709344731579
0.00014122077514514355
0.0001413066944046474
0.00014135108074680487
0.00014138994167664905
0.0001414316021057594
0.00014146216869363615
0.00014149274849663954
0.00014152334152334152
0.00014156786409485046
0.00014161520003147003
0.00014166256763403835
0.00014170160004723384
0.00014176298017287207
0.0001417964826594718
0.00014186912573151266
0.00014191106906338692
0.00014195863483112836
0.00014199783058869932
0.00014205386208937553
0.00014209591474245115
0.0001421464108031272
0.0001421913263290939
0.00014225875286493322
0.00014231780356189835
0.00014235156883291483
0.0001423853501295311
0.00014241914746315892
0.0001424557793518262
0.0001425037110341415
0.00014254320841004928
0.0001425911989543312
0.00014261944378416921
0.0001426759670259987
0.00014274385408406026
0.0001427834847102685
0.00014283163720764147
0.00014287415168472435
0.0001429337144899053
0.0001429961669083037
0.0001430473049490394
0.00014310416790889034
0.00014316392269148173
0.000143232275005968
0.00014329784058115234
0.0001433235130185524
0.0001433606116719431
0.0001433948736332676
0.000143452013309159
0.0001434834595456357
0.0001435463933968659
0.00014359219815723344
0.0001436437634666028
0.00014369249805416408
0.00014375848574395015
0.00014380729822038467
0.00014384177404854658
0.00014387626641088663
0.00014389064311123544
0.00014395105664074214
0.00015735221559920522
0.00015739944109859473
0.00015744984621953579
0.00015752236016553197
0.00015758547008547008
0.0001576644286334636
0.00014100790579869952
0.0001410474949029045
0.0001410871062432716
0.00014115223033903294
0.00014119190053666305
0.000141271307864326
0.0001413479638524354
0.00014141617238028217
0.00014149583224361425
0.00014153569583911886
0.00014158698204999162
0.00014164115783255464
0.00014168681171098575
0.00014175534773728905
0.00014179821643380846
0.00014186113744394467
0.00014192697823337908
0.0001419814145655436
0.00014205310497118545
0.00011383460976283333
0.0001138645214321327
0.00011388754110733731
0.00011395665601273077
0.00011401200836537812
0.00011408589520299187
0.00011411131592629353
0.00011415525114155251
0.00011419459028467562
0.00011422237541988549
0.00011429421630687659
0.00011434293408028362
0.00011440098560849139
0.00011444746928880039
0.00011448701012769704
0.00011453589243114291
0.00011458714725465467
0.00011462911715231427
0.0001146594478706587
0.00011472015748565997
0.0001147598870056497
0.00011481836278526248
0.0001148862693913067
0.0001149448740707489
0.00011501527865683931
0.00011507401506175865
0.0001151257527453064
0.00011515870095534022
0.00011520344655991601
0.00011524351158572343
0.00011528596376337044
0.00011531900375298532
0.0001153615115771079
0.00011540641495776398
0.00011546318500754951
0.00011552711811109743
0.00011557926412255504
0.00011565044823102716
0.00011571458893932858
0.00011575976765850183
0.00011581212395323656
0.00011585976169909368
0.00011591459357874303
0.00011596947738252086
0.00011601246619163337
0.0001160626601012286
0.00011612247141600703
0.00011617515638963359
0.00011623988059619364
0.00011629747379866084
0.0001163359009836923
0.00011638637521865487
0.00011781971516567105
0.00011785381991109271
0.0001178952593695706
0.00011796601750864048
0.00011799776425288782
0.00011804419408950648
0.00011809066047899227
0.00011814450938937942
0.00011820085851149865
0.00011825480799153544
0.0001183259985053558
0.00011837268705999624
0.00011844155844155843
0.0001184957279171777
0.00011856967528550328
0.00011863630687258043
0.00011871290221805684
0.00011877969492373091
0.00011882921947965309
0.00011887134783424744
0.00011892343000208636
0.00011898549211982047
0.00011905259200467854
0.00011913470582087991
0.00011919200368031448
0.00011926183202912498
0.00011929677689409794
0.00011936422842543923
0.00011941674348445485
0.00011948934029306332
0.00011956453338367628
0.00011963479903452617
0.00011966745045347663
0.00011973783715654146
0.00011978564673741723
0.00011985617259288852
0.00011992930483083654
0.00011999494758115447
0.00012007077856420625
0.00012011632317612845
0.00012015430342123568
0.0001202024462252214
0.00012025062762388977
0.00012031154357599678
0.00012037506335529649
0.00012041829513045314
0.00012046919581528055
0.00012052523629289746
0.00012060684285139965
0.00012067833929667815
0.0001207448047958989
0.0001208420784837499
0.00012090359529112312
0.00012099341965612395
0.00012104994903160039
0.0001211245457829533
0.00012118377413045326
0.00012125079770261645
0.00012129724208375892
0.00012138765253316863
0.0001214419635247997
0.0001214911439350342
0.00012297762233785434
0.00012303009614837569
0.00012310626276426927
9.469292437381632e-05
9.474554054824186e-05
9.478808093334187e-05
9.485297788427935e-05
9.488952148569879e-05
9.493015852622711e-05
9.497083038780944e-05
9.504820301724444e-05
9.508489722966933e-05
9.512978420559477e-05
9.517471358136005e-05
9.524014121320185e-05
9.52790314492442e-05
9.532820137903352e-05
9.538357824680679e-05
9.545340366742023e-05
9.548835472846843e-05
9.554391787533313e-05
9.558511746907856e-05
9.563047808048777e-05
9.568414161252958e-05
9.57337306643057e-05
9.577509415483879e-05
9.584756633660511e-05
9.591184763717917e-05
9.596998232131903e-05
9.603234773818547e-05
9.611146038834809e-05
9.616357930964672e-05
9.623664083472622e-05
6.372517071828406e-05
6.377088858935896e-05
6.382222609023593e-05
6.388894938978793e-05
6.392236338410803e-05
6.396557489060433e-05
6.400744813941986e-05
6.403679204779474e-05
6.407455948740353e-05
6.411937862493078e-05
6.415724357151711e-05
6.419234360410831e-05
6.421342206460747e-05
6.424576927008046e-05
6.430774177518599e-05
6.434018410066315e-05
6.437689747247522e-05
6.440940962920675e-05
6.444903399686544e-05
6.44901249496171e-05
6.454120736063134e-05
6.456677892481639e-05
6.460375142238374e-05
6.464361534110527e-05
6.467497152096425e-05
6.47063581349863e-05
6.47377752275018e-05
6.476636270635079e-05
6.480499587604572e-05
6.484797571148547e-05
6.490106275490261e-05
6.49297946595244e-05
6.499165448073145e-05
6.505940367142044e-05
6.510850183857531e-05
6.514175734695389e-05
6.521706908562705e-05
6.524753282766496e-05
6.528238340047034e-05
6.53259990052632e-05
6.537404353316991e-05
6.54425927165369e-05
6.549373344050491e-05
6.555813814887657e-05
6.561533012712971e-05
6.565204416592062e-05
6.568732831721009e-05
6.576390757181718e-05
6.578603093438591e-05
6.583032234415794e-05
6.586875650266844e-05
6.593538332434216e-05
6.598581305019421e-05
6.60259151717049e-05
6.606904214904576e-05
6.612414808803529e-05
6.617337424051014e-05
6.62122101334778e-05
6.625558090333461e-05
6.630350429089156e-05
6.634999623011385e-05
6.640106241699868e-05
6.647178348327253e-05
6.652303738141135e-05
6.658041476572017e-05
6.663032285420075e-05
6.666969710744429e-05
6.670608389806098e-05
6.675921922058612e-05
6.680635267680909e-05
6.688251478255583e-05
6.69282954580025e-05
6.699402382855621e-05
6.703536115300821e-05
6.708748818345379e-05
6.714584382487144e-05
6.71781365700981e-05
6.72443568230098e-05
6.729217804898565e-05
6.733852146032767e-05
6.738802484167643e-05
6.745310859183971e-05
6.751054852320675e-05
6.755719330569631e-05
6.758365397169167e-05
6.762884062648899e-05
6.76850185364653e-05
6.773659700573452e-05
6.77851211659041e-05
6.784155912237693e-05
6.788709142385461e-05
6.792639249104607e-05
6.798621733957571e-05
6.803667795457006e-05
6.809037449705974e-05
6.817741623087353e-05
6.82440344632374e-05
6.828533960316906e-05
6.83457986750235e-05
6.839519990051607e-05
6.847023489958996e-05
6.854062979492333e-05
6.862240521530281e-05
6.865613419153501e-05
6.87204716723283e-05
6.877847858879068e-05
6.885435738541227e-05
6.890773411011143e-05
6.895795132195528e-05
6.901960784313726e-05
6.908300165642198e-05
6.916770811227178e-05
6.92215719589705e-05
6.928697404887881e-05
6.934102388325494e-05
6.940665199662431e-05
6.946417858608823e-05
6.951356304406212e-05
6.959932931555388e-05
6.96489061955868e-05
6.970020989267753e-05
6.975656544037797e-05
6.984126984126985e-05
6.992951422827219e-05
7.001798189080378e-05
7.010834926704908e-05
7.016872388607151e-05
7.025275023550639e-05
7.032686006553186e-05
7.040619574522559e-05
7.045862157314886e-05
7.053486265740096e-05
7.057559207307783e-05
7.066910796312359e-05
7.075945804687814e-05
7.082951014954686e-05
7.090141480550454e-05
7.09717484051519e-05
7.105426769695355e-05
7.111973168464865e-05
7.121642509731563e-05
7.128392061563387e-05
7.295542423579193e-05
7.306736811340056e-05
7.317073170731707e-05
7.326007326007326e-05
7.336398317519319e-05
3.263734201486631e-05
3.2665327388243746e-05
3.2694964158145537e-05
3.2735903101726815e-05
3.276083769461985e-05
3.2796294018775874e-05
3.282859370511716e-05
3.2853669754911625e-05
3.289744222386709e-05
3.293238158750545e-05
3.295843117867589e-05
3.3005751252155685e-05
3.304173997802724e-05
3.306468278569952e-05
3.309751354929461e-05
3.312958637711408e-05
3.316337105666791e-05
3.319805127439019e-05
3.322783495734376e-05
3.326596974460051e-05
3.331084851058869e-05
3.3346672002134185e-05
3.338424430589983e-05
3.341268846844589e-05
3.3461322893400586e-05
3.34991541463578e-05
3.354382080890924e-05
3.3573383021940206e-05
3.3607232276385875e-05
3.363690641371713e-05
3.3681090593713424e-05
3.371601004737099e-05
3.3757838148044996e-05
3.37894914681534e-05
3.382292010180699e-05
3.385297652296078e-05
3.389859236095221e-05
3.394260305822853e-05
3.397893306150187e-05
3.401794446570566e-05
3.406661727007162e-05
3.40962366278822e-05
3.412154092878834e-05
3.417226237463051e-05
3.4218743316651696e-05
3.426535087719298e-05
3.431826761385085e-05
3.435806254885287e-05
3.440860215053763e-05
3.444771697755731e-05
3.450119891666235e-05
3.454857962152031e-05
3.4579043370765145e-05
3.4613154729454925e-05
3.465003465003465e-05
3.47041471455839e-05
3.4744842562432135e-05
3.480379361350387e-05
3.487388730503317e-05
3.49067553298252e-05
3.495067585869442e-05
3.499562554680665e-05
3.502872355331372e-05
3.5078488117162146e-05
3.512099181680891e-05
3.516174402250352e-05
3.5198873636043646e-05
3.5258444397433186e-05
3.531915269352688e-05
3.535755325731459e-05
3.539603741361155e-05
3.545062171527833e-05
3.54930877211663e-05
3.556029692847935e-05
3.5610633335113865e-05
3.566206626011911e-05
3.573183259636428e-05
3.5772095976533506e-05
3.5817260337756763e-05
3.586543289577505e-05
3.590019745108598e-05
3.5940841375096586e-05
3.6011703803736215e-05
3.6053575613361455e-05
3.6096522100095655e-05
3.614544928793465e-05
3.618861506170159e-05
3.6237792393687374e-05
3.6307854296580705e-05
3.634645440337295e-05
3.6416937517639454e-05
3.6480706266473314e-05
3.654169407293722e-05
3.6589828027808264e-05
3.6644130526392934e-05
3.669354468815073e-05
3.676538171657567e-05
3.682630871494596e-05
3.6880295779972156e-05
3.694774664930122e-05
3.7000037000037e-05
3.705968462208386e-05
3.711125955614933e-05
3.717126661090976e-05
3.7246028642196025e-05
3.7315869506404334e-05
3.736920777279521e-05
3.744792398071432e-05
3.7505860290670415e-05
3.7560801547505025e-05
3.763076691502973e-05
3.7677555480200444e-05
3.776613322003493e-05
3.784653231147696e-05
3.789385930010042e-05
3.797480371773328e-05
3.8062612998382336e-05
3.813882532418001e-05
3.8198920880485124e-05
3.827348317401996e-05
3.834723420573291e-05
3.840688251334639e-05
3.849559225468684e-05
3.856908687686819e-05
3.8629427898172826e-05
3.869557225914425e-05
3.878675044604763e-05
3.885343512933337e-05
3.8939672712050853e-05
3.901144986053407e-05
3.907661948164864e-05
3.9137411451606586e-05
3.9223761754871096e-05
3.9288485527104145e-05
3.935690812129799e-05
3.940110323089046e-05
3.947576188220432e-05
3.9550704002531244e-05
3.9616512162269234e-05
3.9680177767196396e-05
3.9752342903709884e-05
3.9815257206561555e-05
3.991060025542784e-05
3.998480577380595e-05
4.007614467488228e-05
4.012921607576396e-05
4.022728415547845e-05
4.032095480020967e-05
4.0384460059769e-05
4.0477636106051404e-05
4.0563837339012266e-05
4.064173296349356e-05
4.075727007805017e-05
4.0849673202614376e-05
4.0948783309275924e-05
4.107240037375884e-05
4.1162426936692186e-05
4.128606079372452e-05
4.1351362527395274e-05
4.1452925022021866e-05
4.1536863966770505e-05
4.1639340849234354e-05
4.1733178920571327e-05
4.182350480970305e-05
4.18997339366895e-05
4.1974919985308774e-05
4.207824449563964e-05
4.217540751987516e-05
4.2303868688791586e-05
4.241556651291024e-05
4.253599608668836e-05
4.2612123149035895e-05
4.269262378192607e-05
4.2765197682126285e-05
4.288072725713428e-05
4.301491542192255e-05
4.312343003762519e-05
4.320027648176948e-05
4.330410306376529e-05
4.339995226005251e-05
4.3538836642284913e-05
4.361859897060106e-05
4.373161905386642e-05
4.933561373503486e-05
4.946903238572654e-05
4.9578582052553296e-05
4.969026402093616e-05
4.985541928407618e-05
4.9936746787402626e-05
5.0023344227306075e-05
5.0121963444381325e-05
5.0268096514745307e-05
5.0398145348251183e-05
5.056463846283499e-05
5.0689375506893756e-05
5.0837117874330645e-05
5.093724531377343e-05
5.1126486928661506e-05
5.129958960328317e-05
5.1440329218106995e-05
5.156942964210816e-05
5.17170045510964e-05
5.184212345337665e-05
5.1971450349941097e-05
5.213583121893573e-05
5.228302544440572e-05
5.243655177235545e-05
5.261680931668304e-05
5.283364446479518e-05
5.299417064122947e-05
5.317263381779511e-05
5.333333333333333e-05
5.349882302589343e-05
5.370377000465433e-05
5.3858030232307636e-05
5.409304002884962e-05
5.430650591940915e-05
5.447216472382613e-05
5.463087737189059e-05
5.483859174496399e-05
7.953697245573462e-05
7.976243066804105e-05
8.008674010004683e-05
8.04823991184082e-05
8.074032668778338e-05
8.09847748623259e-05
8.13008130081301e-05
8.15855204528624e-05
8.195894487315279e-05
8.225765628954697e-05
8.256799156536211e-05
8.279200101897848e-05
8.308089522860029e-05
8.352608583911593e-05
8.38039246022537e-05
8.41881670293234e-05
8.459906550570719e-05
8.491404086324922e-05
8.524142995777272e-05
8.567286147357322e-05
8.609157494602722e-05
8.635234413401885e-05
8.672911162703814e-05
8.721437292865865e-05
8.781884997838307e-05
8.825166659878078e-05
8.868151058720804e-05
8.904231564815958e-05
8.955388388305641e-05
9.003019474223664e-05
9.04247179444375e-05
9.091417701689606e-05
9.134730244389169e-05
9.18156905952482e-05
9.22771152754117e-05
9.26678357070556e-05
9.326618168252193e-05
9.394149612671987e-05
9.451108687749911e-05
9.497508730402258e-05
9.538904053300462e-05
9.602316374165339e-05
0.00010421319041238647
0.00010482651212243736
0.00010543756589847867
0.00010594021944759741
0.00010644283259583655
0.0001069453356555749
0.0
0.0
0.0
0.0
0.0
0.0
0.0
0.0
0.0
0.0
0.0
0.0
0.0
0.0
0.0
0.0
0.0
0.0
0.0
0.0
0.0
0.0
0.0
0.0
0.0
0.0
0.0
0.0
0.0
0.0
0.0
0.0
0.0
0.0
0.0
0.0
0.0
0.0
0.0
0.0
0.0
0.0
0.0
0.0
0.0
0.0
0.0
0.0
0.0
0.0
0.0
0.0
0.0
0.0
0.0
0.0
0.0
0.0
0.0
0.0
0.0
0.0
0.0
0.0
0.0
0.0
0.0
0.0
0.0
0.0
0.0
0.0
0.0
