0.00019838057489391384
0.00019838057489391384
0.00019838057489391384
0.00019838057489391384
0.00019838057489391384
0.00019838057489391384
0.00019838057489391384
0.00019838057489391384
0.00019838057489391384
0.00019838057489391384
0.00019838057489391384
0.00019838057489391384
0.00019838057489391384
0.00019838057489391384
0.0001983841436601025
0.0001983841436601025
0.0001983841436601025
0.00019838771255469402
0.0001983912815776954
0.0001983912815776954
0.0001983912815776954
0.00019839485072911355
0.00019839485072911355
0.00019839485072911355
0.00019839485072911355
0.00019839485072911355
0.0001983984200089554
0.0001983984200089554
0.0001983984200089554
0.0001983984200089554
0.0001984055589539379
0.0001984055589539379
0.0001984055589539379
0.0001984055589539379
0.0001984055589539379
0.0001984055589539379
0.00019840912861909243
0.00019840912861909243
0.00019841269841269839
0.00019842340856429417
0.00019842340856429417
0.00019842697887177517
0.00019842697887177517
0.00019842697887177517
0.00019842697887177517
0.00020142949967511372
0.00020142949967511372
0.00020142949967511372
0.00020143312420276468
0.00020143312420276468
0.00020144037364939977
0.000190643569503427
0.00019064700013396278
0.00019064700013396278
0.00019065386176545277
0.00019065386176545277
0.00019065386176545277
0.0001906607238908785
0.0001906607238908785
0.00019066758651029326
0.00019066758651029326
0.00019067101800526322
0.00019067101800526322
0.00019067101800526322
0.00019067101800526322
0.00019067101800526322
0.00019067444962375042
0.00019067444962375042
0.0001906778813657616
0.00019068474522038238
0.00019069160956917895
0.00019069504192890986
0.000190705339749513
0.000190705339749513
0.000190705339749513
0.0001907122055811572
0.0001907122055811572
0.00019071907190719073
0.00019072250525562016
0.00020272757094964914
0.00020273852031886058
0.00020274217037143726
0.00020274582055544553
0.0002027494708708925
0.00020275677189613092
0.00020275677189613092
0.00020276042260593656
0.0002027713755241845
0.00020277867812711333
0.00020278598125605257
0.00020279693693585533
0.00020280789379950134
0.00020281519903305077
0.00020281885184718246
0.00020282250479289492
0.00020403057957092541
0.000204034254539487
0.00020404160487378243
0.00020404528023953059
0.00020406365905456178
0.00020407468793287055
0.00020407836449056477
0.00020409674926629275
0.00020409674926629275
0.00020411145947201302
0.00020411513735477194
0.0002041261717983526
0.00020413720743503954
0.0002041519234735664
0.00020415928228850643
0.00020415928228850643
0.00019515838970797337
0.00019515838970797337
0.0001951724607552143
0.0001951865338316649
0.00019520412803147307
0.00019521116659955973
0.0001952182056752507
0.00019522172540346495
0.0001952287652406653
0.00019524988779893573
0.00019525340866969216
0.00019525340866969216
0.00019526045079216236
0.00019527453656112425
0.00019528510222158098
0.00019528862436248137
0.00019530975987622033
0.0001953238527604903
0.0001953238527604903
0.00019533089996532353
0.0001953344237584388
0.0001953555691873449
0.0001953696686835152
0.0001953837702150525
0.0001953908217442215
0.0001953943476996802
0.00019540139999238047
0.00019541197938599132
0.00019542255992524013
0.00018520523989443204
0.00018520858276828173
0.00018521526887801867
0.00018523198626455183
0.00018524536234674886
0.00018524870666915407
0.00018525539567623738
0.0001852587403609286
0.0001852587403609286
0.00018526543009264278
0.0001852721203075096
0.00018529553986512654
0.00018530557863096603
0.0001853156184846059
0.00018532900664856527
0.00018533904904109372
0.00018535244059087993
0.00018537253154444328
0.00018539597649576514
0.00018541607688894515
0.00018542612872006782
0.00018543953285703389
0.00018665108396186255
0.0001866544573164732
0.00018667470000502086
0.00018669494708468663
0.00018670844757801282
0.0001867219500240057
0.00018674558400437181
0.00018678273520658634
0.00018680300572969738
0.00018680976354848114
0.00018681652185622668
0.0001868232806529871
0.00018684355997788837
0.0001868503207312391
0.00018687060592718582
0.00018689089552808996
0.00018692133819188047
0.0001869247213222888
0.00018693487144833803
0.00018694502267676313
0.00018696871316444802
0.00018697886806875677
0.00018698563861781507
0.0001870025671358329
0.00018701272571802226
0.00018702965914121295
0.000187036433369151
0.0001870465956312194
0.00018705337108611703
0.00018706692346859714
0.00018707031187106541
0.00018708047781501277
0.000187097423510467
0.00018711776239768415
0.00018713132411266135
0.00018714827902107056
0.00018714827902107056
0.00018715845344093688
0.0001871720210550904
0.0001871957691138058
0.00018720255538033642
0.0001872127357027477
0.00018721612938960898
0.00018723649409484907
0.00018724667810895965
0.00018725686323097166
0.00018726365392790302
0.00018727044511736892
0.00018728402897411878
0.0001873145998581286
0.00018732479237077213
0.00018733498599270414
0.00018735197782816833
0.00018737577157694
0.00017952036512889987
0.0001795301370719149
0.00017954968414982572
0.00017956271790001352
0.00017956597663323375
0.00017959531055568667
0.00017960183050669701
0.00017962139320040746
0.000179627915045376
0.00017967031858442793
0.00017968010685972445
0.0001796931595525933
0.00017969968661020406
0.0001797127421480365
0.00017973885891559238
0.00017974865466054656
0.00017976824935400518
0.0001797780483028589
0.00017978784832002845
0.0001797943822584032
0.0001798237908591761
0.00017982705907535978
0.00017984013312814798
0.00017986628693772853
0.00017987282657876027
0.00017988917776202108
0.00017990226084918718
0.0001799317047543998
0.00017993497689436879
0.0001799513393795367
0.00017996770484083824
0.0001799971701736301
0.0001800168190896668
0.00018003647229601597
0.00018006596015294994
0.00016916213680191552
0.0001691898506315545
0.00016920833156337174
0.00016923606053249174
0.00016924838743616517
0.00016925763379244344
0.0001692668811590684
0.00016927921255317172
0.00016928537892402093
0.00016929771301356003
0.00016930696476026824
0.0001693254712875416
0.00016933472606843838
0.00016935632449198166
0.00016936866892221597
0.00016939336318220574
0.0001694149765674683
0.00016943968433376683
0.00016946439930796132
0.00016948603082558847
0.00016950457652224838
0.00016952621829869854
0.00016955405156145805
0.00016956333134681735
0.00016957879991323408
0.00016960355549067437
0.00016961903139726343
0.00016962831829694388
0.00016964689514747014
0.00016966547606733076
0.00016968096327669866
0.0001697088473797076
0.00016972434250838987
0.0001697429403982111
0.00016976774392570405
0.00016977704711744354
0.00016978945295928913
0.0001698235783746473
0.00016984219801996283
0.0001698639261005619
0.00016989187037443236
0.00016991361116697036
0.00013033293309034315
0.0001303543851093229
0.00013037107489579457
0.00013038776895653198
0.00013039969590343713
0.00013041639729530823
0.0001304211699073735
0.00013042832948046215
0.00013045220040223607
0.0001304617512176769
0.00013047369170378502
0.00013049041205678518
0.0001305023577900651
0.0001305143057106875
0.00013052386562247573
0.00013053581748182874
0.00014275800737091236
0.00014278415879471034
0.00014280770326941084
0.00014282078688858347
0.00014285219735799798
0.00014287838330512425
0.00014290195886705126
0.00014291505976355348
0.0001429334050547283
0.00014294126876422534
0.00014295699877931229
0.00014298060029431785
0.00014301732925586135
0.0001430409506972609
0.00014305670266026325
0.00014307245809292468
0.0001431013520680848
0.00014312237319949402
0.00014313814310141484
0.0001431565457131604
0.00014318810405886733
0.00014321441331087632
0.00014322757156274242
0.00014325126251023585
0.00014325652822960253
0.00014326969422183007
0.0001432854966073099
0.00014329603346774356
0.00014330657187800044
0.00014331711183842246
0.00014333028896939084
0.0001433566505020037
0.00014352373769624472
0.00014354222077380514
0.00014356863342989274
0.00014358712807340863
0.00014361620071382992
0.00014364792975147197
0.00014366909023313235
0.00014367967281196507
0.00014370084264735803
0.0001437140769626817
0.00014372466617018718
0.00014375379453867183
0.00014378293471631716
0.00014380413499421183
0.00014382003930583679
0.0001438412505278276
0.0001438836917473021
0.0001439075759412179
0.00014392350314286416
0.00014394474489670415
0.0001439553681251098
0.00014397396254831716
0.0001439952192005343
0.00014401648213044192
0.00014402179884413384
0.0001440350923459655
0.0001440563670540407
0.00015639110703096076
0.00015641421403726324
0.0001564315487734834
0.00015645466773286321
0.0001564720114373694
0.0001565067103847064
0.0001565356379322333
0.00015656457617524666
0.00015659062974350305
0.0001566137957513059
0.00015661958832428928
0.00015664276290177964
0.00015666594433844423
0.00015668913263732875
0.00015673262920417542
0.00015677034576742102
0.000156796467869728
0.00015681969482543503
0.0001574602469096608
0.00015750691821902064
0.00015752734561790774
0.00015754193986141957
0.0001310126141009993
0.00013102718427920927
0.00013105876411894434
0.00013106848405546815
0.00013108792825441566
0.00013111710537240087
0.0001311292663386006
0.00013116089541056144
0.0001311803670399276
0.0001311925397444021
0.0001312193276478991
0.00013124612649315125
7.555982357289646e-05
7.55766645439751e-05
5.2058868540078246e-05
5.206854113414749e-05
5.2080152992639746e-05
5.208789710936511e-05
5.209080174692279e-05
5.210145485676747e-05
5.211211232484663e-05
5.212277415383525e-05
5.213247051215612e-05
5.2143140673953415e-05
5.215381520445447e-05
5.215963951795098e-05
5.2170320805364367e-05
5.2179063294932734e-05
5.2189752539871724e-05
5.220725348151854e-05
5.221308973731093e-05
5.222379292933326e-05
5.223352691247045e-05
5.225203148085009e-05
5.226177599457223e-05
5.226762444757073e-05
5.2275424421372786e-05
5.228420217505834e-05
5.2296886358021724e-05
5.231348265565816e-05
5.232618105125387e-05
5.233302120265462e-05
5.2336930663571803e-05
5.2341818311187006e-05
5.2356486732946324e-05
5.236920601698595e-05
5.238095238095238e-05
5.238976561255075e-05
5.239858181034651e-05
5.2405440904739636e-05
5.24201450127376e-05
5.242406750188851e-05
5.2440744631841016e-05
5.2448596365049354e-05
5.246332470385188e-05
5.248002682411566e-05
5.249280621100948e-05
5.2501657125371455e-05
5.251149497593929e-05
5.2521336514064736e-05
5.253413602993687e-05
5.254497126321325e-05
5.2556796616360384e-05
5.257158579486272e-05
5.257750379701599e-05
5.258243648336527e-05
5.258934379937232e-05
5.260316387695597e-05
5.261501544029425e-05
5.262786066181435e-05
5.2640712156829063e-05
5.2645656710957005e-05
5.2663464799596944e-05
5.268029461577848e-05
5.269119022996996e-05
5.270010817626283e-05
6.525795479688518e-05
6.526532122453332e-05
6.528005907016465e-05
6.529849073989421e-05
6.531201391410373e-05
6.532923332983596e-05
6.534892378350984e-05
6.536246785709801e-05
6.536739436682908e-05
6.53883403209549e-05
6.540066774216427e-05
6.541423327514746e-05
6.543274080101891e-05
6.544138123085492e-05
6.545866893817683e-05
6.547225854576993e-05
6.54883262676059e-05
6.55068757491478e-05
6.552048538223132e-05
6.553657678664764e-05
6.555019876511885e-05
6.556258729678749e-05
6.556754402070802e-05
6.557869939030264e-05
6.559978100388828e-05
6.560722480988765e-05
6.562087617606392e-05
6.563701693498107e-05
6.564943830755118e-05
6.566932228538257e-05
6.568175588926878e-05
6.569295015902474e-05
6.570539271260904e-05
6.57153501496073e-05
6.57365197272724e-05
6.575022495873125e-05
6.576767624789314e-05
6.578139447526585e-05
6.581384213712046e-05
6.583132721739069e-05
6.584757168436915e-05
6.586132326563676e-05
6.587883358744387e-05
6.58925982306232e-05
6.590762076655494e-05
6.592640857179057e-05
6.593893972719292e-05
6.595147564729315e-05
6.59677794711168e-05
6.597279765413954e-05
6.59941334521862e-05
6.600292279243555e-05
6.602553470713575e-05
6.604564719747967e-05
6.605570803830417e-05
6.607206344369228e-05
6.607961482432892e-05
6.610353892123744e-05
6.611739763375047e-05
6.613378360590258e-05
6.615522367457988e-05
6.616531792957504e-05
6.618046508923689e-05
6.619435607929513e-05
6.620572577288483e-05
6.622341972830672e-05
6.62335348069272e-05
6.62411231439301e-05
6.626516435307099e-05
6.62892230193308e-05
6.630949650293639e-05
6.632470975542252e-05
6.633739279931961e-05
6.635642646277892e-05
6.638055145517833e-05
6.640088084847293e-05
6.640977887412409e-05
6.642631010737629e-05
6.644412218057115e-05
2.6227970785233516e-05
2.6238024053195198e-05
2.6248085031013826e-05
2.6254628805208918e-05
2.626218336941529e-05
2.626722216131272e-05
2.6273271264443444e-05
2.6280332073705592e-05
2.6287396679101748e-05
2.629396007159274e-05
2.630254791638077e-05
2.631164704504188e-05
2.6322270655200227e-05
2.632885147597252e-05
2.6337968815844923e-05
2.635013509599698e-05
2.635926718486694e-05
2.636688209555725e-05
2.6373485244608343e-05
2.637805859323749e-05
2.6386701469578656e-05
2.6392296937667364e-05
2.6399421875616942e-05
2.641164500911776e-05
2.64192902170517e-05
2.6427449985476394e-05
2.6434593918664203e-05
2.6441231030141164e-05
2.644684965126954e-05
2.6454515256664007e-05
2.646013952546616e-05
2.6467812838040002e-05
2.6477538758511952e-05
2.6485734553058988e-05
2.649496088882991e-05
2.650265441368293e-05
2.650675945415437e-05
2.6511379144996497e-05
2.6516514023777242e-05
2.6525761819879466e-05
2.6535016068682774e-05
2.6545306143553322e-05
2.6549424408478826e-05
2.6551998973014858e-05
2.6559210410840963e-05
2.6565910254348954e-05
2.657209772616783e-05
2.658086824672593e-05
2.6586546375259624e-05
2.6592226930202574e-05
2.660101074588309e-05
2.6608248834790077e-05
2.661497344519954e-05
2.66253256393088e-05
2.6633095071348903e-05
2.664086903904764e-05
2.6647091481550482e-05
2.6654354672577907e-05
2.666369888105208e-05
2.6676687822439965e-05
2.6687608316879844e-05
2.6697496471287423e-05
2.67084340125172e-05
2.6718337608267352e-05
2.6726683176784693e-05
2.673764465065756e-05
2.674756992512541e-05
2.6756456681994625e-05
2.67627332430382e-05
2.677372431352171e-05
2.678472441546415e-05
2.6793635882409955e-05
2.6800454535708924e-05
2.6805702015695556e-05
2.6810426504927525e-05
2.6820931334684175e-05
2.682513557190256e-05
2.683512591974477e-05
2.6840386987033527e-05
2.684933553731357e-05
2.6858816978882897e-05
2.6870414505350716e-05
2.6878855362775732e-05
2.6885717465242613e-05
2.6894696272348324e-05
2.6901037865433054e-05
2.6908969063577237e-05
2.6920080601062198e-05
2.6929612082450512e-05
2.694074067826946e-05
2.695081733626558e-05
2.6958777918744837e-05
2.6971524636963277e-05
2.6981624340709874e-05
2.6988539023549966e-05
2.6997054269243734e-05
2.7002911618296235e-05
2.701090300971923e-05
2.7018365910434352e-05
2.7024765965526738e-05
2.7030635346857113e-05
2.7045587100901206e-05
2.7049862069225068e-05
2.7060020537379067e-05
2.7069116162757417e-05
2.707768233875829e-05
2.708411052954853e-05
2.709375854042389e-05
2.710341342745524e-05
4.031197223141618e-05
4.0332738012685706e-05
4.035192542397839e-05
4.0361525977244596e-05
4.0379939812637077e-05
4.039195789032095e-05
4.040959735026472e-05
4.0416817934289344e-05
4.042966090153888e-05
4.044652968775279e-05
4.0459391547536235e-05
4.047387092101488e-05
4.0490776627303e-05
4.0511727078891254e-05
4.052463044380869e-05
4.054077121349197e-05
4.055692484588368e-05
4.057228272474909e-05
4.0584415584415584e-05
4.059655570274774e-05
4.061032328667183e-05
4.0625721641108095e-05
4.063626408723822e-05
4.0650058621663485e-05
4.066467481101627e-05
4.068824523733382e-05
4.070695846176259e-05
4.072487418157292e-05
4.073954423170937e-05
4.075096157970745e-05
4.0775448887617136e-05
4.0789338096383056e-05
4.081305330327965e-05
4.083024360612711e-05
4.085236671377828e-05
4.0869590156881864e-05
4.088190151047867e-05
4.089586334754883e-05
4.091312349446883e-05
4.092792950630864e-05
4.0947687533225094e-05
4.096251857686149e-05
4.097901011965871e-05
4.098726087169118e-05
4.101038066267019e-05
4.1026910774386536e-05
4.105090311986863e-05
4.106415229181195e-05
4.10782389110375e-05
4.109482378251177e-05
4.1108931456265864e-05
4.1123879554650025e-05
4.113717588235634e-05
4.11563044237973e-05
4.117295240406702e-05
4.118878046524534e-05
4.121045964845309e-05
4.122882140542542e-05
4.124636380740119e-05
4.1258067037844504e-05
4.127396062029694e-05
4.129572958686882e-05
4.1307460852122187e-05
4.132758710695289e-05
4.134017597860174e-05
4.1366217298916636e-05
4.162419546722191e-05
4.1639431573341075e-05
4.1652984145711824e-05
4.1673329553659256e-05
4.168775291378003e-05
4.17132302725523e-05
4.173193346959295e-05
4.174639743152862e-05
4.1771094402673345e-05
4.178643826005158e-05
4.180435368038724e-05
4.1827410377477786e-05
4.184365071255844e-05
4.185904793055681e-05
4.18744564841622e-05
4.1891590409358775e-05
4.1917317603616196e-05
4.194049911144663e-05
4.1966286432592384e-05
4.198005264103345e-05
4.1998995930980995e-05
4.201192161552448e-05
4.203261926755717e-05
4.2057656156164966e-05
4.2075804944396334e-05
4.209829658543653e-05
4.212081228517161e-05
4.213728130261035e-05
4.216244306844533e-05
4.2183289335181545e-05
4.22058960655271e-05
4.2225043771658745e-05
4.2239851630065344e-05
4.225641388486798e-05
4.2280845105598866e-05
4.230355654854136e-05
4.232191822618014e-05
4.234467382784034e-05
4.235606080754292e-05
4.237534503878329e-05
4.239728026377024e-05
4.242451150148239e-05
4.2443858126962406e-05
4.246058078174866e-05
4.249318379685491e-05
4.2517006802721085e-05
4.253908897099922e-05
4.255411795209792e-05
4.256827257949872e-05
4.2594837901877337e-05
4.262232359066313e-05
4.2641851092672636e-05
4.2664063166625986e-05
4.268896817785614e-05
4.2708556808339885e-05
4.27254887348784e-05
4.275225070715205e-05
4.277011065522814e-05
4.278798553169047e-05
4.2809455115281876e-05
4.283184218757159e-05
4.285335581639629e-05
4.287489106786397e-05
4.290633546966971e-05
4.292342461049487e-05
4.294773260941434e-05
4.29675594925831e-05
4.298018613419214e-05
4.301359229516527e-05
4.303167131008422e-05
4.305429146153299e-05
4.3073310774938945e-05
4.309325380122585e-05
4.311412308380282e-05
4.3147737854413506e-05
4.3170480226414104e-05
4.319142439290937e-05
4.3213300853010454e-05
4.3236112409870296e-05
4.327266103719536e-05
4.329736631182964e-05
4.332301641035561e-05
4.3353285927019274e-05
4.337073302590544e-05
4.339647015130229e-05
4.3419475553320625e-05
4.344619239590595e-05
4.3465559608971695e-05
4.34867911400214e-05
4.3503421594693794e-05
4.352098976851894e-05
4.354412741619274e-05
4.3573779528835705e-05
4.359790162285584e-05
4.362576801642763e-05
4.3641574791002525e-05
4.366111662798088e-05
4.369372527621039e-05
4.371611365782889e-05
4.3737590730071926e-05
4.37600240985435e-05
4.378154434815898e-05
4.3815270742709596e-05
4.385092724315339e-05
4.386783742783485e-05
4.390640380004819e-05
4.433955517414002e-05
4.436430247867651e-05
4.4392891409259495e-05
4.442438182039652e-05
4.446069889350228e-05
4.449994975812124e-05
4.45392699869974e-05
4.4563279857397496e-05
4.458635369922908e-05
4.4610414373187694e-05
4.4639321482313464e-05
4.466343937298294e-05
4.47049831635265e-05
4.472239654339154e-05
4.474272930648769e-05
4.477374814044513e-05
4.47950985492168e-05
4.4823273400279054e-05
4.4847590527031516e-05
4.4878754976474844e-05
4.4899230195456485e-05
4.49236298292902e-05
4.4962724451019635e-05
4.4980339238816576e-05
4.500286711814704e-05
4.5021494132682696e-05
4.5050936623504955e-05
4.5078451046256305e-05
4.509320474496883e-05
4.5127667627449266e-05
4.514935698577067e-05
4.517699179527536e-05
4.5196751665718985e-05
4.5228403437358656e-05
4.524523647933679e-05
4.526505610676712e-05
4.5281916447560617e-05
4.531468122583521e-05
4.535346441947565e-05
4.538533614429608e-05
4.540627631916218e-05
4.543622439632113e-05
4.545221286297623e-05
4.5482221586449225e-05
4.5502249425717574e-05
4.5525303257262017e-05
4.555942565730494e-05
4.558655931767214e-05
4.5624802231200004e-05
4.565705659265804e-05
4.568430670380358e-05
4.570956730733786e-05
4.574700430907266e-05
4.5772334315223727e-05
4.579363320777014e-05
4.58240946045824e-05
4.585764898188622e-05
4.588310169767476e-05
4.591776276810048e-05
4.5947368031007056e-05
4.59923593338526e-05
4.6033337045699216e-05
4.6072333563695e-05
4.610522401933444e-05
4.613301189041177e-05
4.617217753946976e-05
4.620107901874869e-05
4.623311931873261e-05
4.626623982329281e-05
4.629733342294107e-05
4.634301304331576e-05
4.63773319569738e-05
4.640544889787058e-05
4.7194192866934855e-05
4.7233468286099866e-05
4.7270680922903775e-05
4.730475525420675e-05
4.733674458445101e-05
4.7366640351866476e-05
4.7399783315276275e-05
4.74447607428494e-05
4.7470500474705005e-05
4.7509162481335686e-05
4.7550040757177795e-05
4.757697274519133e-05
4.759638267491671e-05
4.763525008506295e-05
4.76904210382886e-05
4.773812230052285e-05
4.775983625198999e-05
4.7791356591793545e-05
4.7826185975540326e-05
4.786215698787492e-05
4.942777841146725e-05
4.946953437752105e-05
4.950796697437773e-05
4.954079493921726e-05
4.957366646837201e-05
4.959976802570032e-05
4.963612899284477e-05
4.968735189347032e-05
4.9711292111200346e-05
4.9747816836191924e-05
4.9786683211164476e-05
4.982790209200531e-05
4.985886107020128e-05
4.989905038268734e-05
4.994736316343546e-05
4.9988848641456915e-05
5.003964679707769e-05
5.007897068454102e-05
5.010792476102375e-05
5.016244916228711e-05
5.0205456174498727e-05
5.025436439826198e-05
5.029169181251258e-05
5.031388121279676e-05
5.034778702111509e-05
5.0391112558240505e-05
5.0434512725015526e-05
5.0485044776351255e-05
5.053214232960951e-05
5.057106401518688e-05
5.060649943165009e-05
5.065263978180402e-05
5.0690561417464076e-05
5.074279647454664e-05
5.078442402650166e-05
5.0830889540566965e-05
5.0872661814197395e-05
5.091689579269774e-05
5.094443138176974e-05
5.099239036636072e-05
5.102962073215731e-05
5.1077740320768216e-05
5.1117507353056836e-05
5.1158544263946615e-05
5.121659102370147e-05
5.126021261158955e-05
5.130876827381517e-05
5.136106831022086e-05
5.1403716884143935e-05
5.145254492202961e-05
5.153331430564806e-05
5.157870513644552e-05
5.163401807985003e-05
5.1686983627153963e-05
5.1745000636861556e-05
5.179571768943288e-05
5.1832890760189155e-05
5.188750788290986e-05
5.193601482972978e-05
5.199084961046856e-05
5.203955005804412e-05
5.208082944730222e-05
5.211089197812947e-05
5.215479543284469e-05
5.2200030516940925e-05
5.225164391710478e-05
5.228442728442729e-05
5.234632327478599e-05
5.238809097796477e-05
5.244134637105884e-05
5.247691015952981e-05
5.253926299538463e-05
5.260048716143495e-05
5.266825481711962e-05
5.274004835856743e-05
5.2792735719564995e-05
5.2855841790268027e-05
5.291134500639007e-05
5.2979916536254575e-05
5.3046068470233e-05
5.309936934287489e-05
5.3151473522389044e-05
5.319714863283329e-05
5.327432177690354e-05
5.332414517293431e-05
5.339510736523897e-05
5.344911233358825e-05
5.349530064358962e-05
5.3541568850338966e-05
5.362903558492777e-05
5.368750567848618e-05
5.3736772486772495e-05
5.377811975146236e-05
5.3856988980031496e-05
5.391193278426104e-05
5.39616125390184e-05
5.40154234809201e-05
5.404910985273697e-05
5.409228976823535e-05
5.4143655613031136e-05
5.420054200542006e-05
5.4252113745816336e-05
5.4310589729449715e-05
5.4376014321805625e-05
5.444296471258303e-05
5.4507337526205456e-05
5.457048827993822e-05
5.463103042528157e-05
5.4673765844877915e-05
5.472347805588531e-05
5.481623910000169e-05
5.4866210855068804e-05
5.4939946412421506e-05
5.499433135353741e-05
5.50404335492612e-05
5.51160404636531e-05
5.517498960163658e-05
5.950407602920799e-05
5.956787759652123e-05
5.966231131794045e-05
5.974021540614811e-05
5.980912345457496e-05
5.990740027557403e-05
5.999674303394958e-05
6.009563791519646e-05
6.01514096912514e-05
6.0235261722212176e-05
6.0316229374003694e-05
6.038959918560311e-05
6.045688128859523e-05
6.0543158623075584e-05
6.063913649869625e-05
6.0700659035726665e-05
6.077971694017539e-05
6.085580651331003e-05
6.0924132048704485e-05
6.100217864923746e-05
6.108202443280976e-05
6.11700965613667e-05
6.12519906896974e-05
6.13260442949257e-05
6.139704592499034e-05
6.150223604558193e-05
6.1630568762106e-05
6.174146203782105e-05
6.179869516469352e-05
6.185603449799409e-05
6.19496437895482e-05
6.204848646013384e-05
6.214102461672303e-05
6.225542511561721e-05
6.2341918706138e-05
6.241362400249654e-05
6.250055804069678e-05
6.257934166532567e-05
6.265159448307959e-05
6.273413274542488e-05
6.279829188646068e-05
6.28829120178228e-05
6.29507724959082e-05
6.304261680896286e-05
6.316378369111105e-05
6.327512022272841e-05
6.338168450408358e-05
6.348688088954189e-05
6.356124580041768e-05
6.368963132801979e-05
6.383948928408572e-05
6.394796462764012e-05
6.403395629225097e-05
6.41448574151455e-05
6.423668465293836e-05
6.436959180483138e-05
6.445672191528544e-05
6.453159282408687e-05
6.46531818601644e-05
6.476264490641797e-05
6.488510701408007e-05
6.500260010400415e-05
6.509690138749394e-05
6.521698622989919e-05
6.534483402412156e-05
6.54511453950444e-05
6.558175702895902e-05
6.569069069069068e-05
6.580555398875664e-05
6.591523301034868e-05
6.60252782493869e-05
6.609822195782933e-05
6.624647474116556e-05
6.637839478076164e-05
6.65070497472732e-05
6.662288591306665e-05
6.674103524880103e-05
6.684236660173407e-05
6.698051823783825e-05
6.711731147226617e-05
6.724109775895026e-05
6.734201083244344e-05
6.747638326585695e-05
6.759954032312579e-05
6.769171260032877e-05
6.780777464570436e-05
6.793016778751443e-05
6.806491448129672e-05
6.822013663518794e-05
6.833001444691733e-05
6.843823937740756e-05
6.854479402289396e-05
6.865168098544584e-05
6.876903428627566e-05
6.88989940746865e-05
6.907031357922364e-05
6.921167897645813e-05
6.935156288700648e-05
6.952721493841875e-05
6.967253906638797e-05
6.982265046781174e-05
6.999230084690682e-05
7.016488748559113e-05
7.03298469823472e-05
7.047003513434608e-05
7.063001977640552e-05
7.08251125613396e-05
7.09823963657013e-05
7.110136006744471e-05
7.124246865331378e-05
7.140598382144423e-05
7.155927663794071e-05
7.174189316607222e-05
7.186563180156872e-05
7.201868370422954e-05
7.220588993759347e-05
7.236264020261538e-05
7.254036353085037e-05
7.272122836543455e-05
7.29189453837099e-05
7.308109913973105e-05
7.324857426882226e-05
7.346998751010212e-05
7.373000073729999e-05
7.388876574094597e-05
7.40693712568514e-05
7.431471218973607e-05
7.449740855443098e-05
7.473123445323425e-05
7.493764117716327e-05
7.510407278657567e-05
7.525425186523038e-05
7.544892108042854e-05
7.562988893210596e-05
7.582404488783456e-05
7.599939200486396e-05
7.620042889955694e-05
7.638002335046427e-05
7.668627644307139e-05
7.685298024878407e-05
7.704838638665081e-05
7.725246104268749e-05
7.743962474970407e-05
7.755287444189627e-05
7.774667910613531e-05
7.80144215230644e-05
0.0
0.0
0.0
0.0
0.0
0.0
0.0
0.0
0.0
0.0
0.0
0.0
0.0
0.0
0.0
0.0
0.0
0.0
0.0
0.0
0.0
0.0
0.0
0.0
0.0
0.0
0.0
0.0
0.0
0.0
0.0
0.0
0.0
0.0
0.0
0.0
0.0
0.0
0.0
0.0
0.0
0.0
0.0
0.0
0.0
0.0
0.0
0.0
0.0
0.0
0.0
0.0
0.0
0.0
0.0
0.0
0.0
0.0
0.0
0.0
0.0
0.0
0.0
0.0
0.0
0.0
0.0
0.0
0.0
0.0
0.0
0.0
0.0
0.0
0.0
0.0
0.0
0.0
0.0
0.0
0.0
0.0
0.0
0.0
0.0
0.0
0.0
0.0
0.0
0.0
0.0
0.0
0.0
0.0
0.0
0.0
0.0
0.0
0.0
0.0
0.0
0.0
0.0
0.0
0.0
0.0
0.0
0.0
0.0
0.0
0.0
0.0
0.0
0.0
0.0
0.0
0.0
0.0
0.0
0.0
0.0
0.0
0.0
0.0
0.0
0.0
0.0
0.0
0.0
0.0
0.0
0.0
0.0
0.0
0.0
0.0
0.0
0.0
0.0
0.0
0.0
0.0
0.0
0.0
0.0
0.0
0.0
0.0
0.0
0.0
