51663
51636
51616
51582
51554
51523
51491
51462
51440
51403
51376
51349
51313
51274
51251
51229
51208
51180
51141
51111
51074
51048
51010
50975
50953
50925
50903
50879
50859
50825
50784
50747
50711
50677
50634
50599
50575
50543
50512
50479
50433
50404
50364
50338
50303
50279
50260
50238
50225
50201
50165
50146
50102
50080
50052
50015
49982
49947
49919
49884
49844
49820
49786
49756
49735
49709
49690
49649
49625
49605
49558
49529
49498
49468
49443
49414
49372
49338
49306
49268
49242
49210
49183
49148
49119
49093
49070
49031
49007
48961
48932
48907
48865
48836
48813
48773
48728
48698
48660
48634
48605
48565
48534
48502
48476
48434
48400
48367
48337
48309
48273
48240
48210
48181
48145
48107
48084
48058
48031
48005
47969
47946
47915
47879
47840
47798
47776
47743
47702
47679
47642
47603
47577
47544
47500
47470
47434
47402
47370
47328
47288
47237
47202
47167
47134
47108
47070
47027
46996
46963
46929
46880
46856
46835
46804
46766
46740
46711
46684
46648
46610
46577
46545
46490
46455
46420
46386
46367
46339
46302
46269
46240
46217
46176
46156
46131
46099
46062
46008
45976
45942
45915
45874
45838
45804
45772
45742
45713
45667
45620
45584
45545
45512
45489
45450
45425
45356
45312
45257
45223
45200
45156
45126
45084
45052
45015
44984
44949
44912
44870
44831
44807
44773
44738
44711
44665
44636
44607
44568
44530
44498
44452
44430
44380
44335
44291
44267
44233
44198
44138
44096
44060
44019
43979
43942
43911
43870
43839
43809
43785
43755
43702
43667
43629
43597
43564
43541
43497
43446
43402
43367
43328
43298
43252
43218
43181
43135
43087
43045
43006
42958
42929
42896
42847
42808
42775
42727
42705
42656
42627
42577
42541
42515
42462
42427
42397
42358
42322
42288
42262
42230
42186
42137
42100
42063
42011
41978
41953
41923
41870
41836
41810
41770
41710
41683
41638
41604
41577
41535
41484
41444
41408
41381
41334
41295
41263
41209
41176
41134
41086
41034
40991
40961
40911
40872
40834
40802
40759
40710
40652
40628
40585
40561
40523
40491
40438
40377
40341
40308
40285
40251
40184
40153
40112
40081
40027
39976
39944
39910
39871
39845
39809
39767
39719
39684
39631
39575
39537
39502
39460
39426
39392
39330
39296
39260
39221
39189
39144
39100
39051
39016
38980
38943
38885
38854
38804
38752
38700
38647
38580
38516
38460
38414
38376
38324
38274
38241
38208
38177
38139
38101
38066
38028
37987
37950
37897
37857
37816
37780
37730
37666
37610
37561
37524
37471
37433
37394
37349
37297
37268
37238
37182
37129
37095
37037
37002
36961
36910
36865
36830
36787
36740
36705
36634
36568
36522
36472
36399
36357
36307
36266
36219
36155
36113
36060
36016
35963
35895
35843
35784
35720
35700
35638
35582
35533
35485
35451
35414
35377
35343
35300
35256
35218
35171
35133
35096
35055
35015
34976
34925
34871
34791
34738
34675
34634
34604
34560
34537
34469
34435
34379
34298
34227
34173
34134
34096
34048
34005
33927
33878
33848
33809
33753
33711
33683
33635
33604
33565
33513
33454
33390
33349
33298
33244
33190
33134
33088
33035
32987
32921
32850
32794
32734
32672
32648
32593
32552
32500
32433
32379
32323
32272
32224
32180
32138
32069
32033
31986
31957
31913
31861
31824
31758
31705
31643
31585
31550
31501
31465
31391
31333
31259
31214
31153
31122
31052
31004
30965
30927
30879
30832
30802
30731
30656
30619
30554
30475
30441
30385
30319
30268
30198
30069
30002
29949
29889
29820
29767
29708
29652
29587
29541
29499
29469
29411
29356
29313
29270
29219
29141
29102
29009
28962
28886
28830
28792
28718
28649
28543
28448
28398
28354
28296
28239
28186
28140
28085
27995
27953
27873
27806
27753
27703
27656
27608
27561
27496
27436
27399
27361
27314
27268
27210
27128
27059
27011
26932
26901
26831
26781
26744
26692
26619
26516
26461
26409
26347
26274
26229
26167
26058
26004
25962
25880
25788
25714
25663
25625
25563
25511
25433
25371
25332
25283
25247
25177
25137
25062
25001
24928
24840
24817
24706
24653
24578
24471
24425
24339
24231
24150
24089
23949
23928
23871
23808
23767
23720
23657
23599
23535
23444
23410
23330
23284
23231
23158
23105
23036
22976
22921
22824
22764
22701
22644
22573
22525
22453
22369
22309
22239
22051
21980
21890
21836
21774
21684
21632
21594
21555
21479
21414
21384
21259
21231
21174
21139
21087
21012
20996
20939
20862
20758
20661
20586
20525
20496
20405
20349
20285
20217
20163
20078
19971
19943
19866
19787
19689
19607
19504
19361
19317
19267
19197
19159
19138
19039
19006
18957
18890
18833
18743
18651
18604
18555
18441
18356
18317
18294
18252
18123
18004
17970
17939
17834
17776
17685
17654
17630
17576
17541
17487
17314
17240
17177
17104
17007
16890
16845
16791
16765
16705
16662
16364
16324
16247
16145
16085
15942
15870
15775
15713
15637
15590
15530
15474
15422
15369
15162
15102
15013
14950
14913
14844
14788
14725
14630
14523
14387
14298
14217
14188
14118
14062
14008
13915
13872
13781
13660
13614
13450
13391
13356
13307
13257
13127
13087
13009
12971
12850
12767
12583
12533
12479
12426
12348
12275
12218
12081
12047
12007
11952
11925
11877
11838
11714
11638
11536
11370
11245
11190
11146
11096
11051
11007
10939
10866
10645
10564
10527
10470
10444
10320
10258
10238
10162
10103
9877
9692
9473
9440
9299
9249
9076
8977
8795
8761
8665
8598
8541
8395
8327
8266
8225
8211
8136
8115
8050
7961
7864
7761
7733
7695
7669
7288
7226
7163
7077
6905
6886
6719
6640
6517
6430
6402
6359
6341
6281
6232
6183
6105
6066
6014
6004
5880
5695
5551
5436
5374
5361
5210
5140
5107
5023
4931
4116
4072
3458
3457
3439
2697
2689
1909
1828
1755
1514
1513
1506
1381
966
964
963
959
958
956
952
948
938
918
914
904
904
903
900
899
899
692
661
658
658
657
656
656
653
653
652
651
651
647
644
644
611
611
610
609
590
588
588
587
454
454
453
438
436
412
411
410
406
405
405
404
404
404
403
403
388
388
388
388
363
354
354
354
352
352
346
339
339
338
338
303
302
301
299
299
297
297
297
297
295
295
284
284
284
284
279
279
212
212
211
211
211
210
210
207
205
205
203
203
203
203
203
186
185
154
152
151
151
149
149
149
148
148
148
148
148
147
147
147
146
146
146
146
146
145
145
145
145
143
143
143
143
143
143
142
142
142
142
142
142
138
138
118
118
118
118
118
118
118
115
115
115
115
115
115
115
107
107
107
107
107
106
105
102
102
102
100
100
100
99
99
99
98
98
97
97
80
79
79
79
75
75
75
62
62
62
62
62
62
62
62
62
62
62
62
62
62
62
47
47
47
47
47
47
47
47
46
45
45
45
45
45
45
45
45
45
45
45
45
45
44
44
44
44
44
43
43
43
42
42
42
42
42
42
41
41
41
41
41
41
41
41
31
31
31
31
31
31
31
31
31
31
31
31
31
31
31
31
30
30
30
30
30
30
30
30
30
30
30
30
30
30
30
30
30
30
30
30
30
30
30
29
29
29
29
29
29
29
29
29
29
29
23
23
22
22
22
22
22
22
22
20
20
20
20
20
20
20
20
20
19
19
19
19
19
19
18
18
18
14
14
14
14
14
14
14
13
13
13
13
13
13
13
13
13
12
12
12
12
12
12
12
12
12
12
12
12
12
12
12
12
12
12
12
12
12
12
12
12
12
12
12
12
12
12
12
12
12
12
12
12
12
12
12
12
12
12
12
12
12
12
10
10
9
9
7
7
7
7
7
7
7
7
7
7
7
7
7
7
6
6
6
6
6
6
6
6
6
6
6
6
6
6
6
6
4
4
4
4
4
4
4
2
