0.0
0.0
0.0
0.0
0.0
0.0
0.0
0.0
0.0
0.0
0.0
0.0
0.0
0.0
0.0
0.0
0.0
0.0
0.0
0.0
0.0
0.0
0.0
0.0
0.0
0.0
0.0
0.0
0.0
0.0
0.0
0.0
0.0
0.0
0.0
0.0
0.0
0.0
0.0
0.0
0.0
0.0
0.0
0.0
0.0
0.0
0.0
0.0
0.0
0.0
0.0
0.0
0.0
0.0
0.0
0.0
0.0
0.0
0.0
0.0
0.0
0.0
0.0
0.0
0.0
0.0
0.0
0.0
0.0
0.0
0.0
0.0
0.0
0.0
0.0
0.0
0.0
0.0
0.0
0.0
0.0
0.0
0.0
0.0
0.0
0.0
0.0
0.0
0.0
0.0
0.0
0.0
0.0
0.0
0.0
0.0
0.0
0.0
0.0
0.0
0.0
0.0
0.0
0.0
0.0
0.0
0.0
0.0
0.0
0.0
0.0
0.0
0.0
0.0
0.0
0.0
0.0
0.0
0.0
0.0
0.0
0.0
0.0
0.0
0.0
0.0
0.0
0.0
0.0
0.0
0.0
0.0
0.0
0.0
0.0
0.0
0.0
0.0
0.0
0.0
0.0
0.0
0.0
0.0
0.0
0.0
0.0
0.0
0.0
0.0
0.0
0.0
0.0
0.0
0.0
0.0
0.0
0.0
0.0
0.0
0.0
0.0
0.0
0.0
0.0
0.0
0.0
0.0
0.0
0.0
0.0
0.0
0.0
0.0
0.0
0.0
0.0
0.0
0.0
0.0
0.0
0.0
0.0
0.0
0.0
0.0
0.0
0.0
0.0
0.0
0.0
0.0
0.0
0.0
0.0
0.0
0.0
0.0
0.0
0.0
0.0
0.0
0.0
0.0
0.0
0.0
0.0
0.0
0.0
0.0
0.0
0.0
0.0
0.0
0.0
0.0
0.0
0.0
0.0
0.0
0.0
0.0
0.0
0.0
0.0
0.0
0.0
0.0
0.0
0.0
0.0
0.0
0.0
0.0
0.0
0.0
0.0
0.0
0.0
0.0
0.0
0.0
0.0
0.0
0.0
0.0
0.0
0.0
0.0
0.0
0.0
0.0
0.0
0.0
0.0
0.0
0.0
0.0
0.0
0.0
0.0
0.0
0.0
0.0
0.0
0.0
0.0
0.0
0.0
0.0
0.0
0.0
0.0
0.0
0.0
0.0
0.0
0.0
0.0
0.0
0.0
0.0
0.0
0.0
0.0
0.0
0.0
0.0
0.0
0.0
0.0
0.0
0.0
0.0
0.0
0.0
0.0
0.0
0.0
0.0
0.0
0.0
0.0
0.0
0.0
0.0
0.0
0.0
0.0
0.0
0.0
0.0
0.0
0.0
0.0
0.0
0.0
0.0
0.0
0.0
0.0
0.0
0.0
0.0
0.0
0.0
0.0
0.0
0.0
0.0
0.0
0.0
0.0
0.0
0.0
0.0
0.0
0.0
0.0
0.0
0.0
0.0
0.0
0.0
0.0
0.0
0.0
0.0
0.0
0.0
0.0
0.0
0.0
0.0
0.0
0.0
0.0
0.0
0.0
0.0
0.0
0.0
0.0
0.0
0.0
0.0
0.0
0.0
0.0
0.0
0.0
0.0
0.0
0.0
0.0
0.0
0.0
0.0
0.0
0.0
0.0
0.0
0.0
0.0
0.0
0.0
0.0
0.0
0.0
0.0
0.0
0.0
0.0
0.0
0.0
0.0
0.0
0.0
0.0
0.0
0.0
0.0
0.0
0.0
0.0
0.0
0.0
0.0
0.0
0.0
0.0
0.0
0.0
0.0
0.0
0.0
0.0
0.0
0.0
0.0
0.0
0.0
0.0
0.0
0.0
0.0
0.0
0.0
0.0
0.0
0.0
0.0
0.0
0.0
0.0
0.0
0.0
0.0
0.0
0.0
0.0
0.0
0.0
0.0
0.0
0.0
0.0
0.0
0.0
0.0
0.0
0.0
0.0
0.0
0.0
0.0
0.0
0.0
0.0
0.0
0.0
0.0
0.0
0.0
0.0
0.0
0.0
0.0
0.0
0.0
0.0
0.0
0.0
0.0
0.0
0.0
0.0
0.0
0.0
0.0
0.0
0.0
0.0
0.0
0.0
0.0
0.0
0.0
0.0
0.0
0.0
0.0
0.0
0.0
0.0
0.0
0.0
0.0
0.0
0.0
0.0
0.0
0.0
0.0
0.0
0.0
0.0
0.0
0.0
0.0
0.0
0.0
0.0
0.0
0.0
0.0
0.0
0.0
0.0
0.0
0.0
0.0
0.0
0.0
0.0
0.0
0.0
0.0
0.0
0.0
0.0
0.0
0.0
0.0
0.0
0.0
0.0
0.0
0.0
0.0
0.0
0.0
0.0
0.0
0.0
0.0
0.0
0.0
0.0
0.0
0.0
0.0
0.0
0.0
0.0
0.0
0.0
0.0
0.0
0.0
0.0
0.0
0.0
0.0
0.0
2.2332395372727676e-05
2.2314455304146023e-05
2.2285215096896113e-05
2.225842926716347e-05
2.223467363946032e-05
2.2208600946974744e-05
2.2181998864281655e-05
2.2156049487752135e-05
2.213368747233289e-05
2.2110197222959227e-05
2.2088513089652856e-05
2.2066287126528088e-05
2.2044105846978634e-05
2.2022551092318532e-05
2.1995231433825146e-05
2.1968558598933206e-05
2.194715125976648e-05
2.1923478291371793e-05
2.189870534853979e-05
2.1875710960606217e-05
2.1852191774835012e-05
2.182872310701313e-05
2.1804163723104562e-05
2.177852115129974e-05
2.1755210372884305e-05
2.173251619072456e-05
2.1707041764348352e-05
2.168444791395611e-05
2.1662464148621834e-05
2.1640524912572277e-05
2.1621995623708083e-05
2.160069813456371e-05
2.1577766269635767e-05
2.1556555779743735e-05
2.15275983811246e-05
2.1507041405356112e-05
2.148320013749248e-05
2.14638334406525e-05
2.1440087818599704e-05
2.1418596482209712e-05
2.1395500098419298e-05
2.1375742807062544e-05
2.135219158894469e-05
2.1333060270161875e-05
2.130905805439776e-05
1.702895774264136e-05
1.7012010479398456e-05
1.6995096914540153e-05
1.697432633142372e-05
1.695619367364414e-05
1.6940682201272243e-05
1.6920903237814835e-05
1.69075999661848e-05
1.6890465332319904e-05
1.6872938337846843e-05
1.6860136735708925e-05
1.684267259528742e-05
1.682991686021071e-05
1.6812939238037593e-05
1.6797265405192034e-05
1.6779508863775556e-05
1.676516199337776e-05
1.67470525187567e-05
1.672940192388122e-05
1.67117884956048e-05
1.6693794082049997e-05
1.667792426554591e-05
1.6661251759844717e-05
1.664502813009754e-05
1.6630080489589567e-05
1.6616402050464012e-05
1.6605640936226033e-05
1.6588699777711422e-05
1.6570969318850306e-05
1.65569766960553e-05
1.654054501095811e-05
5.784454691192755e-05
5.779296907250541e-05
5.774719926083585e-05
5.769436820545789e-05
5.7640209810363714e-05
5.75875742468368e-05
5.7532197483377305e-05
5.748259098672974e-05
5.744579578840252e-05
5.740198610871937e-05
5.7349784528666704e-05
5.7306121112393684e-05
5.72569035466562e-05
5.7220396619092e-05
5.7169925352411756e-05
5.7132130293904004e-05
5.707622938121214e-05
5.7023224744821074e-05
5.6973100557522485e-05
5.6932786778580264e-05
5.688975578040555e-05
5.684955982197967e-05
5.680527152919791e-05
5.6755529610170594e-05
5.6712766043636424e-05
5.6663185928102513e-05
5.661918743377578e-05
5.6583488937927916e-05
5.654235426208189e-05
5.6484866090521034e-05
5.643704850361198e-05
5.6396126391775836e-05
5.634165580077591e-05
5.629136410058463e-05
5.6246585028766117e-05
5.6192402787143184e-05
5.6143727943535455e-05
5.6095137352950605e-05
5.605336280138692e-05
5.601030589628492e-05
5.596731508798862e-05
5.592573062972373e-05
5.587885464313369e-05
5.583072125316042e-05
5.578533801930173e-05
5.574668705402651e-05
5.5704099821746884e-05
5.565493937586961e-05
5.560851604702892e-05
5.556217009961504e-05
5.550665683405889e-05
5.548026091574134e-05
5.5438079624921796e-05
5.539464729436716e-05
5.53407806212398e-05
5.529750055297501e-05
5.524905484652602e-05
5.5201999889596e-05
5.51628486095022e-05
5.511984629437148e-05
5.5084712418454955e-05
5.5050922102945225e-05
5.501198475382137e-05
5.4966627404789955e-05
5.492393035645631e-05
5.487484615444918e-05
5.48361573954392e-05
5.478722987938983e-05
5.473967375154444e-05
5.468450944088995e-05
5.46512081820666e-05
5.4614112286614864e-05
5.4565580032115746e-05
5.4527325979933945e-05
5.447004536576636e-05
5.442557691111526e-05
5.4383715961620635e-05
5.4349513960060876e-05
5.431029800836379e-05
5.4273663317206304e-05
5.4232035638194854e-05
5.4189213250036776e-05
5.414771496642842e-05
5.4106280193236716e-05
5.406866720735334e-05
5.403360890473875e-05
5.399734641611898e-05
5.396487657461801e-05
5.007549844380758e-05
5.003849114703618e-05
4.9999230781064906e-05
4.997155465350492e-05
4.993239921337266e-05
4.988756111226236e-05
4.984968402969507e-05
4.9809574166455934e-05
4.9772958734388513e-05
4.974096436251214e-05
4.970901109658078e-05
4.9678237874688555e-05
4.964522756608543e-05
4.960771743444149e-05
4.957253224121231e-05
4.954306054161998e-05
4.950909824890127e-05
4.946953437752104e-05
4.9436800754481636e-05
4.939735230191661e-05
4.936583883952305e-05
4.933661232049063e-05
4.930966469428008e-05
4.9263697202579895e-05
4.922452441536411e-05
4.9190997290711224e-05
4.915974648696888e-05
4.91307634164777e-05
4.909625131238056e-05
6.265238494229188e-05
6.26141009972993e-05
6.256454324114486e-05
6.251365132446092e-05
6.247130459653322e-05
6.24219725343321e-05
6.23727183233011e-05
6.232073403312762e-05
6.228285420559346e-05
6.22520231907537e-05
6.220583385796086e-05
6.216110961325306e-05
6.212900376516735e-05
6.208160365009911e-05
6.203705779910458e-05
6.199674330360478e-05
6.197035875611305e-05
6.193844959851945e-05
6.190103292687476e-05
6.185812875434126e-05
6.181666517710848e-05
6.17752571488114e-05
6.172701784133926e-05
6.168022888566864e-05
6.164312344963832e-05
6.160194751217196e-05
6.155808710098494e-05
6.150745129425017e-05
6.14760169466418e-05
6.144597936007345e-05
6.140506628787879e-05
6.136556874052716e-05
6.132476264361448e-05
6.128536830291217e-05
6.12433130418742e-05
6.120943952802361e-05
6.118236768391567e-05
6.115667160341005e-05
6.112289383763404e-05
5.9609228391654714e-05
5.956714541002052e-05
5.9526434146126376e-05
5.948315745412087e-05
5.9453032104637343e-05
5.941901408450705e-05
5.939025999736044e-05
5.935239937570069e-05
5.930155941137712e-05
5.927422010493733e-05
5.924170616113744e-05
5.9207929476777335e-05
5.9181973609223626e-05
5.913919614500055e-05
5.910683012259195e-05
5.9064161179533176e-05
5.9026715053998516e-05
5.899447199947561e-05
5.895840157222405e-05
5.891723219935846e-05
5.8868418183800284e-05
5.88325016887107e-05
5.8791507893304304e-05
5.875440658049354e-05
5.871479830379472e-05
5.868544600938968e-05
5.8659946119753196e-05
5.862301061727859e-05
5.8589935551070896e-05
5.856324830817283e-05
5.852389725804704e-05
5.8485865915737036e-05
5.844661875487056e-05
5.84124786361768e-05
5.837964064087872e-05
5.83481004451744e-05
5.8302742388253084e-05
5.82700276243094e-05
5.8237349553513655e-05
5.819968960165546e-05
5.816959669079628e-05
5.8140786838648553e-05
5.809700047338297e-05
5.8069511355815556e-05
5.803705773612485e-05
5.799467308187989e-05
5.7954838155748265e-05
5.792624058698591e-05
5.788525855415488e-05
5.785796939956285e-05
5.782946732635096e-05
5.7792332883837416e-05
5.775771707275334e-05
5.7724376790524655e-05
5.7686144642666384e-05
5.764796310530362e-05
5.760368663594471e-05
5.756806891111064e-05
5.7532495205625405e-05
5.7498189871800334e-05
5.7465148451633506e-05
5.744191983660965e-05
5.741504699527921e-05
5.738088154035789e-05
5.7345538729477736e-05
5.731875597070375e-05
5.728348962532355e-05
5.724948051397312e-05
5.7220361971771293e-05
5.7191273035373866e-05
5.7151324005672805e-05
5.711263881544157e-05
5.7080038898989474e-05
5.70571205173179e-05
5.702940182494086e-05
5.700171005130154e-05
5.6972842944862955e-05
5.694640710353701e-05
5.691399662731872e-05
5.6876830064671067e-05
5.684090861245027e-05
5.6815790581204496e-05
5.679427850231385e-05
5.676204091071542e-05
5.673699251912247e-05
5.671673143577356e-05
5.668815217619518e-05
5.6657223796034e-05
5.6629892193464496e-05
5.660496027170381e-05
5.6577679057876875e-05
5.655160857908848e-05
5.652556211531215e-05
5.65078169146732e-05
5.648062923604719e-05
5.6453467706525605e-05
5.6416899995820975e-05
5.639686684073107e-05
5.637096269077396e-05
5.6345082326425845e-05
5.6319225714941286e-05
5.629339282363489e-05
5.626172119191499e-05
5.623242736644799e-05
5.6197315017171403e-05
5.6180944256018646e-05
5.615290227315268e-05
5.612488826989836e-05
5.610039893617022e-05
5.607826032774628e-05
5.6047993689411083e-05
5.601543536441153e-05
5.598523648578597e-05
5.595854922279793e-05
5.593188739046672e-05
5.590177850473095e-05
5.5878639872513925e-05
5.584281282316443e-05
5.5816261137411366e-05
5.578858193689692e-05
5.576093017492411e-05
5.5737907970520843e-05
5.570685813320129e-05
5.567354681732891e-05
5.564830272676684e-05
5.5627665492304846e-05
5.560360805634499e-05
5.5580715550249085e-05
5.555784188649739e-05
5.5528134254689046e-05
5.549389567147614e-05
5.5471093396885404e-05
9.992950178983321e-05
9.988848066884232e-05
9.984339631673609e-05
9.980244584350157e-05
9.97574391035496e-05
9.971655909572107e-05
9.62483617300131e-05
9.620698831187439e-05
9.615974793870327e-05
9.611255393550233e-05
9.607129716691875e-05
9.60222281242977e-05
9.598496916227584e-05
9.59438218302815e-05
9.589879616404814e-05
9.584794844603963e-05
9.580887149380299e-05
9.577568112811524e-05
9.572886327066825e-05
9.567430025445291e-05
9.564704206434806e-05
9.560812872515713e-05
9.554981804875072e-05
9.415047820314827e-05
9.409885118165139e-05
9.406828409975298e-05
9.40415541889085e-05
9.40033949427526e-05
9.395192905615485e-05
9.391384249500026e-05
9.388720027017898e-05
9.384916616028627e-05
9.380546501191126e-05
9.377888423367808e-05
9.373714486097903e-05
9.370491714867397e-05
9.365756369051228e-05
9.362349882465463e-05
9.358378778697906e-05
9.352900408432412e-05
9.348560052728569e-05
9.343093168787346e-05
9.339514882752132e-05
9.33518693879744e-05
9.33161470501356e-05
9.194013824575532e-05
9.191238133574854e-05
0.00011533793343928329
0.0001152869102437782
0.00011524983081056814
0.00011519888551775872
0.00011514104778353483
0.00011509019859750549
0.00011505093679556386
0.00011500708764609912
0.00011494252873563218
0.0001149010648389381
0.00011486193195098334
0.00011482282570963176
0.00011477455474812992
0.00011471943760796633
0.00011467813448011468
0.00011462769325096134
0.00011420577024654171
0.00011415101608673195
0.00011410087087489696
0.00011405304607172796
0.00011400753589812287
0.00011396888079709836
0.00011392798042717297
0.0001138803004162325
0.00011384173153273662
0.0001138009223564757
0.00011374655561211287
0.00011369676504279262
0.00011366284191203633
0.00011362667954435702
0.00011357925134236479
0.0001135250961415658
0.00011349127535820685
0.00011344846461684199
0.00011342144289088573
0.0001133831841399602
0.0001133449511908304
0.00011328652711654635
0.00010002217472741598
9.998056981379091e-05
9.994691498760564e-05
9.990735007064203e-05
9.98500365488813e-05
9.981252195169261e-05
9.97710912321918e-05
9.973954804811586e-05
9.970211641256736e-05
9.966864875639853e-05
9.96312703080956e-05
9.959785018979967e-05
9.955070699785121e-05
9.950949329953765e-05
9.947811528387393e-05
9.942912673086411e-05
9.938997061432378e-05
9.935280085855816e-05
9.9298075022506e-05
9.92531667378293e-05
9.921609921609921e-05
9.916931663920799e-05
9.912257815955555e-05
9.908366306693849e-05
9.903700527045044e-05
9.900980850942601e-05
9.897680394562625e-05
9.893994252149376e-05
9.890698451265916e-05
9.887017506550149e-05
9.884500543647529e-05
9.749941043616538e-05
9.747079137709641e-05
9.74421891142356e-05
9.740788854898565e-05
9.737741942390923e-05
9.733365343636185e-05
9.730132993987968e-05
9.727662645403448e-05
9.724054391488943e-05
9.718172983479106e-05
9.71438230087838e-05
9.71135188331523e-05
9.706242338703317e-05
9.701327115580275e-05
9.699626851831245e-05
9.69622811164567e-05
9.693020376656316e-05
9.690191784273726e-05
9.688306972987593e-05
9.684162967983009e-05
9.680963209563237e-05
9.677389510301886e-05
9.673818448508188e-05
9.670250021263456e-05
9.665558731205987e-05
9.662183819814128e-05
9.657687602428271e-05
9.653756843461471e-05
9.650764126467452e-05
9.646839000159551e-05
9.643850570102773e-05
9.641050598003214e-05
9.637506299851752e-05
9.633964606692934e-05
9.631542842410095e-05
9.629122295376548e-05
9.625772776547716e-05
9.621867948601196e-05
9.618894967368405e-05
9.61518132338355e-05
9.612212472167315e-05
9.608503985324526e-05
9.283951161458103e-05
9.280908592689288e-05
9.27715287756911e-05
9.275186811069674e-05
9.272328565100276e-05
9.269115143313721e-05
9.266260637639715e-05
9.263764387010937e-05
9.260378768726849e-05
9.25663964753353e-05
9.253437088984017e-05
9.248815081331939e-05
9.244730229444877e-05
9.241535904875252e-05
9.23798924336208e-05
9.234091058550165e-05
9.23090408077178e-05
9.229311416685608e-05
7.948218859818423e-05
8.519853356357006e-05
8.516590482390992e-05
8.450496227359371e-05
8.448232022900451e-05
8.446615476714403e-05
8.444030289201206e-05
8.44257681652013e-05
8.439671371760696e-05
8.436606682120128e-05
8.433705344349009e-05
8.430806001424233e-05
8.427586846418822e-05
8.424852496919067e-05
8.4221199211755e-05
8.419549703953375e-05
8.416981054982772e-05
8.413451720673403e-05
9.427268487517717e-05
9.42421579005133e-05
9.421165068967644e-05
9.418295605762294e-05
9.416861529537586e-05
9.413099156444983e-05
9.40916084593699e-05
9.405762228848804e-05
9.402008717897209e-05
9.399865199238241e-05
9.397187174964953e-05
9.39468906201399e-05
9.392370574670251e-05
9.38969681852852e-05
9.387558909416834e-05
9.383286010504946e-05
9.380083888103455e-05
9.375995466313646e-05
9.373863791173051e-05
9.369780788612696e-05
9.366587875542478e-05
9.364992234898161e-05
9.361979729827142e-05
9.358438086591223e-05
9.355252897967417e-05
9.352777027635251e-05
9.348359088557483e-05
9.34553379728197e-05
9.342180981153791e-05
9.3393594224159e-05
9.335306416383418e-05
9.332489008052528e-05
9.329145543649446e-05
9.32703511597302e-05
9.324749896566177e-05
9.320533970610267e-05
9.31737452706926e-05
9.315620206019559e-05
0.00010128851540616247
0.00010125992436869366
0.00010121992402235438
0.00010118946877319859
0.000101162835459991
0.00010113811707676832
0.0001011096108711622
0.0001010716275841466
0.00010103746701752599
0.00010101660248089625
0.00010099764219663616
0.00010096163725823933
0.00010093891052078225
0.00013215607275013214
0.00013175195284779705
0.00013172232291781008
0.00013168283706925394
0.00013163597836032942
0.00013160147222459985
0.0001315571337657962
0.00013152513012166075
0.00013150298287253832
0.00013146116952345325
0.00013141938275628115
0.00013137516688918559
0.00013134325170652793
0.00013129663432286164
0.00013125005001907394
0.00013119860054826082
0.00013114229738914876
0.00013984964275943907
0.0001398209545832767
0.00018327651716913462
0.00018324235565614876
0.00018318431030153317
0.00018312630170911966
0.00018307173893766072
0.0001830069878618809
0.00018293887829978937
0.0001828538126060632
0.00018279261427526646
0.00018274164694968828
0.00018269410308212783
0.00018263301159137976
0.0001826024811648349
0.00018258213321730148
0.0001825346723040659
0.00018987699753075945
0.00018983119734580908
0.0001897678181691314
0.00018972207063294852
0.00018966579624323126
0.00018959550018443313
0.0001895533475553485
0.00018952174538192359
0.0001894655897507802
0.00018816827506684404
0.0001880916692441702
0.00018801164800202942
0.00018796992481203009
0.00018481595429557346
0.00018477155037367943
0.0001847066907018502
0.00018466233926152655
0.00018462482775237848
0.0001845737002477393
0.0001845464438221111
0.0001844953597154228
0.00018445451278793835
0.0001844068808930932
0.00018435927359197195
0.00018430149776239808
0.00018426073662167878
0.00018420641647232648
0.00018417587546043967
0.0002105225308658216
0.00021044114179112985
0.00021036755826405796
0.00021030563308960484
0.00021027081619764146
0.00021022054547874765
0.00020954201914987313
0.00020949195029259732
0.000209453452065919
0.0002094149679862391
0.00023473623991644493
0.00023467588754446904
0.00023458541715292767
0.00023454666547798224
0.00023448641053602884
0.00023444339024275177
0.00023437888939255384
0.0002343230173574546
0.00023427146680914142
0.00023420276801751087
0.00023414697990969176
0.00022188258673136023
0.0002218013214771872
0.00022176883204073534
0.0002217038817137662
0.00022166330707536027
0.00022161463710875453
0.00022157409512658948
0.00022152141272047628
0.00022144041176511557
0.00022137565363914243
0.00023228697600556899
0.00023223180901576167
0.0002321681873487254
0.0002321130767612161
0.00023205375615014168
0.00023200716836532939
0.00023193097414484412
0.00023186328795083927
0.00023058841509214416
0.00023051275307140555
0.0002304413400743174
0.0002303993530944919
0.00023035738141214147
0.00023029445255309865
0.0002302357499633686
0.00023019383786136008
0.0002301184345187184
0.00023008912433563982
0.00023001378956704913
0.00022996777593318592
0.0002299092397454245
0.0002298590895831548
0.0002298006087055099
0.0002297713794243212
0.0002400157098046136
0.00023994596567332752
0.00023989368416865963
0.0002398370715759573
0.00023917552501944513
0.000239088741447232
0.0002390280304090294
0.00023897601691095323
0.00023892402604466128
0.00023889803909381892
0.00023883309644196936
0.0002387984747960829
0.0002387335862572267
0.0002380564315767778
0.00023799178214936622
0.00023795300934485988
0.00023789702648107164
0.00023778083850800597
0.00023769914461028703
0.00023763898501768193
0.00023757026847462758
0.00023753163288047006
0.0002374887191783002
0.00023742008949804205
0.00024819859326901577
0.00024813138541814414
0.0002480686909209351
0.00024802392853061394
0.00024796128831631147
0.00024790762188183055
0.00024786291759513286
0.0002478003586730984
0.00024772890141908793
0.00024765748536491404
0.0002475861104749553
0.0002475236911857898
0.00024748358111699844
0.0002474479386339399
0.0002473722324347718
0.0002471849138515805
0.0002471271063413252
