2
3
3
3
3
3
3
3
3
3
4
4
4
4
4
4
4
4
4
4
4
4
4
4
4
4
4
4
4
4
4
4
4
4
4
4
5
5
5
5
5
5
5
5
5
5
5
5
5
5
5
5
5
5
5
5
5
5
5
5
6
6
6
6
6
6
6
6
6
6
6
6
6
6
6
6
6
6
6
6
6
7
7
8
8
8
8
8
8
9
9
9
9
9
9
9
9
9
9
9
9
9
9
9
9
9
9
9
9
9
9
9
9
9
9
9
9
9
9
9
9
9
9
9
9
9
9
9
9
9
9
9
9
9
9
9
9
9
9
9
9
9
9
9
9
9
9
10
10
10
10
10
10
10
10
10
10
10
10
10
10
10
10
10
12
12
12
12
12
12
12
12
12
12
12
12
12
12
12
12
12
12
12
12
12
12
12
12
12
12
12
13
13
13
13
13
13
13
13
13
13
13
13
13
13
13
13
13
13
13
13
13
13
13
16
16
16
16
16
16
16
16
16
16
16
16
16
16
16
16
16
16
16
16
16
16
16
16
16
16
16
16
16
16
16
16
16
16
16
16
16
16
16
16
16
16
16
16
16
16
16
16
16
16
16
16
16
16
16
16
16
16
16
16
16
16
16
16
16
16
16
16
16
16
16
16
17
17
17
17
17
17
17
17
17
17
17
17
17
17
17
17
17
17
17
17
17
17
17
17
17
18
18
18
18
18
18
18
18
18
18
18
18
18
18
18
18
28
28
28
28
28
28
28
28
28
28
28
28
28
28
28
28
28
28
28
28
28
28
28
28
28
28
28
28
28
28
28
29
29
29
30
30
30
30
30
30
33
33
33
33
33
33
33
36
36
36
36
36
36
36
39
39
39
39
40
40
40
40
40
40
40
40
40
40
40
40
40
40
40
40
40
40
40
44
44
44
47
50
50
53
53
53
53
53
54
54
56
56
56
56
56
56
56
56
56
56
56
56
56
56
56
56
56
56
58
58
58
58
61
69
69
69
69
69
69
69
69
69
69
69
69
69
69
69
69
69
69
69
69
69
69
70
72
72
72
72
72
72
72
72
72
72
72
72
72
72
72
72
72
72
72
72
91
91
91
91
91
91
93
93
93
93
114
114
114
114
114
114
114
114
116
117
117
117
117
117
117
122
122
122
125
125
125
125
125
125
125
125
125
125
125
125
127
127
127
138
139
139
148
148
148
148
148
153
153
153
153
153
153
153
153
158
158
158
158
159
159
159
159
171
171
171
171
171
171
211
213
239
239
239
239
239
239
239
239
260
260
260
260
260
260
262
262
295
295
295
295
295
295
295
296
296
296
296
296
297
297
297
297
297
297
297
353
353
353
353
354
354
357
504
506
506
506
782
782
782
783
783
785
788
792
797
797
797
797
800
811
811
818
818
818
830
830
852
870
974
975
975
976
978
983
1027
1029
1032
1034
1036
1036
1037
1039
1772
2367
2369
2512
2786
2789
2823
2825
2833
2845
2868
2882
3804
3919
3959
3966
3980
4195
4212
4238
4317
4472
4505
4754
4777
4912
4935
5252
5427
5628
5659
5697
7148
7245
7473
7520
7565
7687
7838
8014
8155
8610
8644
8940
9048
9083
9858
10079
10136
10193
10334
10569
11027
11293
11417
11604
11625
11694
11761
11837
11878
12055
12277
12384
12445
12625
12785
12956
13030
13078
13126
13197
13304
13465
13556
13644
13777
13859
14236
14329
14452
14656
14789
14811
14913
14984
15177
15406
15518
15612
15909
16097
16167
16255
16292
16420
16547
16635
16691
16930
17002
17133
17301
17372
17870
18010
18092
18287
18392
18438
18756
18942
18976
19031
19139
19306
19370
19426
19546
19698
19784
19867
19919
19990
20044
20131
20241
20342
20410
20563
20649
20714
20767
20846
20978
21059
21205
21297
21430
21533
21663
21731
21778
21851
21927
21998
22166
22261
22387
22448
22559
22631
22731
22835
23054
23209
23329
23475
23537
23610
23672
23860
24064
24243
24350
24447
24542
24633
24831
24947
25003
25126
25170
25285
25361
25499
25590
25735
25829
25912
26012
26113
26217
26345
26475
26568
26645
26693
26769
26832
26956
27027
27103
27174
27239
27507
27563
27651
27775
27827
27918
27969
28041
28237
28326
28405
28500
28577
28684
28778
28877
28995
29061
29096
29163
29293
29386
29456
29595
29715
29796
29900
29986
30080
30214
30322
30398
30452
30527
30634
30728
30790
30900
30964
31061
31133
31193
31272
31373
31470
31541
31712
31792
31852
31915
31975
32144
32224
32279
32354
32496
32558
32631
32686
32767
32832
32894
33033
33103
33162
33226
33279
33347
33387
33451
33569
33636
33688
33714
33767
33837
33907
33952
33998
34042
34111
34183
34263
34302
34360
34424
34496
34567
34654
34727
34837
34894
34944
35065
35122
35172
35218
35247
35323
35372
35404
35455
35538
35608
35722
35802
35860
35957
36033
36115
36163
36251
36309
36355
36433
36529
36585
36632
36683
36755
36869
36915
36975
37045
37096
37132
37210
37291
37345
37393
37466
37517
37582
37623
37676
37731
37779
37828
37870
37967
38020
38065
38119
38184
38233
38293
38350
38406
38468
38511
38560
38606
38674
38715
38772
38827
38894
38933
38978
39069
39136
39197
39274
39342
39408
39464
39537
39602
39649
39726
39815
39889
39943
40027
40084
40137
40175
40208
40252
40307
40352
40387
40422
40469
40529
40569
40630
40650
40726
40743
40788
40842
40875
40923
40976
41025
41077
41131
41171
41214
41261
41305
41355
41381
41449
41515
41550
41603
41686
41795
41840
41955
42026
42078
42159
42195
42230
42282
42314
42342
42390
42444
42483
42550
42588
42627
42691
42743
42793
42828
42874
42932
42965
43018
43062
43093
43151
43209
43263
43303
43351
43394
43445
43474
43536
43587
43656
43692
43736
43768
43822
43864
43914
43963
44019
44058
44113
44149
44205
44253
44304
44336
44374
44418
44476
44522
44593
44640
44672
44709
44769
44792
44817
44842
44891
44932
44978
45003
45078
45113
45143
45175
45207
45248
45295
45327
45360
45392
45434
45456
45499
45536
45563
45599
45660
45681
45718
45754
45785
45824
45857
45889
45935
45984
46019
46047
46086
46117
46168
46207
46241
46277
46365
46406
46432
46467
46494
46542
46581
46610
46644
46668
46706
46736
46772
46819
46852
46901
46922
46949
46991
47026
47055
47103
47130
47153
47170
47209
47242
47264
47293
47331
47367
47396
47442
47473
47498
47528
47562
47582
47611
47643
47692
47752
47790
47822
47854
47877
47905
47937
47982
48021
48042
48076
48112
48160
48212
48249
48280
48325
48349
48391
48428
48451
48501
48540
48573
48599
48620
48663
48690
48720
48743
48770
48798
48828
48877
48902
48933
48978
49010
49037
49057
49098
49126
49163
49184
49204
49231
49288
49311
49329
49350
49378
49413
49438
49458
49488
49523
49557
49598
49623
49652
49671
49697
49730
49761
49791
49811
49829
49850
49884
49908
49933
49957
49974
49991
50010
50026
50057
50079
50130
50158
50184
50213
50250
50275
50300
50338
50361
50384
50425
50451
50484
50516
50539
50569
50593
50630
50651
50676
50699
50737
50762
50783
50810
50824
50848
50882
50928
50956
50999
51024
51049
51081
51091
51108
51128
51157
51199
51255
51287
51307
51336
51349
51371
51400
51426
51457
51485
51516
51549
51576
51592
51613
51640
51665
51682
51701
51722
51741
51765
51791
51807
51834
51846
51863
