0.00012337981138498433
0.00012337981138498433
0.00012337981138498433
0.00012337981138498433
0.00012337981138498433
0.00012337981138498433
0.00012337981138498433
0.00012337981138498433
0.00012337981138498433
0.00012337981138498433
0.00012338202753664466
0.00012338202753664466
0.00012338202753664466
0.00012338202753664466
0.00012338202753664466
0.00012338424376791957
0.00012338424376791957
0.00012338646007881333
0.00012338646007881333
0.0001263847794232748
0.0001263847794232748
0.0001263847794232748
0.0001263870497541547
0.0001263870497541547
0.00012638932016660292
0.00012638932016660292
0.00012638932016660292
0.00012638932016660292
0.00012638932016660292
0.00012638932016660292
0.00012638932016660292
0.0001263915906606238
0.0001263915906606238
0.00012639386123622178
0.00012639386123622178
0.0001263961318934012
0.0001263961318934012
0.0001263961318934012
0.00012639840263216652
0.00012639840263216652
0.00012640067345252208
0.00012640067345252208
0.00012640294435447235
0.00012640294435447235
0.00012640294435447235
0.00012640521533802165
0.00012640521533802165
0.00012640748640317442
0.00012640975754993504
0.0001264165714799081
0.00012641884295314416
0.00012641884295314416
0.00012641884295314416
0.00012642338614451027
0.000126427929662431
0.000126427929662431
0.00012942516401698054
0.00012942981566627042
0.00012943911996802742
0.00012944377262056667
0.00011866249015781724
0.00011866888855223954
0.00011867528763671409
0.00011868382082295437
0.00011868382082295437
0.00011868382082295437
0.00011868382082295437
0.00011868595431125764
0.00011869022151798499
0.00012168855605378093
0.00012168855605378093
0.00012168855605378093
0.0001216907437132156
0.00012169293145130911
0.0001216951192680657
0.00012169730716348959
0.00012169730716348959
0.00012169949513758505
0.00012170387132180762
0.00012170605953194322
0.00012170824782076736
0.00012171043618828428
0.00012171481315941343
0.00012172356804617188
0.00012173013503781211
0.00012173232419249035
0.00012173670273806953
0.00011154960167585611
0.00011155361425145597
0.00011155562064751077
0.00011155963365614964
0.00011156364695352014
0.00011157368146035171
0.00011158171036557679
0.00011158171036557679
0.00011158572525152834
0.00011158773280285253
0.00011159174812221715
0.00011159375589026542
0.00011159576373056283
0.00011159576373056283
0.00011159777164311331
0.00011160178768498906
0.00011160781228979813
0.00011160982063594889
0.0001116138375450954
0.00011161584610809897
0.00011161986345098622
0.00011161986345098622
0.0001116299080735206
0.00011163191721497006
0.0001116359357148428
0.00011163995450404002
0.00011164196400714508
0.00011164196400714508
0.00011164196400714508
0.00011164397358259295
0.00011164598323038758
0.00011165201260789098
0.00011165603255469859
0.00011166005279098694
0.00011166407331678731
0.00011166608368826428
0.0001116741258981086
0.00011167814743744737
0.00011168015831573459
0.00011168418028956427
0.00011168820255309369
0.00011169021379350557
0.00011169423649164329
0.00011170630632484965
0.00011171435432962809
0.00011171837876690356
0.00011172642851138365
0.00011173649232342416
0.00011174655794863346
0.00011175058470651421
0.00011175461175461174
0.00010330702607901786
0.00010331633419230053
0.00010332378189070507
0.00010333123066294194
0.00010333681794696178
0.00010334054313866859
0.00010335172032543775
0.0001033573098255545
0.00010336289993029014
0.0001033666270027284
0.00010337035434395885
0.00010638106056508178
0.00010638681524757475
0.0001063964077687411
0.00010640216411181245
0.00010640600201991055
0.00010641175940120842
0.00010641751740557701
0.00010642327603311749
0.00010642711546440104
0.00010643671525472652
0.00010644631677702203
0.00010645207852193996
0.00010645976181883797
0.00010646936749977444
0.00010767629737907472
0.00010768407057818527
0.00010768795759861873
0.00010769378865545209
0.00010769767637750745
0.00010770156438026476
0.00010770545266375442
0.0001077112856154286
0.00010771323007305245
0.00010771906386717459
0.00010772878826177495
0.00010774824231917559
0.00010774824231917559
0.00010775407990657302
0.00010775991812654267
0.00010777159646461
0.00010777743658291338
0.00010778133034676689
0.00010778717152010022
0.00010779690821605151
0.00010780469883944329
0.00010781054254601525
0.00010782028346494637
0.00010783782155551541
0.0001078514662376709
9.279512162789159e-05
9.281189920868819e-05
9.281861193984875e-05
9.28219686695719e-05
0.00010488056273846767
0.00010488245931283907
0.00010489573725426367
0.00010490522355664883
0.00010491091616170753
0.0001049147115749869
0.00010491850726289323
0.00010492040520984082
0.00010492799768434765
0.000104941287159167
0.00010494698367893462
0.00010496027796377062
0.00010496407694952677
0.00010496977594382309
0.00010497927564299808
0.00010498877706176238
0.00010499828020058294
0.00010500208193783154
0.00010500968623829958
0.00010502489814395655
0.00010503440782325246
0.00010505533518085821
0.0001050629471968119
0.00010507246376811595
0.00010508007826654107
0.00010509531057476264
0.00010510673770432389
0.00010511626221070375
0.00010513150501187262
0.00010513531640292205
0.00010514294001413992
0.0001051467522343685
0.00010515247108307046
0.00010516391064693938
0.00010517725995103818
0.00010519252044906326
0.00010519633626553007
0.00010520015235884136
0.00010520969380351184
0.00010522114582199486
0.00010523069107534882
0.0001052383285250304
0.00010524787689627642
0.00010525169672993868
0.00010525742700034482
0.0001052593372291387
0.00010526697883770737
0.00010527653240883598
0.00010528608771420274
0.00010529373320746498
0.00010529946805613553
0.00010531093962778031
0.00010531858873091102
0.00010533006446926361
0.00010533962949509627
0.00010534919625828718
0.00010536450669427945
0.00010538173625495114
0.00010539514092057205
0.00010541429635957182
0.0001054315422089726
0.00010544495954913191
0.00010545838030473836
0.00010546796865055554
0.00011759927743124383
0.0001176099713856152
0.0001176142495119615
0.00011761852794955741
0.00011763564481311699
0.0001176506261560387
0.00011766561131530745
0.00011768274188656355
0.00011769773522863089
0.00011770416211624803
0.0001177277333770261
0.00011773630708541951
0.00011775345824911534
0.0001177620357049636
0.00011777275928219324
0.0001177899210686096
0.00011779635802806468
0.00011780064972523302
0.00011781138033643044
0.00011783714178116307
0.00011784358390280942
0.00011785217449411651
0.00011786935943471313
0.00011788869848446179
0.00011789514624467498
0.00010392925517367127
0.0001039387308533917
0.0001039482082611471
0.00010396147953600352
0.00010397096109297195
0.000103984238178634
0.00010399372388754084
0.00010400890462200976
0.0001040183948319282
0.00010402029308173807
0.00010404117840324173
0.00010405637299645845
0.00010406967190666596
0.00010407347221968633
0.00010408487482424267
0.00010409057706355006
0.00010409437890353922
0.00010410578609000587
0.00010411909763448719
0.0001041305102395002
0.00010415334295685861
0.00010416857033206018
0.00010417999378575477
0.00010418761081357731
0.00010419141974518802
0.00010419522895530575
0.00010421237384817904
0.00010422761849034525
0.0001042390548992356
0.00010424858715730565
0.00010425812115891134
0.00010426574961586304
0.00010428291772626651
0.00010429054981246
0.00010430581733672482
0.00010431154381084841
0.00010432681748297827
0.00010434209562861538
0.000104355467677267
0.00010436884315377011
0.00010438222205944295
0.00010439751643803002
0.00010441090269636579
0.00010442811864499938
0.00010443385855624772
0.00010443577200021988
0.0001044434264773248
0.00010445873879817475
0.00010447214076246336
0.00010448937691334717
0.00010450278674097977
0.00010452386628280126
0.00010453153367932662
0.00010454111950700611
0.00010455262482116
0.00010578710497994327
0.000105789045636049
0.00010580457344855636
0.00010581039755351683
0.00010581622229969847
0.00010582981586835506
0.00010585118424836483
0.00010586867388776698
0.00010588616930770033
0.00010590367051103114
0.00010591728655830044
0.00010593285204303448
0.00010594842210341302
0.0001059601026526775
0.00010597178577772879
0.00010599321153304172
0.00010601074814174803
0.00010603803884792431
0.00010604583877354618
0.0001060536398467433
0.00010606924543687656
0.00010608680721635578
0.0001061024225697639
0.00010612585422110985
0.00010613562046392924
0.00010615125019174721
0.00010617274858538622
0.00010618643391582425
0.00010620990269208338
0.00010622555430704713
0.00010623925325472859
0.00010624708281131011
0.00010627253684216994
0.00010627841258139822
0.00010629996251851034
0.0001063234815101622
0.00010633720572868647
0.00010635093349070814
0.00010635877951763528
0.00010637055072891497
0.00010638821243204685
0.00011870932821591569
0.00011872904555381257
0.00010950746250292225
0.00010952363372343437
0.00010955396763849652
0.00010957419958509544
0.00010958431836091411
0.00010960861104953325
0.00010963291451096329
0.00010966736286958826
0.00010969169239491475
0.00010970183288343256
0.00010973226560140063
0.00010974038384473585
0.0001097667764334431
0.0001097850556634903
0.00010981553457955458
0.00010984399684044234
0.00010986433606142527
0.00010989689448663333
0.00010991521708255374
0.00010994373104551548
0.0001099641072211823
0.0001099906075436255
0.00011001916064033624
0.00011313685850473876
0.00011315364781390861
0.00011318724138570872
0.00011320194484652784
0.00011320404565277907
0.00011322295641844234
0.00011323977129278977
0.00011326289990159125
0.00011327972664302029
0.00011330287157769605
0.00011332181537832766
0.00011333655382557318
0.00011335761540176911
0.00011338711476263057
0.00011339343805186354
0.00011342084712357293
0.00011343772083162866
0.0001134609303796291
0.00011348626072073078
0.00011350104197677879
0.00011352427744588985
0.00011354118194509074
8.252668155869943e-05
8.254665748102358e-05
8.256203015686786e-05
8.258048492750924e-05
8.260048690813336e-05
8.260818255787232e-05
8.262203834159555e-05
8.26374391092554e-05
8.265130470988149e-05
8.266825787523931e-05
8.26929294436569e-05
8.270835665335871e-05
8.272842063358775e-05
8.274694987276879e-05
8.276085225009957e-05
8.277321384117501e-05
8.278867102396515e-05
8.280568059420859e-05
8.282114990628133e-05
8.283817282658794e-05
8.285210587627004e-05
8.285984848484849e-05
8.28830849956689e-05
8.289858324451343e-05
8.291718879558108e-05
8.293735423604097e-05
8.294821661334282e-05
8.296529181325949e-05
8.29870340558821e-05
8.300412524261544e-05
8.301811417799583e-05
8.304455059161437e-05
9.555035128805621e-05
9.55682563477935e-05
9.683384561561337e-05
9.6851997650558e-05
9.686834030160427e-05
9.689013908423191e-05
9.68955903129415e-05
9.692649219898071e-05
9.694831716485592e-05
9.69792526966489e-05
9.699745929235661e-05
9.70375378759422e-05
9.706305967812638e-05
9.709224389571668e-05
9.711779448621554e-05
9.713240086228506e-05
9.715249180471722e-05
9.717807411865757e-05
9.720184119100476e-05
9.723842862699339e-05
9.72512407376036e-05
9.728786537870087e-05
9.730435546850479e-05
9.731535196765364e-05
9.7341020133891e-05
9.736670184431379e-05
9.738321867244683e-05
9.739239710964499e-05
9.741626914543935e-05
9.743464021473338e-05
9.746404834216798e-05
9.748427672955975e-05
9.75118744298701e-05
9.754132920513256e-05
9.755606326668052e-05
9.757264440751373e-05
9.759107450921135e-05
9.761873271990982e-05
9.765009765009766e-05
9.766855702583491e-05
9.770180149515274e-05
9.772397705062733e-05
9.774246437129526e-05
9.776280850473361e-05
9.777946000504668e-05
9.779981954355878e-05
9.7829448557489e-05
9.78442697976833e-05
9.786465633721004e-05
9.788319692836214e-05
9.790731020194173e-05
9.794257405722375e-05
9.796671659808997e-05
5.690332125718404e-05
5.692491603574885e-05
5.693571957260253e-05
5.695517627627058e-05
5.696707303178763e-05
5.69811392429106e-05
5.699521240215822e-05
5.7009292514679893e-05
5.7021211890823384e-05
5.703638921632001e-05
5.704723511067164e-05
5.705917035966297e-05
5.706785367802317e-05
5.7078711543218095e-05
5.709609272405459e-05
5.7104787284667364e-05
5.7128710985851125e-05
5.713850373304891e-05
5.715265474081271e-05
5.715918833952558e-05
5.717008099094807e-05
5.717770831745064e-05
5.718969822902568e-05
5.720605621448457e-05
5.721805801911083e-05
5.7235524182008966e-05
5.72475383558507e-05
5.7261743429214944e-05
5.72737686139748e-05
5.728579885046497e-05
5.72967398155045e-05
5.731206418951189e-05
5.732411052088508e-05
5.733068338174591e-05
5.7344929752461054e-05
5.7359183205231155e-05
5.7380027924946924e-05
5.739649498737277e-05
5.7419564759699124e-05
5.742835812324125e-05
5.745365405239773e-05
5.746796161140164e-05
5.747566863361177e-05
5.749880210828941e-05
5.7517542850569426e-05
5.7534088947701514e-05
5.7545124968829724e-05
5.755837378407935e-05
5.757825844960943e-05
5.759373380176237e-05
5.7607005011809435e-05
5.762470947542306e-05
5.764131729623794e-05
5.765017871555402e-05
5.767567047966933e-05
5.768676088837612e-05
5.770340450086555e-05
5.772005772005772e-05
5.7736720554272516e-05
5.775116946118159e-05
5.777230010784163e-05
5.778899312310982e-05
5.7801240799969175e-05
5.7824637150401884e-05
5.7849167936134516e-05
5.786144113562722e-05
5.7889354147772225e-05
5.790052689479474e-05
5.791841226325849e-05
5.7932952263247335e-05
5.795085767269355e-05
5.796205417519997e-05
5.7983339453796944e-05
5.799342741156002e-05
5.800912676927837e-05
5.802146794313896e-05
5.803269174968566e-05
5.804841237592152e-05
5.807875479149727e-05
5.810237638719424e-05
5.81192607230036e-05
5.812714343841429e-05
5.814742310003295e-05
5.8167716917111004e-05
5.818802490447466e-05
5.819818421665244e-05
5.822755327821125e-05
5.824790307548928e-05
5.827053065029912e-05
5.828977791594614e-05
5.8304504994752595e-05
5.831810582792271e-05
5.8336250145840624e-05
5.8351000719662344e-05
5.837711617046118e-05
5.839416058394161e-05
5.8415764467637667e-05
5.8433969614335804e-05
5.8460159401367966e-05
5.847839223406951e-05
5.848979353102884e-05
5.8514892040024186e-05
5.853772756541591e-05
5.855372304089002e-05
5.857658888997364e-05
5.858917272088118e-05
5.8610921168311026e-05
5.8630393996247655e-05
5.8646440161082225e-05
5.8661348037777905e-05
5.8676263495540605e-05
5.8703819661866e-05
5.8722204823050425e-05
5.8742901899353826e-05
5.877167205406994e-05
5.878779565362231e-05
5.881545670202129e-05
5.8837373499646975e-05
5.8862771259270885e-05
5.889281507656066e-05
5.89066918001885e-05
5.892983421073309e-05
5.894951956141557e-05
5.8970377213846245e-05
5.898545025560362e-05
5.900169138181961e-05
5.9024908511391805e-05
5.904814392000945e-05
5.906558248508594e-05
5.9094669660796596e-05
5.9112135721463615e-05
5.913310862752055e-05
5.914360066240833e-05
5.9155262846551245e-05
5.917860101787194e-05
5.920429428481213e-05
5.922767116796968e-05
5.925457741610539e-05
5.928033671231253e-05
5.92955686445033e-05
5.932136360041129e-05
5.9349529160401997e-05
5.936949595297936e-05
5.9388300504800556e-05
5.9417706476530004e-05
5.943889681407513e-05
5.945774536229586e-05
5.947071067499257e-05
5.949193884228687e-05
5.951790496974506e-05
5.953798523457966e-05
5.956399158162252e-05
5.959475566150179e-05
5.96219965419242e-05
5.964926233745576e-05
5.966349787200191e-05
5.969080164746613e-05
5.971813042439685e-05
5.9735967025746205e-05
5.9757385016831667e-05
5.976690905468672e-05
5.9784774810681545e-05
5.979788315493632e-05
5.982769623484365e-05
5.984440454817474e-05
5.986828976252245e-05
5.9889802762916236e-05
5.991133122977993e-05
5.9930480642454755e-05
5.996522017230007e-05
5.9992800863896336e-05
6.001800540162048e-05
6.005044237159214e-05
6.0068478064994094e-05
6.009856164109139e-05
6.011301246343125e-05
6.014675808973896e-05
6.0180541624874626e-05
6.0207112466886086e-05
6.023007890140336e-05
6.0248222677431016e-05
6.027485333119023e-05
6.0305144028785656e-05
6.034031940142403e-05
6.03536725209729e-05
6.039255158530448e-05
6.042052686699428e-05
6.0447310094700784e-05
6.048874909266876e-05
6.0508269463493345e-05
6.053024494572455e-05
6.0548570044604114e-05
6.05766900896535e-05
6.0606060606060605e-05
6.06366851945427e-05
6.066611393096196e-05
6.069802731411229e-05
6.0718911917098444e-05
6.0750880887772874e-05
6.078904176207169e-05
6.080998905420197e-05
6.0846990102222946e-05
6.0879094119079505e-05
6.090999533023369e-05
6.092731371473832e-05
6.0953309764720226e-05
6.0965696634693545e-05
6.098428638220885e-05
6.101529450048812e-05
6.104509197460524e-05
6.106994544418207e-05
6.109606337698308e-05
6.113216774666829e-05
6.115833893951441e-05
6.119701358573702e-05
6.122448979591836e-05
6.124823911312549e-05
6.127576135133479e-05
6.131458469587966e-05
6.132962629814375e-05
6.135973165344023e-05
6.138986657935663e-05
6.142254616928053e-05
3.072888925308313e-05
3.073959464721192e-05
3.07572433308044e-05
3.076986194588607e-05
3.0787545411629484e-05
3.080398398192833e-05
3.081854043392505e-05
3.0830575709617085e-05
3.0848963474827244e-05
3.085975271051495e-05
3.0876904075751336e-05
3.0885168941874115e-05
3.089980224126566e-05
3.09163609382085e-05
3.0927835051546395e-05
3.094697751186301e-05
3.096934035305048e-05
3.098149372108394e-05
3.099685898495619e-05
3.1009675018605804e-05
3.1017369727047146e-05
3.103212859714091e-05
3.104047678172337e-05
3.1047544139258584e-05
3.1061688513387586e-05
3.1072627087044784e-05
3.108743860230876e-05
3.109388279679111e-05
3.110355409944843e-05
3.112033195020747e-05
3.1134542737349e-05
3.114294612270321e-05
3.115911923556294e-05
3.1170774282033164e-05
3.1183086293994136e-05
3.1201248049921994e-05
3.1211635697788134e-05
3.122268015486449e-05
3.123568364499604e-05
3.125325554745286e-05
3.126889162202164e-05
3.1283890881788606e-05
3.130282351468102e-05
3.1325049597995194e-05
3.13361744798195e-05
3.1350583120846046e-05
3.1364349189754314e-05
3.137681462577919e-05
3.138863312965598e-05
3.1403090064062305e-05
3.1424800452517124e-05
3.143863179074447e-05
3.145313482910463e-05
3.146633102580239e-05
3.148614609571788e-05
3.149937001259975e-05
3.1518564434451894e-05
3.152982721654685e-05
3.154375118289067e-05
3.1562999747496005e-05
3.157562361856647e-05
3.1596907715964866e-05
3.161222339304531e-05
3.162355322244007e-05
3.1645569620253167e-05
3.16629374762528e-05
3.1678986272439285e-05
4.577883890778734e-05
4.580303286543774e-05
4.582919107952423e-05
4.5856349693467945e-05
4.587576841912103e-05
4.590103736344442e-05
4.5923413875936134e-05
4.595263343937788e-05
4.599067450630781e-05
4.601313852078379e-05
4.602682301624393e-05
4.605421644064675e-05
4.607380314435987e-05
4.610517654736066e-05
4.613168110943145e-05
4.6157232838385784e-05
4.618084418583172e-05
4.6206450420478704e-05
4.622813942406851e-05
4.6248861566484526e-05
4.6266638194889324e-05
4.629233968606673e-05
4.631608949693602e-05
4.633292702920401e-05
4.6369615774229915e-05
4.6408350647218e-05
4.644416339771209e-05
4.6484020224124497e-05
4.651795235130358e-05
4.654093454196561e-05
4.655893645063321e-05
4.659097425311085e-05
4.662004662004663e-05
4.664815093906317e-05
4.6677294727620036e-05
4.669338965274486e-05
4.671050267687112e-05
4.673972445134755e-05
4.678009039352852e-05
4.6811421986964824e-05
4.682963379226375e-05
4.686914135733034e-05
4.69036382791416e-05
4.6949374128727965e-05
4.696972981566188e-05
4.6996218611948614e-05
4.70257990768474e-05
4.7050307636626865e-05
4.708200236134351e-05
4.710656955466175e-05
4.713013718495317e-05
4.715372840903321e-05
4.720098178042104e-05
4.723287989768632e-05
4.725657411648383e-05
4.7279260406892595e-05
4.7313330712902714e-05
4.735055436572112e-05
4.738369126244734e-05
4.741376166196177e-05
4.7442831388177253e-05
4.7471936781986963e-05
4.7505243848070927e-05
4.754485674368934e-05
4.7576176778434095e-05
4.7609630329531894e-05
4.764732185399395e-05
4.768087556758581e-05
4.771132446636719e-05
4.773655298022973e-05
4.7767073054226654e-05
4.7812398858387035e-05
4.784090323625311e-05
4.7873672426237725e-05
4.790436814138422e-05
4.793404275716615e-05
4.7970125681729296e-05
4.800839038945884e-05
4.8049912770927594e-05
4.8085103235017795e-05
4.8124620555876395e-05
4.8181339737745266e-05
4.821135859608524e-05
4.825968163459255e-05
4.828549355202948e-05
4.8335043650262506e-05
4.836957330594872e-05
4.839982724984736e-05
4.843228421554602e-05
4.846695299451205e-05
4.8498414474911405e-05
4.8524482467731224e-05
4.856037174832281e-05
4.858541690025041e-05
4.8625761180184634e-05
4.866180048661801e-05
4.8684762418359406e-05
4.871650740116171e-05
4.87570697751174e-05
4.8792205257547785e-05
4.883509515330464e-05
4.886924094791292e-05
4.8912266443927734e-05
4.895426165676285e-05
4.897750048977501e-05
4.900519455062237e-05
4.903735892329049e-05
4.906845426820063e-05
4.911071822536531e-05
4.913856318841238e-05
4.918206443607089e-05
4.921781533475687e-05
4.924578190937262e-05
4.9280504632367444e-05
4.9320889293573116e-05
4.9355718049765756e-05
4.93782143318368e-05
4.941650511270765e-05
4.944244139169063e-05
4.948648257695149e-05
4.953399937510955e-05
4.957593507840625e-05
4.962021451200428e-05
4.96372661321115e-05
4.967709885742673e-05
4.971585476851534e-05
4.974667462613461e-05
4.979125971887089e-05
4.9822173166544036e-05
4.987263296811221e-05
4.989560304593467e-05
4.9928947267350314e-05
4.996233608510508e-05
4.9992308875557616e-05
5.003155836758571e-05
5.0098655814527074e-05
5.014387434716533e-05
5.018103774386055e-05
5.022291246532688e-05
5.026485713180993e-05
5.0315049618379706e-05
5.036417170308385e-05
5.040518010158583e-05
5.042629614975835e-05
5.046740582005653e-05
5.0525072095391345e-05
5.0575785869903525e-05
5.060649943165009e-05
5.064908753720761e-05
5.071191730056564e-05
5.075825016789268e-05
5.079275773417416e-05
5.084401057555421e-05
5.089895383073358e-05
5.094323356296976e-05
5.097439516919579e-05
5.1010398273494216e-05
5.104404708617021e-05
5.112112560853802e-05
5.119238887313739e-05
5.123839253338379e-05
5.128933497459206e-05
5.133429683859708e-05
5.138299301981803e-05
5.141103518096685e-05
5.1465988899182095e-05
5.151861010715871e-05
5.157502182020154e-05
5.162786633942543e-05
5.567884442535455e-05
5.574535521736706e-05
5.579600978821428e-05
5.5841410394479674e-05
5.588688494487157e-05
5.5945844422598916e-05
5.600089601433622e-05
5.604663079682295e-05
5.6107277113841656e-05
5.615994351914251e-05
5.623031938821412e-05
5.628050202207803e-05
5.632805458993176e-05
5.640157924421883e-05
5.6454799867734464e-05
5.6491703789786295e-05
5.654372445435305e-05
5.661094532191409e-05
5.667832620805803e-05
5.672931203552875e-05
5.6766575840145314e-05
5.683709676109744e-05
5.689807928340933e-05
5.69758829227e-05
5.705948043267388e-05
5.712793392746384e-05
5.7199356098677054e-05
5.724847473706593e-05
5.732724026665355e-05
5.739069122988251e-05
5.744296733956999e-05
5.7513762221674466e-05
5.756626288045131e-05
5.7638785962485374e-05
5.771291944925385e-05
5.7790106333795644e-05
5.787611204815292e-05
5.7926400370728955e-05
5.799262665175427e-05
5.80633388078767e-05
5.815450822055512e-05
5.82168995342648e-05
5.827360289037069e-05
5.8343543453437674e-05
5.8409265378325146e-05
5.84722048197803e-05
5.8529406846268326e-05
5.858524990793746e-05
5.864267343570668e-05
5.872089121535467e-05
5.877265895905224e-05
5.884528733313157e-05
5.89076832449718e-05
5.897319247165074e-05
5.902839265686795e-05
5.9094170782153556e-05
5.9167596443182195e-05
5.9244213109898005e-05
5.931047338230683e-05
5.937839305103148e-05
5.9444953972621346e-05
5.952988400176888e-05
5.9593740954521456e-05
5.965468459716043e-05
5.972951064465207e-05
5.9819856774171484e-05
5.9881264007938535e-05
5.997823646848143e-05
6.0041514418540815e-05
6.012506012506012e-05
6.0202624834442776e-05
6.0291293075975634e-05
6.0359917565598286e-05
6.0460014337660535e-05
6.0540016951204735e-05
6.060448646355505e-05
6.06959221011194e-05
6.0778133763989814e-05
6.0835180115586836e-05
6.092572284018312e-05
6.0986234535633375e-05
6.106603855884148e-05
6.115887327881456e-05
6.125842303316705e-05
6.132926807899209e-05
6.1379280108729e-05
6.144069656195416e-05
6.150872105795e-05
6.161266756445125e-05
6.168433482256941e-05
6.176107287806599e-05
6.185767432818147e-05
6.196938712276135e-05
6.205838807769709e-05
6.21046374419987e-05
6.220231748062841e-05
6.22986418896068e-05
6.239526509074054e-05
6.252735571812667e-05
6.262973301839524e-05
6.269704786471768e-05
6.278477379542926e-05
6.286766356818896e-05
6.296945981199118e-05
6.306306306306306e-05
6.315694500834574e-05
6.324767790668256e-05
6.334383031092771e-05
6.341268978512157e-05
6.348169913302136e-05
6.364446384085246e-05
6.373138133216795e-05
6.382726518405047e-05
6.390418024630496e-05
6.40550507407509e-05
6.414133084098447e-05
6.425614334627635e-05
6.433054873958074e-05
6.446384499208015e-05
6.45655201675014e-05
6.468185766295208e-05
6.480581400731378e-05
6.486887220832174e-05
6.498630645685373e-05
6.508419104999394e-05
6.51587079959043e-05
6.528450052693917e-05
6.537229522128521e-05
6.549156094457542e-05
6.561495271036622e-05
6.569254014283434e-05
6.57944206331303e-05
6.590220113351785e-05
6.60252782493869e-05
6.61206986124099e-05
6.621075830235615e-05
6.633876363498516e-05
6.647862712138047e-05
6.658866280452422e-05
6.665524005408596e-05
6.678497147327646e-05
6.69171279168698e-05
6.703247244486579e-05
6.715208027551538e-05
6.725466459137987e-05
6.735367414292448e-05
6.747443200987054e-05
6.764657563370345e-05
6.776051497991384e-05
6.788076259188145e-05
6.79935114763334e-05
6.810265989531647e-05
6.821016526348611e-05
6.829401549298522e-05
6.843021096056464e-05
6.856493589178493e-05
6.869614712751966e-05
6.885020163273334e-05
6.899678672107555e-05
6.913170577546021e-05
6.930624449262878e-05
6.943617823275006e-05
6.955623124465906e-05
6.970375902414736e-05
6.989376148254652e-05
7.005534372154e-05
7.022401460659502e-05
7.033196688369102e-05
7.04657787978538e-05
7.060010085728693e-05
7.076926187659861e-05
7.087674533985398e-05
7.108403148007107e-05
0.0
0.0
0.0
0.0
0.0
0.0
0.0
0.0
0.0
0.0
0.0
0.0
0.0
0.0
0.0
0.0
0.0
0.0
0.0
0.0
0.0
0.0
0.0
0.0
0.0
0.0
0.0
0.0
0.0
0.0
0.0
0.0
0.0
0.0
0.0
0.0
0.0
0.0
0.0
0.0
0.0
0.0
0.0
0.0
0.0
0.0
0.0
0.0
0.0
0.0
0.0
0.0
0.0
0.0
0.0
0.0
0.0
0.0
0.0
0.0
0.0
0.0
0.0
0.0
0.0
0.0
0.0
0.0
0.0
0.0
0.0
0.0
0.0
0.0
0.0
0.0
0.0
0.0
0.0
0.0
0.0
0.0
0.0
0.0
0.0
0.0
0.0
0.0
0.0
0.0
0.0
0.0
0.0
0.0
0.0
0.0
0.0
0.0
0.0
0.0
0.0
0.0
0.0
0.0
0.0
0.0
0.0
0.0
0.0
0.0
0.0
0.0
0.0
0.0
0.0
0.0
0.0
0.0
0.0
0.0
0.0
0.0
0.0
0.0
0.0
0.0
0.0
0.0
0.0
0.0
0.0
0.0
0.0
0.0
0.0
0.0
0.0
0.0
0.0
0.0
0.0
0.0
0.0
0.0
0.0
0.0
0.0
0.0
0.0
0.0
0.0
0.0
0.0
0.0
0.0
0.0
0.0
0.0
0.0
0.0
0.0
0.0
0.0
0.0
0.0
0.0
0.0
0.0
0.0
0.0
0.0
0.0
0.0
0.0
0.0
0.0
0.0
0.0
0.0
0.0
0.0
0.0
0.0
0.0
0.0
0.0
0.0
0.0
0.0
0.0
0.0
