8.803765855761976e-05
8.803765855761976e-05
8.803765855761976e-05
8.803765855761976e-05
8.803765855761976e-05
8.803765855761976e-05
8.803765855761976e-05
8.803924034712616e-05
8.804240409666697e-05
8.804240409666697e-05
8.804240409666697e-05
8.804240409666697e-05
8.804240409666697e-05
8.804240409666697e-05
8.804240409666697e-05
8.804240409666697e-05
8.804240409666697e-05
8.804240409666697e-05
8.804240409666697e-05
8.804240409666697e-05
8.804240409666697e-05
8.804240409666697e-05
8.804240409666697e-05
8.804398605670752e-05
8.265502308950101e-05
8.265650830158843e-05
8.265650830158843e-05
8.265650830158843e-05
8.265650830158843e-05
8.265650830158843e-05
6.888166130587651e-05
6.888166130587651e-05
6.888289907157832e-05
6.888289907157832e-05
6.888413688176487e-05
6.888413688176487e-05
6.888413688176487e-05
6.888413688176487e-05
6.88866126356018e-05
6.88866126356018e-05
6.888785057925698e-05
6.888785057925698e-05
6.888908856740648e-05
6.888908856740648e-05
6.88915646771981e-05
6.8892802798845e-05
6.889527917565301e-05
6.889899407468652e-05
6.889899407468652e-05
6.890147089661784e-05
6.890270937436341e-05
6.890270937436341e-05
6.890518646342633e-05
6.8907663730601e-05
6.8907663730601e-05
6.8907663730601e-05
6.891137996536454e-05
6.891137996536454e-05
6.891385767790263e-05
6.891509660098759e-05
6.891509660098759e-05
6.89163355686197e-05
6.891757458080136e-05
6.892129188466771e-05
6.892129188466771e-05
6.892129188466771e-05
6.892129188466771e-05
6.892129188466771e-05
6.892129188466771e-05
6.892500958956655e-05
6.892500958956655e-05
6.892624891366238e-05
6.892748828232699e-05
6.892872769556279e-05
6.892996715337218e-05
6.892996715337218e-05
6.893120665575755e-05
6.893244620272133e-05
6.174282614299159e-05
6.174504690825166e-05
6.174837835569464e-05
6.174948891806503e-05
6.17517101626528e-05
6.17517101626528e-05
6.17517101626528e-05
6.175282084487452e-05
6.175282084487452e-05
6.175504232918435e-05
6.175615313127679e-05
6.176059673928035e-05
6.176059673928035e-05
6.176392986495887e-05
6.176504098680148e-05
6.176615214862256e-05
6.17683745922088e-05
6.17683745922088e-05
6.176948587397826e-05
6.177615440439991e-05
6.178060089132014e-05
6.178171261306653e-05
6.178393617659409e-05
6.178504801837956e-05
6.178615990018236e-05
6.178615990018236e-05
6.179060782761021e-05
6.179394419346904e-05
6.179616863754448e-05
6.180061800618007e-05
6.18061806180618e-05
6.180729326060475e-05
6.180729326060475e-05
6.180840594320828e-05
6.181063142860572e-05
6.181063142860572e-05
6.181396995721033e-05
6.181730884647702e-05
6.182287446355152e-05
6.182510099100236e-05
6.182621431486951e-05
6.182844108289814e-05
6.183066801133362e-05
6.183512234949452e-05
6.183846352431213e-05
6.184180506022071e-05
6.184291898577613e-05
6.184737508931842e-05
6.18507175884225e-05
6.185406044883228e-05
6.185517481593581e-05
6.185517481593581e-05
6.186074725380324e-05
6.186632069578589e-05
6.187078017251736e-05
6.187189514215519e-05
6.187524029219531e-05
6.187747059318267e-05
6.188193167754106e-05
6.188639340519366e-05
6.189085577627958e-05
6.189420297693089e-05
6.189866647436014e-05
6.190089846449714e-05
6.190424675152958e-05
6.190424675152958e-05
6.190536292770296e-05
6.190982803493397e-05
6.191094441238701e-05
6.191764352269312e-05
6.192322722217213e-05
6.192657792527928e-05
6.192881192881194e-05
6.193216323634637e-05
6.193439764288507e-05
6.19433368815439e-05
6.194780746862013e-05
6.195227870104718e-05
6.195451455931093e-05
6.1955632548963e-05
6.196234133429586e-05
6.196457791895274e-05
6.197352587244284e-05
6.19780008183503e-05
6.198247641055267e-05
6.198471444905819e-05
6.198919101096547e-05
6.19903102524751e-05
6.199478762271056e-05
4.995967110886393e-05
4.9961475488779736e-05
4.99650846396494e-05
4.9972304505936466e-05
4.9975012493753125e-05
4.997862360074908e-05
4.998133227348821e-05
4.998313821843234e-05
4.9985847380560926e-05
4.998855683638685e-05
4.9990363303459576e-05
4.999578348813955e-05
4.999849402126442e-05
5.000210852264854e-05
5.000753125470703e-05
5.0011147062899564e-05
5.0011147062899564e-05
5.001657175570219e-05
5.001838024816348e-05
5.0019284543438436e-05
5.002109323208582e-05
5.00219976254618e-05
5.002471100182018e-05
5.003013863773357e-05
5.0031948111444656e-05
5.00382823003141e-05
5.0039187315367454e-05
5.004371288173405e-05
5.0044618093239755e-05
5.005005005005005e-05
5.005367200974539e-05
5.00572944936976e-05
5.006091750202053e-05
5.00636351024495e-05
5.006816509223401e-05
5.00763211400508e-05
5.008085342601308e-05
5.008357319140976e-05
5.008720000482768e-05
5.008992045962028e-05
5.009082734355669e-05
5.009717645070559e-05
5.0099897989364335e-05
5.0103527167581206e-05
5.010534195386686e-05
5.010806437980705e-05
5.0117141269956285e-05
5.0128037879885974e-05
5.013348796192271e-05
5.013803060232085e-05
5.0143482857574383e-05
5.014802730952812e-05
5.015166346421105e-05
5.015530014623593e-05
5.015893735571752e-05
5.016621335750982e-05
5.0172581590893975e-05
5.01762213073626e-05
5.018077169562641e-05
5.018532290929758e-05
5.018987494860073e-05
5.019169599554927e-05
5.019351717464925e-05
5.020444702523529e-05
5.020809136662795e-05
5.021538163690044e-05
5.021811603409992e-05
5.021993913101354e-05
5.022449745246826e-05
5.023088049286782e-05
5.02372651559171e-05
5.024456390139958e-05
5.02491266943945e-05
5.025003935244046e-05
5.0251864767993796e-05
5.0258254766965186e-05
5.026464639124063e-05
5.027286658308046e-05
5.027743451818468e-05
5.02820032834754e-05
5.0283831022094596e-05
5.0288400950026656e-05
5.029114330552172e-05
5.029388596012846e-05
5.0303030303030304e-05
5.0307603721550445e-05
5.0311263055166605e-05
5.031492292117531e-05
5.031766817013434e-05
5.032499029879705e-05
5.032682116394417e-05
5.033414595689456e-05
5.033964095099466e-05
5.034605329402702e-05
5.0347885692101445e-05
5.035796626622982e-05
5.036163293044027e-05
5.03653001286439e-05
5.037080192744177e-05
5.0376304928380675e-05
5.038272661604113e-05
5.038823222297096e-05
5.03964928898442e-05
5.0399247047393505e-05
5.040383797898828e-05
5.040659293943314e-05
5.0413940973171276e-05
5.04166970381709e-05
5.042404801827416e-05
5.0427724312238744e-05
5.043232043359643e-05
5.1651323185367476e-05
5.165791520809023e-05
5.1664508913647327e-05
5.166733530277058e-05
5.167393141349479e-05
5.167675883368595e-05
5.1679586563307485e-05
5.168901456413998e-05
5.169184363521369e-05
5.1700332706846946e-05
5.1704106522625103e-05
5.1710712026086527e-05
5.171920729666745e-05
5.172959419654811e-05
5.173809567286915e-05
5.174281992281188e-05
5.1757943322007475e-05
5.176645411969622e-05
5.176929167427979e-05
5.177591384487936e-05
5.178443055403248e-05
5.178727007975239e-05
5.1794843670974776e-05
5.179863129734242e-05
5.1805260976620586e-05
5.181094490972704e-05
5.1816630090221894e-05
5.1821368693796675e-05
5.1828952262486196e-05
5.1832744879229696e-05
5.1839383294301324e-05
5.184412606051734e-05
5.185076739135739e-05
5.1857410423949575e-05
5.186595396744038e-05
5.187639989990906e-05
5.188209945493276e-05
5.188780026249122e-05
5.1893502322997365e-05
5.1903008542624576e-05
5.191442060452815e-05
5.192203143420867e-05
5.192678933607018e-05
5.193249996945146e-05
5.19363077562293e-05
5.194106827500656e-05
5.1944877318422096e-05
5.1950591931156294e-05
5.1961071987480436e-05
5.197060298127835e-05
5.197632325604148e-05
5.1982044790176e-05
5.1987767584097854e-05
5.199062945360906e-05
5.2000171294681906e-05
5.2005898080676437e-05
5.200780728965901e-05
5.201640046508781e-05
5.202595176888235e-05
5.202595176888235e-05
5.203455094182537e-05
5.203932948854522e-05
5.204410891301286e-05
5.2056539526224245e-05
5.206036552501347e-05
5.207471803071795e-05
5.208046124907327e-05
5.208620573438486e-05
5.209099377359415e-05
5.20986564675885e-05
5.210153055908006e-05
5.2107279693486586e-05
5.2114947179968236e-05
5.2124534711873965e-05
5.213124808340999e-05
5.213796318446411e-05
5.214084161452582e-05
5.2147559187479674e-05
5.216003927344133e-05
5.216580132807993e-05
5.217156465591318e-05
5.2181173032769774e-05
5.218790100262167e-05
5.219366921494581e-05
5.2201362148485236e-05
5.2212905801775235e-05
5.22186795431787e-05
5.222830528366114e-05
5.2232156573570526e-05
5.223889769780105e-05
5.225045795989623e-05
5.22581676442018e-05
5.22658796040091e-05
5.227262943625506e-05
5.227745181249e-05
5.228999415582418e-05
5.229771551273295e-05
5.538427455831041e-05
5.5391432791728215e-05
5.540268518347523e-05
5.54139421478444e-05
5.5424179722140114e-05
5.5433396773776306e-05
5.5444666223109334e-05
5.546106633143533e-05
5.546516787457477e-05
4.314595660749506e-05
4.315234008975686e-05
4.3157927186411416e-05
4.3170703127409074e-05
4.3178691932369825e-05
4.318428585529562e-05
4.319467841561919e-05
4.320027648176948e-05
4.3205075979212184e-05
4.321307751191446e-05
4.321868034846604e-05
4.322348393630093e-05
4.323149228935455e-05
4.3236298725764507e-05
4.324671633860943e-05
4.325393147341428e-05
4.3259544909587545e-05
4.32651598029581e-05
4.326836896792577e-05
4.327719662685164e-05
4.328442193654503e-05
4.328924015015182e-05
4.329325614764237e-05
4.329807632832312e-05
4.3304504905781766e-05
4.331334731735689e-05
4.3319780430598614e-05
4.333104297820448e-05
4.3336676448373634e-05
4.334231138354849e-05
4.335358565120182e-05
4.3366477712728056e-05
4.3378570985932943e-05
4.338583018786064e-05
4.339067100573376e-05
4.34019704494584e-05
4.340762237848966e-05
4.3417314825152264e-05
4.3418930653765034e-05
4.343105320304017e-05
4.3439138663936204e-05
4.344722713589671e-05
4.345370008256202e-05
4.345612793484064e-05
4.346746150024838e-05
4.347637059258292e-05
4.348690422941205e-05
4.349501050093824e-05
4.3504742016879834e-05
4.3510420745768604e-05
4.351447788842887e-05
4.352584191414216e-05
4.3533150494101256e-05
4.3548587781510506e-05
4.35567170680107e-05
4.356322268274771e-05
4.357542594978865e-05
4.3583565260162746e-05
4.3596594483162364e-05
4.3599853006209857e-05
4.3609631498613833e-05
4.361615293069393e-05
4.3624307464119e-05
4.363817717099931e-05
4.364715638776133e-05
4.365613930050391e-05
4.3668394687427864e-05
4.36773863452011e-05
4.36831102374489e-05
4.368883563011783e-05
4.369210795695703e-05
4.369701736644318e-05
4.37068394959977e-05
4.3718304229433655e-05
4.372240023485174e-05
4.37330534417913e-05
4.3743711841422787e-05
4.3751093777344426e-05
4.376094023505876e-05
4.3774896972653194e-05
4.378557578032151e-05
4.379297185363137e-05
4.379790395745346e-05
4.380777149866386e-05
4.381846635367762e-05
4.382916643186756e-05
4.383245981502701e-05
4.384234293480643e-05
4.3849758199904776e-05
4.3857175973785935e-05
4.3864596257723295e-05
4.387284396309666e-05
4.388357061806874e-05
4.389430251953296e-05
4.390503967133941e-05
4.391495555179141e-05
4.39273567026871e-05
4.393231912436611e-05
4.394555773190698e-05
4.3959632497472315e-05
4.396708749450411e-05
4.3977031424730164e-05
4.398615064628222e-05
4.400108116942302e-05
4.400938028505504e-05
4.402681862208636e-05
4.403678959221932e-05
4.4045102184637063e-05
4.4056745087672915e-05
4.407422098814403e-05
4.4084213443165994e-05
4.409171075837742e-05
4.4099210624129824e-05
4.410671304172494e-05
4.411004826899567e-05
4.411838854434528e-05
4.4129235618597316e-05
4.4139253037726445e-05
4.4149275005834e-05
4.416348058699574e-05
4.417769531274652e-05
4.418940843007657e-05
4.42019650930767e-05
4.421285330806884e-05
4.422207060369443e-05
4.423380726698262e-05
4.4242194412842874e-05
4.425226318717442e-05
4.426485560171747e-05
4.427493469447132e-05
4.428333744535752e-05
4.42900619428152e-05
4.430015251909653e-05
4.4311930670819324e-05
4.432708321460007e-05
4.433297866950397e-05
4.4346459885459424e-05
4.4357419412074084e-05
4.436500995043794e-05
4.437766662228899e-05
4.4386952772282245e-05
4.439962196893295e-05
4.441314375265685e-05
4.4425827907035777e-05
4.4439365659797606e-05
4.444867765183985e-05
4.445884064046135e-05
4.44698557906105e-05
4.44808764003533e-05
4.44910541201894e-05
4.4500387789093586e-05
4.451057444075642e-05
4.452076575717102e-05
4.452501351652195e-05
4.453691155605606e-05
4.4550517104216386e-05
4.4563279857397496e-05
4.457349532615063e-05
4.458371547946601e-05
4.459990697733687e-05
4.461184508218139e-05
4.4619522953557446e-05
4.4628910608292045e-05
4.4642572432573765e-05
4.465538799152823e-05
4.466479074545535e-05
4.467334214036364e-05
4.468617537408712e-05
4.4699015983091e-05
4.470672389127324e-05
4.4719576313956976e-05
4.4736724377041104e-05
4.4748735848212285e-05
4.4759895133959966e-05
4.477105998682451e-05
4.4780511521385885e-05
4.479942656733993e-05
4.482007939556921e-05
4.48278291163154e-05
4.4839889565757694e-05
4.485799241259099e-05
4.487006909990641e-05
4.4888196328145535e-05
4.4901153318195226e-05
4.4913253259418945e-05
4.492622472097605e-05
4.4937472716534414e-05
4.4947860481841056e-05
4.49669171966339e-05
4.497558468260087e-05
4.499640028797695e-05
4.500855162480871e-05
4.5023315645602184e-05
4.5040697487372515e-05
4.505200288332818e-05
4.5067665881201626e-05
4.507985574446161e-05
4.509553811861414e-05
4.510512716424065e-05
4.511995462221706e-05
4.514177742524199e-05
4.516012490000257e-05
4.517061586908264e-05
4.518373643681054e-05
4.519423838023849e-05
4.521438075675955e-05
4.522577352224784e-05
4.523629501819145e-05
4.524945377445086e-05
4.52582305324954e-05
4.527140205532165e-05
4.52854601326217e-05
4.530040640936035e-05
4.5308323138960625e-05
4.5322404159301774e-05
4.534354210795649e-05
4.535588168594291e-05
4.537440365069487e-05
4.5389408705688584e-05
4.5393823846024146e-05
4.5403540178889946e-05
4.541679642894217e-05
4.5435368188751495e-05
4.545395514343969e-05
4.5466354897375933e-05
4.547698864374626e-05
4.549294859296808e-05
4.5502707411090954e-05
4.551602163961714e-05
4.5529343661990145e-05
4.55417845873589e-05
4.556045872873302e-05
4.5581819365761535e-05
4.559963520291837e-05
4.562014064037643e-05
4.564423578508085e-05
4.5662100456621e-05
4.567371999399716e-05
4.5691607757129515e-05
4.570771872775829e-05
4.5722945080211105e-05
4.5741768115373804e-05
4.575073691365528e-05
4.576060665489965e-05
4.57884443048987e-05
4.580102725161121e-05
4.583611624039078e-05
4.585683496125097e-05
4.5875768419121014e-05
4.588930189260592e-05
4.590013442182223e-05
4.59118754345231e-05
4.5931758530183724e-05
4.593989748840017e-05
4.5956184061082326e-05
4.5973387975988754e-05
4.5989698307579095e-05
4.599876460460775e-05
4.601418551604909e-05
4.603324915824915e-05
4.604505837855615e-05
4.6057782778337046e-05
4.608143247424376e-05
4.610328452971356e-05
4.61196871767504e-05
4.613427710883075e-05
4.6155266315886635e-05
4.616622478994367e-05
4.61899860110328e-05
4.620279064855517e-05
4.621560238736597e-05
4.623208506703652e-05
4.625316338599586e-05
4.626325111692706e-05
4.62816037236856e-05
4.629997089716114e-05
4.6322030757828414e-05
4.634135038695027e-05
4.63588439428859e-05
4.637450727086024e-05
4.6392025873495565e-05
4.642156082550798e-05
4.6431722152574633e-05
4.6448359377591975e-05
4.6469635412517584e-05
4.648259558813763e-05
4.649556299484563e-05
4.650761063828373e-05
4.6521519525746334e-05
4.653543673507375e-05
4.6550290939318366e-05
4.656794262829468e-05
4.658188763117792e-05
4.659677150940256e-05
4.661259605524258e-05
4.6628431352957234e-05
4.663775126088491e-05
4.665826817839455e-05
4.667693559249701e-05
4.6688143212544435e-05
4.670309508082971e-05
4.6734899620112024e-05
4.6752691619246075e-05
4.677143468035064e-05
4.6776122794004634e-05
4.679676166409284e-05
4.681084406639114e-05
4.6836213760479597e-05
4.6853142172513264e-05
4.687479073754134e-05
4.689080471319574e-05
4.691343131538559e-05
4.693607976451498e-05
4.6957805058026426e-05
4.697387581449345e-05
4.699185027053879e-05
4.701267999140339e-05
4.7033528186521527e-05
4.7050599559068664e-05
4.706768332862656e-05
4.70933322569143e-05
4.711615478329934e-05
4.7144714067309176e-05
4.716853993153823e-05
4.7181892937544646e-05
4.721244250198966e-05
4.723824948544049e-05
4.7256426874054865e-05
4.727461825745757e-05
4.7294740824820276e-05
4.731008380643416e-05
4.732447689551431e-05
4.7346563315882734e-05
4.736290131601204e-05
4.737925059562486e-05
4.7399462354669854e-05
4.742643820673861e-05
4.7448619922997664e-05
4.7462131998969386e-05
4.748144831983503e-05
4.750658305508048e-05
4.753561775930679e-05
4.7554024768853464e-05
4.7577296114294254e-05
4.759282300229125e-05
4.7604474820633136e-05
4.763557424684754e-05
4.7659898961014195e-05
4.768035092738282e-05
4.7705696741700906e-05
4.772814051164566e-05
4.7752559878299185e-05
4.777211337004961e-05
4.7781896122157824e-05
4.780343228643816e-05
4.782596813424065e-05
4.7838715188792064e-05
4.785833931562574e-05
4.7876997154738446e-05
4.789861915123646e-05
4.791927655583622e-05
4.793404275716613e-05
4.795473073418692e-05
4.797839601368069e-05
4.800109716793526e-05
4.802283142614088e-05
4.8047553349944054e-05
4.8068339444879344e-05
4.808517946075905e-05
4.8109965635738826e-05
4.813378441565585e-05
4.8157626792151676e-05
4.818248773067365e-05
4.820438659918052e-05
4.824325628196115e-05
4.8265210436317493e-05
4.829617977218001e-05
4.831217950045206e-05
4.833019187086172e-05
4.8352225238480076e-05
4.8368262128341726e-05
4.8378290587658e-05
4.839434477513913e-05
4.842246525688117e-05
4.844760045956009e-05
4.846873420438572e-05
4.8499965357167594e-05
4.8523162878394016e-05
4.8540323139865465e-05
4.855648506541251e-05
4.857771393278232e-05
4.859794916654517e-05
4.8620227403749306e-05
4.8641512056146193e-05
4.8656726792479054e-05
4.8684137317086735e-05
4.87044613286577e-05
4.8720732759820704e-05
4.87502524566645e-05
4.876859302609119e-05
4.8800211932348956e-05
4.8833915852186703e-05
4.886766635949847e-05
4.889633975970941e-05
4.8924020995394145e-05
4.895481470602633e-05
4.897639337839161e-05
4.9007253073454866e-05
4.9024757502538774e-05
4.9043305238525615e-05
4.907115317209954e-05
4.909076883156957e-05
4.911350130150778e-05
4.9147639509085284e-05
4.916420845624385e-05
4.919219390157344e-05
4.921917297726777e-05
4.924098538246176e-05
4.928466824377605e-05
4.930549685853548e-05
4.932842867813905e-05
4.935242567172176e-05
4.9392124073015666e-05
4.9443408487314226e-05
4.947485970343355e-05
4.950635095759427e-05
4.953367582332045e-05
4.955261071469022e-05
4.957893320301156e-05
4.96010657143262e-05
4.962955085256478e-05
4.965489845573265e-05
4.9673926156160624e-05
4.969191015702643e-05
4.9706730291281436e-05
4.972685747572263e-05
4.975018300960178e-05
4.977034540619711e-05
4.979264918233356e-05
4.982561036372695e-05
4.985754985754985e-05
4.989273062914733e-05
4.991407648262633e-05
4.9934371968270265e-05
4.996752111127766e-05
4.9996428826512386e-05
5.002108031241737e-05
5.005327098125862e-05
5.008657822807996e-05
5.011992983209823e-05
5.013931566996869e-05
5.0171658746711955e-05
5.021484781314337e-05
5.023971521258576e-05
5.027218798925611e-05
5.030904125341382e-05
5.034051764435143e-05
5.036442257189521e-05
5.038835021343065e-05
5.045263218589632e-05
5.048319630751478e-05
5.0519265882896336e-05
5.054553069196831e-05
5.0575111265244776e-05
5.0615703883670645e-05
5.065966115923778e-05
5.0690476707725944e-05
5.072243235801341e-05
5.076878445024659e-05
5.079862698568204e-05
5.0839579338794954e-05
5.086396070395721e-05
5.088281687274207e-05
5.090946115971752e-05
5.0960607450440805e-05
5.099179032175819e-05
5.101631793369336e-05
5.1040869153086145e-05
5.1098993349831005e-05
5.112922546527594e-05
5.116846852773696e-05
5.1199906377314046e-05
5.1244884662406013e-05
5.127416294928985e-05
5.1303474711051494e-05
5.132378710893107e-05
5.1358807301755e-05
5.13995359356184e-05
5.1419924486168036e-05
5.146075015070648e-05
5.14880032952322e-05
5.151983513652756e-05
5.156537753222835e-05
5.161328378458089e-05
5.165784793405506e-05
5.1691035297592665e-05
5.173458678846466e-05
5.176902141758371e-05
5.1800051800051795e-05
5.183457366063164e-05
5.188067444876783e-05
5.1915303889939546e-05
5.1940728209009485e-05
5.198470164494448e-05
5.202526941657376e-05
5.205893070956322e-05
5.208565858594877e-05
5.211357782046127e-05
5.215318134406198e-05
5.219518014793605e-05
5.2218542058305726e-05
5.226064624021979e-05
5.230164600751649e-05
5.2338013847143083e-05
5.237678361654208e-05
5.242032111190989e-05
5.244388504300398e-05
5.247809039725914e-05
5.2511158621207e-05
5.254426854625021e-05
5.257268173249517e-05
5.261654564861167e-05
5.2665237181657444e-05
5.271044645748149e-05
5.274857767228061e-05
5.277482490067023e-05
5.281424475629998e-05
5.28680941052075e-05
5.2904054717908014e-05
5.294847357114761e-05
6.815084052703316e-05
6.819731757217549e-05
6.825006825006825e-05
6.8302900596512e-05
6.834647104387844e-05
6.839165621794141e-05
6.845564074479737e-05
6.85275709260359e-05
6.858710562414266e-05
6.863575007435539e-05
6.869389998168163e-05
6.874742197167606e-05
6.879313903093399e-05
6.88483958323771e-05
6.888475580354067e-05
6.894015994117107e-05
6.900676266274095e-05
6.904170118751726e-05
6.907826567500979e-05
6.914194842010648e-05
6.919138336639144e-05
6.925847261981716e-05
6.931447979482915e-05
6.940427993059571e-05
6.945087508102603e-05
6.949270326615705e-05
6.954909006607163e-05
6.960395350455906e-05
6.967184560719014e-05
6.971880083662561e-05
6.977393245883338e-05
6.985842026825633e-05
6.991866129069849e-05
6.998227115797331e-05
7.004436142890498e-05
7.011475448150139e-05
7.01655907942745e-05
7.022965095863474e-05
7.028724052293707e-05
7.03103028030374e-05
7.03795805377e-05
7.046719751955464e-05
7.054507830503692e-05
7.05965407695023e-05
7.067803797766573e-05
7.073136228603763e-05
7.079478950349254e-05
7.084829019459663e-05
7.093372425696924e-05
7.098911500236631e-05
7.107152164127833e-05
7.11406212947593e-05
7.122338026162722e-05
7.127583749109053e-05
7.133685261806249e-05
7.139797229758674e-05
7.146260123868509e-05
7.150177562742808e-05
7.155805743726743e-05
7.16212667414711e-05
0.0
0.0
0.0
0.0
0.0
0.0
0.0
0.0
0.0
0.0
0.0
0.0
0.0
0.0
0.0
0.0
0.0
0.0
0.0
0.0
0.0
0.0
0.0
0.0
0.0
0.0
0.0
0.0
0.0
0.0
0.0
0.0
0.0
0.0
0.0
0.0
0.0
0.0
0.0
0.0
0.0
0.0
0.0
0.0
0.0
0.0
0.0
0.0
0.0
0.0
0.0
0.0
0.0
0.0
0.0
0.0
0.0
0.0
0.0
0.0
0.0
0.0
0.0
0.0
0.0
0.0
0.0
0.0
0.0
0.0
0.0
0.0
0.0
0.0
0.0
0.0
0.0
0.0
0.0
0.0
0.0
0.0
0.0
0.0
0.0
0.0
0.0
0.0
0.0
0.0
0.0
0.0
0.0
0.0
0.0
0.0
0.0
0.0
0.0
0.0
0.0
0.0
0.0
0.0
0.0
0.0
0.0
0.0
0.0
0.0
0.0
0.0
0.0
0.0
0.0
0.0
0.0
0.0
0.0
0.0
0.0
0.0
0.0
0.0
0.0
0.0
0.0
0.0
0.0
0.0
0.0
0.0
0.0
0.0
0.0
0.0
0.0
0.0
0.0
0.0
0.0
0.0
0.0
0.0
0.0
0.0
0.0
0.0
0.0
0.0
0.0
0.0
0.0
0.0
0.0
0.0
0.0
0.0
0.0
0.0
0.0
0.0
0.0
0.0
0.0
0.0
0.0
0.0
0.0
0.0
0.0
0.0
0.0
0.0
0.0
0.0
0.0
0.0
0.0
0.0
0.0
0.0
0.0
0.0
0.0
0.0
0.0
0.0
0.0
0.0
0.0
0.0
0.0
0.0
0.0
0.0
0.0
0.0
0.0
0.0
0.0
0.0
0.0
0.0
0.0
0.0
0.0
0.0
0.0
0.0
0.0
0.0
0.0
0.0
0.0
0.0
0.0
0.0
0.0
0.0
0.0
0.0
0.0
0.0
0.0
0.0
0.0
0.0
0.0
0.0
0.0
0.0
0.0
0.0
0.0
0.0
0.0
0.0
0.0
0.0
0.0
0.0
0.0
0.0
0.0
0.0
0.0
0.0
0.0
0.0
0.0
0.0
0.0
0.0
0.0
0.0
0.0
0.0
0.0
0.0
0.0
0.0
0.0
0.0
0.0
0.0
0.0
0.0
0.0
0.0
0.0
0.0
0.0
0.0
0.0
0.0
0.0
0.0
0.0
0.0
0.0
0.0
0.0
0.0
0.0
0.0
0.0
0.0
0.0
0.0
0.0
0.0
0.0
0.0
0.0
0.0
0.0
0.0
0.0
0.0
0.0
0.0
0.0
0.0
0.0
0.0
0.0
0.0
0.0
0.0
0.0
0.0
0.0
0.0
0.0
0.0
0.0
0.0
0.0
0.0
0.0
0.0
0.0
0.0
0.0
0.0
0.0
0.0
0.0
0.0
0.0
0.0
0.0
0.0
0.0
0.0
0.0
0.0
0.0
0.0
0.0
0.0
0.0
0.0
0.0
0.0
0.0
0.0
0.0
0.0
0.0
0.0
0.0
0.0
0.0
0.0
0.0
0.0
