0.0002624364903693306
0.0002624364903693306
0.0002624364903693306
0.0002627792645608334
0.0002627792645608334
0.0002627792645608334
0.0002627792645608334
0.0002627792645608334
0.00026278399352830677
0.00026278399352830677
0.00026278872266598794
0.00026278872266598794
0.00026278872266598794
0.00026278872266598794
0.00026278872266598794
0.00026278872266598794
0.00026278872266598794
0.00026278872266598794
0.00026278872266598794
0.00026278872266598794
0.00026278872266598794
0.00026278872266598794
0.00026278872266598794
0.00026278872266598794
0.00026279345197388604
0.0002627981814520103
0.00026280291110036987
0.00026280291110036987
0.0002658024551696713
0.00026581202294819514
0.00026581202294819514
0.00026581202294819514
0.00026581202294819514
0.00026581202294819514
0.0002658215914155439
0.0002658215914155439
0.00026583116057179193
0.00026584073041701375
0.00026584073041701375
0.0002658598721746763
0.0002658598721746763
0.00026586465804481676
0.00026586944408726583
0.00026586944408726583
0.00026586944408726583
0.00026587423030203274
0.00026588380324855736
0.00026588380324855736
0.00026589337688446516
0.000265898163960961
0.0002659029512098305
0.00026590773863108307
0.00026590773863108307
0.000265912526224728
0.000265922101929232
0.0002659364667791634
0.0002659412554073578
0.0002659508331811286
0.0002659652011353794
0.0002659795706421672
0.0002659891511760039
0.00026599873240004354
0.00026600831431436065
0.00026601310553039654
0.00026601310553039654
0.00026601789691902984
0.0002660226884802698
0.0002660274802141257
0.0002660370641997229
0.0002660418564514828
0.0002660514414729719
0.00026605623424271976
0.00026606582030026875
0.0002660706135880885
0.0002660897884665541
0.0002660897884665541
0.0002660897884665541
0.0002661041714392104
0.0002661041714392104
0.0002661041714392104
0.00026611855596683873
0.00026613294204969127
0.0002661473296880202
0.0002661521259131682
0.0002661569223111843
0.00026616651562585817
0.0002661761096321165
0.00026620009767393553
0.0002662144925744911
0.0002662240900397941
0.0002662240900397941
0.00026622888903195344
0.00026624328704657514
0.00026626248682208874
0.0002662672871986518
0.00026627688847106497
0.00026628649043592334
0.00026628649043592334
0.0002662912916780429
0.0002662912916780429
0.00026630089468170965
0.00026632490522130765
0.00026634411677061944
0.00026635852725161624
0.00026636333109181053
0.0002663681351052847
0.00025855738634167705
0.0002585713770375218
0.0002585807050092764
0.00025859936297197277
0.0002586133582110707
0.00025862268921207057
0.0002586273549650782
0.00025865068625555767
0.00025866935431901776
0.00025868335713512367
0.00025869736146736955
0.00025870202991508075
0.0002587113673160016
0.0002587160362692296
0.00025873471376747134
0.00025874405352791776
0.0002587487236610043
0.0002587580644329498
0.0002587674058793192
0.00025880477841049764
0.00025880477841049764
0.0002588141232300828
0.0002588281417248503
0.00023833598151090567
0.00023834028492497698
0.00023834028492497698
0.00023834028492497698
0.00023834458849445668
0.00023835319609967495
0.00023837902264600713
0.00023840054904368868
0.0002384177729612571
0.00023843069253278422
0.0002384436135045792
0.00023846084364556047
0.0002384737678855326
0.00023848669352653163
0.00023849100238491002
0.00023849962056878544
0.00023851685880524735
0.0002385297891179819
0.00023853409953377425
0.00023855134275490656
0.00023978648158524168
0.00023980381878543582
0.00023981248832571114
0.00023982115849286259
0.00023983416491913127
0.00023985584543158983
0.00023987752986414976
0.00023988186722116744
0.00023992091049382714
0.00023992958850267056
0.00023993826713930886
0.00023995996647795443
0.00023996864731241143
0.00023998601086569826
0.00023999035214664736
0.00023999469358466444
0.0002400120609075833
0.00024002943074427215
0.00024005549021381825
0.00024066735428767894
0.00024067170931200464
0.0002406978427682062
0.00024070219889602752
0.0002407152682255846
0.0002407239819004525
0.0002407239819004525
0.00024074576884785954
0.00024075448473109717
0.00024077627720047796
0.00024079371401672885
0.0002408024333719583
0.0002408155135888754
0.00024083295608872795
0.00024085476276711337
0.00024086348654424284
0.00024089402474144646
0.00024091147861684208
0.00024092893502164738
0.0002409376641727505
0.00024094639395641227
0.00024096385542168676
0.00024097695318162053
0.00024101188750362426
0.00024103372659888727
0.00024104683195592288
0.00024106430798230988
0.00024109052677373746
0.00024110800913672458
0.00024113423743563712
0.00024114735372509204
0.0002441781049603211
0.00024418696017455745
0.00024420467252999673
0.00024422681658807884
0.00022126702577216753
0.00022127505214473566
0.0002212951206239797
0.0002243264160982925
0.00022434269404735994
0.00022435083390781664
0.0002243671154008975
0.0002243956137008341
0.00022441597406211065
0.00022443226501155436
0.0002244444847758883
0.00022446892829700087
0.00022448930196534034
0.00022450152794166594
0.00022450967933240144
0.00022453413705660565
0.0002245463679171055
0.00022457491177414185
0.00022461162168380016
0.00022463610162513022
0.00022465650565274526
0.00022470140756353422
0.00022472590708098617
0.00022473407477405447
0.00022476266637586864
0.00022477900770065013
0.0002247994376984416
0.00023691800576843843
0.0002369438485498552
0.000236969696969697
0.00023697400558798042
0.00023698262329460397
0.00023699555102980934
0.00023703865366894614
0.00023705158751811234
0.00023705158751811234
0.00023706452277880852
0.00023709039753571517
0.00023710333703238798
0.0002371249059990782
0.00023716374002972132
0.00023719395307078212
0.00023724576476870057
0.00023727599871349077
0.0002372889584774667
0.00023731056123037336
0.0002373278462649696
0.00023736242388922282
0.00023739701159056
0.00023740998457745885
0.0002374359348053147
0.00023746189070679837
0.00023748785228377067
0.00023751381953809335
0.00023751814796590918
0.00023753979247162892
0.00023757876252453262
0.0002376047496642542
0.00023763074248971385
0.00023766974239274472
0.0002377000845020761
0.0002377087550991872
0.0002377130906349554
0.00023773043435964787
0.0002377607919684283
0.00023779115733138726
0.00023779983457402815
0.0002378302099110114
0.0002226439886123075
0.00022266430618167221
0.00022268056290725908
0.000222721215108531
0.00022274561355461838
0.00022277001734684568
0.00022278628951260938
0.00022281884097675019
0.0002228432608179444
0.00022288397245007953
0.00022290026126833907
0.00022291247944454602
0.00022294099373206883
0.00022296951531544708
0.00022300619664759544
0.00022302250333619734
0.00022302658038097332
0.000223059202106264
0.00022308775394517898
0.0002230959129560209
0.00022310815259134637
0.0002231367169638775
0.0002231530427466116
0.00022318161861554229
0.00022320203443165816
0.0002232183697740372
0.00022326330429690364
0.00022329599531444475
0.00022333278415435595
0.00023555400960523353
0.00023559282723599573
0.00023561871276491853
0.0002356489197389548
0.00023567050089139626
0.000235700721146507
0.00023570935692869495
0.00023574822578083972
0.00023577846597399115
0.0002358173576237431
0.00023583032435833996
0.00023584329251900195
0.00023586923311946233
0.00023588653002358872
0.00023592113144351958
0.00023594276248632335
0.0002359687249741719
0.00023598603647390404
0.00023602066709468348
0.0002360596386942111
0.00023608562691131507
0.00023610728813040958
0.0002361376205158323
0.00023618096601686316
0.0002362156538767518
0.00023625902803280704
0.00023628506017311254
0.00023631543825493914
0.00023635016562880784
0.00023638924612652345
0.00023641096309906607
0.00023644571855608855
0.00023649352399857866
0.00023651526013614954
0.0002365587444001153
0.0002366109466276811
0.00023662400078465996
0.00022866320913181548
0.0002287136848043364
0.00022873051498092893
0.00022874734763464208
0.00022881470303164148
0.00022886524561597274
0.00022892424019246824
0.0002289537488874567
0.00022898748242689902
0.00022902966333253515
0.0002290465400463006
0.00022905497933592482
0.00022908452174767542
0.00022910562813638238
0.00022913518361529866
0.00022916474672073238
0.00022919009259771305
0.00022921966987451303
0.00022924925478626966
0.0002292746193611045
0.00022932536535281064
0.00022935497755641643
0.0002294015264734282
0.0002294480942890185
0.00022949468101469877
0.00022953281150002466
0.00022956671590349586
0.0002295921507798747
0.00022960911049553712
0.0002111613876319759
0.0002111925916348031
0.00021121600068968493
0.00021122380486122662
0.0002112667381154761
0.00021129016361127543
0.00021132140568781116
0.00021136047127839197
0.0002114073690568643
0.0002114425560507709
0.0002114777547597909
0.0002115051396365565
0.00021156776028077452
0.0002116147501033396
0.00021164217047375765
0.00021167743567906494
0.00021170879239576585
0.00021174407980838092
0.00021176368900989676
0.00021487450217653055
0.0002149023676312572
0.00021495413694060968
0.0002150178872638974
0.0002150338307535453
0.00021507768754403534
0.00021512555172285898
0.00021518142019737334
0.00021520537271344295
0.00021525728812930286
0.00021530523228836056
0.00021534520207176937
0.00021537718858500904
0.0002154171850916452
0.00021545319465081727
0.0002154812104099716
0.0002155332590115199
0.00021554927902482535
0.0002155773197792191
0.00021559735335662777
0.00021562941482638118
0.00021566549537992456
0.00021572164469157385
0.00021575775611933637
0.00021578986531735995
0.00021584206315241057
0.00021587821491048502
0.00021590634131814546
0.00021594653461660184
0.00021598272138228944
0.00021602696612473698
0.0001850161733936809
0.00018504029904499336
0.0001850609831830489
0.00018510236533492348
0.00018511961336091493
0.00018516102174088642
0.00018519554287773986
0.00018523007688912925
0.00018527153470732693
0.00018529918356433551
0.00018534413056187882
0.00018537872001592515
0.0001854167833299112
0.00018544447555928934
0.00018549295686977525
0.0001855345324592042
0.0001855518611225265
0.0001855761266899571
0.00018561080279786487
0.00018564896148718523
0.00018566978193146417
0.00018570449305166075
0.00018573574415836153
0.0001857670057849591
0.00018579827793676625
0.00018581565590432365
0.00018585042159357382
0.0001858956364430305
0.0001859339123490067
0.0001859791678368376
0.00018605580425430957
0.00018609763256333876
0.00018611855377139894
0.00018615343290667965
0.00018619181505779444
0.00018624068796560173
0.00018625465636640918
0.00018628958653713913
0.00018633501535075377
0.0001863629825581759
0.00018642943833439686
0.00018646793439832806
0.0001865239570619347
0.00018654497424051782
0.00018659753791436552
0.0001866501312188003
0.0001866922272132113
0.00019928932674049147
0.00019933429866295582
0.00019940179461615156
0.00019943555973659456
0.00019946558277821687
0.00019951438950479027
0.00019956697731337666
0.00019961583367858086
0.00019967223614067477
0.00019973996118261133
0.0001998190318202383
0.00019984917043740577
0.00019986801169039317
0.0001998830872508533
0.00019992078610361934
0.00019997358839398573
0.00020004151805091624
0.00017177589852008455
0.00017182455014066954
0.0001718699831907379
0.00017190569744597248
0.00017193492924216374
0.000171973920438439
0.0001720129293234788
0.00017206496870686558
0.00017211052900346113
0.00017213331820073392
0.00017217565701095492
0.00017222453537226996
0.00017228322605073834
0.0001723158492709714
0.00017235174908615693
0.0001723909295849357
0.00017242686069425495
0.00017246934404791236
0.0001724987678659438
0.0001725445582100872
0.00017256746249976295
0.0001726132893264288
0.00017264276228419654
0.0001726886291179596
0.00017271812781141456
0.00017276075483160571
0.00017280340289778013
0.00017282965832906007
0.00017286577257702974
0.00017289204696583957
0.00017293804637020144
0.00017297749391727494
0.00017300051329822627
0.00017303998935138526
0.00017309265212181156
0.00017314205258952013
0.000173217854763491
0.00017324423629752318
0.00017644744024271046
0.00017650793650793653
0.00017653820019939928
0.00017656510997211797
0.00017662905357324388
0.00017667956808836523
0.00017673011150525742
0.0001767908017908018
0.00017683803417172374
0.00017688866830829533
0.00017692919649960225
0.00017696298418154623
0.00017700016553972317
0.00017703059827427008
0.00017708811089028182
0.00017714904734595044
0.00017718630694022196
0.00017722019290226755
0.00017726087316920764
0.00017732532180080883
0.00017737284026235868
0.00017742717826963828
0.00017747475134382863
0.0001775325529564279
0.0001775733767685478
0.0001775971993304969
0.00017765167491021563
0.00017769936846411498
0.00017774026903994683
0.0001777948324379637
0.00017784942934643536
0.00017789039903760016
0.00017796214143509184
0.0001620050202346191
0.00016204237440114772
0.00016210155374018898
0.00016216077632068092
0.00016218884422819263
0.0001622169218537611
0.00016227622877741215
0.00016231683219134136
0.00016236370753996518
0.0001624168656754744
0.00016245128066829758
0.0001625170225339808
0.0001625577465512699
0.00016262357463329345
0.00016269573325616537
0.00016272712654767643
0.00016278052295655752
0.0001628088058328024
0.0001628402427799983
0.00016286854641431696
0.00016290315310964732
0.0001629503677654545
0.0001629976097978958
0.00016303227136818226
0.00016306379468141328
0.00016311425734658877
0.00016317106519103265
0.00016318369453044372
0.00016321211769335472
0.0001632721546761661
0.00016330377083252648
0.0001633290725749183
0.00016338286481843833
0.000163405024865982
0.00016345886715898148
0.00016350640453940306
0.0001635698307407838
0.0001636110841659391
0.00016363965642140119
0.00016367141507847167
0.00016370000841146285
0.00016376040493481944
0.00016379539171700296
0.0001638463082771528
0.00016389725650244548
0.0001477334577404556
0.00014780241151302992
0.0001478599221789883
0.00014790020628186663
0.00014794339218625292
0.00014795779309270722
0.0001480010126385075
0.00014802983969926567
0.00014807887148312677
0.00014810772888490469
0.00014814814814814812
0.00014817703255995317
0.00014825218476903867
0.00014830136398228186
0.0001483418890168446
0.00014837664239276857
0.0001484346008867014
0.00013218985849824505
0.00013223377367831365
0.00013228030391888545
0.0001323372187019218
0.00013236828377673446
0.0001324045448023063
0.0001324460103086057
0.00013249787872854252
0.0001325601744831459
0.00013258355049604534
0.00013260693475477514
0.0001326433266684962
0.0001326771370496003
0.0001327031567662267
0.0001327552268283272
0.00013278388278388276
0.0001328386239750813
0.00013286731594931405
0.00013293518263853417
0.00013297698122600844
0.0001330344972213484
0.0001330580408350539
0.00013312086456427507
0.00013316540061138004
0.00013321258891776252
0.00013325193806082325
0.0001332913104571301
0.0001333412155726775
0.00013337801168207411
0.0001334095673718315
0.00013346745826676396
0.00013348852195984822
0.00013355966103479128
0.00013359921551593646
0.00013365991124455152
0.00013370216689718761
0.00013375238019937668
0.00013381056905745943
0.0001338476246991725
0.00013387675424712459
0.00013393505139675123
0.00013396952358325578
0.00013401728360829982
0.00013408367349634735
0.0001341261975553353
0.00013417406937394244
0.00010117642390937766
0.00010123466592560244
0.00010126883898254601
0.00010130504737500745
0.00010133322736394523
0.00010136746700588329
0.00010140576223331279
0.00010145215834493733
0.00010148445894854141
0.00010151678012659739
0.00010154103452395173
0.00010158957810445799
0.00010162601626016259
0.00010166248056452577
0.00010171114036137369
0.00010174969574845878
0.00010178218612169955
0.00010184316153124188
0.00010187571163180918
0.00010189403020858307
0.00010191439191079493
0.00010195310157327628
0.00010199796004079917
0.00010204285800036014
0.0001020775789600096
0.0001021123235559115
0.00010213890891612592
0.00010217369528197936
0.00010221055374070585
0.00010225563909774436
0.00010228229914564197
0.00010231102551757341
0.00010235414534288638
0.0001023911341323857
0.00010242403550699897
0.00010245284155969384
0.00010250020098078622
0.00010254348044636573
0.00010259505129752564
0.00010263221444095629
0.00010266527095579354
0.00010270248499738209
0.00010274179576542637
0.0001027894227668494
0.00010282050765105541
0.00010285161134191102
0.00010289518813679007
0.00010293672419013018
0.00010296166192235478
0.00010300325167127825
0.00010306361652251232
0.00010311988191762541
0.00010314908075966264
0.00010322215025906735
0.00010325976918404535
0.00010329323125531656
0.00010333508935445961
0.00010336650519872717
0.00010342939422823419
0.00010348605981900085
0.00010353648138373461
0.00010361431096483208
0.0001036606435090144
0.00010370912640312346
0.000103759765625
0.00010381468061718844
0.00010385273275230105
0.00010389081279282948
0.00010394586662318604
0.0001039840150063206
0.00010401370533529123
0.00010405614951440462
0.00010409650358214438
0.00010415177568566585
0.00010417092201478818
0.00010424970871404917
0.00010430727696649895
0.000104360637623033
0.00010441405290312012
0.00010446110360083568
0.0001045167636691532
0.00010457033893092206
6.018205070337772e-05
6.0216643059005474e-05
6.026117742123248e-05
6.0294621445700586e-05
6.0313217504540634e-05
6.034671933289445e-05
6.0370317012766955e-05
6.04001510003775e-05
6.0432504446596216e-05
6.0467385403997726e-05
6.04873354641372e-05
6.0521031058292764e-05
6.0558514664794864e-05
6.059479297926694e-05
6.06148272133022e-05
6.064114225860691e-05
6.068254066764587e-05
6.072022466483126e-05
6.0740341940515885e-05
6.0766766103193024e-05
6.0812118196644285e-05
6.083481963858587e-05
6.087648299955035e-05
6.090808416389812e-05
6.0948581560283695e-05
6.097645477348633e-05
6.100435349249924e-05
6.1032277752347666e-05
6.105895658569417e-05
6.109074752860159e-05
6.111747751501893e-05
6.115570381180722e-05
6.119014838610984e-05
6.121185562349144e-05
6.12476423137689e-05
6.128859266069103e-05
6.131805956213331e-05
6.135653726015172e-05
6.139120849989187e-05
6.1422060291336e-05
6.14529431071446e-05
6.14928794040781e-05
6.154577816943273e-05
6.157290792051497e-05
6.160264891390331e-05
6.163112371747734e-05
6.16738853146069e-05
6.17102144429952e-05
6.174398697763185e-05
6.177779649832217e-05
6.181424818420646e-05
6.184291898577613e-05
6.187553174285092e-05
6.191732629727353e-05
6.195525141159408e-05
6.19879827842466e-05
6.201157079536887e-05
6.204567407689434e-05
6.208901306691503e-05
6.211399329451209e-05
6.215215978755263e-05
6.218641792099499e-05
6.222203367060504e-05
6.225901163819025e-05
6.227222870891272e-05
6.230000283181831e-05
6.233442418575659e-05
6.236357966947304e-05
6.240603636569938e-05
6.244855090976184e-05
6.247648257403109e-05
6.250843508712114e-05
6.254842171851789e-05
6.259647325779078e-05
6.263924775957918e-05
6.266868915618035e-05
6.270083862371659e-05
6.273167949814657e-05
6.277329566935593e-05
6.279748524615901e-05
6.284322757103784e-05
6.288094778737665e-05
6.291601427049596e-05
6.29416645209281e-05
6.296868738908925e-05
6.301467955603295e-05
6.304041033576182e-05
6.30851506157971e-05
6.31326718751121e-05
6.316665948863719e-05
6.320613099470649e-05
6.324292469779944e-05
6.327839618028591e-05
6.33070752850617e-05
6.334672252695836e-05
6.33754636131216e-05
6.340423079140009e-05
6.34426276782882e-05
6.346870920512655e-05
6.351818568964149e-05
6.354983607030923e-05
6.358840956716526e-05
6.363255094219562e-05
6.367260703148177e-05
6.371271358239213e-05
6.37611853784009e-05
6.379862832949092e-05
6.384028321871101e-05
6.388477509655313e-05
6.392375639237565e-05
6.395860134167703e-05
6.40032583476977e-05
6.403958810901285e-05
6.407315989893916e-05
6.412778919446753e-05
6.417268285568439e-05
6.422326341755339e-05
6.425562054135361e-05
6.428096625979737e-05
6.43288961015227e-05
6.436983395508742e-05
6.440375298233288e-05
6.445045005456316e-05
6.449579677960761e-05
6.455399061032865e-05
6.459663803861118e-05
6.463079657456779e-05
6.46806759130633e-05
6.472206286865834e-05
6.477065300594713e-05
6.480499587604572e-05
6.485371066401357e-05
6.490106275490261e-05
6.495136028814786e-05
6.498445542287896e-05
6.504209258150588e-05
6.507816775376788e-05
6.51142829659556e-05
6.515912153657057e-05
6.52127194445062e-05
6.526204937667327e-05
6.529691546275479e-05
6.534346156987667e-05
6.53725866001055e-05
6.541194660006542e-05
6.546303941916431e-05
6.551421211715133e-05
6.553909630523345e-05
6.557865712795291e-05
6.563441630120231e-05
6.567703318929166e-05
6.57270683486821e-05
6.577128037250462e-05
6.58140752374542e-05
6.58598830987075e-05
6.591315941247407e-05
6.598581305019421e-05
6.601997104123998e-05
6.60675540740407e-05
6.611520574601243e-05
6.616889610731393e-05
6.62122101334778e-05
6.625707746054693e-05
6.629900852846337e-05
6.635750103683596e-05
6.641459309741058e-05
6.647780925401323e-05
6.652907244864788e-05
6.65653058600162e-05
6.662426940431847e-05
6.668485344487891e-05
6.672884581845205e-05
6.678962028582922e-05
6.684745865712571e-05
6.689014054530668e-05
6.694509741272414e-05
6.70231077396457e-05
6.706754769036133e-05
6.709976515082198e-05
6.715199243013904e-05
6.72181611249876e-05
6.725514922236234e-05
6.731070775679418e-05
6.738183293899647e-05
6.743605069964904e-05
6.748414506023728e-05
6.754941469967377e-05
6.758209688815164e-05
6.762416334309273e-05
6.768814226816812e-05
6.77397255001578e-05
6.780078895463511e-05
6.786039266490847e-05
6.790123456790123e-05
6.795786612300375e-05
6.803036628167664e-05
6.810460247807883e-05
6.815048866998126e-05
6.820436507936508e-05
6.825356198276599e-05
6.829964918816554e-05
6.837288082917658e-05
6.842551338574106e-05
6.848941916302817e-05
6.855664882635693e-05
6.862722161133598e-05
6.869793984246314e-05
6.875429714357148e-05
6.880429088577707e-05
6.886728960260445e-05
6.892716435212383e-05
6.899201103872177e-05
6.90586056439715e-05
6.91074149114954e-05
6.916281555534598e-05
6.92444486410777e-05
6.927551976320369e-05
6.933774573533468e-05
6.942800788954636e-05
6.949050822830791e-05
6.953663316265251e-05
6.958447001146562e-05
6.964725249503368e-05
6.968861858151986e-05
6.975656544037797e-05
6.981301219347724e-05
6.990618272522898e-05
6.994785705201578e-05
7.002968303610508e-05
7.010499816771028e-05
7.01569762343243e-05
7.021911555832177e-05
7.031000319590925e-05
7.038085640705729e-05
7.04670846646007e-05
7.052977478560552e-05
7.061466859252127e-05
7.068443416307221e-05
7.077482346507102e-05
7.085003945059015e-05
7.090827048282087e-05
7.098892411445352e-05
7.10611529672069e-05
7.116804554754915e-05
7.125275294727297e-05
7.13168494160933e-05
7.137758743754462e-05
7.145235021395108e-05
7.152203772787491e-05
7.159710357171915e-05
7.16758297699043e-05
7.176526235096477e-05
7.184083988472811e-05
7.194303419746729e-05
7.203490418539166e-05
7.210573322517474e-05
7.216072160721608e-05
7.222646279106034e-05
7.230479758764903e-05
7.237794446637716e-05
7.244766068150197e-05
7.251571860605012e-05
7.26036664851575e-05
7.269362939466032e-05
7.275493162689949e-05
7.280549350541906e-05
7.288146823030545e-05
7.296667578750115e-05
7.304662532891734e-05
7.3126750263838e-05
7.324178110694965e-05
7.331683704499822e-05
7.33993927868415e-05
7.348581640236825e-05
7.355399531929121e-05
7.365557648043525e-05
7.373704364730231e-05
7.382798080472499e-05
7.390796778284496e-05
9.084027252081756e-05
9.096881791074948e-05
9.107468123861566e-05
9.116924557449288e-05
9.127557617707462e-05
9.13844747931157e-05
9.14866581956798e-05
9.160771540536415e-05
9.172441907867917e-05
9.185079348879931e-05
9.195402298850575e-05
9.209987720016373e-05
9.218241876424346e-05
9.654901357667102e-05
9.667291190787842e-05
9.676231578767093e-05
9.685935678529795e-05
7.721014026508815e-05
7.728572532653218e-05
7.740936653335054e-05
7.751737681196868e-05
7.76297063009445e-05
7.773027594247959e-05
7.78311064988974e-05
7.79443477357167e-05
7.801326225458328e-05
7.812906922235533e-05
7.823501799405414e-05
7.835762419683435e-05
7.847445656438829e-05
7.861223206330905e-05
7.876910150711548e-05
7.888923950773115e-05
7.8976465013426e-05
7.907847220391702e-05
7.91744741495342e-05
7.928118393234672e-05
7.944073721004132e-05
7.95587143311764e-05
7.966223213574445e-05
7.97851120980825e-05
7.98998588435827e-05
7.999786672355404e-05
8.00982538580659e-05
8.021175904387583e-05
8.029333832936328e-05
8.04095526548554e-05
8.049153497357195e-05
8.059749610445435e-05
8.075152754972949e-05
8.088869715271785e-05
8.1000081000081e-05
8.108546407913942e-05
8.1203984408835e-05
8.130081300813008e-05
8.14310143590022e-05
8.154833097749266e-05
8.165931732810714e-05
8.179290037624735e-05
8.18821988099787e-05
8.198961464881115e-05
8.207485226526592e-05
8.21805232159978e-05
8.23000109733348e-05
8.250598168367207e-05
8.263097008758883e-05
8.277232093587904e-05
8.28775070445881e-05
8.298296083204248e-05
8.31209132217666e-05
8.325932504440498e-05
8.337733803952085e-05
8.350033400133601e-05
8.363534987454697e-05
8.372871895060006e-05
8.391138957261133e-05
8.402890594364461e-05
8.413495246375186e-05
8.428150021070375e-05
8.441668073611346e-05
8.45832863426187e-05
8.474097508615332e-05
8.484162895927601e-05
8.496657981194063e-05
8.517887563884156e-05
8.535093459273378e-05
8.548957027242677e-05
8.560666590571853e-05
8.582217645039479e-05
8.600670852326481e-05
8.614995836085346e-05
8.632099902169534e-05
8.653263722634053e-05
8.669517974800601e-05
8.684827606172017e-05
8.699939100426297e-05
8.714343809911114e-05
8.731590895861226e-05
8.745845723281441e-05
8.76577840112202e-05
8.779374323256563e-05
8.796364169476617e-05
8.809537792917132e-05
8.828982606904265e-05
8.849557522123894e-05
8.867344525892646e-05
8.88678239232182e-05
8.907098957869422e-05
8.922729165427399e-05
8.935751943526048e-05
8.952551477170994e-05
8.964054142887023e-05
8.979078746520607e-05
8.99847026005579e-05
9.015777610818934e-05
9.025270758122743e-05
9.045135224771611e-05
9.061527773582627e-05
9.081827263645445e-05
9.104980424292088e-05
9.122700319294511e-05
9.14104634510497e-05
9.158907037093573e-05
9.18161229111832e-05
9.201607214060056e-05
9.220272305375418e-05
9.238728750923873e-05
9.258116281940501e-05
9.27959417241486e-05
9.306076868194932e-05
9.324878776575905e-05
9.340847526232213e-05
9.359790340696369e-05
9.384677949135045e-05
9.404093915551237e-05
9.418856550814731e-05
9.437523593808984e-05
9.454774661203908e-05
9.477475200606558e-05
9.497878807066422e-05
9.515955084692e-05
9.541377774950703e-05
9.566021491661618e-05
9.58926002876778e-05
9.614152031790795e-05
9.644751647645073e-05
9.665882656184553e-05
9.689922480620155e-05
9.709994821336095e-05
9.727311046982913e-05
9.756414842759114e-05
9.782821365681862e-05
9.813542688910697e-05
9.832519419225852e-05
9.862905611993293e-05
9.889566507334761e-05
9.908838684106223e-05
9.925229934493483e-05
9.942334460131238e-05
9.973404255319148e-05
9.998333611064822e-05
0.00010026737967914439
0.00010053956231777204
0.00010075905152146167
0.00010104752601973795
0.00010136504933099067
0.00010166045408336157
0.00010198878123406426
0.00010226343059721844
0.00010250802979566733
0.00010281366736351485
0.00010318497626745546
0.00010347682119205298
0.00010384934921074494
0.00010426441455531227
0.00010460251046025104
0.0001050420168067227
0.0001053444764379521
0.00010561892691170258
0.00010598834128245893
0.00010643959552953698
0.00010671219720414043
0.00010709313533002534
0.00010743446497636442
0.00010770832585358848
0.00010806916426512968
0.00010844026748599314
0.00010871534698314913
0.00010906314756243865
0.00010949304719150334
0.00010990218705352236
0.00011022927689594356
0.00011059500110595002
0.00011086474501108647
0.00011115227862171174
0.00011157393632847367
0.00011192776927955825
0.00011236796763802532
0.00011278619496973571
0.0001132844951287667
0.00011363636363636364
0.0001142030530282843
0.00011462631820265933
0.00011506155793349442
0.00011557575991062141
0.00011608110199659496
0.00011652295502213937
0.00011700924373025469
0.00011746280344557557
0.00011804517195246714
0.00011841793637009553
0.00011905234334695822
0.00011977960552583247
0.00012047708927352315
0.00012097749818533752
0.0001215116043582162
0.0001221001221001221
0.00012276968407267966
0.0001233654083395016
0.00012396694214876033
0.00012461576804851708
0.00012526096033402923
0.0001258917331095258
0.00012638496861439946
0.00012693577050012695
0.00012752933174630166
0.00012827090815802975
0.0001289213579716373
0.00012946101065895653
0.00012990949638418567
0.00013066771200836272
0.00013130252100840336
0.00013204225352112675
0.0001325849648649843
0.0001333570412517781
0.00013408420488066506
0.00013460761879122358
0.0
0.0
0.0
0.0
0.0
0.0
0.0
0.0
0.0
0.0
0.0
0.0
0.0
0.0
0.0
0.0
0.0
0.0
0.0
0.0
0.0
0.0
0.0
0.0
0.0
0.0
0.0
0.0
0.0
0.0
0.0
0.0
0.0
0.0
0.0
0.0
0.0
0.0
0.0
0.0
0.0
0.0
0.0
0.0
0.0
0.0
0.0
0.0
0.0
0.0
0.0
0.0
0.0
0.0
0.0
0.0
0.0
0.0
0.0
0.0
0.0
0.0
0.0
0.0
0.0
0.0
0.0
0.0
0.0
0.0
0.0
0.0
0.0
0.0
0.0
