0.00014846951320333468
0.00014846951320333468
0.00014846951320333468
0.00014846951320333468
0.00014846951320333468
0.00014847218438309077
0.00014847485565896531
0.00014847485565896531
0.00014847485565896531
0.00014847485565896531
0.00014847485565896531
0.00014847485565896531
0.00014847485565896531
0.00014847485565896531
0.00014847485565896531
0.00014847485565896531
0.0001376797997945512
0.0001376797997945512
0.0001376797997945512
0.0001376797997945512
0.0001376797997945512
0.00013768227694100306
0.00014068095752154763
0.00014068348871062121
0.00014068348871062121
0.00014068348871062121
0.00014068601999078084
0.00014068601999078084
0.00014068601999078084
0.00014068855136203137
0.00014069614602237767
0.00014069614602237767
0.00014069867775804107
0.00014069867775804107
0.00014069867775804107
0.00014069867775804107
0.00014069867775804107
0.00014070120958482
0.00014070120958482
0.00014070374150271936
0.00014070374150271936
0.00014070374150271936
0.00014070880561189902
0.00014070880561189902
0.0001269144283109155
0.00012691899637153926
0.00012691899637153926
0.00012691899637153926
0.00012692128052516785
0.00012692584907908052
0.00012692813347937352
0.00012693041796189687
0.00012693041796189687
0.00012693727190289338
0.00012693955671438256
0.00012694184160812425
0.00012694184160812425
0.00012694641164238312
0.00012694641164238312
0.00012694869678290914
0.00012695555269812692
0.00012695783816776092
0.00012695783816776092
0.00012695783816776092
0.00012695783816776092
0.00012696240935389762
0.00012696469507040924
0.00012696926675034119
0.00012697383875951446
0.00012697383875951446
0.00012697841109796457
0.00012698069739067955
0.00012698755676283764
0.00012699213008933178
0.0001269989906967451
0.0001269989906967451
0.0001269989906967451
0.0001269989906967451
0.0001270058520454717
0.00012701042668985613
0.00012701042668985613
0.00012701271413563173
0.0001270218647427271
0.00012702415260052146
0.00012703101666842502
0.00012704474702997516
0.00012704703571214107
0.00012704703571214107
0.00012704932447676865
0.00012704932447676865
0.0001270561912654659
0.00012706076953698746
0.0001270653481384626
0.00012706763756294392
0.00013007527377155656
0.0001300846494107148
0.00011627378142073688
0.00011628216317433999
0.00011628845028261096
0.00011629264206583793
0.0001163010265389501
0.0001163031228461391
0.00011630521922890068
0.00011630521922890068
0.00011631570227643992
0.00011631989602460658
0.00011632618721390624
0.00011632618721390624
0.00011633247908376366
0.00011633457652497028
0.00011633667404181079
0.00011634506486559353
0.00011635135877778692
0.00011635345689984585
0.00011636604722142783
0.00011636814587326778
0.0001163744422830003
0.00011638073937413786
0.00011638913655580922
0.0001163912360405677
0.00011639963473708714
0.00011640593455495132
0.00011640803464578022
0.00011641223505477387
0.00011641223505477387
0.00011641433537294685
0.00011641643576690936
0.00011642273740357533
0.00011643114064709935
0.00011643954510378157
0.00011644584924258634
0.00011644584924258634
0.00011645635765767158
0.00011646686796954841
0.0001164815855937638
0.00011648789428573147
0.00011649841029106547
0.00011650472080567957
0.00011651523984941586
0.00011652576079282235
0.00011653628363641366
0.00011654891355769212
0.00011655101881073231
0.00011656154621686812
0.00011656786357344592
0.00011656996951114597
0.00011658050034113776
0.00011658471320590752
0.00011659103307399356
0.00011659524670005333
0.00011660156771022917
0.00011661210425036058
0.00011661842708852413
0.00011662264269490397
0.00011663107482206228
0.00011663529134290688
0.00011664372529929229
0.00011664794273489924
0.00011666059687177406
0.00011666692496982157
0.00011667114408326616
0.00011667747332563519
0.00011668802358906525
0.00011669435466299444
0.00011669646517364088
0.00011670912984084491
8.656912350700564e-05
8.65706894903183e-05
8.657382162691593e-05
8.658165296005872e-05
8.658165296005872e-05
8.65894857101501e-05
8.659575293068462e-05
8.65988868811734e-05
8.660358823225273e-05
8.661142495184663e-05
8.661142495184663e-05
8.661769534875904e-05
8.662239874229448e-05
8.662867072830146e-05
8.663337531388435e-05
8.66349436226337e-05
8.66349436226337e-05
8.664906095696775e-05
8.665533680472025e-05
8.666475228109389e-05
8.667573958985558e-05
8.668201930292132e-05
8.668829992599148e-05
8.66930109906035e-05
8.670086390293644e-05
8.670557633326e-05
8.67134315222737e-05
8.693071169289256e-05
8.693543738663877e-05
8.694489031567683e-05
8.694804174886816e-05
8.695276932703303e-05
8.695592133143109e-05
8.695749741932588e-05
8.696380234228262e-05
8.696695514663103e-05
8.697641493145481e-05
8.698587677446871e-05
8.699376321636017e-05
8.699534067634452e-05
8.700638449826893e-05
8.70126965126693e-05
8.701585286331817e-05
8.702374474186555e-05
8.703321688591262e-05
8.703479577706307e-05
8.70426910921849e-05
8.7045849619331e-05
8.704900837571302e-05
9.008121566868775e-05
9.008938941430229e-05
9.009429437370852e-05
9.010247049306145e-05
9.032182227085482e-05
9.03300200800609e-05
9.03398594156178e-05
9.034149951327976e-05
9.034642016359184e-05
9.035298186455698e-05
9.036446713500536e-05
9.037103145776687e-05
9.038087973029306e-05
9.03825213177339e-05
9.038908826386347e-05
9.039565616433496e-05
9.040386738228463e-05
9.040879482913601e-05
9.042193731380218e-05
9.042522353201788e-05
9.043179668509051e-05
9.044165820669336e-05
9.045152187931429e-05
9.045316603392728e-05
9.046138770365714e-05
9.046467679005354e-05
9.0472900552534e-05
9.047454548445437e-05
9.048441633222066e-05
9.04909980940604e-05
9.050251848156692e-05
9.051733471924466e-05
9.053215580887231e-05
9.054039184495325e-05
9.05535726200658e-05
9.055851640019063e-05
9.056675723342389e-05
9.057170245332306e-05
9.057499956662678e-05
8.581258012424622e-05
8.582820314755429e-05
8.583445394981546e-05
8.584070566262522e-05
8.58485215843995e-05
8.586103002013832e-05
8.587197789186897e-05
8.588449316437512e-05
8.588918733212569e-05
8.59001423859936e-05
8.590170762182424e-05
8.590640367158763e-05
8.591266587002195e-05
8.59189289814962e-05
8.593145794436329e-05
8.593615724754302e-05
8.595339242412009e-05
8.596436386370741e-05
8.598317856361192e-05
8.598631514766195e-05
8.599415760904972e-05
8.600357045125813e-05
8.602083268166036e-05
8.602240231895542e-05
8.603182134579838e-05
8.603810184304044e-05
8.604438325732746e-05
8.604595375421105e-05
8.605537793957348e-05
8.60600908064352e-05
8.606637543196193e-05
8.6072660975438e-05
8.608051919595579e-05
8.608995095481582e-05
8.610095728609782e-05
8.611196643198982e-05
8.611825863661748e-05
8.612455176085561e-05
8.613556694169144e-05
8.614501076812635e-05
8.61591803912149e-05
8.61717795255852e-05
8.618123129475548e-05
8.618753362619684e-05
7.740173940601783e-05
7.740881607177687e-05
7.742155733157763e-05
7.742580535030604e-05
7.743288641754008e-05
7.744280208790673e-05
7.74498862645371e-05
7.746264104910034e-05
7.747398216268317e-05
7.748107204519526e-05
7.748958161727469e-05
7.749100006101653e-05
7.74980930587338e-05
7.750802543727952e-05
7.751937984496124e-05
7.752647803925159e-05
7.753783785433877e-05
7.755204230555505e-05
7.75577255433621e-05
7.75676732141112e-05
5.1306482940594416e-05
5.131306467278758e-05
6.353511842579526e-05
6.353977651105531e-05
6.354443527938167e-05
6.355608518959881e-05
6.356191174673024e-05
6.356890502561093e-05
6.357706579614992e-05
6.358756129474057e-05
6.359689353635419e-05
6.360389451538725e-05
6.360972984213778e-05
6.361556623970835e-05
6.362023612895332e-05
6.363074588694529e-05
6.364476430018299e-05
6.36552821642796e-05
6.367048077335146e-05
6.367866764633848e-05
6.368685662496402e-05
6.370089977520933e-05
6.37184624244875e-05
6.37325195180841e-05
6.373837847113694e-05
6.375009960953064e-05
6.375947962455476e-05
6.376417066725527e-05
6.377238165317636e-05
6.378176822686685e-05
6.37876362387375e-05
6.379467927838404e-05
6.380054966627405e-05
6.3811119087501e-05
6.382169201124244e-05
6.382991781898081e-05
6.3839321338907e-05
6.384519994597714e-05
6.384755169196013e-05
6.385107963580326e-05
6.386048939240429e-05
6.386637189879636e-05
6.387225548902196e-05
6.388284868364476e-05
6.388991276569603e-05
6.389815616955131e-05
6.391229266913713e-05
6.39276142706105e-05
6.392879315961914e-05
6.39358674068473e-05
6.394766129875241e-05
6.395945954256687e-05
6.396772090391311e-05
6.397598439970227e-05
6.398188820395457e-05
6.398779309793209e-05
5.476484958126427e-05
5.477192723334072e-05
5.478406460826316e-05
5.479215918045706e-05
5.4803293123726135e-05
5.481139337952271e-05
5.482962771298846e-05
5.483165449896806e-05
5.483773575605218e-05
5.4841790676895585e-05
5.485091644171628e-05
5.4858016358783755e-05
5.4867147524813514e-05
5.4872221708437375e-05
5.488440357920313e-05
5.4893543532430365e-05
5.4897606711078214e-05
5.490573487316159e-05
5.491183257443947e-05
5.49179316302604e-05
5.492708275474749e-05
5.493725424837812e-05
5.494742950985658e-05
5.4961681209898045e-05
5.497186552275774e-05
5.497899678774401e-05
5.4983072627078856e-05
5.499326486980808e-05
5.808815804922662e-05
5.810000618085172e-05
5.8106470835496875e-05
5.811617051531732e-05
5.812910846025886e-05
5.814097330463396e-05
5.8156081022557136e-05
5.816687705749858e-05
5.818523951891949e-05
5.820037025341927e-05
5.82090199211082e-05
5.8214427269124055e-05
5.822091741300928e-05
5.8227409004187415e-05
5.823606671127302e-05
5.825338985151583e-05
5.826313864767536e-05
5.827397447103969e-05
5.828806706848228e-05
5.829457364341085e-05
5.8304336229942376e-05
5.831084643776558e-05
5.831844351796704e-05
5.833038578724302e-05
5.8349938235969636e-05
5.835211153944044e-05
5.835754550646899e-05
5.836406760297533e-05
5.837711617046118e-05
5.8389082483896415e-05
5.839561163190885e-05
5.840867430950384e-05
7.084925887946303e-05
7.086907870197688e-05
7.087436586093703e-05
7.089684509039348e-05
7.09074284861264e-05
7.09246332449886e-05
7.093125268325463e-05
7.094184635489591e-05
7.095244319136621e-05
7.096834438322906e-05
7.098557871927072e-05
7.411144118727775e-05
7.412667563661733e-05
7.413221698935984e-05
7.415023210891984e-05
7.41585497329669e-05
7.416964280149336e-05
7.418767611780255e-05
7.420294192840351e-05
7.421265980667291e-05
7.422515796236349e-05
7.424182871973397e-05
7.425711682703708e-05
7.427102057120032e-05
7.428492952295342e-05
7.429884368522265e-05
7.431833227164287e-05
7.43406174644227e-05
7.435176507341455e-05
7.436152197414219e-05
7.437267585387957e-05
8.689020578601256e-05
8.690813372598303e-05
8.694074894138693e-05
8.69521700509202e-05
8.697828671547464e-05
8.698808450986283e-05
8.69995180602237e-05
8.701258865581202e-05
8.703547165085628e-05
8.705182401753563e-05
8.70665464020846e-05
8.708945778980741e-05
8.711074344946011e-05
8.711893301243482e-05
8.714842819345698e-05
8.716974269247895e-05
8.717958367044864e-05
8.719763123557162e-05
8.721732801244887e-05
8.724031883512208e-05
8.725839155790757e-05
8.727647177014267e-05
8.729784895588006e-05
8.733734205450102e-05
8.860902680894386e-05
8.864913802859407e-05
8.866418909996417e-05
8.867589902267839e-05
8.870100213259857e-05
8.872109485606419e-05
8.87428722480269e-05
8.876298394711992e-05
8.877639681160516e-05
8.880659058272239e-05
8.882673117629271e-05
8.886367933446777e-05
8.887880335091999e-05
8.889225124354585e-05
8.891915924097092e-05
8.893430214956101e-05
8.896123561477893e-05
8.899155526943613e-05
8.902020948159934e-05
8.903876027734627e-05
8.906575705893501e-05
8.909614801334547e-05
8.911642017444066e-05
8.914177335229967e-05
8.915191866310059e-05
8.916206628345949e-05
8.919421566022697e-05
8.92230005505249e-05
8.925010918896337e-05
8.927893017247929e-05
8.930437591441982e-05
8.931625555851165e-05
8.934851624432067e-05
8.93672041375114e-05
8.93892999106107e-05
8.941821087477645e-05
8.944543828264758e-05
8.946076098749454e-05
8.947268227679421e-05
8.949823859849567e-05
8.951357940044947e-05
8.954427678707515e-05
8.95732881019992e-05
8.959890193686137e-05
8.962623951182304e-05
8.963307651231978e-05
8.965188364329996e-05
8.968781009083276e-05
8.969636825130252e-05
8.972547821770838e-05
8.975803525390066e-05
8.977346525575888e-05
8.979747802827665e-05
8.982837047513475e-05
8.985241263286687e-05
8.987131192993862e-05
8.990053557765876e-05
8.992633693676457e-05
8.995043157068765e-05
8.996764993013151e-05
8.999348983265041e-05
9.000727718411276e-05
9.002796613416083e-05
9.005038989902861e-05
9.007109867576321e-05
9.008663651000537e-05
9.0100452419293e-05
9.01280969548209e-05
9.016094688177407e-05
9.019728256697628e-05
9.021286397051767e-05
9.02457757296467e-05
9.026657447952678e-05
9.029779058597503e-05
9.032555636699082e-05
9.034291865292943e-05
9.037766325667257e-05
9.039678418248611e-05
9.041939207387458e-05
9.043331024397753e-05
9.046464179851408e-05
9.048728364875532e-05
9.052388289676426e-05
9.054655441462616e-05
9.057272797348339e-05
9.060415622469831e-05
9.063735416064025e-05
9.066707820517768e-05
9.070207263885137e-05
9.072833619674536e-05
9.074760580784678e-05
9.075987254996622e-05
9.07861695962913e-05
9.0815991343497e-05
9.085110084472194e-05
9.087569365223613e-05
9.090205786786323e-05
9.093547450904518e-05
9.096715505061258e-05
9.099357236893053e-05
9.102000503514922e-05
9.104645306264771e-05
9.107644608080613e-05
9.111528992109804e-05
9.114532831710817e-05
9.117361784675073e-05
9.12072344802158e-05
9.123556245753664e-05
9.12745421707805e-05
9.131000718823462e-05
9.135260160547338e-05
9.462332140820243e-05
9.46601312274696e-05
9.469328455980596e-05
9.472646112322226e-05
9.476335124750111e-05
9.480581042734044e-05
9.48464591737964e-05
9.487974317483218e-05
9.491490163955742e-05
9.495193871047463e-05
9.498158918511002e-05
9.500569383439077e-05
7.03083803683378e-05
7.033997655334115e-05
7.036334851357427e-05
7.038123167155426e-05
7.03977472720873e-05
7.042253521126761e-05
7.04418267913748e-05
7.047354305737723e-05
7.050252634052722e-05
7.052876986070569e-05
7.054673721340389e-05
7.057716436637392e-05
7.059515638788117e-05
7.062701090794947e-05
7.063809748057454e-05
7.065750736015703e-05
7.069219440353462e-05
7.071719017031058e-05
7.073803348266919e-05
7.075749832933686e-05
7.078949955756563e-05
7.080760001573503e-05
7.082570973263296e-05
7.085219444991145e-05
7.08731174328182e-05
7.089684509039349e-05
7.092058864088573e-05
7.094434810026803e-05
7.09765186017626e-05
7.099471483789541e-05
7.101712301743866e-05
7.104375111005862e-05
7.107320540156363e-05
7.109706724597611e-05
7.112375533428166e-05
7.11448390348017e-05
7.116874901154516e-05
7.118422873865503e-05
7.12194349924824e-05
7.12292989849825e-05
7.124903516931543e-05
7.126878229366699e-05
7.129277566539926e-05
7.132950267485636e-05
7.136909718092067e-05
7.139315815567676e-05
7.141298526115333e-05
7.143565829943448e-05
7.14626012386851e-05
7.148956450940288e-05
7.152223149362261e-05
7.155777296308813e-05
7.158338470103995e-05
7.160046938085484e-05
7.162611169694197e-05
7.165319851916724e-05
7.166888972944995e-05
7.1708862020198e-05
7.175030892494122e-05
7.176747338622863e-05
7.179466725166027e-05
7.18290468684531e-05
7.186202491216865e-05
7.187780772686435e-05
7.18979049749356e-05
7.192519779429395e-05
7.195826420676009e-05
7.197984564321991e-05
7.200288011520461e-05
7.203601800900451e-05
7.205187735169323e-05
7.2073514985285e-05
7.209516561861658e-05
7.213416955537301e-05
7.216308858019124e-05
7.218045112781957e-05
7.220940728111525e-05
7.223693715386469e-05
7.226158694473997e-05
7.230948459406259e-05
7.233127724980411e-05
7.235162891653437e-05
7.23792673609715e-05
7.240401440035399e-05
7.242586408079509e-05
7.245793414378876e-05
7.247835715723778e-05
7.385028533064787e-05
7.387409168446361e-05
7.390238167220935e-05
7.393516558116402e-05
7.397096303469238e-05
7.401277056713969e-05
7.403070255136721e-05
7.406808877397113e-05
7.408455067720015e-05
7.411749644572915e-05
7.41399762752076e-05
4.71981174693718e-05
4.7217219445400035e-05
4.722964402342591e-05
4.7253555830076216e-05
4.7270787328727814e-05
4.728803139925285e-05
4.7312002379117835e-05
4.733215679115024e-05
4.735040653706184e-05
4.7369632005630223e-05
4.739079806103935e-05
4.740331416885061e-05
4.742161883857681e-05
4.743318696807069e-05
4.74621319989694e-05
4.748241454861182e-05
4.750948492931268e-05
4.752206381534284e-05
4.753852318182127e-05
4.7557901745375e-05
4.758117688642373e-05
4.759573542210618e-05
4.761904761904762e-05
4.764238266361756e-05
4.7666714333381e-05
4.768327406983556e-05
4.771252521947762e-05
4.773497541648767e-05
4.775940177937886e-05
4.7773091464995976e-05
4.779266177816012e-05
4.781910714895652e-05
4.785245038726305e-05
4.787896198410419e-05
4.7897635909541894e-05
4.791534043849382e-05
4.7942906846932e-05
4.796853264258647e-05
4.798530278726059e-05
4.800702274161249e-05
4.801986650477112e-05
4.804656398429564e-05
4.8069329707532465e-05
4.809608223055888e-05
4.812584220223854e-05
4.815464520345338e-05
4.8183482702129714e-05
4.8209366391184575e-05
4.823029275787704e-05
4.8256226776690864e-05
4.82911820301613e-05
4.831718158977333e-05
4.8337200309358084e-05
4.8351223285949136e-05
4.8369264787175236e-05
4.8387319757233904e-05
4.840840093220749e-05
4.843151092476511e-05
4.8450618437536776e-05
4.8487871105384927e-05
4.850904000609828e-05
4.8529218055642216e-05
4.855749554311559e-05
4.858175963133385e-05
4.860807310654196e-05
4.863441510168067e-05
4.865368308380945e-05
4.867398167076919e-05
4.8694297202164814e-05
4.871768103838258e-05
4.8729890218518754e-05
4.876043995848397e-05
4.8791028026960534e-05
4.880633645693887e-05
4.8825740930618625e-05
4.8847205939820246e-05
4.88748315563841e-05
4.8900438706792976e-05
4.893120272896308e-05
4.895276058603448e-05
4.897742140873058e-05
4.899490452992889e-05
4.902990824402886e-05
4.905980390095527e-05
4.9080442845824306e-05
4.910419911051251e-05
4.91476395090853e-05
4.917353339936637e-05
4.920775514221042e-05
4.9226441631504925e-05
4.924410301866352e-05
4.926697775244048e-05
4.929508035098098e-05
4.9314875479939415e-05
4.9329471540418455e-05
4.934303276377376e-05
4.936808846761454e-05
4.940571977075747e-05
4.943293363275568e-05
4.9459129095392534e-05
4.950214980764879e-05
4.9530521414874725e-05
4.9545245425912165e-05
4.957577302794657e-05
4.96063382727073e-05
4.964010920824026e-05
4.966123940264624e-05
4.9680271964003095e-05
4.970990718450188e-05
4.974063810132879e-05
4.976609933313427e-05
4.9796899787296106e-05
4.9821354856158634e-05
4.984051036682616e-05
4.9867139692106036e-05
4.990660335657556e-05
4.993223482416721e-05
4.9957892633351894e-05
4.998357682475758e-05
5.000071429591852e-05
0.0
0.0
0.0
0.0
0.0
0.0
0.0
0.0
0.0
0.0
0.0
0.0
0.0
0.0
0.0
0.0
0.0
0.0
0.0
0.0
0.0
0.0
0.0
0.0
0.0
0.0
0.0
0.0
0.0
0.0
0.0
0.0
0.0
0.0
0.0
0.0
0.0
0.0
0.0
0.0
0.0
0.0
0.0
0.0
0.0
0.0
0.0
0.0
0.0
0.0
0.0
0.0
0.0
0.0
0.0
0.0
0.0
0.0
0.0
0.0
0.0
0.0
0.0
0.0
0.0
0.0
0.0
0.0
0.0
0.0
0.0
0.0
0.0
0.0
0.0
0.0
0.0
0.0
0.0
0.0
0.0
0.0
0.0
0.0
0.0
0.0
0.0
0.0
0.0
0.0
0.0
0.0
0.0
0.0
0.0
0.0
0.0
0.0
0.0
0.0
0.0
0.0
0.0
0.0
0.0
0.0
0.0
0.0
0.0
0.0
0.0
0.0
0.0
0.0
0.0
0.0
0.0
0.0
0.0
0.0
0.0
0.0
0.0
0.0
0.0
0.0
0.0
0.0
0.0
0.0
0.0
0.0
0.0
0.0
0.0
0.0
0.0
0.0
0.0
0.0
0.0
0.0
0.0
0.0
0.0
0.0
0.0
0.0
0.0
0.0
0.0
0.0
0.0
0.0
0.0
0.0
0.0
0.0
0.0
0.0
0.0
0.0
0.0
0.0
0.0
0.0
0.0
0.0
0.0
0.0
0.0
0.0
0.0
0.0
0.0
0.0
0.0
0.0
0.0
0.0
0.0
0.0
0.0
0.0
0.0
0.0
0.0
0.0
0.0
0.0
0.0
0.0
0.0
0.0
0.0
0.0
0.0
0.0
0.0
0.0
0.0
0.0
0.0
0.0
0.0
0.0
0.0
0.0
0.0
0.0
0.0
0.0
0.0
0.0
0.0
0.0
0.0
0.0
0.0
0.0
0.0
0.0
0.0
0.0
0.0
0.0
0.0
0.0
0.0
0.0
0.0
0.0
0.0
0.0
0.0
0.0
0.0
0.0
0.0
0.0
0.0
0.0
0.0
0.0
0.0
0.0
0.0
0.0
0.0
0.0
0.0
0.0
0.0
0.0
0.0
0.0
0.0
0.0
0.0
0.0
0.0
0.0
0.0
0.0
0.0
0.0
0.0
0.0
0.0
0.0
0.0
0.0
0.0
0.0
0.0
0.0
0.0
0.0
0.0
0.0
0.0
0.0
0.0
0.0
0.0
0.0
0.0
0.0
0.0
0.0
0.0
0.0
0.0
0.0
0.0
0.0
0.0
0.0
0.0
0.0
0.0
0.0
0.0
0.0
0.0
0.0
0.0
0.0
0.0
0.0
0.0
0.0
0.0
0.0
0.0
0.0
0.0
0.0
0.0
0.0
0.0
0.0
0.0
0.0
0.0
0.0
0.0
0.0
0.0
0.0
0.0
0.0
0.0
0.0
0.0
0.0
0.0
0.0
0.0
0.0
0.0
0.0
0.0
0.0
0.0
0.0
0.0
0.0
0.0
0.0
0.0
0.0
0.0
0.0
0.0
0.0
0.0
0.0
0.0
0.0
0.0
0.0
0.0
0.0
0.0
0.0
0.0
0.0
0.0
0.0
0.0
0.0
0.0
0.0
0.0
0.0
0.0
0.0
0.0
0.0
0.0
0.0
0.0
0.0
0.0
0.0
0.0
0.0
0.0
0.0
0.0
0.0
0.0
0.0
0.0
0.0
0.0
0.0
0.0
0.0
0.0
0.0
0.0
0.0
0.0
0.0
0.0
0.0
0.0
0.0
0.0
0.0
0.0
0.0
0.0
0.0
0.0
0.0
0.0
0.0
0.0
0.0
0.0
0.0
0.0
0.0
0.0
0.0
0.0
0.0
0.0
0.0
0.0
0.0
0.0
0.0
0.0
0.0
0.0
0.0
0.0
0.0
0.0
0.0
0.0
0.0
0.0
0.0
0.0
0.0
0.0
0.0
0.0
0.0
0.0
0.0
0.0
0.0
0.0
0.0
0.0
0.0
0.0
0.0
0.0
0.0
0.0
0.0
0.0
0.0
0.0
0.0
0.0
0.0
0.0
0.0
0.0
0.0
0.0
0.0
0.0
0.0
0.0
0.0
0.0
0.0
0.0
0.0
0.0
0.0
0.0
0.0
0.0
0.0
0.0
0.0
0.0
0.0
0.0
0.0
0.0
0.0
