0.00018784034555430245
0.00018784034555430245
0.00019083757012435055
0.00019084100208439307
0.00019084443416787628
0.00019084443416787628
0.00019084443416787628
0.00019084443416787628
0.00019084443416787628
0.00019084443416787628
0.00019084443416787628
0.00019084443416787628
0.00019084443416787628
0.00019084786637480687
0.00019084786637480687
0.00019084786637480687
0.00019084786637480687
0.00019084786637480687
0.00019085129870519146
0.00019085473115903673
0.0001914542299780241
0.00019146111682082905
0.00019146111682082905
0.000191464560428031
0.000191464560428031
0.00019146800415910817
0.00019147144801406722
0.00019147489199291488
0.00019147489199291488
0.00019147833609565781
0.00019147833609565781
0.0001914817803223027
0.00019148522467285622
0.00019148522467285622
0.00019148522467285622
0.00019149211374571595
0.00019149211374571595
0.00019149211374571595
0.00019149211374571595
0.00019149211374571595
0.00019149900331429052
0.00019149900331429052
0.00019149900331429052
0.00019150244828448757
0.0001915058933786334
0.0001915058933786334
0.00019150933859673471
0.00019151278393879815
0.00019151278393879815
0.00019151622940483045
0.00019151622940483045
0.00019151967499483828
0.00019174765391861777
0.00019175455417066154
0.0001917580044829217
0.0001917580044829217
0.0001917718069737072
0.0001917752579068733
0.0001917752579068733
0.0001917752579068733
0.0001917752579068733
0.0001917752579068733
0.00019178561145160626
0.00019178906288161782
0.00019180632189523157
0.00019180632189523157
0.00019215605608694162
0.00019215605608694162
0.0002041624454238299
0.00020416979521306684
0.00020417714553150343
0.00020417714553150343
0.00020417714553150343
0.00020418817200153268
0.00020419552364321845
0.00020419919966258265
0.00020419919966258265
0.00019880204408621784
0.00019880204408621784
0.00020180613922737568
0.00020180613922737568
0.0002018097724281899
0.00020182067281559557
0.00020182430653974197
0.0002018279403947391
0.00020184247712337597
0.00020184247712337597
0.00020184247712337597
0.00020184247712337597
0.00020184611163273267
0.00020184974627298247
0.0002030684953121878
0.0002030684953121878
0.00020308312428978794
0.00020308678186352705
0.00020310507170861282
0.00020310507170861282
0.0002031123885690955
0.00020312702387171428
0.0002031380017328495
0.0002031380017328495
0.0002031453209661756
0.00020314898078063084
0.0002031599610152507
0.0002031599610152507
0.0002031709424369016
0.00020317460317460315
0.00020317826404422557
0.00020317826404422557
0.000203181925045776
0.0002031855861792615
0.00020319657037140006
0.00020319657037140006
0.0002074012291333083
0.00020741244182883366
0.0002074161796634314
0.00020742739397559446
0.0002074348708574175
0.00020744234827828
0.0002074460871908693
0.00020084819738742845
0.0002008554381609882
0.0002008626794566407
0.00020087716361444976
0.00020088440647671928
0.00020088802810372
0.00020090613819766587
0.0002009133831495491
0.00020091700582144145
0.00020092425155716293
0.00020092787462100623
0.00020093874459655106
0.0002009459919003308
0.00020095323972690968
0.0002009677369486914
0.0002009713615809747
0.0002009858614176718
0.0002009931121206577
0.00020100398915609248
0.00020101486736884424
0.00020102212016483812
0.0002010330003402097
0.00020104025444479383
0.00020105113658331635
0.00020106201989998453
0.00020107653282187713
0.00020109104783904466
0.00020110556495194092
0.00020110919455767579
0.0002011200841610198
0.00020113460546673543
0.00020115639135749616
0.00020116728607277612
0.00020118544655431232
0.00020119271166505024
0.0002012181436852329
0.00020122904509078525
0.00020123267915513233
0.000201243582135762
0.00020125085144590997
0.00020426470297332
0.00020461242330259413
0.00020462720690313623
0.0002046345995045417
0.00020464199264011394
0.00020466417525241053
0.00020466787282201636
0.00020468266443658063
0.00020469745818931802
0.00020470855490732612
0.00020471225408069224
0.00020471965282851305
0.00020473445192871213
0.00020473815203808694
0.0002047566545912742
0.0002047714590418348
0.0002047936697321154
0.00020480107436629175
0.00020782539223383883
0.0002078479386547227
0.0002078742489961499
0.00020788552689594353
0.00020790056599938678
0.00020791184675501625
0.00020791936793890234
0.00020791936793890234
0.0002079419347558491
0.00020795698202214473
0.00020796826890107634
0.00020797579416771773
0.00020799837323558958
0.00020802472167860607
0.00020804354608242108
0.00020806613986457597
0.00020806990597205447
0.00020808497176543804
0.00020809250548031524
0.00020811134215435755
0.00020811887777886977
0.00020811887777886977
0.0002081414879271039
0.00020814525676278076
0.00020815656408876745
0.00020818672296504806
0.00020820934785796221
0.00020823197766897496
0.0002082546123996901
0.00020826970495412713
0.00020827347843454955
0.00020863748848093267
0.00020864504972793304
0.00019537435677048948
0.00019539914417936673
0.0001954133112371285
0.00019542393787866624
0.00019543456567602748
0.00019544873787078281
0.00019548772200678852
0.0001954983567430526
0.00019550190191227454
0.00019551608387501822
0.00019553026789546728
0.00019554800081535912
0.00019557283230752618
0.00019559767010690483
0.00019560831680944172
0.00019561541525506469
0.00019563316362329207
0.00019565446591688832
0.00019568287619255056
0.00019571129472011726
0.0001957574924364458
0.00019577882181619446
0.00019640911213740853
0.00019643408559543918
0.00019646263446790286
0.00019647691201623722
0.00019648405156862795
0.00019650904408863412
0.00019652332838347229
0.0001965340429674823
0.00019654475871988864
0.0001965483308970341
0.00019655904820759957
0.00019658048633544887
0.00019660192914019767
0.00019661265229688768
0.0001966233766233766
0.00019664482878651695
0.00020877115961944937
0.00020879014295759765
0.00020880912974832912
0.00020884331467516243
0.00020887371067482405
0.00020889651348166629
0.00020890031443353008
0.00020893452922570298
0.00020894213403494904
0.00020894973939781565
0.00020897636252848394
0.00020900299244433807
0.0002090296291479723
0.00021025871793337787
0.0002102855200425947
0.000210316159392763
0.00021032382062543796
0.00021339828969078065
0.00021342161700710016
0.0002134449494239589
0.00021347217702570776
0.00021349941157479247
0.00021350719415094436
0.00021351886907908268
0.000213581156932662
0.00021361620982321956
0.00021362789667704412
0.00021364348113814656
0.0002136551709762478
0.00021367075941714785
0.00021370194312400967
0.00021371753839096756
0.00021373313593427444
0.00021375263606528318
0.00021377994222727414
0.00021380725536669247
0.00021382676902536715
0.00021384628624629353
0.0002138892366762656
0.00021392048419075445
0.00021396737258503896
0.0002139947336417989
0.00021402601199067682
0.00021403774372895511
0.0002140612110643541
0.0002140925088508976
0.00021717029284478283
0.0002171782323868018
0.00021720999636097078
0.00021722588183260282
0.00021724176962794624
0.00021726560567903553
0.00021728149928588843
0.0002173132934765946
0.0002173371452265097
0.00021735702568471816
0.0002173848644372302
0.0002173967975142702
0.0002174246464561961
0.00021746444303826152
0.00021870870336858475
0.0002187327276119338
0.00021875675713378952
0.0002187888047102814
0.00021882887738779896
0.00021886896474717973
0.00021888901393509055
0.00021890505593028542
0.00021893313508060999
0.0002189572086577548
0.00021897727401658782
0.00021900135730215466
0.00021902946116482817
0.0002190455237536493
0.00021906560530297672
0.0001793913097399699
0.0001794110530834855
0.00017942750918976337
0.00017944396831512247
0.00017946043046039375
0.00017949336381399802
0.00017950983502399435
0.00017952960446673849
0.00017954278651453605
0.00017956585975679052
0.00016614244353561612
0.00016616990610525726
0.00016618516701171954
0.00016621569723548302
0.00016623402075475495
0.00016625234831441993
0.00015744365416306752
0.0001574697008688406
0.00015750733910655955
0.00015751313120169647
0.00015754209806842354
0.00015756817735923092
0.000157588467222212
0.00015761746180689714
0.000157637764365278
0.0001576696789550856
0.0001576928976836938
0.00015770160647006124
0.00015772483460372403
0.0001577422601949375
0.00015777131140496273
0.00015778584102309076
0.00015780909397930675
0.000157843986266959
0.00015787016561010368
0.00015788762333050733
0.0001579079955515413
0.00015792837303050413
0.00015795166801878212
0.00015798662338939706
0.0001586423169156982
0.0001586657318918121
0.00015869208200321074
0.0001587096536069537
0.00015872429958288729
0.00015874773876767452
0.00015878291052767623
0.00015881223223518983
0.00015884449862396335
0.00015886503860789892
0.00015890319838879547
0.00015892962743938496
0.00015895018944644672
0.00015897663413191364
0.00015900896736618285
0.00015904719633081816
0.00015907661573748657
0.00015910310251049896
0.00015914137675795707
0.00015917377704566065
0.00015920324330328218
0.00015922682416544777
0.00015925925925925924
0.00015929465807216418
0.0001593064611736811
0.00015935664387496063
0.00015938027020515576
0.00015940390354210303
0.00015943936669200393
0.00015946597441127386
0.00015949259101277795
0.00015953401228040883
0.00015955769123731422
0.00015957841609144213
0.00015959914633014753
0.00015961395694135116
0.00015964654996380106
0.00015969101645188844
0.00015971474204212011
0.0001597384746833092
0.00015977408687251513
0.0001598037758287498
0.00015983347582054045
0.0001598631868540412
0.00017227489620127656
0.00017230372560321798
0.00017233897464509327
0.00017236782549927764
0.00017239668601478394
0.00017242555619646587
0.00017245122669892372
0.00017247048459242988
0.00017248653612289975
0.00017252507198887895
0.00017254434637967202
0.00017258290808408138
0.00017262470271914952
0.0001726922599080631
0.00017270835274749169
0.00017273732741801188
0.0001727791968874884
0.00017281464075690324
0.0001728468750777189
0.00017287267119369198
0.00017291783292902902
0.00017357870767852475
0.00017361435211977523
0.00017365001120322652
0.00017369866083935672
0.0001737181283272625
0.0001737505838393274
0.00017688752693797725
0.00017694042590308152
0.0001769602711729226
0.00017822979179519776
0.00017827311940559005
0.0001783264746227709
0.00017836317486451259
0.00017902031599892712
0.00017906722820152862
0.00017908063620423927
0.0001791242260834831
0.0001791544161251459
0.0001791946853478687
0.00017923161470823342
0.00017927863773221892
0.0001793088798505551
0.00017935258092738408
0.00017938284799959997
0.00017939966745427496
0.0001794568772002226
0.00017950065045531873
0.00018266554064621062
0.00018271011663412924
0.00018274785177396842
0.00018278560250391235
0.00018281306737788462
0.00018282336883362446
0.00018285771540576252
0.0001828852019566211
0.000182912696772092
0.00018294363832293309
0.00018296083259710394
0.00018299179043679888
0.0001830330838567327
0.00018307783943070314
0.00018311917169930826
0.00018313984483288488
0.00018317775770350294
0.00018322258406590992
0.00018326398172381113
0.00018330194601381042
0.0001833641033369755
0.00018340210912425492
0.00018344704537173154
0.0001834712509346352
0.000183502381760366
0.00018354390596517692
0.00018358891173271465
0.000183640868898029
0.00018683828108781396
0.0001868770764119601
0.0001869053013140009
0.00018694412447835032
0.00018696883852691216
0.00018700415564790326
0.00018704301989457572
0.00018711726014969377
0.00018719155936241418
0.0001872127985476825
0.00018726591760299624
0.00018732261116367074
0.00018738997936817395
0.00018742545578463108
0.00018745029726966331
0.000187489347196182
0.00018753196567596747
0.00018757815756565232
0.0001876350403699632
0.0001876812830574987
0.00018773466833541924
0.00018779520837680443
0.00018782727479699473
0.00018785222291797118
0.0001879092720888298
0.00018795921854530953
0.00018800562117816854
0.00018805919115551923
0.00019125786880470162
0.000191308754592677
0.00019132693465108173
0.00019138877270365157
0.00019144336889615778
0.00019149071079830064
0.00019153078762279847
0.00019158546488022733
0.00019162922916825297
0.000191683962653363
0.00019172412041798393
0.00019178621552452257
0.00019181545067103645
0.00019185200714045213
0.00019191784391105684
0.00019197274241326262
0.00019203133544440625
0.0001920826336946013
0.0001921192920849396
0.00019217063734473626
0.00019224403534234713
0.0001922807553704906
0.00019233218698254997
0.0001923983537836219
0.00019247560594762365
0.0001925308240574277
0.00019258975830623043
0.00019264872864597284
0.00019272987185378054
0.00019278154403973082
0.00019283324394043876
0.00019289236350629772
0.000194218176010222
0.0001942963786734159
0.00019432618673212389
0.0001943895592344632
0.00019441566580970286
0.00019444177939812593
0.00019448656187423627
0.00019454256898581885
0.00019457245263696877
0.00019461729533174567
0.00019466215870088621
0.00019472200871124774
0.00019477815152971328
0.0001948343267320387
0.00019488678616303817
0.00019495802630650736
0.0001950443340904133
0.000195108175931096
0.00019514950763265673
0.00019519461673793838
0.0001952284622547603
0.00019528489753966723
0.0001953225391930095
0.00019538279603064423
0.00019864612061483864
0.00019867677410643673
0.00019876495561559242
0.00019883018358010152
0.0001988724127278344
0.0001989146598173075
0.0001989761421810103
0.00019902227890170615
0.00019911076744635607
0.00019915696662670636
0.00019923786680078146
0.0001993034055727554
0.00019937670583225256
0.00019944233599256445
0.00019948482559603353
0.00019955052696838188
0.00019958146023872265
0.0001996007984031936
0.00019962014031551609
0.00019966270572043343
0.0001997052892818365
0.00019975951281951822
0.0001998253952856727
0.00019990295972828722
0.00019999611658026056
0.00020003495756539975
0.00020012823751141507
0.00020021771246403854
0.00020026442681599001
0.00020029947688777393
0.00020037740987880083
0.00020043589943177393
0.00020047100955643355
0.00020050613198364803
0.0002005295537730706
0.00020059594523535938
0.00020065847148896377
0.00020072494835717347
0.00020083453574074793
0.00020086586840360388
0.0002009168048376085
0.00020098345301280049
0.00020101875524502818
0.00020107761986568794
0.00020113651897127457
0.00020119938272810734
0.00020123869253463062
0.0002012976860537836
0.00020138427247487581
0.00020143941171868885
0.00020150246498161042
0.0002015773920191009
0.00020169976109348683
0.00020177878776005953
0.00020182623349139788
0.0002018816150529204
0.00020195682437599262
0.00020202416444374703
0.00020210344556942153
0.0002034874210750155
0.00020353136739047916
0.00020363531599486653
0.00020370734263444026
0.0002037593935701135
0.00020383952389379367
0.00020393576351320335
0.00020399595943694488
0.00020406824146981624
0.00020416067642173947
0.00020422502840106903
0.00020431357864101905
0.0002056964104990602
0.00020577349137789345
0.00020583844641295265
0.00020589125258186312
0.00020599694624335278
0.00019288751958499562
0.00019293705510888104
0.00019305909716868622
0.00019310108479312483
0.00019320422279809832
0.00019329216803884317
0.00019336487886647267
0.000193410829686252
0.00019354497773902476
0.00019361020253080914
0.00019368699388530824
0.00019375231444744223
0.00019380614094270483
0.00019391003368607755
0.0001939485407523615
0.00019401789202540113
0.00019409500718747723
0.00017895490336435218
0.0001790082940509577
0.00017905102954341988
0.0001791009134146584
0.00017917935853789643
0.00017925073194048876
0.00017932930838663398
0.0001794294144620108
0.0001794616151545364
0.0001795153086666002
0.00017955470433325354
0.0001796192072805652
0.0001796981071799377
0.00017975194231959895
0.00017980580972549646
0.00017986330388904432
0.00018061609416030174
0.00018067389362241154
0.00018073173008949884
0.00018082941313849127
0.0001809090848403527
0.00018094894702402412
0.0001810432365987921
0.00018110130981021112
0.0001811666867220194
0.0001845943939485142
0.00018464626191670846
0.00018476863753213367
0.00016476781803202923
0.0001648307469647021
0.00016489372398399322
0.00016497002373958876
0.00016503310725139372
0.00016506632848199368
0.00016511951027969632
0.00016520267547747602
0.0001652626063122254
0.00016532591382890783
0.00016540261416814585
0.00015335256966444037
0.00015341138473960435
0.00015347954279251987
0.0001535260489263277
0.00015358499717080268
0.0001536564161662724
0.00016721618760577435
0.00016731772151044722
0.00016739903745553462
0.00016745668408756363
0.0001674940060108736
0.0001675890823821977
0.00016766726161501433
0.00016772849625992504
0.00016782383910566133
0.0001678851881938803
0.0001679363467072964
0.00016802168021680215
0.00016810026367339743
0.00016815497379358974
0.0001682542267090016
0.00016833302789033916
0.0001683878896516136
0.000168470249376728
0.00016855612647146778
0.00016861801221120765
0.0001686902697003707
0.00016880394238884803
0.00016889016010514772
0.00016894883847673545
0.00016900410243829303
0.0001690766912782334
0.00016914934250013638
0.0001692255203002388
0.0001693121693121693
0.00016941973739940702
0.00016954134963117917
0.00016964224639168203
0.0001697258380213252
0.00016977812463631197
0.00016987581256122034
0.00016994565850516344
0.0001700225554115848
0.00017011002277279334
0.0001701765581791108
0.00017027821262805194
0.0001703870121125928
0.00017043267909175875
0.00017053112192975215
0.00017060854968974009
0.00017065785851913017
0.00017073892778707203
0.00017079536924168232
0.0001708942316305928
0.00017094370575625355
0.0001710533576118744
0.00017112771786007548
0.00017119505191075766
0.00017129437767647462
0.00017139381876485872
0.00017146136242645482
0.00017154319706716466
0.0001716072960779429
0.00017171066752522
0.00017182130584192438
0.00017195354480845898
0.00017201437152329822
0.00017209673501960375
0.00017566882607397534
0.00017575302878737356
0.00017584464507878258
0.00017592167661006577
0.00017597674046560802
0.00017605021258237133
0.00017613110280347808
0.00017622679622470659
0.00017633734100017424
0.00017642218596153577
0.00017652558574398906
0.00017659212105983194
0.00017668461447137778
0.00017680685423567726
0.00017689586217505
0.00017700353307447441
0.0001770964580708386
0.00017719692671891525
0.00017733852030981672
0.0001774280644912443
0.00017748781086674383
0.00017755133549482785
0.00017758498459292328
0.0001776747779065276
0.00014262428687856563
0.0001427054994340989
0.0001427868045297883
0.0001428350290595404
0.00014288932060703327
0.00014297083535816661
0.00014304337103195576
0.0001466254987381748
0.0001466720258368415
0.0001467247922574456
0.00014682111118169818
0.00014691755664801944
0.00014702971696779483
0.00014711082820567225
0.00014719515388262602
0.00014731086842589838
0.00014740482467329988
0.00014747380212986203
0.000147527147122866
0.00014759309718437785
0.00014770943849109127
0.00014776295412244434
0.00014785748812874976
0.00014793951549808674
0.00014802795450987092
0.0001481354869954135
0.00014821148639019524
0.0001483256318101432
0.00014843677521105854
0.0001485194467650608
0.00014859265609372768
0.00014866593763178022
0.00014872014872014872
0.0001487807843894623
0.0001488766256540193
0.00014896938965522181
0.00014906226932972144
0.00014917131034087078
0.00014923873893265603
0.00014934482139651768
0.00014947683109118088
0.00014954131078710495
0.00014965428421363148
0.00014972861688190156
0.0001498418735997349
0.0001499131512753429
0.00014999747600400956
0.00015008839340476963
0.00015018592728979386
0.00015027055925211498
0.00015039116162711668
0.00015048908954100828
0.00015057733376769102
0.0001506624075562992
0.00015073774531118648
0.00015084925228086972
0.00015091492171288436
0.00015101024401222604
0.00015112215465318192
0.0001512045477675521
0.0001512738274460178
0.0001513563860752125
0.00015143572718271303
0.00015152177397030758
0.0001516311281210133
0.0001517107576055958
0.0001518170604421672
0.00015193349987582358
0.00015201344734341884
0.00011555028997272135
0.00011562639501781964
0.00011571785350705659
0.00011579672544449819
0.00011586550801158655
0.00011592926847164136
0.00011600331857594913
0.00011606978879706153
0.00011617732483327083
0.00011627479118372153
0.00011635956578734185
0.00011642644501429539
0.00011652432998510258
0.0001166017239343488
0.00011670507593216332
0.00011676717512120137
0.00011685785499271487
0.00011696166174391319
0.0001170708575069835
0.0001171541912282653
0.00011723764367176427
0.00011731076214871737
0.00011738658821082037
0.00011746251235958397
0.00011754902836056304
0.0001176277899376126
0.00011774086576796107
0.00011782779244410637
0.00011790164913066188
0.00011800467537511296
0.00011809464014769304
0.00011817413482322496
0.00011826966981802939
0.00011832546993185052
0.00011838930599889104
0.00011845853951117109
0.00011853585709677177
0.00011862129026930036
0.00011875234874107479
0.00011884345759244216
0.00011891859344894027
0.00011901802595798212
0.00011911223689765394
0.00011918771310461362
0.00011926598579376043
0.00011935247505306652
0.000119460763187939
0.00011956924800024216
0.0001196860891434112
0.00011980315886050515
0.00011984405103232755
0.0001199204578229124
0.00012000516477924366
0.0001201338199513382
0.000120216084607776
0.00012029846200700472
0.000120378200879218
0.0001204856027330405
0.00012057939160828487
0.00012067056172910222
0.00012078125597217444
0.00012088937856738435
0.00012095045624349317
0.00012107836375618802
0.00012116192754823471
0.00012129307631483998
0.00012139092487592003
0.00012146371463714637
0.0001215786760236078
0.00012166012166012166
0.00012172760751321284
0.00012183179501414945
0.00012195027824731208
0.00012201808647838813
0.00012213410014996211
0.0001222191280670813
0.00012229575447966252
0.00012238385152824898
0.00012247492364696216
0.0001225746891024895
0.0001226889059721543
0.00012278043283988033
0.00012290363732536793
0.00012302421552596744
0.00012310761007612413
0.00012326896820752877
0.0001234018291587588
0.00012353787452304998
0.00012366260458490847
0.00012376722361917295
0.00012385454146383526
0.00012398283073204798
0.00012408214552165549
0.00012421969589760523
0.0001243370004879047
8.899179385405346e-05
8.907808127389539e-05
8.914343415219072e-05
8.926808073626416e-05
8.931676625881311e-05
8.940368533067495e-05
8.948226984051568e-05
8.955886315722732e-05
8.963772082212861e-05
8.97167174796748e-05
9.138080367430291e-05
9.146583949733556e-05
9.154884728060119e-05
9.164514997928022e-05
9.173506912038033e-05
9.180977015623627e-05
9.186917829011487e-05
9.193527756459452e-05
9.201472235557689e-05
9.210758165537347e-05
9.216959204937084e-05
9.222059165523932e-05
9.233165530585864e-05
9.239174098176267e-05
9.25188456866105e-05
9.262167669396992e-05
9.272025090906159e-05
9.281229318999887e-05
9.291803013776107e-05
9.30172364983459e-05
9.310082414468677e-05
9.321401938851603e-05
9.328433877627171e-05
9.336613326188793e-05
9.345262764409989e-05
9.35347176471545e-05
9.363067177971552e-05
9.370391193461911e-05
9.383465517804105e-05
9.392892439129972e-05
9.401646514441747e-05
9.411803219655118e-05
9.42151874882231e-05
9.427775045089359e-05
9.436826600362702e-05
9.44729232386961e-05
9.458014639361788e-05
9.46525428611406e-05
9.473441412943191e-05
9.483988553238163e-05
9.49103303704804e-05
9.497617336868098e-05
9.51104935821093e-05
9.527123305828941e-05
9.54467738990422e-05
9.558481282000133e-05
4.160737615564487e-05
4.1659376275818394e-05
4.170837504170837e-05
4.175121287273395e-05
4.182875308487054e-05
4.1877099089591864e-05
4.1929776011136546e-05
4.1980470685037314e-05
4.203764891837129e-05
4.2080103685375475e-05
4.213329288537216e-05
4.218448117306605e-05
4.223686433519175e-05
4.229152393277339e-05
4.233664405889874e-05
4.2371085970933434e-05
4.2421774248286156e-05
4.2480161764456e-05
4.254088178739769e-05
4.259415437825313e-05
4.263774122302097e-05
4.268906989054522e-05
4.27394262659418e-05
4.2800890258517374e-05
4.2896730411208056e-05
4.294093903245476e-05
4.299300073947961e-05
4.3040742366724335e-05
4.308859014133057e-05
4.314994606256742e-05
4.3190201007195485e-05
4.323950361049855e-05
4.329004329004328e-05
4.3348592037730613e-05
4.3392607635363237e-05
4.344350606471344e-05
4.349906477010744e-05
4.356159609688099e-05
4.360034182667992e-05
4.3654015732907265e-05
4.371355382449882e-05
4.3772104912981054e-05
4.3818137203351205e-05
4.3886211829967256e-05
4.394059231918446e-05
4.399743055005587e-05
4.406839414771725e-05
4.4136080362975123e-05
4.42110103100076e-05
4.42709025066185e-05
4.433449489709963e-05
4.438762828024573e-05
4.444207420048708e-05
4.448596467814404e-05
4.454660465779298e-05
4.4618157805500525e-05
4.469233794558261e-05
4.4764360406818505e-05
4.481973502572652e-05
4.488612390365642e-05
4.49599856128046e-05
4.502679094060966e-05
4.5095015197020116e-05
4.514631922059394e-05
4.5202643450588986e-05
4.528001159168296e-05
4.536134850216827e-05
4.542563823021713e-05
4.549135209396693e-05
4.555227579169855e-05
4.563334519800308e-05
4.5725991568127154e-05
4.581523631498891e-05
4.58606204024728e-05
4.593772681752616e-05
4.601890456599571e-05
4.609017081017302e-05
4.616805170821791e-05
4.625132972572961e-05
4.633362060178106e-05
4.64136196125391e-05
4.6495192397106135e-05
4.656403952355675e-05
4.6640920878341817e-05
4.672460517708625e-05
4.680727572293837e-05
4.691135630113337e-05
4.6969526171419976e-05
4.706901258625396e-05
4.713557133026009e-05
4.721435316336166e-05
4.7294740824820276e-05
4.738348401281249e-05
4.746309744173904e-05
4.753077617757498e-05
4.762449041795252e-05
4.768853662956498e-05
4.7752755333982765e-05
4.784185396752495e-05
4.790786359673076e-05
4.802105242938504e-05
4.81056014162289e-05
4.8176518764754055e-05
4.826021910139472e-05
4.836525440123815e-05
4.8421460391245394e-05
4.8480617449143826e-05
4.857811847231533e-05
4.866748428040257e-05
4.8764312325667576e-05
4.8844342848211317e-05
4.891171435558816e-05
4.898071139585231e-05
4.909614006146836e-05
4.917871545195239e-05
4.926011310121967e-05
4.934762440536112e-05
4.942371943142953e-05
4.953683063357606e-05
4.9610557126556526e-05
4.971117805549756e-05
4.977947691725655e-05
4.984349143688817e-05
4.998400511836212e-05
5.007110096336798e-05
5.0166049624256283e-05
5.029776275551263e-05
5.04133897963299e-05
5.051270394504217e-05
5.0612410162971955e-05
5.069862708117864e-05
5.0785138237146274e-05
5.089835598310174e-05
5.0993350467099085e-05
5.113258679756608e-05
5.1253664637021545e-05
5.1343663678465435e-05
5.144985696939762e-05
5.155968032998195e-05
5.166196542781273e-05
5.175822697017691e-05
5.1843556882750605e-05
5.1971270281788223e-05
5.209472905531418e-05
5.221550382739642e-05
5.2345058626465656e-05
5.2450486740516945e-05
5.261607105274234e-05
5.274762371955143e-05
5.2861386871345954e-05
5.295376077609031e-05
5.3068415801651486e-05
5.317508428250858e-05
5.327536973106593e-05
5.339997650401033e-05
5.3504547886570356e-05
5.360263296133105e-05
5.372011818426e-05
0.0
0.0
0.0
0.0
0.0
0.0
0.0
0.0
0.0
0.0
0.0
0.0
0.0
0.0
0.0
0.0
0.0
0.0
0.0
0.0
0.0
0.0
0.0
0.0
0.0
0.0
0.0
0.0
0.0
0.0
0.0
0.0
0.0
0.0
0.0
0.0
0.0
0.0
0.0
0.0
0.0
0.0
0.0
0.0
0.0
0.0
0.0
0.0
0.0
0.0
0.0
0.0
0.0
0.0
0.0
0.0
0.0
0.0
0.0
0.0
0.0
0.0
0.0
0.0
0.0
0.0
0.0
0.0
0.0
0.0
0.0
0.0
0.0
0.0
0.0
0.0
0.0
0.0
0.0
0.0
0.0
0.0
0.0
0.0
0.0
0.0
0.0
0.0
0.0
0.0
0.0
0.0
0.0
0.0
0.0
0.0
0.0
0.0
0.0
0.0
0.0
0.0
0.0
0.0
0.0
0.0
0.0
0.0
0.0
0.0
0.0
0.0
0.0
0.0
0.0
0.0
0.0
0.0
0.0
0.0
0.0
0.0
0.0
0.0
0.0
0.0
0.0
0.0
0.0
0.0
0.0
0.0
0.0
0.0
0.0
0.0
0.0
0.0
0.0
0.0
0.0
0.0
0.0
0.0
0.0
0.0
0.0
0.0
0.0
0.0
0.0
0.0
0.0
0.0
0.0
0.0
0.0
0.0
0.0
0.0
0.0
0.0
