51763
51737
51710
51684
51651
51622
51599
51584
51555
51522
51501
51469
51448
51429
51403
51374
51337
51300
51272
51240
51213
51190
51164
51134
51100
51073
51055
51018
50979
50937
50886
50840
50817
50782
50758
50709
50677
50648
50616
50598
50547
50508
50473
50452
50420
50384
50364
50337
50308
50281
50245
50212
50184
50154
50120
50086
50071
50035
50007
49993
49958
49928
49908
49883
49849
49825
49802
49772
49746
49724
49695
49665
49636
49599
49578
49550
49524
49488
49453
49406
49380
49338
49303
49270
49244
49215
49189
49159
49130
49104
49069
49030
48992
48966
48941
48905
48872
48840
48825
48788
48751
48725
48680
48656
48627
48594
48571
48538
48506
48474
48442
48407
48380
48344
48320
48278
48232
48193
48168
48145
48106
48057
48027
47975
47933
47891
47864
47820
47789
47748
47719
47683
47659
47628
47583
47545
47503
47480
47449
47423
47390
47359
47325
47296
47261
47236
47199
47163
47134
47086
47052
47014
46980
46942
46911
46850
46818
46786
46759
46728
46696
46643
46603
46572
46541
46503
46466
46441
46409
46377
46351
46316
46270
46227
46188
46142
46112
46077
46032
45978
45944
45912
45869
45844
45814
45782
45760
45726
45678
45649
45602
45580
45533
45484
45455
45424
45392
45351
45308
45273
45231
45203
45172
45144
45109
45082
45053
45012
44967
44921
44880
44836
44816
44776
44741
44709
44681
44643
44612
44556
44515
44481
44458
44431
44397
44367
44347
44308
44256
44216
44169
44125
44093
44045
44009
43974
43916
43888
43847
43785
43751
43711
43678
43644
43619
43583
43540
43499
43478
43438
43409
43370
43331
43301
43264
43231
43198
43158
43127
43091
43039
42983
42936
42879
42838
42809
42775
42730
42698
42646
42608
42584
42556
42497
42457
42423
42381
42343
42300
42227
42172
42130
42092
42057
42021
41979
41947
41921
41889
41842
41812
41775
41726
41665
41608
41575
41526
41496
41419
41369
41328
41275
41210
41171
41130
41104
41072
41016
40975
40912
40872
40812
40770
40726
40657
40613
40576
40535
40493
40457
40429
40391
40363
40313
40282
40227
40203
40157
40124
40077
40030
39991
39960
39925
39892
39849
39800
39764
39735
39700
39665
39633
39589
39559
39521
39477
39429
39381
39351
39317
39264
39215
39174
39121
39073
39040
38997
38949
38914
38867
38831
38784
38753
38718
38667
38628
38588
38555
38507
38447
38405
38368
38328
38290
38246
38211
38175
38120
38076
38039
38002
37962
37917
37887
37847
37812
37768
37702
37652
37614
37567
37514
37454
37414
37372
37329
37288
37238
37190
37148
37102
37044
37000
36919
36868
36821
36759
36721
36666
36619
36568
36481
36442
36403
36340
36300
36254
36200
36157
36121
36093
36048
35984
35937
35889
35853
35805
35776
35735
35691
35648
35594
35551
35480
35435
35398
35338
35283
35198
35162
35124
35081
35008
34977
34942
34891
34858
34774
34732
34690
34657
34615
34578
34530
34453
34411
34359
34296
34251
34213
34152
34089
34019
33955
33918
33876
33826
33782
33718
33633
33556
33516
33468
33423
33386
33348
33307
33258
33232
33201
33159
33095
33058
32999
32949
32907
32835
32764
32707
32653
32626
32586
32534
32504
32473
32416
32379
32350
32279
32229
32179
32115
32060
32012
31965
31905
31864
31818
31763
31716
31674
31623
31582
31532
31474
31435
31397
31318
31216
31165
31087
31020
30962
30926
30869
30828
30759
30702
30635
30564
30507
30472
30425
30394
30355
30313
30232
30200
30146
30059
30012
29973
29926
29878
29818
29740
29693
29646
29561
29515
29453
29395
29339
29264
29214
29154
29084
28991
28920
28884
28826
28761
28717
28662
28630
28582
28532
28473
28404
28354
28309
28262
28201
28161
28119
28061
28023
27965
27928
27893
27818
27786
27714
27640
27594
27549
27498
27394
27329
27284
27229
27171
27103
27035
26957
26888
26823
26731
26669
26624
26596
26542
26484
26428
26392
26291
26232
26201
26149
26083
26040
26012
25989
25893
25853
25805
25745
25667
25620
25554
25490
25414
25361
25291
25217
25181
25116
25068
24999
24928
24896
24815
24794
24747
24696
24658
24609
24521
24433
24394
24346
24308
24241
24188
24124
24033
23959
23904
23813
23722
23663
23609
23529
23496
23393
23339
23275
23196
23140
23068
23016
22975
22875
22826
22757
22717
22675
22611
22522
22476
22404
22250
22175
22096
22016
21943
21883
21785
21728
21666
21600
21559
21465
21313
21259
21178
21055
21025
21007
20919
20862
20829
20781
20727
20649
20596
20441
20389
20306
20212
20134
20082
20028
19973
19885
19842
19778
19675
19594
19495
19435
19388
19350
19288
19176
19139
19099
18995
18881
18843
18811
18740
18633
18607
18553
18477
18355
18300
18217
18094
18052
18032
17924
17872
17801
17726
17677
17570
17516
17466
17424
17348
17274
17196
17136
17043
16984
16901
16855
16813
16733
16648
16537
16496
16297
16221
16145
16076
15941
15894
15773
15706
15628
15575
15485
15452
15285
15232
15177
15014
14948
14880
14827
14752
14688
14625
14582
14507
14456
14388
14295
14256
14144
14092
14015
13956
13910
13858
13824
13761
13690
13609
13486
13428
13367
13344
13274
13254
13230
13148
13085
13024
12880
12855
12798
12746
12658
12573
12526
12390
12246
12120
12047
12007
11991
11872
11816
11772
11692
11574
11360
11307
11055
10952
10882
10834
10802
10661
10567
10531
10500
10444
10386
10241
10099
9963
9856
9739
9688
9669
9580
9479
9399
9336
9320
9244
9185
9110
8808
8739
8304
8173
8010
7641
7512
7421
7383
7310
7277
7268
7259
7215
6803
6768
6702
6661
6618
6600
6593
6571
6556
6535
6469
6198
6147
5970
5930
5661
5558
5178
5131
5112
5082
4885
4877
4781
4757
4701
4696
4624
4579
4489
4467
4357
4329
4277
4269
4261
4052
3825
3815
3743
3739
3683
3655
3648
3596
3575
3565
3557
3552
3490
3463
2452
2421
2404
2367
2350
2344
2157
2055
2016
2005
2002
1995
1994
1748
1747
1736
1709
1706
1703
1621
1611
1606
1591
1272
1254
1247
1093
1092
1086
1004
953
949
947
946
733
733
732
732
703
702
700
700
697
685
685
669
669
665
663
633
630
629
629
597
583
583
581
581
470
470
470
469
343
342
339
339
339
335
334
247
245
243
242
241
240
240
237
235
235
234
212
212
212
211
206
206
206
203
203
203
203
203
194
194
193
193
193
193
192
171
159
159
158
158
158
157
157
157
156
156
131
131
131
125
125
125
125
125
125
125
124
124
124
124
123
123
123
123
123
123
123
123
123
123
123
123
122
122
122
121
121
121
96
95
93
93
93
93
93
93
93
93
93
93
93
93
93
93
93
91
91
91
91
91
91
91
91
91
86
86
86
86
86
86
86
86
86
86
86
86
86
86
86
86
86
85
85
85
85
84
84
84
83
83
81
81
81
81
81
81
81
81
81
81
81
66
66
66
66
66
66
66
65
65
65
65
65
65
65
63
63
61
47
47
47
44
44
44
44
44
44
44
44
44
44
44
44
44
44
44
44
44
43
43
38
38
37
37
37
37
36
36
36
35
35
35
35
35
35
35
35
35
35
35
35
35
35
35
28
28
28
28
28
26
26
26
26
26
26
26
26
26
26
26
26
26
26
26
26
26
26
26
25
24
24
24
24
24
24
24
24
24
24
24
22
22
22
22
22
22
22
22
21
21
21
21
21
21
19
19
19
19
19
19
19
19
19
19
19
19
19
19
19
19
19
18
17
17
17
17
17
17
17
17
17
17
17
17
17
17
17
17
17
17
17
17
17
17
15
15
15
15
15
15
15
15
15
15
15
15
15
15
15
15
15
15
15
15
15
15
11
10
10
10
10
10
10
10
10
10
8
8
8
8
8
8
8
8
8
8
8
7
7
7
7
7
6
6
6
5
5
5
5
5
4
3
3
3
2
