0.00024213511190707766
0.00024213511190707766
0.00024213511190707766
0.0002481391706507884
0.0002481391706507884
0.0002481391706507884
0.0002481391706507884
0.00024814364025776736
0.00024814811002576683
0.00024815257995479547
0.00024815705004486207
0.00022233773719885328
0.00022233773719885328
0.00022233773719885328
0.00022293818633480699
0.00022293818633480699
0.00022293818633480699
0.00022293818633480699
0.00022294220229838912
0.00022294220229838912
0.00022294621840665937
0.00022294621840665937
0.00022294621840665937
0.00022294621840665937
0.00022294621840665937
0.00022294621840665937
0.00022294621840665937
0.0002241471599448253
0.0002241471599448253
0.0002241471599448253
0.0002241471599448253
0.0002241511978320899
0.00022415523586483772
0.00022415927404307665
0.00022416331236681453
0.00022416735083605926
0.00022417542821110065
0.00022418350616826372
0.00022418754536516057
0.00022419158470761143
0.00022419158470761143
0.00022419158470761143
0.00022419158470761143
0.0002362033802908742
0.00023621189227776733
0.00023622040487817015
0.00023622466140845843
0.00023622891809214902
0.00023622891809214902
0.00023623317492925018
0.00022542931971318046
0.00022542931971318046
0.00022543744475624094
0.00022544150749741047
0.00022545369659957124
0.00022545775992653528
0.00022546182339996772
0.00022546182339996772
0.00022546588701987652
0.00022547807875854017
0.0002254862073168429
0.0002254902718157761
0.0002254902718157761
0.0002254902718157761
0.00022550246619179812
0.0002156308317753319
0.0002156347189065809
0.0002156347189065809
0.0002156386061779774
0.00021564249358952897
0.00021565415666519006
0.00021566193274987852
0.00021566193274987852
0.00021566193274987852
0.00021566970939536928
0.00021568915346300443
0.0002156930426972621
0.00021570082158656884
0.00022773057720942453
0.00022773468394084048
0.0002277428978480357
0.00022775521981985696
0.00022775932744010366
0.00022776754312510465
0.00022776754312510465
0.00022777165118987498
0.00022777575940283586
0.00022778397627336137
0.00022778397627336137
0.00022778808493094206
0.0002277963026907794
0.0002277963026907794
0.00022780041179305208
0.00022782506952014989
0.000227829179660318
0.00022783740038557096
0.00022784562170409967
0.00022785384361596832
0.00022786206612124117
0.00022786617759642424
0.00022787028921998246
0.00022787851291225647
0.00022789907474006873
0.00022790318755091726
0.00022790318755091726
0.00022791552687417979
0.00022791964027886637
0.00022792375383203257
0.00022793198138383591
0.00022793198138383591
0.00022793609538248913
0.00021289506344737016
0.00021291812150687925
0.0002132658034602183
0.00021327350328162673
0.00021328505405628453
0.00021328890459254595
0.0002132966060821772
0.0002133043081280032
0.00021331971388848046
0.00021332741760325224
0.00021333512187445987
0.00021333897421874594
0.00021334282670216359
0.00021334667932472034
0.0002133505320864237
0.00021335438498728128
0.00021335823802730056
0.0002133659445248544
0.0002133659445248544
0.0002133736515791456
0.00021337750531508657
0.00021338521320459693
0.00021340063065434256
0.00021341605033212388
0.00021343147223842383
0.0002134391840274193
0.00021344689637372563
0.0002134546092774032
0.00021346617967812293
0.00021347775133326793
0.00021348546646703494
0.00021349318215847543
0.00021349704021334212
0.0002135047567414062
0.00021351247382729498
0.0002135394880216483
0.0002135510676262262
0.0002135510676262262
0.00021356650905268918
0.0002135780915880706
0.00021358967537985128
0.00021359353692301333
0.0002136128467334282
0.000171430293480741
0.00017144269327774148
0.00017144889384893724
0.00017144889384893724
0.00017146129633696322
0.00017146749825389075
0.00017147059938060446
0.00017147680197056214
0.00017148920849676918
0.00017150782165253946
0.00017151712974568774
0.0001715233357024402
0.0001715326454796711
0.00017154506008815916
0.00017155747649378223
0.00017156989469693053
0.00017157610447269864
0.0001715916308789094
0.00017161026627603997
0.00017161647897461093
0.00017162890572133707
0.00017163511976958998
0.00017164754921611988
0.0001608023390058191
0.00016080525061476758
0.00016081689810503374
0.00016202997080183712
0.0001650540694365396
0.00016505705851764277
0.00016505705851764277
0.0001771430296287672
0.00017714623792792374
0.00017715586352271071
0.00017715907228676655
0.00017717832731237558
0.0001771975865240114
0.0001772104283246799
0.00017722006089674732
0.00017722969451606114
0.00017723611751082488
0.0001772521770347109
0.0001772682394691964
0.00017728751823368466
0.0001773068011919437
0.0001773196588279982
0.00011085641762824249
0.00011086646807408368
0.00011087249921638013
0.00011087652034247375
0.00011087853101490126
0.00011089260776403712
0.00011089864175074754
0.00011090869985462669
0.00011091875978313828
0.00011092882153677888
0.0001109388851160452
0.00011094693729424269
0.00011095700416088766
0.00011096304515781123
0.00011097311494792302
0.00011097915769930873
0.00011098520110881478
0.00011100132008579262
0.0001110174437455418
0.00011102752341176167
0.00011103962142753368
0.00011104970512151901
0.00011105979064710492
0.00011409748371364388
0.00011714211310875618
0.00011714849826699823
0.00011715701289419357
0.00011716127067195539
0.00011716552875920495
0.00011717617533155927
0.00011719321387242213
0.00011721664995853268
0.00011723156871250475
0.00011724649126453027
0.00011725928504744933
0.00011726781578733128
0.00011728274756924145
0.00012032537228098445
0.00012033850728268896
0.00012035164515240212
0.0001203582151630555
0.0001203647858910634
0.00012039107597899009
0.00012040641716792667
0.0001204239547434814
0.00012043272544720081
0.00012045246420246423
0.00012047220942909705
0.00012048757130365994
0.0001205029370964258
0.00012050732804281006
0.00010533229562801561
0.00010533805358878245
0.00010535149127899661
0.00010537069392764488
0.0001053783769473082
0.0001053822188773061
0.0001053937463483324
0.00010540143273018361
0.00010541680885779064
0.00010543026664999235
0.00010544180463561779
0.0001054514215529155
0.0001054591163498984
0.00010546873642546123
0.00011764869439491732
0.00011766801802388993
0.00011768949616900701
0.00011770023818216591
0.00011771098215644088
0.00011771742948256497
0.00011773892567143363
0.00011774537605907794
0.00011775827895492573
0.00011776903352851334
0.00011777548721561875
0.00010865612641344309
0.00010866406708113874
0.0001086799518988972
0.00010868392382901557
0.00010869584136150898
0.00010870180110790546
0.00010870974845312731
0.0001087176969605178
0.00010872564663033193
0.00010872962190122755
0.00010874552589214429
0.00010876143453632711
0.00010877535841872504
0.00010879127579328787
0.0001088012265182301
0.0001088071978269922
0.000121025501615416
0.00012104100492791133
0.0001210587278636403
0.00012106537530266345
0.00012107867237104992
0.00012108975549284578
0.00012110305791760285
0.00012112079903103362
0.0001211318898667811
0.00012113854534323025
0.0001211562968564782
0.00012116739419443312
0.0001211851541642674
0.0001212095826254048
0.00012123402093708925
0.0001212540232503935
0.00012126291528619882
0.00012127625578550605
0.00012128515108252892
0.00012130294559183
0.00012132074532338661
0.0001213363243741876
0.00012135413390367156
0.00012137194866202501
0.00012138531316362112
0.00012141205099830601
0.00012142765350894448
0.00012144103028157009
0.00012145887056366886
0.00012147894714747493
0.0001214878722042046
0.00012150126224853439
0.00012151242287372944
0.000121534750276275
0.0001215481506567013
0.00012155931989792169
0.0001215794297058198
0.0001216017817418733
0.00012161966928906344
0.00012162861503623903
0.00012163532521030039
0.00012164874777984468
0.00012166441118892145
0.00012167112531337542
0.00012168455578566698
0.00012170022841792332
0.00012172038487827963
0.00012173606674186433
0.00012175399382026167
0.00012176968434562603
0.00012178762132730095
0.00012180332052162339
0.00012181902376391843
0.0001218392195974306
0.00012186840318173922
0.0001218773855589776
0.00012189984729608763
0.00012191782264774966
0.0001219335554297302
0.00012195603787749083
0.00012197852861753278
0.00012199202704376169
0.0001220077789840942
0.00012202128388528419
0.00012205731157567291
0.00012207758650238488
0.00012210237611751364
0.00012211364745288867
0.00012212943081882114
0.00012215875361133466
0.0001221813191888005
0.00012219937765414147
0.00012221518319079295
0.0001222219582439107
0.0001222377696227262
0.00012225584477996588
0.00012226940465627246
0.00012228070685115297
0.00012231914994795492
0.00012233046134172473
0.00012236214437675913
0.00012237799204939525
0.00012239157903641085
0.00012240290383044422
0.00012242102786069915
0.00012244142381128683
0.00012248450425521223
0.00012250492136401162
0.00012252080604400694
0.00012252988485366546
0.00012255712935732948
0.00012258438597931157
0.00012261392767102391
0.0001226321142518117
0.00012265485506593693
0.00012267305379067686
0.00012269125791663355
0.00012271402067320436
0.00012273451437690364
0.00012275045865722134
0.00012275729318842848
0.0001227709645343056
0.0001228028761865861
0.0001228097165562352
0.00012282568038264312
0.00012285762048936074
0.00012287359677290942
0.00012289642724425335
0.00012291012959983862
0.00012292611954366003
0.00012294439886030808
0.00012297182803067125
0.0001229855472059968
0.00012302443483159205
0.00012304503235579416
0.0001230747965145643
0.00012309770182173966
0.00012312061565626214
0.00012314812352049367
0.00012316876248646608
0.00012319170278604822
0.00012321235636313316
0.00012325138757636662
0.00012327206117276193
0.0001232927417057005
0.00012333642340355252
0.00012338704089627495
0.00012340776002921273
0.00012342618287868246
0.000123451523279811
0.00012347226407597144
0.0001234930118425264
0.00012352760695276337
0.0001235483733242251
0.00012357145526072777
0.00010802086030518118
6.443786418741094e-05
6.444991022412367e-05
6.445472989996163e-05
6.446678224385361e-05
6.448607537210869e-05
6.449572626730984e-05
6.450296633461893e-05
6.451503672634306e-05
6.45319428660561e-05
6.454402410594491e-05
6.456699092851613e-05
6.458271448998833e-05
6.459239433478308e-05
6.460570886026249e-05
6.462387387990492e-05
6.463477779563269e-05
6.464932207506464e-05
6.466023458090076e-05
6.466751163166672e-05
6.468571142667732e-05
6.469785031562541e-05
6.470635024903901e-05
6.471971180062037e-05
6.473186345510791e-05
6.475009949514597e-05
6.476104605190186e-05
6.477929854040787e-05
6.479147258309462e-05
6.480486931614751e-05
6.481096057184034e-05
6.483046028731355e-05
6.484021454588117e-05
6.79849841861015e-05
6.799905392620624e-05
6.800673078473854e-05
6.801952940164322e-05
6.803105227635128e-05
6.804129810963524e-05
6.806179903745014e-05
6.807077207860694e-05
2.9152505276603453e-05
2.9158547132772768e-05
2.9164041902895403e-05
2.9168988966942108e-05
2.9176137689824437e-05
2.9182189346615267e-05
2.9186041708200646e-05
2.919209747465901e-05
2.919980844925657e-05
2.9206421099078063e-05
2.9211382552265902e-05
2.9222414041145156e-05
2.923014104217594e-05
2.9234006075276212e-05
2.924118670632671e-05
2.92472653806869e-05
2.925168782238735e-05
2.9258877143325282e-05
2.9267730391070907e-05
2.9276588998128098e-05
2.9281020312919505e-05
2.929155006376545e-05
2.93009778412482e-05
2.930652642817466e-05
2.9311521953428047e-05
2.9315963850259466e-05
2.9319296156465804e-05
2.932485168392321e-05
2.933541298845719e-05
2.934208720648884e-05
2.935043425096337e-05
2.9353774398631478e-05
2.9360456975186346e-05
2.936825716111064e-05
2.9373831260444652e-05
2.938219637794364e-05
2.9388333826153082e-05
2.9395032149120543e-05
2.9400057895498623e-05
2.9409555662334863e-05
2.9421296673492405e-05
2.9433047062989435e-05
2.9442006042405546e-05
2.9449849624537068e-05
2.9453772983005624e-05
2.945937959453016e-05
2.9468915734315508e-05
2.947228290489702e-05
2.9479019555021e-05
2.9481827401589657e-05
2.949137808218929e-05
2.9499247996093388e-05
2.950543444709539e-05
2.951218626275834e-05
2.9520067287587217e-05
2.952400937864224e-05
2.9530206220787808e-05
2.9542607712347715e-05
2.9549376553615296e-05
2.955671296612073e-05
2.9562358839736536e-05
2.956970170084924e-05
2.957422219795619e-05
2.958552948994547e-05
2.9592318016349525e-05
2.9601374232413592e-05
2.9609302969676427e-05
2.9616669172692517e-05
2.9623471998527025e-05
2.963595196604905e-05
2.9646738585093435e-05
2.9654691645954e-05
2.9663217519004992e-05
2.966947294235358e-05
2.967914560588834e-05
2.96911029011405e-05
2.9701359682551866e-05
2.9705350344901965e-05
2.9715046419474048e-05
2.9723607037452656e-05
2.9734457570301402e-05
2.9742457770285726e-05
2.974817483505781e-05
2.9755610305878516e-05
2.9760760117284863e-05
2.9765339224122927e-05
2.977221052708721e-05
2.978080411836449e-05
2.9786535935851713e-05
2.9796285090855746e-05
2.9807188760213546e-05
2.981350505912247e-05
2.9827295370987306e-05
2.983304510022067e-05
2.984397569506619e-05
2.9848004775680762e-05
2.9860098547512926e-05
2.987047244058303e-05
2.9879699732002073e-05
2.9890664547648474e-05
2.990394851736223e-05
2.9912618338920086e-05
2.9926500514735805e-05
2.9937499712139423e-05
2.9943871364814014e-05
2.9954303557833924e-05
2.9961262392439065e-05
2.9969965483821286e-05
2.9980415869879458e-05
2.9990292373053396e-05
2.9997849384951782e-05
3.000773737966897e-05
3.0018796384813255e-05
3.0029863544300052e-05
3.0034525842630172e-05
3.0046771266411312e-05
3.0060194383090814e-05
3.006661837505192e-05
3.0078305397528764e-05
3.0084737133452187e-05
3.00952677275017e-05
3.010229222008573e-05
3.011635104730769e-05
3.0124558095905466e-05
3.013452981324936e-05
3.014392099139182e-05
3.0154493065858338e-05
3.0159781884457408e-05
3.0536930193877017e-05
3.054645661103312e-05
3.055181783316107e-05
3.0561949722341434e-05
3.0570298678322404e-05
3.05822336742927e-05
3.058999642031956e-05
3.059836070910073e-05
3.06073275244533e-05
3.061809464248488e-05
3.062407964867013e-05
3.0633660526898954e-05
3.0639651620641996e-05
3.0648642656389587e-05
3.0655839285131916e-05
3.066784117973312e-05
3.0674446228348405e-05
3.068646269962523e-05
3.069187318379207e-05
3.069668410499572e-05
3.069969169671317e-05
3.0705708648556826e-05
3.071534067887438e-05
3.0731005623120175e-05
3.073884408865867e-05
3.074547976031609e-05
3.075694812546217e-05
3.076721654883477e-05
3.078172482447867e-05
3.078898409454183e-05
3.07974575715877e-05
3.080593571391117e-05
3.0819267944026956e-05
3.0832004933120785e-05
3.08392879405261e-05
3.08490039709888e-05
3.086358950112619e-05
3.087392926585737e-05
3.0886102568146564e-05
3.089462959311115e-05
3.090681922798711e-05
3.09245112940263e-05
3.093550276774019e-05
3.0943445914806766e-05
3.161243158872226e-05
3.162555344718532e-05
3.163618388531883e-05
3.1644943731334423e-05
3.165746621554777e-05
3.166435780724322e-05
3.167250628501296e-05
3.168505059706517e-05
3.1695721077654516e-05
3.16988608221892e-05
3.1713311662570364e-05
3.17208564631245e-05
3.172714653975808e-05
3.173910456051258e-05
3.175107159866645e-05
3.1762417119942826e-05
3.17718779165591e-05
3.178576395097046e-05
3.179397504172959e-05
3.1799662128589884e-05
3.1812307386420116e-05
3.182116505240548e-05
3.1832560730557265e-05
3.184396457358941e-05
3.185474237477104e-05
3.186362369060421e-05
3.18775900541919e-05
3.188775510204081e-05
3.189347579085853e-05
3.19030148349019e-05
3.192147317598707e-05
3.192911735946199e-05
3.1941865804236287e-05
3.1952071892161754e-05
3.1964838677454796e-05
3.1973781499170675e-05
3.198145075856003e-05
3.199872005119795e-05
3.201024327784891e-05
3.2025620496397115e-05
3.203652163466351e-05
3.205128205128205e-05
3.206220066929844e-05
3.207827098119411e-05
3.2087277394513073e-05
3.209757663296421e-05
3.211432700413472e-05
3.212786891829481e-05
3.214077660151463e-05
3.215175628968732e-05
3.2167916524256614e-05
3.2185387833923394e-05
3.2199637754075266e-05
3.221065770136694e-05
3.221973861737046e-05
3.223272024013376e-05
3.2242463324197965e-05
3.225676384016773e-05
3.2270426171315625e-05
3.2281494633201515e-05
3.229713362939039e-05
3.2309525251913326e-05
3.2323885331016786e-05
3.233760459193985e-05
3.235198964736331e-05
3.23611504388981e-05
3.237293622531563e-05
3.238604161606347e-05
3.239981370107122e-05
3.241359750415299e-05
3.2426735843703133e-05
3.244317375347243e-05
3.2458311356351685e-05
3.247016803311957e-05
3.248203337528929e-05
3.24945673145271e-05
3.250843187451745e-05
3.2523630450249006e-05
3.2533550223668157e-05
3.254943445357637e-05
3.256665988194585e-05
3.2574616230302534e-05
3.258589438096983e-05
3.2599172795990296e-05
3.261578604044357e-05
3.2633747374003136e-05
3.264639869414405e-05
3.266772836783862e-05
3.267907109740406e-05
3.269175759061746e-05
3.270779672104338e-05
3.271782917203443e-05
3.27379125488511e-05
3.275399701119777e-05
3.2767412807962475e-05
3.2786885245901635e-05
3.280100043051313e-05
3.2817146959286226e-05
3.282724661469019e-05
3.2848138947627744e-05
3.286028218767329e-05
3.2873785210905874e-05
3.288391976323577e-05
3.2898795081630134e-05
3.2913683864066485e-05
3.29211333100142e-05
3.293400848050718e-05
3.2946893725675923e-05
3.2960468038646146e-05
3.297473311075388e-05
3.299241174529858e-05
3.300398110522082e-05
3.302237265747544e-05
3.303805571042144e-05
3.305648526920375e-05
3.3073568017859724e-05
3.309888291270169e-05
3.312766574185266e-05
3.451942062604421e-05
3.453301010435875e-05
3.4547326382411264e-05
3.455663833022323e-05
3.457814661134163e-05
3.4588910795199055e-05
3.460399191650748e-05
3.4624120547338095e-05
3.463779260275301e-05
3.465219590965479e-05
3.467165938561819e-05
3.4694755540752456e-05
3.471715930315717e-05
3.473380015560742e-05
3.4753355436467386e-05
3.478091501631225e-05
3.4797617059183785e-05
3.481360794307278e-05
3.48274300839341e-05
3.484271996209112e-05
3.486531528704614e-05
3.4892322293402555e-05
3.4905475971070336e-05
3.4927420819537e-05
3.494646202018507e-05
3.496552399334256e-05
3.4978732930378325e-05
3.499489074595109e-05
3.5011798976254996e-05
3.5030196028976975e-05
3.505082369435681e-05
3.506704819615104e-05
3.5088458002624616e-05
3.510323862479552e-05
3.5121731922844576e-05
2.108236881496005e-05
2.1093931275971902e-05
2.110372480742851e-05
2.1115310711797125e-05
2.112557039040054e-05
2.1136733529200396e-05
2.1144778296999554e-05
2.1157752200406228e-05
2.1168949385042022e-05
2.1183747828665848e-05
2.119272665621159e-05
2.120665889089174e-05
2.1219708865594364e-05
2.1227816931306783e-05
2.1245857057873714e-05
2.1256695859195648e-05
2.1271617281061878e-05
2.1287919105907398e-05
2.1303792074989347e-05
2.1320143271362784e-05
2.1336519586924982e-05
2.134608406087903e-05
2.1360218728639783e-05
2.136889116823728e-05
2.1383056066373005e-05
2.1393577647990073e-05
2.1404109589041096e-05
2.141556911874933e-05
2.1432092415182495e-05
2.1443122118580464e-05
2.1451862021623477e-05
2.1461530207103767e-05
2.1478124530166025e-05
2.149289659767447e-05
2.1505838835243767e-05
2.1522501775606398e-05
2.1538262723728704e-05
2.1552188624754843e-05
2.1568458286601675e-05
2.1577766269635767e-05
2.1587548302139326e-05
2.160433815110074e-05
2.161554590061172e-05
2.1632847315363647e-05
2.1646427257181202e-05
2.1656740660530592e-05
2.1667533368001388e-05
2.1685388385305982e-05
2.1696680407897593e-05
2.1713169037020953e-05
2.1724961981316532e-05
2.1742911810749696e-05
2.1750478510527233e-05
2.1763732915469663e-05
2.1773210242118097e-05
2.178886588953045e-05
2.180216713541326e-05
2.1817388458601506e-05
2.1827865453037346e-05
2.1839306383629258e-05
2.1854579627160872e-05
2.1867483052700635e-05
2.187944426211574e-05
2.189717088552159e-05
2.190580503833516e-05
2.1922132585057873e-05
2.1931267407943506e-05
3.657697991192263e-05
3.659545191723572e-05
3.661394258933802e-05
3.663969984757885e-05
3.667678946055778e-05
3.6695362440094816e-05
3.6729326898355255e-05
3.675605739825923e-05
3.6773087983290306e-05
3.67974447854341e-05
3.682834309284425e-05
3.684788456294724e-05
3.687315634218289e-05
3.690173069116941e-05
3.69254401512466e-05
3.694999926100001e-05
3.6983616257997704e-05
3.701318409617505e-05
3.7034568065832646e-05
3.7052681502560335e-05
3.708153487889171e-05
3.710547602615194e-05
3.713606654783125e-05
3.715924968043045e-05
3.718992896723567e-05
3.720155056062737e-05
3.7230636346036426e-05
3.725060718489711e-05
3.7272266451978406e-05
3.729728923301854e-05
3.7318167230170986e-05
3.734074173649385e-05
3.737591197225212e-05
3.7403592240998824e-05
3.7422068542260736e-05
3.745402518408653e-05
3.748182131666142e-05
3.751556896111886e-05
3.7537537537537536e-05
3.756376449022215e-05
3.758833258156668e-05
3.761123522818736e-05
3.76392652815417e-05
3.7656273535170954e-05
3.768692715870718e-05
3.772531444049586e-05
3.775864673010119e-05
3.778775374476639e-05
3.782291312076856e-05
3.7852979029449615e-05
3.7879648779896506e-05
3.791325447376402e-05
3.794346423828495e-05
3.797804868785841e-05
3.8004895030479924e-05
3.803611909869612e-05
3.805870174156619e-05
3.8087402972340924e-05
3.811876281743399e-05
3.814406249523199e-05
3.816415164907299e-05
3.819476273413389e-05
3.8224546274635714e-05
3.825613245803302e-05
3.8298328660937236e-05
3.832034273714544e-05
3.8357383412733114e-05
3.840068814033147e-05
3.842104858725804e-05
3.844941210848886e-05
3.848492545469939e-05
3.8516053491095087e-05
3.854901507266489e-05
3.858739272704822e-05
3.8624056607417364e-05
3.8662583897807055e-05
3.868950895275237e-05
3.871197516239673e-05
3.874707459586801e-05
3.8768705900597035e-05
3.880481179666278e-05
3.883284015626334e-05
3.885819091806362e-05
3.8890833430560414e-05
3.892625809666168e-05
3.8949000179165394e-05
3.899000296324022e-05
3.901281961252467e-05
3.905395694691786e-05
3.908876276248104e-05
3.912822318738506e-05
3.916224133339599e-05
3.9197240514267794e-05
3.922953199168334e-05
3.926002701089858e-05
3.9291495748660155e-05
3.933322320030837e-05
3.936945874868112e-05
3.940017178474898e-05
3.9423471157788496e-05
3.945800484544299e-05
3.948511411197978e-05
3.95197559259874e-05
3.955351986773303e-05
3.959016263638811e-05
3.9633469672469006e-05
0.0
0.0
0.0
0.0
0.0
0.0
0.0
0.0
0.0
0.0
0.0
0.0
0.0
0.0
0.0
0.0
0.0
0.0
0.0
0.0
0.0
0.0
0.0
0.0
0.0
0.0
0.0
0.0
0.0
0.0
0.0
0.0
0.0
0.0
0.0
0.0
0.0
0.0
0.0
0.0
0.0
0.0
0.0
0.0
0.0
0.0
0.0
0.0
0.0
0.0
0.0
0.0
0.0
0.0
0.0
0.0
0.0
0.0
0.0
0.0
0.0
0.0
0.0
0.0
0.0
0.0
0.0
0.0
0.0
0.0
0.0
0.0
0.0
0.0
0.0
0.0
0.0
0.0
0.0
0.0
0.0
0.0
0.0
0.0
0.0
0.0
0.0
0.0
0.0
0.0
0.0
0.0
0.0
0.0
0.0
0.0
0.0
0.0
0.0
0.0
0.0
0.0
0.0
0.0
0.0
0.0
0.0
0.0
0.0
0.0
0.0
0.0
0.0
0.0
0.0
0.0
0.0
0.0
0.0
0.0
0.0
0.0
0.0
0.0
0.0
0.0
0.0
0.0
0.0
0.0
0.0
0.0
0.0
0.0
0.0
0.0
0.0
0.0
0.0
0.0
0.0
0.0
0.0
0.0
0.0
0.0
0.0
0.0
0.0
0.0
0.0
0.0
0.0
0.0
0.0
0.0
0.0
0.0
0.0
0.0
0.0
0.0
0.0
0.0
0.0
0.0
0.0
0.0
0.0
0.0
0.0
0.0
0.0
0.0
0.0
0.0
0.0
0.0
0.0
0.0
0.0
0.0
0.0
0.0
0.0
0.0
0.0
0.0
0.0
0.0
0.0
0.0
0.0
0.0
0.0
0.0
0.0
0.0
0.0
0.0
0.0
0.0
0.0
0.0
0.0
0.0
0.0
0.0
0.0
0.0
0.0
0.0
0.0
0.0
0.0
0.0
0.0
0.0
0.0
0.0
0.0
0.0
0.0
0.0
0.0
0.0
0.0
0.0
0.0
0.0
0.0
0.0
0.0
0.0
0.0
0.0
0.0
0.0
0.0
0.0
0.0
0.0
0.0
0.0
0.0
0.0
0.0
0.0
0.0
0.0
0.0
0.0
0.0
0.0
0.0
0.0
0.0
0.0
0.0
0.0
0.0
0.0
0.0
0.0
0.0
0.0
0.0
0.0
0.0
0.0
0.0
0.0
0.0
0.0
0.0
0.0
0.0
0.0
0.0
0.0
0.0
0.0
0.0
0.0
0.0
0.0
0.0
0.0
0.0
0.0
0.0
0.0
0.0
0.0
0.0
0.0
0.0
0.0
0.0
0.0
0.0
0.0
0.0
0.0
0.0
0.0
0.0
0.0
0.0
0.0
0.0
0.0
0.0
0.0
0.0
0.0
0.0
0.0
0.0
0.0
0.0
0.0
0.0
0.0
0.0
0.0
0.0
0.0
0.0
0.0
0.0
0.0
0.0
0.0
0.0
0.0
0.0
0.0
0.0
0.0
0.0
0.0
0.0
0.0
0.0
0.0
0.0
0.0
0.0
0.0
0.0
0.0
0.0
0.0
0.0
0.0
0.0
0.0
0.0
0.0
0.0
0.0
0.0
0.0
0.0
0.0
0.0
