2
2
2
3
3
3
3
3
3
3
3
3
3
3
3
3
3
3
3
3
3
4
4
4
4
4
4
4
4
4
4
4
5
5
5
5
5
5
5
5
5
5
5
5
6
6
6
6
6
6
6
6
6
6
6
6
6
6
6
6
6
6
6
6
6
6
6
6
6
6
6
6
6
6
6
6
6
6
6
6
6
6
6
6
6
6
6
6
6
6
6
6
6
6
6
6
6
6
6
8
8
8
8
8
8
8
8
8
8
8
8
8
8
8
8
8
8
8
8
8
8
8
8
8
8
8
8
8
8
8
8
8
8
8
8
8
8
8
8
8
8
8
8
8
8
8
9
9
9
9
9
9
9
9
9
9
9
9
9
9
9
9
9
9
9
10
10
10
10
10
10
10
10
10
10
10
10
10
10
10
10
10
10
10
10
10
10
10
10
10
10
10
10
10
10
10
10
10
10
10
10
10
10
10
10
10
10
10
10
10
10
10
10
10
10
10
15
15
15
15
15
15
15
15
15
15
15
15
15
15
15
15
15
15
15
15
15
17
17
17
17
17
17
17
17
17
21
21
21
21
21
21
21
21
21
21
21
21
21
21
21
21
21
21
21
21
21
21
21
21
21
21
21
21
21
21
21
21
21
21
22
22
22
22
22
22
22
22
22
22
22
22
25
25
25
25
25
25
25
26
36
36
36
36
36
36
36
36
36
36
36
36
36
36
36
36
36
37
37
38
38
38
38
38
38
38
38
38
38
38
38
38
38
38
38
38
38
38
38
38
38
38
38
38
38
38
38
38
38
38
38
38
38
38
38
38
38
38
38
38
38
38
38
38
38
38
38
38
38
38
38
38
38
38
38
38
38
38
42
42
42
42
42
42
45
45
45
45
45
45
45
45
45
45
45
45
45
45
45
45
45
45
45
45
45
54
54
54
54
54
54
56
56
56
56
56
56
56
56
56
56
56
56
56
56
56
56
56
56
59
59
59
59
59
59
59
59
59
59
59
59
59
59
59
59
59
61
61
61
61
61
61
61
61
61
61
61
61
61
61
62
63
63
63
64
64
64
64
64
64
64
64
64
64
64
64
64
64
64
64
64
72
72
74
77
77
79
79
79
79
79
79
79
79
79
79
79
79
88
88
88
88
88
88
88
88
88
119
119
119
119
120
121
121
121
121
121
121
121
121
121
122
122
122
122
122
123
124
124
124
124
125
125
125
125
125
125
130
130
130
130
130
130
130
130
130
138
138
156
156
156
163
164
164
164
164
164
164
164
164
164
164
164
164
164
166
166
166
166
166
166
166
166
166
166
166
166
166
167
167
168
168
169
169
169
169
173
173
175
175
175
175
175
175
175
175
175
175
229
229
230
230
230
230
230
230
231
231
237
237
237
237
237
247
247
248
249
279
279
279
408
418
418
419
421
421
696
696
696
696
863
867
877
888
894
897
898
912
963
963
967
972
972
973
973
973
980
1670
1671
1672
1684
1873
1889
1892
1914
2012
2012
2014
2030
2030
3106
3110
3113
3311
3326
3350
3495
4109
4248
4314
4339
4393
4402
6349
6395
6782
6905
7441
8404
8461
8780
9159
9219
9251
9319
9341
9473
9602
9684
10203
10317
10617
10652
10911
10993
11073
11209
11304
11627
11855
11939
11959
12013
12254
12321
12363
12566
12622
13097
13139
13193
13371
13638
13699
13806
13856
13900
14049
14407
14546
14662
14776
14873
14920
15204
15297
15389
15492
15649
15755
15884
15935
15988
16292
16443
16658
16814
16873
16942
17266
17382
17476
17523
17755
17843
17987
18123
18187
18306
18373
18407
18567
18636
18714
18866
18916
19033
19141
19211
19285
19418
19565
19756
19838
19910
20161
20228
20327
20528
20625
20727
20764
20909
21043
21127
21298
21377
21603
21711
21749
21866
21971
22031
22169
22265
22342
22476
22696
22784
22834
22955
23119
23179
23256
23295
23383
23480
23593
23677
23816
23919
24012
24114
24181
24260
24329
24400
24485
24548
24691
24815
24869
24964
25092
25251
25380
25503
25577
25719
25814
25894
26026
26098
26206
26284
26372
26552
26647
26760
26914
26975
27048
27119
27191
27269
27380
27448
27523
27560
27692
27813
27879
27926
28006
28095
28164
28267
28364
28471
28550
28602
28693
28764
28833
28938
29013
29063
29148
29255
29329
29400
29444
29504
29588
29663
29736
29811
29954
30050
30127
30222
30308
30404
30511
30603
30672
30792
30895
30991
31046
31097
31189
31278
31418
31509
31654
31741
31882
31950
32032
32077
32169
32246
32375
32450
32518
32596
32658
32711
32782
32854
32993
33068
33152
33231
33350
33423
33486
33548
33597
33673
33721
33805
33942
33987
34021
34054
34135
34211
34289
34327
34372
34434
34544
34624
34675
34802
34837
34931
34973
35046
35110
35159
35219
35274
35372
35423
35523
35617
35659
35726
35777
35859
35907
35965
36024
36065
36111
36195
36234
36314
36395
36471
36532
36607
36675
36727
36790
36844
36926
36990
37037
37092
37184
37239
37302
37352
37446
37503
37570
37659
37722
37754
37783
37832
37884
37944
38004
38063
38132
38190
38261
38310
38360
38423
38493
38544
38608
38645
38692
38734
38835
38878
38940
39023
39061
39118
39209
39288
39340
39404
39473
39514
39579
39629
39659
39725
39784
39825
39895
39950
39992
40071
40121
40167
40222
40266
40334
40385
40456
40514
40551
40601
40641
40702
40748
40805
40870
40910
40946
41001
41035
41075
41138
41185
41226
41280
41353
41386
41444
41520
41549
41620
41685
41749
41809
41845
41890
41947
42007
42078
42118
42162
42201
42233
42285
42339
42384
42442
42506
42586
42615
42647
42687
42722
42767
42802
42832
42869
42916
42954
43023
43068
43117
43173
43203
43267
43294
43340
43380
43434
43492
43538
43583
43659
43721
43756
43807
43840
43892
43954
43996
44033
44062
44110
44180
44226
44258
44284
44322
44354
44400
44439
44493
44565
44620
44657
44688
44739
44773
44812
44854
44891
44923
44976
45013
45063
45094
45143
45196
45229
45267
45324
45394
45430
45463
45486
45520
45568
45617
45657
45698
45736
45778
45832
45880
45900
45947
45996
46049
46091
46123
46154
46186
46279
46300
46350
46398
46437
46487
46547
46590
46626
46646
46690
46717
46762
46794
46840
46879
46908
46952
46973
47013
47048
47092
47134
47163
47197
47230
47248
47280
47303
47334
47364
47401
47450
47476
47497
47536
47563
47587
47627
47661
47701
47723
47765
47796
47828
47862
47886
47914
47953
47989
48044
48065
48103
48126
48141
48175
48215
48231
48267
48292
48330
48352
48392
48428
48462
48505
48544
48574
48604
48632
48661
48687
48724
48761
48791
48813
48830
48858
48886
48908
48930
48965
48996
49029
49072
49119
49149
49184
49216
49244
49267
49300
49319
49350
49381
49409
49445
49459
49489
49521
49545
49576
49608
49626
49655
49682
49725
49743
49787
49830
49849
49877
49901
49930
49972
50017
50036
50056
50082
50112
50147
50166
50187
50223
50242
50261
50289
50317
50348
50365
50409
50427
50444
50471
50498
50532
50578
50610
50631
50652
50669
50698
50715
50736
50770
50790
50808
50831
50855
50890
50918
50948
50971
50990
51013
51036
51067
51094
51116
51143
51166
51202
51220
51241
51257
51303
51330
51365
51386
51403
51420
51440
51476
51501
51514
51537
51559
51577
51599
51616
51650
51679
51703
51729
51745
51773
51785
51797
