0.0
0.0
0.0
0.0
0.0
0.0
0.0
0.0
0.0
0.0
0.0
0.0
0.0
0.0
0.0
0.0
0.0
0.0
0.0
0.0
0.0
0.0
0.0
0.0
0.0
0.0
0.0
0.0
0.0
0.0
0.0
0.0
0.0
0.0
0.0
0.0
0.0
0.0
0.0
0.0
0.0
0.0
0.0
0.0
0.0
0.0
0.0
0.0
0.0
0.0
0.0
0.0
0.0
0.0
0.0
0.0
0.0
0.0
0.0
0.0
0.0
0.0
0.0
0.0
0.0
0.0
0.0
0.0
0.0
0.0
0.0
0.0
0.0
0.0
0.0
0.0
0.0
0.0
0.0
0.0
0.0
0.0
0.0
0.0
0.0
0.0
0.0
0.0
0.0
0.0
0.0
0.0
0.0
0.0
0.0
0.0
0.0
0.0
0.0
0.0
0.0
0.0
0.0
0.0
0.0
0.0
0.0
0.0
0.0
0.0
0.0
0.0
0.0
0.0
0.0
0.0
0.0
0.0
0.0
0.0
0.0
0.0
0.0
0.0
0.0
0.0
0.0
0.0
0.0
0.0
0.0
0.0
0.0
0.0
0.0
0.0
0.0
0.0
0.0
0.0
0.0
0.0
0.0
0.0
0.0
0.0
0.0
0.0
0.0
0.0
0.0
0.0
0.0
0.0
0.0
0.0
0.0
0.0
0.0
0.0
0.0
0.0
0.0
0.0
0.0
0.0
0.0
0.0
0.0
0.0
0.0
0.0
0.0
0.0
0.0
0.0
0.0
0.0
0.0
0.0
0.0
0.0
0.0
0.0
0.0
0.0
0.0
0.0
0.0
0.0
0.0
0.0
0.0
0.0
0.0
0.0
0.0
0.0
0.0
0.0
0.0
0.0
0.0
0.0
0.0
0.0
0.0
0.0
0.0
0.0
0.0
0.0
0.0
0.0
0.0
0.0
0.0
0.0
0.0
0.0
0.0
0.0
0.0
0.0
0.0
0.0
0.0
0.0
0.0
0.0
0.0
0.0
0.0
0.0
0.0
0.0
0.0
0.0
0.0
0.0
0.0
0.0
0.0
0.0
0.0
0.0
0.0
0.0
0.0
0.0
0.0
0.0
0.0
0.0
0.0
0.0
0.0
0.0
0.0
0.0
0.0
0.0
0.0
0.0
0.0
0.0
0.0
0.0
0.0
0.0
0.0
0.0
0.0
0.0
0.0
0.0
0.0
0.0
0.0
0.0
0.0
0.0
0.0
0.0
0.0
0.0
0.0
0.0
0.0
0.0
0.0
0.0
0.0
0.0
0.0
0.0
0.0
0.0
0.0
0.0
0.0
0.0
0.0
0.0
0.0
0.0
0.0
0.0
0.0
0.0
0.0
0.0
0.0
0.0
0.0
0.0
0.0
0.0
0.0
0.0
0.0
0.0
0.0
0.0
0.0
0.0
0.0
0.0
0.0
0.0
0.0
0.0
0.0
0.0
0.0
0.0
0.0
0.0
0.0
0.0
0.0
0.0
0.0
0.0
0.0
0.0
0.0
0.0
0.0
0.0
0.0
0.0
0.0
0.0
0.0
0.0
0.0
0.0
0.0
0.0
0.0
0.0
0.0
0.0
0.0
0.0
0.0
0.0
0.0
0.0
0.0
0.0
0.0
0.0
0.0
0.0
0.0
0.0
0.0
0.0
0.0
0.0
0.0
0.0
0.0
0.0
0.0
0.0
0.0
0.0
0.0
0.0
0.0
0.0
0.0
0.0
0.0
0.0
0.0
0.0
0.0
0.0
0.0
0.0
0.0
0.0
0.0
0.0
0.0
0.0
0.0
0.0
0.0
0.0
0.0
0.0
0.0
0.0
0.0
0.0
0.0
0.0
0.0
0.0
0.0
0.0
0.0
0.0
0.0
0.0
0.0
0.0
0.0
0.0
0.0
0.0
0.0
0.0
0.0
0.0
0.0
0.0
0.0
0.0
0.0
0.0
0.0
0.0
0.0
0.0
0.0
0.0
0.0
0.0
0.0
0.0
0.0
0.0
0.0
0.0
0.0
0.0
0.0
0.0
0.0
0.0
0.0
0.0
0.0
0.0
0.0
0.0
0.0
0.0
0.0
0.0
0.0
0.0
0.0
0.0
0.0
0.0
0.0
0.0
0.0
0.0
0.0
0.0
0.0
0.0
0.0
0.0
0.0
0.0
0.0
0.0
0.0
0.0
0.0
0.0
0.0
0.0
0.0
0.0
0.0
0.0
0.0
0.0
0.0
0.0
0.0
0.0
0.0
0.0
0.0
0.0
0.0
0.0
0.0
0.0
0.0
0.0
0.0
0.0
0.0
0.0
0.0
0.0
0.0
0.0
0.0
0.0
0.0
0.0
0.0
0.0
0.0
0.0
0.0
0.0
0.0
0.0
0.0
0.0
0.0
0.0
0.0
0.0
0.0
0.0
4.5378639366877216e-05
4.5328039018375984e-05
4.528739380106153e-05
4.522963083575311e-05
4.517568825161051e-05
4.512553925019404e-05
4.506818816869924e-05
4.500976711946492e-05
4.4970903825225076e-05
4.491757624758568e-05
4.4864374994391946e-05
4.480407179404464e-05
4.4752340547410625e-05
4.4693536420762824e-05
4.465521706901017e-05
4.460382879266356e-05
4.4547795329609136e-05
4.004912692903295e-05
4.0011736776120996e-05
3.997335109926716e-05
3.992972368631209e-05
3.989467804994814e-05
3.9856516540454363e-05
3.980786072556461e-05
3.9770919503658924e-05
3.972983710766786e-05
3.9677291363576244e-05
3.9634307456534374e-05
3.959559696961698e-05
3.955904847302073e-05
3.9521526057859515e-05
3.948303545576584e-05
3.9444619753865575e-05
3.940317326888726e-05
3.936904543187843e-05
3.9329819869425e-05
3.9290672394373576e-05
3.924954863019075e-05
3.9208510860757507e-05
3.9163468316754135e-05
3.912669222943892e-05
3.908489238626296e-05
3.9041149371437495e-05
3.899851805631386e-05
3.8951933314290165e-05
3.890848723801618e-05
3.886916638594491e-05
3.8827914682128805e-05
3.878675044604763e-05
7.749334848758815e-05
7.742734733908016e-05
7.734749651936266e-05
7.727776203601144e-05
7.72141147401745e-05
7.714462044846739e-05
7.706733115832198e-05
7.69842695475891e-05
7.689153167931106e-05
7.681474843169889e-05
7.67341927562922e-05
7.665576451349142e-05
7.656381594058648e-05
7.648573541034597e-05
7.640976007335337e-05
7.63281090983106e-05
7.625244643265639e-05
7.618467164406521e-05
7.610736211882896e-05
7.604177228023928e-05
7.59839927055367e-05
7.591093117408907e-05
7.585143232788046e-05
7.578053955744165e-05
7.570786857114017e-05
7.564677996873267e-05
7.557817302363077e-05
7.550969041026932e-05
7.544512624484458e-05
7.537499057812617e-05
7.530309495720274e-05
7.524643206501292e-05
7.518231711901361e-05
7.511266900350526e-05
7.504878170811027e-05
7.497750674797561e-05
7.490449676662256e-05
7.483722902686657e-05
7.477380922708806e-05
7.470305535496401e-05
7.465472191116088e-05
7.458604743672617e-05
7.452860656348595e-05
7.446570854121677e-05
7.439738121218133e-05
7.433102081268583e-05
7.426845571124424e-05
7.42151745293521e-05
7.416196974191635e-05
7.410334947139611e-05
7.403933956909104e-05
7.398091292446548e-05
7.390436774813391e-05
7.384978952809984e-05
7.377895824110964e-05
7.371188481289466e-05
7.364493322859388e-05
7.359615337438363e-05
7.353842382644932e-05
7.34807847747814e-05
7.341425215348474e-05
7.333887449273945e-05
7.327975768826791e-05
7.321180174244088e-05
7.31528895391368e-05
7.309407207075506e-05
7.303712720632989e-05
7.296962031474229e-05
7.290400972053463e-05
7.284382284382284e-05
7.278550112817527e-05
7.270435983811162e-05
7.263746640517178e-05
7.257245149741158e-05
7.251806908554715e-05
7.245676746208096e-05
7.238858190768043e-05
7.233273056057866e-05
7.227522405319457e-05
7.222302470027445e-05
7.217263694757861e-05
7.210498485795318e-05
7.204091924212953e-05
7.199942400460797e-05
7.194589668569236e-05
7.188728074379373e-05
7.183219998084475e-05
7.177205196296562e-05
7.171543316121629e-05
7.165376898824878e-05
7.159391928978833e-05
7.15444052275112e-05
7.148133145893398e-05
7.143877696813831e-05
7.13809841058342e-05
7.132328467500356e-05
7.126737142178406e-05
0.00012264501784287196
0.00012254901960784314
0.00012245607382126153
0.00012235167819140539
0.0001222590313929642
0.0001221463076353263
0.00012207127387280962
0.00012196177481922119
0.00012188409216010066
0.00012179215187088462
0.00012170608373378561
0.00012160010041814744
0.00012154002979691054
0.00012146573882515204
0.00012138013124716127
0.000121283255086072
0.00012119221867767562
0.00012110699607769601
0.00012100772107329946
0.00012091709767761163
0.00012080683376979674
0.00012070805005879651
0.00012062350679771828
0.00012051658852526572
0.00012041266585873653
0.00012035095892538242
0.00012022493697886368
0.00012011593124719085
0.0001200099104958345
0.00011992077492031072
0.0001198790381834072
0.00011980120728700505
0.00011970406067065167
0.00011961814800237693
0.000119535124046611
0.00015798884059311323
0.00015785380427668305
0.0001577262795063552
0.0001576207721111188
0.0001575008835415418
0.00015739205208525274
0.00015729785307613215
0.00015720376675562098
0.00015710256881858867
0.00015697986063251397
0.0001568789506711358
0.00015679615734685604
0.0001566954833482385
0.00015658058553500912
0.0001564837714878935
0.00015636918382913806
0.0001562690572020978
0.00015616548971212225
0.00015604780391261321
0.00015593029535479846
0.00015584850005321654
0.00014052198219548505
0.0001404323799113378
0.00014033331057658024
0.00013644115974985788
0.00013635124079629124
0.00013625215732582433
0.00013613777142468177
0.0001360389978460492
0.00013593728759798813
0.0001358203549438609
0.00013571590137977834
0.00013563613346595534
0.00013551665725578769
0.00013540961408259986
0.0001315799366912533
0.00013147910233582015
0.00013138729972821597
0.000131280850999985
0.0001311981767201955
0.00013108614232209737
0.00013101253977166385
0.00013092726429351646
0.0001293409592164779
0.0001292655772492584
0.00012919607184197753
0.00012911796754884838
0.00012903129568304542
0.00012894185691180525
0.0001288554212380548
0.00012876335082430873
0.00012867428299416874
0.00012861975391249397
0.0001285280198512641
0.00012844213793052246
0.00012835065696246672
0.00012827357119553934
0.0001281794809101484
0.00012809121871760698
0.00012800591934887163
0.00012790938396474728
0.00012782999349766506
0.00012774504157251932
0.00012767150785216672
0.0001276121770047283
0.00012754161690331904
0.00012746549958371093
0.00012737821758850208
0.00012727138968586773
0.00012720120583802066
0.0001270918734664492
0.0001270246853752735
0.00012694918363603008
0.0001268598162365899
0.00012676500113575578
0.00012668702446597393
0.00012660914366844505
0.00012653691147536188
0.0001264675351258096
0.0001264010053629097
0.00012632624299911644
0.00012625156902238959
0.000126168701410464
0.0001260831857504136
0.00012600053896184296
0.00012592074999272134
0.00012584106201127477
0.00012577793287966033
0.0001256956856590668
0.00012560807376751616
0.00012554517812175705
0.00012548507598012548
0.00012540048420533787
0.00012530783717224395
0.0001252370817588209
0.00012518270886698794
0.00012510938031082088
0.00012503342656635083
0.00012497923033021968
0.0001249007291892282
0.0001248277305164116
0.00012476561373142938
0.00012468738062804962
0.00012460116822598187
0.00012454734598964744
0.00012446938628678323
0.00012438884095484614
0.00012432984059908297
0.0001242628626428484
0.00012418793295287318
0.00012412110776295021
0.00012405702320511717
0.00012397434519330683
0.00012391573729863693
0.00012383324743743917
0.00012375352304104612
0.00012369777701509398
0.000123642081189251
0.0001235573077362587
0.0001234752942352026
0.00012341187464777681
0.00012336699184209025
0.0001233010469898152
0.00012322727240350164
0.00012314043704178234
0.0001230721074497752
0.00012299860648977618
0.0001229173327649295
0.0001228440165022829
0.00012277601538603476
0.00012272375804266248
0.000122648063862067
0.00012258027945469488
0.00012250736460457738
0.00012244233532213657
0.00012238516663483237
0.000122322861647894
0.00012226321220087916
0.00012216478829477726
0.0001221001221001221
0.00012203552432951002
0.00012197357474230439
0.00012192715381145693
0.00012185243880964958
0.00012178810278071102
0.00012173154324636212
0.00012167760358421426
0.0001216083227892591
0.00012154424421259704
0.00012145464757090705
0.00012137795551813654
0.00012130901543359208
0.00012122741000791832
0.0001211510045729252
0.00012106198653622763
0.00012100102116468729
0.00012095787449746548
0.00012089447938504542
0.0001208438111204247
0.0001207855950959652
0.00012072490771173963
0.00012066680616586455
0.00012060119346383358
0.00012054825065674408
0.0001204777325115777
0.00012041735402006028
0.00012036457246225562
0.00012029928793947486
0.00012024159525149954
0.00012016392303952212
0.00012010385859679815
0.0001200338592620346
0.00011997392474236813
0.00011991405004505441
0.00011985423508057253
0.00011979945709378982
0.0001197422427099123
0.00011968011511428413
0.00011961805195433772
0.00011954613928161754
0.00011948173932261451
0.00011942730121912494
0.00011937291269906985
0.00011931857369473756
0.0001192445547284257
0.00011917062754012537
0.0001191090915349926
0.0001190525345114717
0.00011899848672444627
0.00011892486423317522
0.00011885378236704521
0.00011878278542198785
0.00011872409344203793
0.00011866790136159412
0.00011862396204033214
0.00011857761693260953
0.00011852887171476335
0.0001184728642355761
0.00011840961513452838
0.00011835857860241096
0.00011829787816002352
0.00011824451324953693
0.00011817908571740853
0.00011811614982316716
0.00011806536590026548
0.00011799047891857975
0.00011793497896939826
0.00011788435068209385
0.00011780969308191519
0.00011778081874689378
0.00011772551581468779
0.00011766786375013603
0.00011761746449380298
0.00011756710839279647
0.00011752637550016644
0.00011746174006327996
0.00011740912669327035
0.00011735417217824267
0.00011729926908316721
0.00011725872154103716
0.00011721105442522545
0.0001171443855336841
0.00013741656851197487
0.00013734405022868123
0.000137288318995834
0.0001372159359749091
0.00013716030864447778
0.00013712139634162817
0.00013704363793475913
0.00013698537697970863
0.00013693824961886645
0.00013688284716322098
0.0001368302563376674
0.000136755591484775
0.00013671967079519661
0.00013665892490491097
0.00013661753819234134
0.00013655137156771738
0.0001364907751062342
0.00013643848506233826
0.00013638623506805875
0.0001363312782904192
0.00013627911035922637
0.0001362352104263558
0.0001362050456253355
0.00013615023474178404
0.00013607904650819825
0.0001226229244562377
0.00012257610770621924
0.0001225244044510505
0.00012247520379070795
0.00012242604262834665
0.00012238183131369875
0.0001223327450665811
0.00012227144260257774
0.0001222297920089769
0.00012217838043543575
0.00012214902180660407
0.00012208790329036907
0.00012203905249679898
0.00012198536175658922
0.00012195365761010818
0.00012190247801758594
0.00012185620967258636
0.00012178565724325189
0.00012173947751811126
0.00012169818849253851
0.00012165692746454999
0.00012161326980202956
0.00016341171781586287
0.00016334010597187363
0.00016326205550909885
0.00016319707041356524
0.00019299641862315957
0.00019293116136603216
0.0002041330311104041
0.00020405594312934358
0.0002039627039627039
0.0002038978921724393
0.00020381693533444502
0.00020370370370370364
0.00020361482421694227
0.00020353005702806461
0.00020343326662307376
0.0002033526782472055
0.00020326410474700874
0.00020322789236839668
0.00020315952640084426
0.00020305907172995776
0.00020298279259508222
0.0002029065707471968
0.0002028183853549321
0.0002027542986544487
0.00020266224494495873
0.0002026022549367854
0.00019923855364646005
0.0001991364183047773
0.00019906184713626866
0.00019899125226574197
0.00019891678975873954
0.00019885021263191054
0.00019876803180288508
0.00019870155420027543
0.0001973317599239519
0.00019724641385049902
0.00019719601677148845
0.00019712627870119322
0.00019704111023828227
0.00019697148167052757
0.00019686326832267262
0.00019677060861606851
0.0001966934587989283
0.0001966549065725859
0.00022401609258461012
0.00022396782176601563
0.00022389764679003882
0.00022382313404591307
0.00022371802397631066
0.00022360863924690173
0.00022350373049229464
0.00022343821249430003
0.00022336400518360779
0.00022328112590972409
0.00022320702288685417
0.0002231155517393906
0.00022302415553171427
0.00022294587550130318
0.0002228633061738983
0.00020979066399069902
0.0002097375358761574
0.00023887417562444826
0.0002387904743365129
0.00023869289694045004
0.0002386139641041602
0.0002385165308807612
0.00023845625494083953
0.00023837284622360412
0.00023829412488425252
0.00023820157808545484
0.00023810910314394601
0.0002651713589062005
0.0002650582158349657
0.00026497085320614734
0.00026487328074629665
0.0002647911701832226
0.0002647142377521242
0.00026460148434979025
0.0002645246620858738
0.0002644120700885458
0.00026430468528403084
0.0002642178185919124
0.0002641565352971117
0.00026407997114443247
0.00026398305357568265
0.00025100886254368523
0.0002509604061697651
0.0002508441871683551
0.000250752256770311
0.0002507038994098816
0.0002505975788418537
0.0002505347954287036
0.0002504430916236419
0.00025037556334501755
0.00025029361366218065
0.0002502020863004735
0.0002501395008754883
0.0002500384674565318
0.0002499471265693796
0.0002498606546349152
0.00024978384090690753
0.0002496639139619743
0.0002495824293969705
0.0002494818453980195
0.00024937177495156437
0.0002492713606381347
0.0002492044626768394
0.00024910418303408896
0.00024900398406374507
0.0002489324627080023
0.0002488657465015219
0.00024877049964598045
0.0002486372764655255
0.00024856596558317403
0.00024846145025037274
0.0002483665125520615
0.00024827638891541416
0.0002481958074000535
0.0002722906129719757
0.00027218152218152217
0.00027210884353741496
0.000272015456579215
0.00027191695097235726
0.0002718185166838141
0.0002717046291358777
0.00027164254887027166
0.000271570157739115
0.000271482306077271
0.00027141000031706775
0.0002713377330619956
0.0002712242479547284
0.0002711520795717318
0.00027106449815068146
0.00027095638741698796
0.00027086893234605405
0.00027077125522721377
0.0002706941914592188
0.00027059150797865614
0.0002704581358609795
0.00027035050817052295
0.00027025832401952426
0.00027016620271302417
0.00027008436981365444
0.00026997703933590695
0.0002699157459260381
0.0002666666666666667
0.00026658599761774217
0.0002664852299143845
0.0002664348746244402
0.000273224043715847
0.00027315697714670544
0.00027308478842221173
0.0002729662754569355
0.0002729044834307992
0.00027281184782882
0.00027272441637603295
0.00027263704094581184
0.0002725702622075679
0.00027252404993343885
0.000272457326528178
0.0002723649941949857
0.0002722778488795202
0.0002721600351174239
0.00027208325496834055
0.0002720167472061874
0.00027195027195027195
0.00027186339177769845
0.00027139323842620546
0.00027129131626361935
0.0002712251079000347
0.00027117929026820295
0.00027112331195802144
0.00027106735675376737
0.00027098600858330765
0.00027088439200560695
0.00027080315359822774
0.000270706746254807
0.0002706306836680537
0.0002705445310591185
0.0002704888144762333
0.00027039769137053484
0.00027035215283718276
0.00027030157245311597
0.00026711842547093095
0.0002670684715828994
0.0002670135438813922
0.00026691872195862623
0.0002668588691199174
0.00026677910707725204
0.00026669939270084934
0.0002666446166950293
0.0002665550317484019
0.00026647047899823446
0.0002664008875884191
0.00026629656860133476
0.0002631298604452967
0.00026305139619587216
0.00026298277835449445
0.0002628750226157661
0.000262786924488656
0.0002627135544771655
0.000262601133331207
0.00026251810126077775
0.0002624058472946701
0.00026231806330680066
0.00026224495483706577
0.0002621670173725452
0.0002621085946681594
0.00026203560289406126
0.0002619821014252569
0.0002619043200958549
0.000261821728023405
0.0002617488959124254
0.0002616955114452055
0.0002616469990042584
0.000261569416498994
0.00026150156953877267
0.0002614434430090341
0.00026138050175532356
0.0002612837282120312
0.00026120152702431185
0.00026112420843420626
0.000261032452040571
0.0002603630113707404
0.0002603052534653082
0.0002602379016218005
0.00026017058462274827
0.00026010810715715126
0.0002600408572818036
0.00025995924345442495
0.0002599064618002544
0.000259844111108182
0.0002597386626752819
0.0002596859705466754
0.00025962372558729224
0.0002595902214286153
0.00025954715735737637
0.00025949454289206977
0.00025942760987070733
0.0002716502246793834
0.0002715451859255947
0.0002591936159656956
0.00025914114472555316
0.000259055328506161
0.0002590029132353379
0.00025896004378762996
0.000258917188528839
0.00025884579460931965
0.0002587601738602345
0.0002586698578321769
0.00025859860022685316
0.00025852738187038486
0.00025721364989053343
0.00025714285714285715
0.0002540055220870379
0.00025394031005518045
0.0002538984057135872
0.0002586976615092966
0.0002586265568638127
0.0002585744382941415
0.0002585223407261652
0.0002584607979323136
0.0002583850931677019
0.00025833780020656565
0.00025826689321657297
0.00025821964351053264
0.00025813463759255485
0.00025807799806702714
0.00025801195002715915
0.0002719720804341109
0.0002719323206138622
0.00027183793761558547
0.00027175354518804907
0.0002716642455949099
0.00027159978793488555
0.00027153536085528857
0.0002715105893474015
0.00027145610793616044
0.0002713917489960676
0.00027133236782423564
0.00027126312262482007
0.0002712136834029376
0.0002711296780714654
0.0002710654738051
0.000271006235311462
0.0002709766257730421
0.0002709075620053228
0.000270843462878845
0.00027078432137116513
0.00027070058176803427
0.0002706464249122889
0.00027060213087271565
0.0002702066245210131
0.0002580436293693642
0.0002579779753791567
0.0002548841989965557
0.00025481938184243234
0.0002547592239961397
0.0002546852225513131
0.00025463437149132246
0.00025455582341809885
0.0002545050240121084
0.0002544173273226592
0.00025437119544100505
0.0002543435243413487
0.000254288200198873
0.00025424211512870037
0.0002541914408409543
0.0002541269755008139
0.00025407634709623337
0.00025399354411521273
0.00025395676011172026
0.00025388781881406983
0.0002538418787400964
0.0002537867725920623
0.0002537362796370176
0.00025366287119505694
0.00025359867364278224
0.0002535436730267744
0.0002534886962627196
0.00025222937388273226
0.0002521701512074839
0.0002521109563363084
0.0002520563395780033
0.00025198355403379947
0.00025191081051358186
0.00025185628042977056
0.00025181994015411517
0.0002517518303955131
0.00025171098222226797
0.0002516610746751881
0.00025163839596829287
