0.0002516157213484611
0.0002516157213484611
0.0002516157213484611
0.0002516157213484611
0.0002516157213484611
0.0002516157213484611
0.0002516157213484611
0.0002516157213484611
0.0002516202559455154
0.0002516247907060169
0.0002516247907060169
0.0002516247907060169
0.0002516247907060169
0.0002516247907060169
0.0002516247907060169
0.0002516247907060169
0.0002516247907060169
0.0002516338607173968
0.0002516338607173968
0.0002516338607173968
0.0002516338607173968
0.00025163839596829287
0.000252839943561593
0.0002528536152659726
0.0002528536152659726
0.0002528581728293336
0.00025286273055699323
0.00025286273055699323
0.0002270312212992194
0.00022703531364778363
0.00022703531364778363
0.00022703531364778363
0.00022703531364778363
0.00022703940614388372
0.00022703940614388372
0.00022703940614388372
0.00022703940614388372
0.00022704759157872323
0.00022705168451747865
0.00022705168451747865
0.00022705987083770067
0.0002270639642191832
0.0002270639642191832
0.00023908678292207825
0.0002390954037879236
0.0002390954037879236
0.0002390997144539855
0.00023910402527548471
0.00023910833625242966
0.00023911264738482878
0.00023912558171483518
0.00023912558171483518
0.00023913420537893107
0.00023913420537893107
0.00023913420537893107
0.00023914282966504543
0.00023915576726064882
0.00023916008010359878
0.00023916008010359878
0.00023916439310210384
0.00023917733303103374
0.00023917733303103374
0.00023918164665184336
0.00023918164665184336
0.00023919458844788902
0.00023920321709001765
0.00023920321709001765
0.00023921184635470344
0.00023921184635470344
0.00023921616122052632
0.00023922047624201376
0.00023922479141917419
0.00023922479141917419
0.000239229106752016
0.00023923773788477756
0.00023924636964036585
0.0002284222969025971
0.0002284305387318196
0.00022843465986946835
0.000228447024174661
0.00022845938981839238
0.0002284635119971268
0.00022847587942591462
0.00022847587942591462
0.00022848000219973224
0.0002284841251223408
0.0002284882481937484
0.00022849649478299278
0.0002285047419675298
0.00022852536253370083
0.0002285418616664217
0.00022855011212622085
0.0002285624889328994
0.00022856661483301914
0.0002285707408820991
0.0002285789934271719
0.00022860375463827474
0.00022860788202835975
0.00022862439307918967
0.00022862852121456
0.00022863677793255257
0.00022864916412779242
0.00022866155166512733
0.00022867807046965434
0.0002286904611393928
0.0002286904611393928
0.00022869459166103314
0.00022869872233188406
0.00024074872078051095
0.00024075306940810352
0.00024078351420054968
0.0002407922141269927
0.00024381200150382274
0.0002438384333767837
0.00024385605780954616
0.00024385605780954616
0.00024385605780954616
0.0002438604643158311
0.0002438604643158311
0.00024386487098137106
0.00024386927780617465
0.0002438780919336073
0.0002438824992362536
0.0002438913143194494
0.00024389572210001614
0.0002439089463976955
0.00024392217212952487
0.00024393539929573764
0.00024394862789656714
0.00024395744776091135
0.00024397508940300996
0.0002439883223090903
0.00024399273359678348
0.0002440015566507213
0.00024401920467304522
0.0002440280296415698
0.0002440412682912547
0.00024405892205874117
0.00024406774990031458
0.0002440721640605891
0.00024408540749946812
0.00024409865237561216
0.00024411631444662085
0.0002471490423297652
0.00024716245611767996
0.000247171399451898
0.000247207179261825
0.00024722059936131083
0.00024722954690381397
0.0002472429694320133
0.000250263707625804
0.0002502682368757837
0.00025028182560941556
0.00025028182560941556
0.00025029541581877366
0.00025030447677831244
0.0002503271320475621
0.0002533533326437019
0.0002533900292446063
0.00025402113911149505
0.00025403033877610144
0.0002540349388582914
0.0002540579417684709
0.00025406714409901887
0.00025407174551428824
0.0002540855507601867
0.0002540947550909514
0.0002541131657532048
0.0002541315790835735
0.00025414999508263755
0.0002541592040831116
0.0002541638088336159
0.00025418222950429284
0.0002541914408409543
0.00025420986551728597
0.0002542190788571014
0.0002542329001190907
0.00025423750754039446
0.00025426976416608837
0.0002542835909400465
0.000254302028978001
0.00025431585926129267
0.00025434352434134863
0.000254380420478919
0.00025439425929044205
0.0002544080996077659
0.0002362816726255246
0.00023629881436033494
0.0002363031001826685
0.00023633310529261767
0.00023633310529261767
0.00023635025449117312
0.00023637169448958485
0.0002363802715781234
0.00023640600657893028
0.000236436037829766
0.00023645320197044332
0.0002364617849753426
0.00023648753772909727
0.00023650041620961403
0.0002365175896990365
0.00023652617737907207
0.00023654335461013138
0.00023656912513521011
0.00023658201250356686
0.00023660779145306238
0.00023663357602113092
0.000236672263412077
0.0002215543582450057
0.00022156643402623672
0.0002215704595791805
0.00022158656325383557
0.00022161072315533516
0.00022163488832578683
0.00022165905876691438
0.0002216792048286422
0.00022169935455275768
0.0002217356332885706
0.00022174369684233857
0.00022177192389958347
0.000221800158144119
0.00022182436464772713
0.00022184050525236198
0.00022186068431156482
0.0002218849040289308
0.0002219050911665137
0.00022192528197769135
0.00022194951580166154
0.00022197779528637388
0.00022198183580105017
0.0002220020405810368
0.00022201820705343434
0.00022204246117724986
0.00020993865732912238
0.00020995777429149004
0.00020998454388859107
0.00020999984386628706
0.00021000749469126032
0.00021001897197404817
0.000210057238645326
0.00021007254921867065
0.00021009551926396273
0.0002101108354183861
0.0002101184943330495
0.00021014530493203474
0.00021018361765854927
0.0002102027792610343
0.00021022961137480263
0.0002102411129492373
0.0002102526157822335
0.000213303873775522
0.0002133311096865874
0.00021335446028966168
0.00021338170912145988
0.00021340896491438442
0.00021342064810011305
0.00018859889274198453
0.00018861610538164336
0.00018863332116344163
0.00018865742853839176
0.00018866776215689852
0.00018869187833634628
0.00018871255425485933
0.0001887435766298921
0.00018879530326006854
0.00018880565198854982
0.00018882290239074156
0.00018883325414519449
0.0001888505095917783
0.00018888502994741683
0.0001889161090594415
0.00018892301691775143
0.00018894719840065337
0.00018896793031350387
0.00018897138607463758
0.000188988666776402
0.00018901286506920308
0.00018902669544750543
0.0001890405278499384
0.00018905782120009023
0.00018910625941718668
0.0001891201034669985
0.00018914087334272935
0.00018915818505772374
0.00018918589039423897
0.00018921013922204114
0.00018923092887969184
0.00018923785978085033
0.0001892690551200332
0.00018930026074584301
0.0001893141332160807
0.00018933841493208245
0.00020157226365652084
0.00020161290322580642
0.00020162029399904685
0.0002016572559947202
0.00020170162828223555
0.00020172752113554253
0.00020176082171680115
0.00020179413329419747
0.00021405156808063013
0.0002140751342556913
0.0002141026346858502
0.0002141340724017889
0.00021415765674810772
0.00021418911062561576
0.00021420090821185078
0.00021546842959018145
0.00021550008877134334
0.00021553175725735833
0.0002155634350523292
0.00021557927744195583
0.00021560700722773486
0.000215638707147933
0.00021565456060383272
0.00021568627450980387
0.00021571006606120767
0.00021576163243289625
0.0002157973466735329
0.00021581719302763314
0.00021584895478822882
0.00021588469794541547
0.00021591647957994425
0.00021596416958095583
0.00021722322447627107
0.00021725921970798884
0.00021729122548568266
0.0002173552653392031
0.00021739130434782604
0.00021741934295137541
0.00021743937495393229
0.00021745941064813958
0.00021748345835560383
0.00021750350217503498
0.0002175355799719784
0.00021756766723209672
0.00021759575135075324
0.00021762384272066684
0.00021769209482520058
0.00021770414375853284
0.00021771619402571998
0.00021774431650428103
0.00021780460342949956
0.00021784481326268755
0.00021788101480852315
0.0002179132040627885
0.00021792527748536387
0.00021796150578152123
0.00021799774612499764
0.00021802594139167062
0.0002180501145687042
0.000218102508178844
0.00021813879543017704
0.00021815896023220983
0.00021818316291625828
0.00021821947701298217
0.00021823965673491274
0.00021828002737749491
0.00021831637372802954
0.0002183527321848226
0.00021838910275392355
0.00021843761569788963
0.00021907900420878532
0.00021911145675171888
0.00021917639068963382
0.0002191926301880734
0.0002192088720931668
0.00021926980068066282
0.0002192819904627776
0.00021930637409343063
0.00021932263286009065
0.00021934702553075795
0.00021937549050505794
0.00021940803095198358
0.0002194324426230521
0.00021946907031665362
0.00021950571024009592
0.00021953828933291274
0.00021957087809795948
0.00021961570345075036
0.00021965239235485922
0.0002196890935194811
0.00021973396715750898
0.00021975845141481104
0.00021979518803323544
0.00021981968593649373
0.00021985235830360676
0.0002198932124230373
0.00021990547161980506
0.00021994225741298336
0.0002199831449534007
0.00022000359442492294
0.00022002813880986463
0.000220048596647823
0.00022006496565746728
0.00022011408730158725
0.00022013865634805467
0.0002201960054583798
0.0002202328885249359
0.00022027388420419074
0.0002203066917381887
0.00022036412844435334
0.00022040106785869493
0.00022048319980125453
0.0002205242887315194
0.0002205612818648922
0.00022060239990554482
0.00022064764746099815
0.00022068879771229636
0.00022072584606392962
0.00022080410011444487
0.00019720184884509386
0.0001972570688968538
0.00019730126720940072
0.00019736022911219023
0.00019739341067169798
0.00019741184969298406
0.00019743398106626802
0.0001912272177997035
0.0001912593838582064
0.0001912879849960434
0.00019133090274531798
0.00019139531549055178
0.00019142395730061042
0.00019147768380610233
0.00019150276649762023
0.00019153502533003917
0.00019157805401627477
0.00019475655430711608
0.00019477843952504025
0.00019483682415976617
0.00019488428745432397
0.00019490620139058076
0.0001949683176483821
0.0001950012187576172
0.00019504510418034168
0.00019507803121248497
0.00019511462984503393
0.00016388623042904411
0.00016390468504651263
0.000163938529308705
0.0001639754662661159
0.00016400625978090766
0.000164049390137
0.00016409254318389637
0.00016412338069107219
0.000164163486782333
0.00016420052519099278
0.00016424066899863341
0.00016429937603862916
0.00016433338351146568
0.00016437978003224854
0.00016442620275884572
0.0001644664570033207
0.0001644881405306312
0.00016451292870687812
0.00016455322543163818
0.00012375460153531088
0.0001237872618509023
0.0001237919290175822
0.00012383161414823333
0.00012386431513093776
0.0001239087226708934
0.00012394614319869132
0.00012396486193964103
0.00012398358633537243
0.00012400465804299245
0.0001240515097131702
0.00012407494882695635
0.000124093706496337
0.00012412419980845806
0.00012414531934335315
0.00012416409829762824
0.00012420402244499084
0.00012424632306566762
0.00012426513259152725
0.00012428159559904357
0.0001243286568087295
0.0001256241753940748
0.00012565273121049672
0.00012569082583293854
0.00012571464670393882
0.00012574086009275757
0.00012578377831715207
0.00012580524841795157
0.0001258386609248825
0.00012587925712261524
0.00012590792903601343
0.00012593661401377073
0.0001259509614045747
0.0001259724886213292
0.00012600120302656153
0.00012602993052520913
0.0001260778388104334
0.0001261042038959228
0.00012613537685320756
0.00012616896497067679
0.0001262001699580178
0.00012623859729253095
0.00012626502966276448
0.00012757044935262756
0.000127580166044634
0.00012762877171594025
0.00012766281772798291
0.0001276993157603827
0.0001277260942504194
0.00012774801227906265
0.00012777481119841328
0.00012781868823686518
0.00012785771535437577
0.0001278772378516624
0.00012790164935858275
0.00012796027501909855
0.00012797982885085572
0.0001280214005923378
0.00012803852621923252
0.00012806544717778158
0.00012808993060202265
0.00012811442338948696
0.00012814382710146313
0.00012817569635751452
0.0001282051282051282
0.0001282247569471025
0.00012825175628337893
0.00012830333205668325
0.00012835003160858985
0.00012839430465860527
0.0001284459951688969
0.00012848047863772339
0.00012851005063679605
0.00012854703478444387
0.00012857910493590234
0.0001286062537190241
0.00012863094438151553
0.0001286630564197104
0.00012868776889981559
0.00012873474877509846
0.0001287644379528376
0.00012879166506478027
0.00012882385740929452
0.00012886845800234655
0.00012889572912658714
0.00012892549261083743
0.00012894782424604012
0.0001289701636188643
0.00012900741311254452
0.0001290322580645161
0.00012905959856686057
0.00012909689974758664
0.00012912924488301276
0.00012916658633918757
0.00011634783503034042
0.00011639497122279026
0.00011642866332175479
0.000116455631047972
0.00011648710918896654
0.00011651410400010299
0.00011654786511355368
0.00011657488809454803
0.00011661319210895924
0.00011665828789460794
0.00011668536211142486
0.00011671922255969769
0.00011674180711157549
0.00011678022091462785
0.00011681866000606683
0.00011683902035968343
0.00011686617854052868
0.00011690467424932344
0.0001169250645994832
0.00011695452988802088
0.00011698401003089411
0.00011701350503933851
0.00011704301492460102
0.00011706345356590802
0.00011710662525879916
0.0001171384563610712
0.00011716347865488559
0.00011720444729361333
0.00011725911673436599
0.00011728191072319525
0.00011730927521015211
0.00011735719380146534
0.00011742343148894209
0.00011745086206337156
0.00011747373066713397
0.00011751033896214349
0.00011754238994200809
0.0001176019595995036
0.00011764323551395794
0.00011769831515837251
0.00011774655217278168
0.0001177833307303868
8.853474988933156e-05
8.856242348467088e-05
8.857799748594801e-05
8.860223460047558e-05
8.861609033628502e-05
8.863514905043079e-05
8.86784948129601e-05
8.870973002237311e-05
8.873056572259954e-05
8.875662411569687e-05
8.87809590954787e-05
8.881574650941054e-05
8.884185496567177e-05
8.888888888888889e-05
8.892027251448224e-05
8.894295225202246e-05
8.897437407182063e-05
8.90040706273478e-05
8.902329661122348e-05
8.905652470008905e-05
9.039281573621017e-05
9.041591320072333e-05
6.226364393060553e-05
6.228813837146023e-05
6.229794154485779e-05
6.231510452538848e-05
6.233227696527108e-05
6.235068651387466e-05
6.237156381924063e-05
6.239491382934005e-05
6.240721033200636e-05
6.242443358040267e-05
6.245274956447424e-05
6.24798584666785e-05
6.250452335366375e-05
6.252673840787178e-05
6.255020476961771e-05
6.256750704707711e-05
6.259347841842752e-05
6.261204260255193e-05
6.262814047162286e-05
6.264300739187488e-05
6.267276241745337e-05
6.269013257313298e-05
6.270751235998072e-05
6.272987196502975e-05
6.274851715346305e-05
6.278210643880065e-05
6.281323970854656e-05
6.283816856504082e-05
6.285563054122006e-05
6.28706056755612e-05
7.613373055279709e-05
7.615944476453487e-05
7.617457888705628e-05
7.620486518365373e-05
7.623365948081563e-05
7.62518565669425e-05
7.62685448624845e-05
7.628979507897652e-05
7.632321221171396e-05
7.635209603101887e-05
7.636882823654415e-05
7.640231465795016e-05
7.64343063752858e-05
7.645259938837921e-05
7.649073796933719e-05
7.652433141024362e-05
7.654419595314164e-05
7.656712939844869e-05
7.660078998727761e-05
7.664367356459729e-05
7.667893529631408e-05
7.670348433914946e-05
7.673265675147293e-05
7.675877719930583e-05
7.679568341480353e-05
7.683108518897107e-05
7.686651961767261e-05
7.688964664192827e-05
7.691741744754567e-05
7.695602130678017e-05
7.699002477070363e-05
7.70116789885353e-05
7.703334539072652e-05
7.705812192605101e-05
7.708446446406188e-05
7.711547875300918e-05
7.714651800868066e-05
7.717292102861438e-05
7.720400655227047e-05
7.723978587788055e-05
7.727092530253247e-05
7.729429635305346e-05
7.733015943461568e-05
7.73598105693682e-05
7.738479758828596e-05
7.741136398823347e-05
7.744420649992592e-05
7.747551100152256e-05
7.749743921505203e-05
7.753819598958966e-05
7.758056573097758e-05
7.760726673955002e-05
7.762926960982855e-05
7.765285796279416e-05
7.767488669598049e-05
7.770637800436508e-05
7.773001324789791e-05
7.775366287364016e-05
7.778048318588859e-05
7.781521930358762e-05
7.783575977854035e-05
7.786105525426712e-05
7.790536192121397e-05
7.793545588853197e-05
7.797033059420173e-05
7.799888766803674e-05
7.803223070398643e-05
7.807832274183912e-05
7.810218482372676e-05
7.814039450707e-05
7.818342511387586e-05
7.820575594363745e-05
7.82552482052329e-05
7.828561314653706e-05
7.832080200501254e-05
7.838165732902576e-05
7.842816321241757e-05
7.845384526172886e-05
7.84779374633201e-05
7.851008342549735e-05
7.853742820654661e-05
7.857606504731647e-05
7.859862076507214e-05
7.863247863247864e-05
5.129678266579121e-05
5.131468215685873e-05
5.132943229647881e-05
5.134840922628218e-05
5.136634477090611e-05
5.137901270089195e-05
5.1399083040358566e-05
5.1425515283663154e-05
5.1453033670865246e-05
5.1474221709767755e-05
5.1507097678060044e-05
5.153045449860869e-05
5.155702206640545e-05
5.15846814130076e-05
5.160917404677856e-05
5.1630490902707514e-05
5.166249922506252e-05
5.169134066661154e-05
5.1712725467483046e-05
5.173198692215372e-05
5.175447676223994e-05
5.177591384487937e-05
5.180702917771884e-05
5.182850982668547e-05
5.184785764652205e-05
5.1876906476313014e-05
5.189629045315842e-05
5.192215830027624e-05
5.194589315768696e-05
5.1961008459252185e-05
5.1989103083993605e-05
5.200640718936574e-05
5.203563400216469e-05
5.2070315754394746e-05
5.2085503562648455e-05
5.211807871914611e-05
5.2151782547927496e-05
5.217790578757332e-05
5.221604912485902e-05
5.2252063956526294e-05
5.227938101212883e-05
5.230453794171183e-05
5.233081447679653e-05
5.2353828111911555e-05
5.2388935456831524e-05
5.241090146750525e-05
5.242958706457229e-05
5.245819082191494e-05
5.249013185521123e-05
5.2509976895610176e-05
5.252983694738612e-05
5.2565180824222046e-05
5.258287060407203e-05
5.2607213501115285e-05
5.262825505757532e-05
5.2652640003369776e-05
5.267038870746867e-05
5.269259142164612e-05
5.271814769516259e-05
5.275708527655265e-05
5.278381859257227e-05
5.281057901518833e-05
5.283624989432751e-05
5.286753510404332e-05
5.2901096110711424e-05
5.292461417956264e-05
5.2950396068962607e-05
5.2975080522122404e-05
5.300203527815469e-05
5.303914288745095e-05
5.306053145428306e-05
5.307855626326965e-05
5.3090955424833834e-05
5.311915689274181e-05
5.315190815350272e-05
5.31892259903834e-05
5.321073579805463e-05
5.323339650363053e-05
5.326855876587404e-05
5.33060406405254e-05
5.3344713538888304e-05
5.336407103825138e-05
5.34016874933248e-05
5.3423369518762296e-05
5.345306820611504e-05
5.3477079723630465e-05
5.3509128657348954e-05
5.353089803434543e-05
5.3542362717382005e-05
5.356530682207748e-05
5.3605506357613065e-05
5.3649219940342076e-05
5.368608671376727e-05
5.371030808232717e-05
5.373917155693129e-05
5.377731887799003e-05
5.380509641873279e-05
5.384565680932177e-05
5.3874665977070955e-05
5.391068078407695e-05
5.393976007594719e-05
5.398518646483406e-05
5.4012012271529195e-05
5.4068082529521186e-05
5.409616133639158e-05
5.412661297306661e-05
5.416179210537719e-05
5.4186444718989105e-05
5.422405379026137e-05
5.42581821338658e-05
5.4292353464938005e-05
5.432420686657976e-05
5.4369100952546657e-05
5.4399860736356524e-05
5.44271003418022e-05
5.4462671285101204e-05
5.450541783853316e-05
5.454942177612918e-05
5.457323728443572e-05
5.4623317601817874e-05
5.465078150617555e-05
5.468664552116374e-05
5.472615034368023e-05
5.475731557736114e-05
5.4794520547945214e-05
5.4823359136861045e-05
5.486185784195397e-05
5.489920505951075e-05
5.4934188841767574e-05
5.496680005276814e-05
5.500671081871989e-05
5.503698485382178e-05
5.5073357712473025e-05
5.510613441488308e-05
2.5730942561184508e-05
2.5740025740025743e-05
2.575366253872247e-05
2.577471426888182e-05
2.5790098076058687e-05
2.580778362754207e-05
2.5823778535275283e-05
2.583407144966047e-05
2.585181738276201e-05
2.587073502454024e-05
2.5881639564892666e-05
2.590060089394074e-05
2.5920741777570414e-05
2.593976046484051e-05
2.5954187151935814e-05
2.5972098545562482e-05
2.5987718946532127e-05
2.6006836082627435e-05
2.6025400791172185e-05
2.604515485704931e-05
2.6060281153204672e-05
2.6076590672030997e-05
2.609408782524417e-05
2.6116284622731615e-05
2.6149064610603075e-05
2.616841995080337e-05
2.619780088174313e-05
2.6210749402769354e-05
2.623373508424777e-05
2.6256761115987368e-05
2.62774599456432e-05
2.6296413169243715e-05
2.631717458813622e-05
2.6338563419498062e-05
2.636058264419239e-05
2.6374885080857863e-05
2.6396367859782497e-05
2.640951346130629e-05
2.6426263175379785e-05
2.6446031206316825e-05
2.6464027825034973e-05
2.648204895395907e-05
2.6503104649401788e-05
2.6519370505913823e-05
2.6546524680683235e-05
2.6564053522772984e-05
2.6580999901270573e-05
2.6605246554620572e-05
2.6634400992321683e-05
2.6651437273938703e-05
2.6669714634053416e-05
2.668557530288128e-05
2.670695601745872e-05
2.672224894447117e-05
2.6746754090342895e-05
2.677007564458518e-05
2.6788516145821377e-05
2.680759803921569e-05
2.683719788982947e-05
2.6866863178580204e-05
2.6887915802412232e-05
2.6906519065190653e-05
2.6923905350933877e-05
2.6946292190194633e-05
2.6972457267921273e-05
2.699367576739164e-05
2.7010549548923824e-05
2.7044360478144294e-05
2.7068832173240526e-05
2.7099012047446502e-05
2.711790866688361e-05
2.7136200466742648e-05
2.7160838726699882e-05
2.7182988109384345e-05
2.7204539271695623e-05
2.7231844140485194e-05
2.725156307179619e-05
2.7278324643238485e-05
2.7301943898405568e-05
2.731792602305633e-05
2.7343536378622045e-05
2.736277567996498e-05
2.7374974580380748e-05
2.739104234655147e-05
2.7418723070896985e-05
2.744516847412705e-05
2.747878245440485e-05
2.7513127692356067e-05
2.753260647252246e-05
2.755471579278854e-05
2.758012024932429e-05
2.7602305975504927e-05
2.762714406371609e-05
2.7655959859349693e-05
2.7686806841014446e-05
2.770390070921986e-05
2.7742109351468747e-05
2.7769843536767273e-05
2.779365986913157e-05
2.7811548944353066e-05
2.7838093647347032e-05
2.7866020174998608e-05
2.7886002023727005e-05
2.79113535411533e-05
2.794210396059365e-05
2.797359292827571e-05
2.8012549622230763e-05
2.8038805707098626e-05
2.8069162416193503e-05
2.9697407496588814e-05
2.9732487966378183e-05
2.9751135769710128e-05
2.9787062754095724e-05
2.9818750352586578e-05
2.984689350305729e-05
2.98779847703029e-05
2.9909866213976802e-05
2.9928011000566206e-05
2.9951995855291387e-05
2.9983306591465293e-05
3.002418163818427e-05
3.004978518464375e-05
3.0071765862856495e-05
3.0107736874654168e-05
3.013421944227261e-05
3.017329255861366e-05
3.0192497572359994e-05
3.0230240044446624e-05
3.0274763938664967e-05
3.0306008780551736e-05
3.03298576955866e-05
3.0363458808275274e-05
3.038515233637185e-05
3.041662556311861e-05
3.0454178807183896e-05
3.0489563504816528e-05
3.051445725501839e-05
3.054695562435501e-05
3.057876511376127e-05
3.061064092063571e-05
3.0649436713055005e-05
3.0674592318087236e-05
3.0708962037083146e-05
3.0749540834559164e-05
3.078177386211429e-05
3.0816384321956256e-05
3.085493178558324e-05
3.0888933413477594e-05
3.092378540564485e-05
3.094551081001966e-05
3.0989053326297985e-05
3.1021790711908174e-05
3.1058507512801146e-05
3.108825704107011e-05
3.112356053532524e-05
3.115658288072081e-05
3.119440861302915e-05
3.123628136291494e-05
3.125924048494065e-05
3.1293345512365104e-05
3.132354684140127e-05
3.136816046933551e-05
3.1411301276826953e-05
3.1454560911332146e-05
3.148507437285136e-05
3.152047979281674e-05
3.154870010828878e-05
3.159233928464698e-05
3.1630419915196284e-05
3.166534014566057e-05
3.171990466882705e-05
3.17558404998541e-05
3.179513620348887e-05
3.183452927916301e-05
3.188308386974468e-05
3.1924347923623154e-05
3.194750248240729e-05
3.198727425197327e-05
3.2031304106932614e-05
3.207211892688424e-05
3.2113874061537126e-05
3.215238492487639e-05
3.2201073949331175e-05
3.2235581111691934e-05
3.2272695555090363e-05
3.23183620704715e-05
3.23522725285487e-05
3.2402420548389074e-05
3.243736082618835e-05
3.2474086556605844e-05
3.251603831619651e-05
3.255552036039841e-05
0.0
0.0
0.0
0.0
0.0
0.0
0.0
0.0
0.0
0.0
0.0
0.0
0.0
0.0
0.0
0.0
0.0
0.0
0.0
0.0
0.0
0.0
0.0
0.0
0.0
0.0
0.0
0.0
0.0
0.0
0.0
0.0
0.0
0.0
0.0
0.0
0.0
0.0
0.0
0.0
0.0
0.0
0.0
0.0
0.0
0.0
0.0
0.0
0.0
0.0
0.0
0.0
0.0
0.0
0.0
0.0
0.0
0.0
0.0
0.0
0.0
0.0
0.0
0.0
0.0
0.0
0.0
0.0
0.0
0.0
0.0
0.0
0.0
0.0
0.0
0.0
0.0
0.0
0.0
0.0
0.0
0.0
0.0
0.0
0.0
0.0
0.0
0.0
0.0
0.0
0.0
0.0
0.0
0.0
0.0
0.0
0.0
0.0
0.0
0.0
0.0
0.0
0.0
0.0
0.0
0.0
0.0
0.0
0.0
0.0
0.0
0.0
0.0
0.0
0.0
0.0
0.0
0.0
0.0
0.0
0.0
0.0
0.0
0.0
0.0
0.0
0.0
0.0
0.0
0.0
0.0
0.0
0.0
0.0
0.0
0.0
0.0
0.0
0.0
0.0
0.0
0.0
0.0
0.0
0.0
0.0
0.0
0.0
0.0
0.0
0.0
0.0
0.0
0.0
0.0
0.0
0.0
0.0
0.0
0.0
0.0
0.0
0.0
0.0
0.0
0.0
0.0
0.0
0.0
0.0
0.0
0.0
0.0
0.0
0.0
0.0
0.0
0.0
0.0
0.0
0.0
0.0
0.0
0.0
0.0
0.0
0.0
0.0
0.0
0.0
0.0
0.0
0.0
0.0
0.0
0.0
0.0
0.0
0.0
0.0
0.0
0.0
0.0
0.0
0.0
0.0
0.0
0.0
0.0
0.0
0.0
0.0
0.0
0.0
0.0
0.0
0.0
0.0
0.0
0.0
0.0
0.0
0.0
0.0
0.0
0.0
0.0
0.0
0.0
0.0
0.0
0.0
0.0
0.0
0.0
0.0
0.0
0.0
0.0
0.0
0.0
0.0
0.0
0.0
0.0
0.0
0.0
0.0
0.0
0.0
0.0
0.0
0.0
0.0
0.0
0.0
0.0
0.0
0.0
0.0
0.0
0.0
0.0
0.0
0.0
0.0
0.0
0.0
0.0
0.0
0.0
0.0
0.0
0.0
0.0
0.0
0.0
