51813
51782
51759
51742
51712
51675
51648
51624
51599
51550
51512
51479
51455
51439
51413
51389
51368
51345
51316
51290
51260
51229
51200
51162
51122
51089
51067
51044
51009
50979
50953
50917
50892
50857
50824
50790
50763
50739
50710
50680
50647
50605
50567
50539
50492
50454
50418
50383
50359
50338
50318
50287
50271
50253
50221
50193
50154
50132
50110
50082
50043
50023
49993
49972
49928
49898
49857
49805
49767
49748
49717
49693
49665
49641
49611
49582
49546
49515
49496
49455
49410
49390
49359
49329
49293
49267
49255
49226
49182
49150
49118
49096
49066
49031
48999
48964
48934
48907
48882
48850
48822
48783
48742
48714
48686
48657
48629
48600
48578
48549
48513
48470
48437
48402
48380
48352
48312
48283
48253
48211
48167
48140
48116
48083
48053
48007
47987
47963
47926
47890
47857
47839
47809
47763
47731
47704
47668
47632
47590
47544
47503
47473
47449
47410
47370
47330
47284
47249
47221
47187
47159
47127
47089
47050
47006
46970
46942
46904
46853
46824
46791
46751
46722
46681
46657
46626
46587
46556
46511
46469
46443
46412
46379
46352
46307
46279
46244
46207
46162
46125
46100
46057
46036
46004
45961
45934
45899
45870
45835
45787
45763
45736
45704
45676
45622
45589
45552
45522
45498
45470
45445
45413
45382
45338
45314
45268
45225
45185
45152
45108
45052
45012
44988
44932
44887
44850
44813
44773
44728
44692
44642
44609
44568
44541
44508
44465
44436
44393
44359
44317
44279
44230
44203
44173
44127
44072
44051
44017
43975
43938
43892
43861
43816
43769
43742
43702
43671
43634
43586
43549
43503
43463
43400
43363
43314
43277
43243
43213
43185
43150
43114
43074
43054
43030
42991
42948
42912
42859
42814
42779
42739
42677
42622
42581
42540
42496
42454
42406
42370
42342
42286
42246
42207
42166
42111
42078
42038
42011
41965
41935
41894
41844
41788
41748
41713
41674
41607
41564
41508
41473
41447
41417
41377
41336
41311
41265
41237
41199
41153
41106
41070
41041
41009
40944
40886
40833
40809
40763
40714
40685
40658
40617
40583
40544
40504
40448
40393
40368
40312
40272
40234
40197
40161
40125
40101
40064
40028
39994
39954
39891
39850
39812
39767
39730
39673
39646
39575
39526
39473
39432
39395
39355
39282
39237
39196
39152
39111
39038
38999
38943
38893
38851
38812
38744
38706
38673
38635
38575
38516
38466
38423
38388
38336
38281
38238
38199
38143
38100
38052
38021
37975
37937
37902
37845
37806
37765
37718
37678
37618
37595
37545
37517
37476
37432
37394
37339
37288
37258
37223
37190
37140
37100
37055
37015
36984
36934
36893
36860
36802
36755
36724
36691
36649
36609
36526
36494
36461
36410
36368
36311
36242
36188
36139
36106
36073
36019
35968
35879
35825
35763
35724
35692
35662
35577
35527
35479
35430
35371
35317
35272
35218
35197
35159
35120
35080
35030
34976
34906
34838
34781
34723
34676
34619
34573
34532
34468
34400
34340
34287
34242
34165
34117
34073
34013
33959
33932
33881
33840
33780
33746
33720
33680
33630
33552
33472
33444
33402
33344
33287
33248
33192
33153
33115
33075
33025
32964
32909
32876
32806
32728
32675
32619
32583
32533
32478
32420
32367
32320
32271
32236
32204
32172
32131
32101
32044
31997
31970
31915
31857
31794
31746
31707
31673
31630
31584
31532
31476
31428
31329
31258
31193
31136
31095
31050
30995
30925
30873
30825
30763
30720
30654
30562
30489
30430
30387
30324
30242
30161
30092
30052
29994
29949
29921
29866
29836
29796
29758
29696
29660
29618
29576
29544
29489
29464
29417
29352
29269
29217
29161
29110
29083
29003
28938
28862
28810
28769
28723
28636
28562
28525
28486
28431
28367
28295
28251
28203
28153
28116
28057
27980
27951
27894
27827
27761
27696
27609
27545
27478
27421
27364
27283
27233
27179
27096
27017
26962
26926
26875
26828
26781
26735
26690
26638
26589
26481
26430
26356
26294
26250
26156
26107
26062
25954
25839
25787
25751
25688
25638
25583
25542
25404
25340
25313
25245
25148
25077
25027
24980
24924
24864
24786
24747
24707
24648
24563
24517
24454
24389
24334
24253
24199
24111
24081
24048
24020
23968
23914
23835
23782
23744
23696
23632
23564
23475
23413
23306
23260
23217
23166
23087
22997
22928
22884
22829
22774
22722
22672
22599
22519
22446
22374
22226
22166
22060
21907
21858
21815
21797
21750
21695
21646
21558
21482
21438
21396
21314
21228
21186
21145
21085
21024
20920
20858
20799
20755
20699
20655
20605
20496
20436
20340
20254
20188
20096
20014
19976
19906
19816
19753
19710
19623
19555
19513
19438
19364
19304
19179
19086
19045
19002
18983
18917
18800
18751
18718
18643
18575
18525
18471
18421
18380
18309
18283
18223
18168
18111
18047
17959
17862
17770
17740
17625
17578
17544
17493
17455
17405
17382
17331
17267
17230
17171
17066
17012
16974
16932
16894
16689
16645
16567
16508
16457
16136
16101
16034
15964
15920
15818
15705
15629
15579
15440
15368
15297
15212
15166
15078
15047
14896
14850
14776
14748
14651
14509
14327
14292
14233
14103
14017
13836
13748
13631
13248
13160
13121
13022
12732
12692
12655
12642
12554
12461
12349
12294
12209
12105
11915
11843
11578
11550
11472
11407
11366
11213
11135
11088
11033
11000
10973
10651
10633
10606
10558
10518
10483
10414
10322
10302
10179
10116
10069
10046
10006
9964
9882
9681
9604
9572
9542
9432
9354
9132
9019
8998
8869
8846
8831
8753
8588
8576
8466
8429
8349
8239
8174
8028
8005
7987
7951
7869
7853
7784
7757
7546
7528
7458
7408
7395
7347
7284
7226
7206
7072
7013
6974
6697
6680
6598
6475
6371
6350
6321
6304
6186
6136
6112
6107
6041
6009
5914
5892
5872
5784
5772
5712
5266
5254
5238
5216
4969
4920
4867
4704
4677
4652
4639
4594
4513
4400
4355
4334
4250
3474
3439
3423
3133
3111
3107
3105
3083
3007
3001
2992
2987
2937
2889
2844
2751
2736
2513
2476
2441
2426
2422
2207
2193
2192
2186
2178
2030
2029
2023
1996
1966
1963
1907
1883
1836
1833
1806
1768
847
712
709
706
670
670
669
668
654
652
651
630
627
620
620
597
597
596
596
595
593
592
586
585
583
583
581
578
576
576
575
574
572
570
570
540
537
537
537
536
529
521
519
518
518
517
516
516
507
506
497
497
470
470
470
464
463
461
460
457
457
456
454
412
411
411
367
367
367
366
366
366
366
355
267
267
267
267
264
264
263
263
262
262
262
254
254
216
216
216
216
215
114
113
112
111
111
111
111
111
110
106
93
93
93
92
86
86
86
85
85
85
85
85
85
85
85
85
85
84
84
84
84
75
75
75
75
75
73
73
73
73
73
73
73
73
73
72
72
72
64
64
64
64
64
64
64
63
62
62
62
62
62
62
61
61
59
59
59
59
59
59
57
57
57
57
49
49
49
49
49
49
49
49
49
49
49
49
49
49
49
49
48
47
44
44
44
44
44
44
44
40
39
36
36
36
36
36
36
36
36
34
34
34
33
33
33
33
33
33
33
33
33
33
30
30
29
29
29
29
29
29
29
29
29
29
29
29
28
28
28
28
28
28
28
28
28
28
28
28
28
28
28
28
27
27
24
24
24
24
24
24
24
24
24
24
23
22
22
22
22
22
22
22
22
22
22
22
22
22
22
22
22
22
22
22
22
22
22
22
22
22
22
20
20
20
20
20
20
14
14
14
14
14
14
14
14
14
14
14
14
14
14
14
14
14
14
14
13
13
13
13
13
13
13
13
13
13
13
13
13
13
13
13
13
13
13
13
13
13
13
13
13
13
13
13
13
13
13
13
13
13
13
13
13
12
12
12
12
12
12
12
12
9
9
9
9
9
9
9
9
9
8
8
8
7
6
6
6
6
5
5
5
5
5
5
5
3
3
3
3
