0.0
0.0
0.0
0.0
0.0
0.0
0.0
0.0
0.0
0.0
0.0
0.0
0.0
0.0
0.0
0.0
0.0
0.0
0.0
0.0
0.0
0.0
0.0
0.0
0.0
0.0
0.0
0.0
0.0
0.0
0.0
0.0
0.0
0.0
0.0
0.0
0.0
0.0
0.0
0.0
0.0
0.0
0.0
0.0
0.0
0.0
0.0
0.0
0.0
0.0
0.0
0.0
0.0
0.0
0.0
0.0
0.0
0.0
0.0
0.0
0.0
0.0
0.0
0.0
0.0
0.0
0.0
0.0
0.0
0.0
0.0
0.0
0.0
0.0
0.0
0.0
0.0
0.0
0.0
0.0
0.0
0.0
0.0
0.0
0.0
0.0
0.0
0.0
0.0
0.0
0.0
0.0
0.0
0.0
0.0
0.0
0.0
0.0
0.0
0.0
0.0
0.0
0.0
0.0
0.0
0.0
0.0
0.0
0.0
0.0
0.0
0.0
0.0
0.0
0.0
0.0
0.0
0.0
0.0
0.0
0.0
0.0
0.0
0.0
0.0
0.0
0.0
0.0
0.0
0.0
0.0
0.0
0.0
0.0
0.0
0.0
0.0
0.0
0.0
0.0
0.0
0.0
0.0
0.0
0.0
0.0
0.0
0.0
0.0
0.0
0.0
0.0
0.0
0.0
0.0
0.0
0.0
0.0
0.0
0.0
0.0
0.0
0.0
0.0
0.0
0.0
0.0
0.0
0.0
0.0
0.0
0.0
0.0
0.0
0.0
0.0
0.0
0.0
0.0
0.0
0.0
0.0
0.0
0.0
0.0
0.0
0.0
0.0
0.0
0.0
0.0
0.0
0.0
0.0
0.0
0.0
0.0
0.0
0.0
0.0
0.0
0.0
0.0
0.0
0.0
0.0
0.0
0.0
0.0
0.0
0.0
0.0
0.0
0.0
0.0
0.0
0.0
0.0
0.0
0.0
0.0
0.0
0.0
0.0
0.0
0.0
0.0
0.0
0.0
0.0
0.0
0.0
0.0
0.0
0.0
0.0
0.0
0.0
0.0
0.0
0.0
0.0
0.0
0.0
0.0
0.0
0.0
0.0
0.0
0.0
0.0
0.0
0.0
0.0
0.0
0.0
0.0
0.0
0.0
0.0
0.0
0.0
0.0
0.0
0.0
0.0
0.0
0.0
0.0
0.0
0.0
0.0
0.0
0.0
0.0
0.0
0.0
0.0
0.0
0.0
0.0
0.0
0.0
0.0
0.0
0.0
0.0
0.0
0.0
0.0
0.0
0.0
0.0
0.0
0.0
0.0
0.0
0.0
0.0
0.0
0.0
0.0
0.0
0.0
0.0
0.0
0.0
0.0
0.0
0.0
0.0
0.0
0.0
0.0
0.0
0.0
0.0
0.0
0.0
0.0
0.0
0.0
0.0
0.0
0.0
0.0
0.0
0.0
0.0
0.0
0.0
0.0
0.0
0.0
0.0
0.0
0.0
0.0
0.0
0.0
0.0
0.0
0.0
0.0
0.0
0.0
0.0
0.0
0.0
0.0
0.0
0.0
0.0
0.0
0.0
0.0
0.0
0.0
0.0
0.0
0.0
0.0
0.0
0.0
0.0
0.0
0.0
0.0
0.0
0.0
0.0
0.0
0.0
0.0
0.0
0.0
0.0
0.0
0.0
0.0
0.0
0.0
0.0
0.0
0.0
0.0
0.0
0.0
0.0
0.0
8.010619793097133e-05
7.994426742499513e-05
7.978299026647517e-05
7.96495420151334e-05
7.950299271979737e-05
7.936237996440029e-05
7.92061282912975e-05
7.905852589731426e-05
7.891414141414141e-05
7.876230661040787e-05
7.862959842740802e-05
7.850261862306406e-05
7.834973081271055e-05
7.820005809147171e-05
7.806662428764204e-05
7.794405843577408e-05
7.780630675692197e-05
7.767421216156235e-05
7.753741180119407e-05
7.739852500525203e-05
7.725501881711528e-05
7.712988672925205e-05
7.700515934567615e-05
7.688083470620537e-05
7.67341927562922e-05
7.659313725490195e-05
7.643757234270238e-05
7.62951094834821e-05
7.617057856995178e-05
7.60291082871728e-05
7.590050528050658e-05
7.578956485962689e-05
7.565686369875597e-05
7.554907992013382e-05
7.544404207622002e-05
7.531011630033673e-05
7.520574142117362e-05
7.50823224034924e-05
7.496412431193642e-05
7.483669563915882e-05
7.473123445323425e-05
7.462129691814043e-05
7.44902736985485e-05
7.43668196498385e-05
7.424849911962493e-05
7.412113511224057e-05
7.39918608953015e-05
7.388408642327137e-05
7.377429282070738e-05
7.366715076508597e-05
7.354177172634055e-05
7.343530349761859e-05
7.331992626110272e-05
7.321869377850298e-05
7.312232320066853e-05
7.301478027766478e-05
7.290299735466266e-05
7.27983693165273e-05
7.270083605961468e-05
7.258097963585085e-05
7.247052002774584e-05
7.238508867173362e-05
7.226179415711777e-05
7.215007215007214e-05
7.203424713921131e-05
7.19165767709457e-05
7.180812868016658e-05
7.170882120942048e-05
7.160099832249088e-05
7.148692810457515e-05
7.139069065393872e-05
5.091701544822248e-05
5.08393577972323e-05
5.076812168103404e-05
5.0690917201455835e-05
5.062470890792377e-05
5.054640665595082e-05
5.0477517313788436e-05
5.039814534825118e-05
5.0334219215591524e-05
5.026135906714917e-05
5.01856870420556e-05
5.0122298408115796e-05
5.005305623961399e-05
4.9982506122856994e-05
4.991962939667135e-05
4.987182939844599e-05
4.980327705563026e-05
4.9751243781094526e-05
4.968894719058692e-05
4.9622373735870024e-05
4.95427206880493e-05
4.946479096179339e-05
4.940467368213033e-05
4.934616333580064e-05
4.9276133597453406e-05
4.919323101141283e-05
4.91323231727689e-05
4.906145437775357e-05
4.900519455062236e-05
4.89346917603766e-05
4.8861526434085796e-05
4.879286453149091e-05
4.8731518571581724e-05
4.868312156175453e-05
4.86121238636916e-05
4.853850559648969e-05
4.8460882375746295e-05
4.839896232624772e-05
4.8345613119065574e-05
4.8283987098518644e-05
4.822112278062282e-05
4.8162596927226314e-05
4.8104212966971646e-05
4.805151122002786e-05
4.7989250407908626e-05
4.793128570880785e-05
4.786383695662579e-05
4.780343228643816e-05
4.7755491881566375e-05
4.769126582157743e-05
4.762312960158489e-05
4.756197325114624e-05
4.749826631327956e-05
4.74374300297907e-05
4.737270952949425e-05
4.730682258995392e-05
4.7251833371134795e-05
4.717426172280403e-05
4.711158850854133e-05
4.7054394880481836e-05
4.699468960007519e-05
4.6935135642542e-05
4.6887601042780244e-05
4.683358155131555e-05
4.678231254327364e-05
4.6736397371545006e-05
4.668664855224702e-05
4.6634395664866574e-05
4.657444925713753e-05
4.651855159837743e-05
4.6467969628535044e-05
4.642266911778359e-05
4.636584506389213e-05
4.6300154642516505e-05
4.62526132726499e-05
4.619364375461936e-05
4.6145043099470254e-05
4.60812504608125e-05
4.601255222424677e-05
4.5950391956843385e-05
4.590103736344441e-05
4.584422133590061e-05
4.579509442948471e-05
4.574858408132268e-05
4.5690891977593185e-05
4.5638343510683934e-05
4.558716265499635e-05
4.5536096463666745e-05
4.547893870348641e-05
4.541326067211625e-05
4.5358879454241956e-05
4.531448250860975e-05
4.527017238881645e-05
4.521367985097571e-05
4.514754216780438e-05
4.509623536627162e-05
4.504748004396633e-05
4.500612083243321e-05
4.496241142404949e-05
4.491636572701629e-05
4.487162228863222e-05
4.033776152315387e-05
4.029225314279575e-05
4.024900719115595e-05
4.020046632540937e-05
4.0164944036844645e-05
4.0125190594655326e-05
4.00812312954254e-05
4.00427122263748e-05
4e-05
3.996057223539441e-05
3.9920159680638724e-05
3.9877708361026186e-05
3.983428935627788e-05
3.978885381575108e-05
3.973615195104506e-05
3.969409087300537e-05
3.965107057890563e-05
3.962174441333404e-05
3.9580969469878884e-05
3.953610964681075e-05
3.949759064697053e-05
3.9456032827419314e-05
3.9421813403416556e-05
3.9386619052620525e-05
3.93401348055286e-05
3.93102363855548e-05
3.927421255203833e-05
3.923414940364093e-05
3.919211977111802e-05
3.9149158293096696e-05
3.910221318526629e-05
3.905741439916678e-05
3.901068892876648e-05
3.8978250136423874e-05
3.8938788224910444e-05
3.889638004356394e-05
3.8860103626943e-05
3.881987577639752e-05
3.87807337314822e-05
3.874867608690037e-05
3.870668077310144e-05
3.8669760247486464e-05
3.863092018851889e-05
3.85981164119191e-05
3.855842887255154e-05
3.8510911424903725e-05
3.848324695982349e-05
3.844280991311925e-05
3.8403440948308965e-05
3.837789433286427e-05
3.8340618050762975e-05
3.830145800883487e-05
3.826335391051477e-05
3.82262996941896e-05
3.818931717500891e-05
3.815046543567831e-05
3.811072435783429e-05
3.8073965022717464e-05
3.8030525835403886e-05
3.800065867808375e-05
3.79641112601554e-05
3.792283966223391e-05
5.893297636787648e-05
5.888538380651946e-05
5.8826001092482884e-05
5.8772658959052254e-05
5.8713503266987076e-05
4.190342099529005e-05
4.1867631296891747e-05
4.183085276376444e-05
4.1789947010347185e-05
4.175539688504739e-05
4.1712550472186066e-05
4.167083375004167e-05
4.163024020648599e-05
4.159180142410328e-05
4.156068691503333e-05
4.1520307582438566e-05
4.149033275246867e-05
4.1451120838307466e-05
4.141404101646622e-05
4.138216428719222e-05
4.13421309387971e-05
4.130422211758485e-05
4.1269448227477196e-05
4.1235753047322146e-05
4.120313143798928e-05
4.1171578435974076e-05
4.113601211044196e-05
4.110354805826839e-05
4.1068099121964035e-05
4.103271127743036e-05
4.099637592036864e-05
5.9798813853664934e-05
5.9745956917436e-05
5.970784053916999e-05
5.965221938942277e-05
5.959086382263147e-05
5.9532547177504856e-05
5.949179339233616e-05
5.945254790816618e-05
5.94061017390526e-05
5.93452511604842e-05
5.928308077116732e-05
5.923257304674506e-05
5.9189349160403144e-05
5.913468938086791e-05
5.909017322324754e-05
5.904142605263584e-05
5.900277232204199e-05
9.528654602420925e-05
9.521504074880982e-05
9.514824580501061e-05
9.508154451105524e-05
9.499887289472837e-05
9.491176423274295e-05
9.483624673498091e-05
9.475856641531556e-05
9.466961907512596e-05
9.460813790338745e-05
9.453310260847274e-05
9.446726068961101e-05
9.440830793109795e-05
9.433811419708671e-05
9.426802476532854e-05
9.41957835412825e-05
9.413942207968345e-05
9.405613078584695e-05
9.396625178177533e-05
9.388774844448688e-05
9.382951653944021e-05
0.0001295347081495609
0.00012945446459063003
0.00012935276005459796
0.00012926043996130116
0.00012916825155318877
0.00012907006208032432
0.0001289720217749082
0.00012887107358301115
0.00012874892380117372
0.00015742206705548562
0.00015727681282369334
0.0001571726929334211
0.00015705015705015703
0.00015691669926397523
0.0001568204540603691
0.00015668738621644855
0.00015656929312777442
0.00015645137791525174
0.00015631893541878018
0.00015618304742661575
0.0001560510586544061
0.0001559448964910164
0.00015585349325062824
0.00015575124874344664
0.0001556272749062167
0.00015552168836840366
0.00015538718233839896
0.00015526741364084285
0.00015513696727232314
0.00015502119881579792
0.00015489116565587974
0.00015478657525831946
0.0001546857253663536
0.00015457422330881845
0.00015448082932745507
0.0001543767921696906
0.0001542371008728317
0.00015410837925674718
0.00015400484298897361
0.00015387294679920018
0.00015376972653001426
0.00015367730188452843
0.0001535637008851913
0.000153457352376995
0.0001533299284423722
0.00015318506423677404
0.00015310039262135067
0.0001529911635547869
0.00019124291464716993
0.0001910715106468197
0.00019097495668609228
0.00019080841130687367
0.00019066838770549267
0.0001905198376325782
0.00019040639660801797
0.00019030615748325008
0.00019017556930134982
0.00019006688264186432
0.00018993662252217555
0.0001897892100594803
0.00018962040080930766
0.0001894821147766748
0.0001893526546786698
0.0001892190649587099
0.0001891028661106219
0.00018899110572785928
0.0001888365784888531
0.00018871228186222055
0.00018860526085533457
0.00018846845096420067
0.00018831477688581715
0.00018821672735739833
0.00018806346334054996
0.00018796142592317477
0.0001878085772370841
0.00018764327144114545
0.0001874993959426677
0.00018736418511066397
0.00018725025256262587
0.00018711540069059083
0.00018702280264274143
0.00018686727607231953
0.000186737169038849
0.0001866156199197745
0.0001864984121999442
0.00018638970821363717
0.0001862644378942517
0.000186131001685413
0.0001860144017335775
0.00018589794777609196
0.000185789942443425
0.00018566133076427388
0.00018554945913289102
0.00018541291009066752
0.0001853137278626513
0.00018517340120903592
0.00018506211664000963
0.00018496330925420377
0.0001848440576764276
0.00018471264805575654
0.00018455684160456634
0.0001844585728864914
0.00018430728013756542
0.00018415215651034826
0.0001840502438191374
0.00018392402863147246
0.00018380204961392094
0.00018367211686848506
0.0001835585763171589
0.00018341684787746997
0.00018332383115308168
0.00018320668358128142
0.0001830856538863233
0.0001829486800661381
0.00018284809470400285
0.0001827395866694297
0.00018261917313050678
0.00018249491240557766
0.00018237882149437819
0.00017863276507024725
0.00017850361597623011
0.0001783824640967498
0.0001782731778574502
0.00017817961046250676
0.0001780588978456018
0.00017795389423651953
0.00017784125043914626
0.0001777171192169229
0.00017762026220529412
0.00017751964284417384
0.00017742300090629865
0.0001773033109398526
0.0001771953425897446
0.0001770952039389451
0.00017697595568050409
0.00017684919032838549
0.0001767494424283369
0.0001766612976500227
0.0001765349825064253
0.00017642030720436193
0.00017633249031768702
0.00017623713628558862
0.0001761456933870727
0.00017602771999349797
0.0001759250976533381
0.00017583777295448566
0.00017573537190473108
0.00017562551835702378
0.0001755082404760366
0.00017544021549103264
0.00017529678021513043
0.0001751837074032778
0.0001750971169865694
0.00017501061212800016
0.0001748941537719282
0.00017480034857907033
0.0001747103902137675
0.00017463923881380047
0.0001745644051853076
0.00017447842575795118
0.00017439253098499671
0.00017430299177689215
0.00017421354446670902
0.0001740944240944241
0.0001740274904442532
0.00017391976108649534
0.0001738269979437414
0.00017373803837468114
0.00017363806763461516
0.00017354560466088112
0.00019119392802146725
0.00019109222479578666
0.00019097438452277162
0.00019086885811643
0.00019075534463907693
0.00021189632042443969
0.00021178391573910166
0.00021168509821744183
0.00021014637573203007
0.00021005732688431108
0.0002099550139617059
0.00020984835885883618
0.00020974181206045642
0.0002540501514936397
0.00025394275568653624
0.000253862268399732
0.0002537068042294524
0.00025354082881622666
0.00025335904079050437
0.0002532255393463108
0.00025308684700734585
0.0002529057091734705
0.0002528099176038069
0.0002526504261410577
0.00025250705578574436
0.0002523744504628866
0.0002523002523002523
0.00025217844998710626
0.00025064759786894603
0.00025052671519436043
0.00025040594906249974
0.00025026432860534247
0.0002501333413088883
0.0002500129540390694
0.00024987177763503187
0.0002497516419503125
0.0002496733548078292
0.00024960033107608684
0.00024950650616307926
0.0002493763107413703
0.0002492462511237937
0.0002491371058390827
0.00024900210594846085
0.0002488517016437702
0.000248696302067381
0.00024855660829697614
0.00024842740206722496
0.00024829833009724114
0.0002481384670007487
0.00024800969501430337
0.0002479119176564864
0.0002477782419299249
0.0002442306192539416
0.00024413445749652647
0.00024400804417788326
0.0002438716647543343
0.0002437757853984808
0.00024360943715782428
0.0002434835668275784
0.00024331761702161143
0.00024321715142971184
0.0002431017185149374
0.0002429563287472135
0.00024285115501540645
0.00024271106493649192
0.0002426410804883814
0.00024252120099949322
0.0002423964524289614
0.00024227183212931872
0.00024217720636747895
0.00024205281134458676
0.00024193351228981173
0.00024183915057175313
0.00024174486243310245
0.0002416407347284814
0.00024152184142343643
0.00024143274819559763
0.00024132888913600554
0.00024120536384571439
0.00024108689847649454
0.00024098826618975538
0.0002408847891089697
0.00024081585374281764
0.0002407076064187398
0.00024060928417279134
0.00024052577339633282
0.00024042269302570115
0.00024030009343924412
0.00024019720637250764
0.00024009930056763978
0.00024001125355918064
0.0002399281573245974
0.00023844418079884617
0.00023835684927126755
0.00023826473536633206
0.00023819206413757047
0.0002380807209781053
0.00023800816193843136
0.0002379211494492996
0.00023783902938472206
0.00023775696598915598
0.0002376412081447177
0.00023756409884984213
0.00023741484190198243
0.00023734268810855246
0.00023718410403704703
0.0002370689032093926
0.0002369921648078196
0.0002368915210169002
0.00023680053597779853
0.0002366952721562651
0.00023660921679463765
0.0002364993481847233
0.0002364038931685041
0.0002363085151756176
0.00023616083128612616
0.00023606089219502087
0.00023595153210235695
0.00023584702156849777
0.0002357473478423368
0.0002356382780014426
0.00023556719985291417
0.00023544883151339045
0.000235354222455663
0.00023526913928793787
0.0002351841176150036
0.0002350472674321946
0.00023494826840260967
0.00023486347844268332
0.00023475052031593987
0.0002346893800193476
0.0002346235722297251
0.00023449676137094817
0.00023437008751722052
0.00023425291887707152
0.00023416394903221755
0.00023404231028301996
0.00023393014047219657
0.0002304775971023501
0.0002303718439057385
0.00023030751989667027
0.00023021110120649603
0.00022680707827880945
0.00022669865109559945
0.0002544587158746592
0.00025435237280249125
0.00025427646786870087
0.00025412984671728436
0.0002540692253444465
0.0002538976217436259
0.0002961357686056373
0.00029602409023630886
0.00029595947282927616
0.0002958185872679
0.00029573060188542417
0.0002956192288415634
0.00029552550605912206
0.00029546695949215904
0.0002953148469256423
0.0002951745742728781
0.0002950694572022102
0.000294946915205587
0.00029485944750569804
0.00029470213630820646
0.00029458571767175697
0.00029445776336200813
0.0002943183035538089
0.0002942079915232027
0.00029408036506528074
0.0002939644370609187
0.0002938601799752864
0.0002937502110274504
0.0002936287621185146
0.00029353051986391875
0.0002934034803723189
0.0002933226942981889
0.00029320159856656994
0.00029305180897737826
0.00029299999438697327
0.00029289066817787774
0.0002927929191229674
0.000292666517156313
0.0002925689176351239
0.0002793979497121043
0.0002792938868056975
0.00027920084357474127
0.0002790914602863672
0.00027897670003757604
0.0002788565761967206
0.0002787801875989404
0.00027867113360101407
0.0002785621648898087
0.0002784804942656473
0.00027836623581304433
0.0002782466370006649
0.0002781325703279399
0.0002780185971397164
0.00027789387648954645
0.00027776926768991963
0.0002776664142426537
0.00027755822971283113
0.00027744472664925217
0.0002773367147649358
0.0002772557610262911
0.0002771263332999892
0.00027703472841430024
0.00027692165301494747
0.0002768301833722394
0.00027673877413602374
0.00027660982852409426
0.0002765239315196616
0.00027640054799734314
0.0002763094222251774
0.0002761969380172346
0.0002761059464288021
0.0002760203620368679
0.0003082073344492246
0.00030810589549844567
0.00030795684181136125
0.00030784961242452295
0.0003070503737544205
0.00030696134956224646
0.00030687237697730254
0.00030677160371179844
0.0003066649747219786
0.00030657617383742365
0.00030646968063745695
0.00030634553203997655
0.0003062628221728774
0.000306132939720726
0.00030600906374072455
0.00030590296409423835
0.0003058146039081915
0.00030572629475315014
0.00030563803658491885
0.0003055028063203813
0.00030543229889320864
0.000305320728668289
0.0003051975090026402
0.0003050978325703601
0.0003049982212247668
0.0003048401485901486
0.0003047407054084851
0.00030464717107468747
0.00030453033386934326
0.00030441358624762565
0.0003043319161595229
0.0003042153205936897
0.0003041279325319312
0.0003039882160130237
0.0003038544414226037
0.0003037556402003057
0.00030363368030423464
0.00030354662603601786
0.0003034422267837126
0.00030333210545224683
0.00030322785368324106
0.0003031178878636506
0.0003030080017735281
0.0003029501989842312
0.00030284043441938184
0.00030274806277551437
0.0003026672837993593
0.00030255772411271663
0.00030243096457794336
0.00030236186777130746
0.0003022237688346125
0.0003021777638845473
0.0003020743039383787
0.0003019823989988854
0.00030190202803932065
0.0003017758172152472
0.00030166690184925887
0.00030158097155191674
0.00030152371187894934
0.00030143786312642135
0.0003013406269511467
0.0002980876323441341
0.000297968935384082
0.00029787856303381197
0.00029461313640723565
0.0002945517400655321
0.0002944847914163771
0.00029440114838990075
0.00029429526874160604
0.00029420616598454087
0.0002940670508902621
0.00028136195392146536
0.00028126091292342146
0.0002812077625940584
0.0002811493204283546
0.0002810484320645233
0.0002809476160808122
0.00028085747359490377
0.0002807779841308776
0.00028068795044802286
0.0002806032655934602
0.0002805450743915763
0.0002805186318231108
0.0002804340490907655
0.0002803442358085262
0.00028027031511352067
0.00028022281524842536
0.00028013841078600117
0.00028003824650355447
0.00027994868652555464
0.0002798644470953205
0.0002797644785951078
0.00027966458148754713
0.00027953849759462714
0.0002794282674106165
0.0002793338535647022
0.00027927094643806667
0.0002792133064573773
0.00027878268170896195
0.00027873562448479456
0.0002786206625654705
0.00027853711344162456
0.000278464049051072
0.00027840145293267076
0.00027829197741563856
0.00027821383331595056
0.00027812011830575747
0.00027805767669937255
0.00027795886814365156
0.0002778861067631121
0.00027780299753083783
0.0002776939920758004
0.000277616183395688
0.0002775280529197356
0.0002917356672186711
0.00029163767617554776
0.00029153975093871003
0.00029145819679555834
0.0002913821207504555
0.0002913060844095327
0.0002912409419807579
0.0002911378593649789
0.00029105652988251323
0.0002909806633507993
0.000290899421657914
0.00029080740256357093
0.0002907100340136055
0.0002906235389127386
0.00028744942855372306
0.0002873586106251001
0.000287278524802214
0.00028720381829825325
0.00027474398052474596
0.00027465217648811184
0.00027459100787361216
0.0002745196789171184
0.0002744076653975202
0.00027434151854697006
0.0002742754035785569
0.00027421440265476966
0.00027414326919598464
0.00027407217263283065
0.0002739554511579842
0.0002738895221169977
0.000273828692699341
0.00027371217847408323
0.0002736615510365141
0.00027359070407999736
0.00027348955775145285
0.000273393537986919
0.0002733177805223915
0.00027327234619305325
0.00027323197280167865
0.0002731260493859719
0.00027302020806477267
0.000272929552200522
0.00027284901973698654
0.0002727836220959124
0.0002726880973005897
0.00027260770724371413
0.00026945241165171174
0.00026939782745384855
0.00026931351354194614
0.0002692094338977793
0.0002691499959259522
0.00026907573535981
0.00026899656924297434
0.00026896194871336906
0.0002689174496961548
0.000268828495820557
0.00026875441253277417
0.0002687050463542446
0.0002686754353512853
0.00030713223472141716
0.00030704767498570954
0.0003069687945642144
0.00030688432478896785
0.0003067999014886738
0.0003066986548212714
0.00030659747495640605
0.00030653567567426066
0.0003064009273141643
0.0003063335975493312
0.00030502342813555633
0.00030495643541747833
0.00031589753242633706
0.00031580506333524997
0.0003157299720502764
0.0003156549164668245
0.0003155279805861074
0.0003154530209956829
0.0003153435287158342
0.0003152744148506861
0.0003151765553854327
0.000315124772023527
0.00031506725490809597
0.0003149925140399767
0.0003149235539361969
0.0003148431386343364
0.00031473980785677385
0.0003146365448827947
0.0003145792058372016
0.00031450469631426526
0.0003144588618410894
0.0003143557831057831
0.0003142871014839553
0.00031421273025292174
0.00031412124473467805
0.00031405837933747114
0.00031394985289825517
0.00031387564117217186
0.00031381287403248247
0.0003137558347766102
0.0003136646150837636
0.0003135962351149925
0.00031349372104507134
0.00031341403420492695
0.00031338558443601836
0.0003133173260591854
0.0003132377288579655
0.0003131808984706405
0.00031309569154417067
0.0003129935044134243
0.0003128857125594483
0.00031278933013037063
0.00031269867148352013
0.00031225746365188596
0.0003121952733583883
0.0003121500596110926
0.00031204837654699215
0.0003119524033516146
0.0003118903345004458
0.00031182265119006716
0.0002997015038454949
0.00029961483011641167
0.0002995336190131998
0.00029944704234754094
0.0002993983649632525
0.0002993280811186839
0.00029925242771863223
0.00029917141292960234
0.0002991174274354526
0.00029905806589071367
0.0002989717638732861
0.00029889629045747187
0.00029886934490003204
0.00029883701664335893
0.0002987454578847002
0.0002986700986700987
0.0002986324333181486
0.0002985732640979588
0.00029849799171991783
0.00029842812991611264
