0.0
0.0
0.0
0.0
0.0
0.0
0.0
0.0
0.0
0.0
0.0
0.0
0.0
0.0
0.0
0.0
0.0
0.0
0.0
0.0
0.0
0.0
0.0
0.0
0.0
0.0
0.0
0.0
0.0
0.0
0.0
0.0
0.0
0.0
0.0
0.0
0.0
0.0
0.0
0.0
0.0
0.0
0.0
0.0
0.0
0.0
0.0
0.0
0.0
0.0
0.0
0.0
0.0
0.0
0.0
0.0
0.0
0.0
0.0
0.0
0.0
0.0
0.0
0.0
0.0
0.0
0.0
0.0
0.0
0.0
0.0
0.0
0.0
0.0
0.0
0.0
0.0
0.0
0.0
0.0
0.0
0.0
0.0
0.0
0.0
0.0
0.0
0.0
0.0
0.0
0.0
0.0
0.0
0.0
0.0
0.0
0.0
0.0
0.0
0.0
0.0
0.0
0.0
0.0
0.0
0.0
0.0
0.0
0.0
0.0
0.0
0.0
0.0
0.0
0.0
0.0
0.0
0.0
0.0
0.0
0.0
0.0
0.0
0.0
0.0
0.0
0.0
0.0
0.0
0.0
0.0
0.0
0.0
0.0
0.0
0.0
0.0
0.0
0.0
0.0
0.0
0.0
0.0
0.0
0.0
0.0
0.0
0.0
0.0
0.0
0.0
0.0
0.0
0.0
0.0
0.0
0.0
0.0
0.0
0.0
0.0
0.0
0.0
0.0
0.0
0.0
0.0
0.0
0.0
0.0
0.0
0.0
0.0
0.0
0.0
0.0
0.0
0.0
0.0
0.0
0.0
0.0
0.0
0.0
0.0
0.0
0.0
0.0
0.0
0.0
0.0
0.0
0.0
0.0
0.0
0.0
0.0
0.0
0.0
0.0
0.0
0.0
0.0
0.0
0.0
0.0
0.0
0.0
0.0
0.0
0.0
0.0
0.0
0.0
0.0
0.0
0.0
0.0
0.0
0.0
0.0
0.0
0.0
0.0
0.0
0.0
0.0
0.0
0.0
0.0
0.0
0.0
0.0
0.0
0.0
0.0
0.0
0.0
0.0
0.0
0.0
0.0
0.0
0.0
0.0
0.0
0.0
0.0
0.0
0.0
0.0
0.0
0.0
0.0
0.0
0.0
0.0
0.0
0.0
0.0
0.0
0.0
0.0
0.0
0.0
0.0
0.0
0.0
0.0
0.0
0.0
0.0
0.0
0.0
0.0
0.0
0.0
0.0
0.0
0.0
0.0
0.0
0.0
0.0
0.0
0.0
0.0
0.0
0.0
0.0
0.0
0.0
0.0
0.0
0.0
0.0
0.0
0.0
0.0
0.0
0.0
0.0
0.0
0.0
0.0
0.0
0.0
0.0
0.0
0.0
0.0
0.0
0.0
0.0
0.0
0.0
0.0
0.0
0.0
0.0
0.0
0.0
0.0
0.0
0.0
0.0
0.0
0.0
0.0
0.0
0.0
0.0
0.0
0.0
0.0
0.0
0.0
0.0
0.0
0.0
0.0
0.0
0.0
0.0
0.0
0.0
0.0
0.0
0.0
0.0
0.0
0.0
0.0
0.0
0.0
0.0
0.0
0.0
0.0
0.0
0.0
0.0
0.0
0.0
0.0
0.0
0.0
0.0
0.0
0.0
0.0
0.0
0.0
0.0
0.0
0.0
0.0
0.0
0.0
0.0
0.0
0.0
0.0
0.0
0.0
0.0
0.0
0.0
0.0
0.0
0.0
0.0
0.0
0.0
0.0
0.0
0.0
0.0
0.0
0.0
0.0
0.0
0.0
0.0
0.0
0.0
0.0
0.0
0.0
0.0
0.0
0.0
0.0
0.0
0.0
0.0
0.0
0.0
0.0
0.0
0.0
0.0
0.0
0.0
0.0
0.0
0.0
0.0
0.0
0.0
0.0
0.0
0.0
0.0
0.0
0.0
0.0
0.0
0.0
0.0
0.0
0.0
0.0
0.0
0.0
0.0
0.0
0.0
0.0
0.0
0.0
0.0
0.0
0.0
0.0
0.0
0.0
0.0
0.0
0.0
0.0
0.0
0.0
0.0
0.0
0.0
0.0
0.0
0.0
0.0
0.0
0.0
0.0
0.0
0.0
0.0
0.0
0.0
0.0
0.0
0.0
0.0
0.0
0.0
0.0
0.0
0.0
0.0
0.0
0.0
0.0
0.0
0.0
0.0
0.0
0.0
0.0
0.0
0.0
0.0
0.0
0.0
0.0
0.0
0.0
0.0
0.0
0.0
0.0
0.0
0.0
0.0
0.0
0.0
0.0
0.0
0.0
0.0
0.0
0.0
0.0
4.234536882816249e-05
4.22964132641552e-05
4.223686433519176e-05
4.2184599808763145e-05
4.2132464468288296e-05
4.20816383784542e-05
4.2036824258050054e-05
4.198387819077474e-05
4.1943962865611544e-05
4.1897100720630135e-05
4.1848008034817545e-05
4.179320721072135e-05
4.1750167000668006e-05
4.170605571929044e-05
4.1659723379436764e-05
4.160887656033287e-05
4.155354867305668e-05
4.150296054451884e-05
4.1454786646031395e-05
4.1401010184648506e-05
4.135193251364614e-05
4.129614844588828e-05
4.124958750412496e-05
4.1201999670384e-05
4.115339241131444e-05
4.1100394563787814e-05
4.105539741624699e-05
4.101161995898838e-05
4.096234195363063e-05
4.091987887715852e-05
4.086748038360942e-05
4.081965874765287e-05
4.076308495026904e-05
4.071108698602253e-05
4.067245119305857e-05
4.062068405231944e-05
4.057673059755999e-05
4.053177691309987e-05
4.049566696363489e-05
4.0456347600938586e-05
4.0407305640859865e-05
4.035946833127052e-05
4.0312827541723776e-05
4.026953743724664e-05
4.0220947069233656e-05
4.016817074150443e-05
4.012411726942007e-05
4.0087658346250464e-05
4.0038436899423444e-05
3.9997866780438376e-05
3.994461014060503e-05
3.989892272908631e-05
3.986393111512703e-05
3.9819485001327314e-05
3.97793571655882e-05
3.9732994278448824e-05
3.969514131470308e-05
3.965107057890563e-05
3.961546587787872e-05
3.9575747981636853e-05
3.952777484979446e-05
3.9487192987074526e-05
3.9446694367012044e-05
3.940731399747793e-05
3.936904543187843e-05
3.932260263199287e-05
3.927935477113229e-05
3.9237228282194143e-05
3.920441180314158e-05
3.917165017104954e-05
3.91379220372593e-05
3.90940603091037e-05
3.9054363674234535e-05
3.9009674399251015e-05
3.898027598035394e-05
3.8940809968847354e-05
3.890142379211079e-05
3.885809025439096e-05
3.881083598540712e-05
3.8768705900597035e-05
3.872966692486444e-05
3.868871063423693e-05
3.865680488622014e-05
3.861699662744896e-05
3.8575286100038574e-05
3.853960586829732e-05
3.850399158046051e-05
3.8470416249903824e-05
3.843788437884379e-05
3.840245775729647e-05
3.83670963781461e-05
3.833571866693928e-05
3.829852423019966e-05
3.8258474252046826e-05
3.821071938047687e-05
3.81640545491553e-05
3.812137846904544e-05
3.8090401218892836e-05
3.805175038051751e-05
3.8018958787448674e-05
3.798141442787329e-05
3.794970399230886e-05
3.791804646224627e-05
3.787783136789475e-05
3.7841519715431775e-05
3.780813631093411e-05
3.776910487221453e-05
3.7736798410022895e-05
3.770075652851434e-05
3.7665729208517475e-05
3.76335992774349e-05
3.7601524115110796e-05
3.756385855955124e-05
3.7532841236081574e-05
3.749250149970006e-05
3.745131329271946e-05
3.741581441756049e-05
3.738690461354403e-05
3.735338795228727e-05
3.731621762818121e-05
3.727541562088417e-05
3.723655139885311e-05
3.720699491504403e-05
3.716919417187035e-05
3.71415837171297e-05
3.7109423319561615e-05
3.70699881376038e-05
3.7028808412945274e-05
3.699593044765076e-05
3.696311081540623e-05
3.6918533103618014e-05
3.68903863653132e-05
3.685594240644733e-05
3.682337056585246e-05
3.679536868959427e-05
3.676290377922651e-05
3.6732295033793715e-05
3.6699043378269274e-05
3.666854083653164e-05
3.663808895727999e-05
3.6603221083455344e-05
3.656752803510483e-05
3.653457388508659e-05
3.650612085959746e-05
3.647948636883193e-05
3.6439607423962686e-05
3.6405999708752e-05
3.637245392822502e-05
3.634161114476075e-05
3.631521607553565e-05
3.628710356339357e-05
3.625815808556925e-05
3.622575892964958e-05
3.61907978864574e-05
3.616026228243575e-05
3.613325946089177e-05
3.610108303249098e-05
3.606983119319002e-05
3.603949929122318e-05
3.601181187429477e-05
3.5979851283281364e-05
3.594622444822545e-05
3.5913520243254245e-05
3.589203675344564e-05
3.586800573888092e-05
3.5837155963302754e-05
3.580635920939559e-05
3.5773055734420833e-05
3.574918372697157e-05
3.572194041580339e-05
3.568454859046033e-05
3.56574036655811e-05
3.5629453681710215e-05
3.560070252052974e-05
3.5577059911768894e-05
3.555092076884791e-05
3.552734421259563e-05
3.5501278046009656e-05
3.547105561861521e-05
3.544674717016802e-05
3.541578127213486e-05
3.538820864887819e-05
3.535984535960963e-05
3.533652147282621e-05
3.529660917241217e-05
3.5268392466671367e-05
3.52410487736115e-05
3.521540086864655e-05
3.518648838845883e-05
3.516009563546013e-05
3.512551517422256e-05
3.509921377761138e-05
3.5074591965580135e-05
3.505246185123735e-05
3.5027087614421816e-05
3.499930001399972e-05
3.497726477789437e-05
3.494874184529357e-05
3.492595697122101e-05
3.489589391648249e-05
3.487317787645595e-05
3.485373051095569e-05
3.4825408618127784e-05
3.479874724509918e-05
3.4768902693430994e-05
3.4743937182961575e-05
3.471498993265292e-05
3.468288284122176e-05
3.46612441075885e-05
3.463403371045948e-05
3.461085858003184e-05
3.45845245780688e-05
3.455584224106156e-05
3.452879701671194e-05
3.4497826636921876e-05
3.446928786451272e-05
3.444712366517396e-05
3.4420248284724295e-05
3.4391837670526195e-05
3.436977293036684e-05
3.4342231787169744e-05
3.4314734747100405e-05
3.4288065467346335e-05
3.4266916434413125e-05
3.424579347503482e-05
3.42168894566358e-05
3.419271011420365e-05
3.416856492027335e-05
3.415378310070812e-05
3.4127363319909904e-05
3.4102534955098326e-05
3.408316291751875e-05
3.405762550234998e-05
3.403521510255945e-05
3.401437674323681e-05
3.399279352777211e-05
3.397046833952351e-05
3.3945867656377296e-05
3.3925138527648985e-05
3.3904434700058765e-05
3.388069478011429e-05
3.385316752804171e-05
3.383484086346514e-05
3.381882130134824e-05
3.379139445821131e-05
3.3770093205457245e-05
3.3744263475209214e-05
3.371771528761211e-05
3.3697263782180885e-05
3.367683707146225e-05
3.3658700774150116e-05
3.363907514969388e-05
3.3622486719117745e-05
3.360215053763441e-05
3.3580335355615755e-05
3.3564555829044526e-05
3.354503980678057e-05
3.352854396709732e-05
3.3506075768406e-05
3.348363766239564e-05
3.3458990430728734e-05
3.3429908624916424e-05
3.3408316443573354e-05
3.338675213675214e-05
3.336966919534604e-05
3.3345189400675794e-05
3.33207454961459e-05
3.330373001776199e-05
3.328303896334428e-05
3.326163602900415e-05
3.324320730464075e-05
3.322627090486211e-05
3.320494089520521e-05
3.3188043454211564e-05
3.3171163202122956e-05
3.315210184325686e-05
3.3129403449875214e-05
3.311185183550032e-05
3.309431880860452e-05
3.3073887063700306e-05
3.305566574110803e-05
3.303309916536369e-05
3.301201637396012e-05
3.298805832288711e-05
3.296341061421822e-05
3.293807641633728e-05
3.292000438933392e-05
3.290123050602092e-05
3.287310979618672e-05
3.285438934641668e-05
3.283137804237437e-05
3.281270507940675e-05
3.279405334499344e-05
3.2774706666375334e-05
3.275538280124034e-05
3.273393854748603e-05
3.27075292732387e-05
3.26925591735321e-05
3.26726203441516e-05
3.2657682175437066e-05
3.263636561432519e-05
3.2618623059191925e-05
3.2599482754873624e-05
3.258107256890897e-05
3.25577357180066e-05
3.253796095444685e-05
3.251609546725629e-05
3.249637123854503e-05
3.2470343752705865e-05
3.245067497403946e-05
3.2434536294246115e-05
3.242191721603804e-05
3.239670849441697e-05
3.2376429958989856e-05
3.235687475732344e-05
3.2342223851312015e-05
3.232131698592945e-05
3.230391523452642e-05
3.228583727938011e-05
3.226500322650032e-05
3.224419604471195e-05
3.2225492512943905e-05
3.221096031609689e-05
3.218400669427339e-05
3.2169511881273056e-05
3.214538285150976e-05
3.212679374598415e-05
3.210753885012201e-05
3.208762059597407e-05
3.206635597930651e-05
3.204922761361451e-05
3.203211753651661e-05
3.201844262295082e-05
3.200273089970344e-05
3.1986352489604435e-05
3.196999083526929e-05
3.1953645910998444e-05
3.1933918078855486e-05
3.1915572671758974e-05
3.189792663476874e-05
3.188165529554294e-05
3.186336986999745e-05
3.184780993227032e-05
3.18315896695881e-05
3.181066293421555e-05
3.1795154418466623e-05
3.177494863049971e-05
3.175947491001482e-05
3.1744688055532044e-05
3.1728572637278956e-05
3.171247357293869e-05
3.1696390837629956e-05
3.167965532535006e-05
3.16629374762528e-05
3.165024370687654e-05
3.1634891175974354e-05
3.162355322244007e-05
3.160889263512802e-05
3.159757330637007e-05
3.158160687215766e-05
3.156100742735708e-05
3.153977165205324e-05
3.152717642607928e-05
3.1509295242096416e-05
3.1490112104799095e-05
5.245929158972637e-05
5.242518925493321e-05
5.239442523315519e-05
5.237137590078767e-05
5.234944300192646e-05
5.2323147760569277e-05
5.228812850330461e-05
5.226080230783703e-05
5.22378703665009e-05
5.221059666269866e-05
5.2183351423561826e-05
5.2153958485449043e-05
5.2124598640590466e-05
5.2096357422689004e-05
5.206706237634073e-05
5.203671710759112e-05
5.200857101250286e-05
5.197721318973762e-05
5.19588485919152e-05
5.194049696667498e-05
5.191353281973545e-05
5.1888750518887505e-05
5.186184005808526e-05
5.183065887133557e-05
5.1801661797310455e-05
5.177805852991736e-05
5.1753405374073614e-05
5.172235440157236e-05
5.170203085577201e-05
5.167851827352406e-05
5.1637955963151155e-05
4.816756808829804e-05
4.8150670326117616e-05
4.812187207831491e-05
4.809707363661974e-05
4.806140874854958e-05
4.804260692911657e-05
4.800899825795921e-05
4.79783960136807e-05
4.795177421564598e-05
4.792911967901184e-05
4.790648653827728e-05
4.7874050213039526e-05
4.78534317746787e-05
4.7827928777381496e-05
4.780245294872846e-05
4.778091766665302e-05
4.7761356968381983e-05
4.773692860601349e-05
4.771935565235768e-05
4.769984531621591e-05
4.7679376626207315e-05
4.765795206971678e-05
4.763946453241866e-05
4.761807582158187e-05
4.759573542210618e-05
4.7572446039254066e-05
4.756080989264846e-05
4.754046032748586e-05
4.7518192679483007e-05
4.7493045661171046e-05
4.7469856641032946e-05
4.745054974851209e-05
4.7432222741718e-05
4.7411019675573166e-05
4.739176060390644e-05
4.737059368888348e-05
4.734656331588275e-05
4.732735656430436e-05
4.731008380643418e-05
4.729186512360067e-05
4.726982969355645e-05
4.724494479090738e-05
4.722199735556815e-05
4.720193662802851e-05
4.7184755279637085e-05
4.716091303527637e-05
4.7146619250638166e-05
4.712757434374853e-05
4.709903581545252e-05
4.707622986650527e-05
4.705534380650843e-05
4.7039217267424675e-05
4.702404944242913e-05
4.700605035019508e-05
4.698995757478117e-05
4.69682025268893e-05
4.6954970183593935e-05
4.6927584033895125e-05
4.690494378107453e-05
4.688703573461938e-05
4.686819992634998e-05
4.6851260633562905e-05
4.683433358088624e-05
4.680896592307281e-05
4.679300778769344e-05
4.67733098130404e-05
4.675456524933542e-05
4.6741452991452995e-05
4.672086286759308e-05
4.669935621601788e-05
4.667880315548709e-05
4.666386683465659e-05
4.664707489521068e-05
4.662656781834289e-05
4.660700969425802e-05
4.658467763403078e-05
4.657166047928892e-05
4.655307715840017e-05
4.65345086620664e-05
4.6518737082743545e-05
4.650390300614516e-05
4.648444763194943e-05
4.647148642368718e-05
4.644558567883541e-05
4.6422484398729357e-05
4.639848343242724e-05
4.638372593844217e-05
4.6362528479838925e-05
4.634871448529753e-05
4.632478971854381e-05
4.6306402852474415e-05
4.628711234543411e-05
4.626783790393475e-05
4.625132972572962e-05
4.623941447690011e-05
4.6223842257836596e-05
4.6202790648555174e-05
4.619090039262265e-05
4.6171705978576335e-05
4.615800544664465e-05
4.613975071351829e-05
4.611877561239146e-05
4.610237361363577e-05
4.607688256977357e-05
4.6059601123854274e-05
4.604142412702171e-05
4.601781546855997e-05
4.599513765687628e-05
4.597429380200842e-05
4.596071015863011e-05
4.59426111154866e-05
4.59227186249426e-05
4.5904649485212146e-05
4.5887496968147525e-05
4.586765216593606e-05
4.585052728106374e-05
4.5828914116614945e-05
4.581811517365066e-05
4.579743141834646e-05
4.577766442356111e-05
4.5757914484994677e-05
4.574445838561272e-05
4.572115321811603e-05
4.570324231859078e-05
4.568623995718547e-05
4.567014412192624e-05
7.825644637477012e-05
7.822277847309137e-05
7.818913952851948e-05
7.814942169427946e-05
7.810974419058778e-05
7.808382298397329e-05
7.805639574592643e-05
7.802137785753296e-05
7.799247372628541e-05
7.795599384147649e-05
7.793321123796907e-05
7.790285513964086e-05
7.788465282916001e-05
7.78649432559226e-05
7.78422138325614e-05
7.781344227215252e-05
7.778469197261979e-05
7.775142868250205e-05
7.771366400497368e-05
7.76940408670655e-05
7.766085504601405e-05
7.763071070915654e-05
7.75990843308049e-05
7.758252841460103e-05
7.755394846540125e-05
7.75208821876393e-05
7.749384892574152e-05
7.747283608684705e-05
7.743684057690446e-05
7.7408367844564e-05
7.737991604279109e-05
7.735298099050492e-05
7.732755954222085e-05
7.729767334003247e-05
7.728124577368188e-05
7.725437935762984e-05
7.723051377599289e-05
7.72021925422682e-05
7.718282682103232e-05
7.715305236763429e-05
7.71188401326444e-05
7.709060072850617e-05
7.706980597676346e-05
7.704605427894524e-05
7.701193685021179e-05
7.698673903420136e-05
7.696007696007696e-05
7.693343334679668e-05
7.69127232872498e-05
7.688315682241913e-05
7.685508972831726e-05
7.683589773142012e-05
7.681081496274676e-05
7.678132678132678e-05
7.676364473785215e-05
7.67430259775143e-05
7.671211859693535e-05
7.668123610152595e-05
7.664450363103335e-05
7.661514298301059e-05
7.658287224062339e-05
7.654916370038657e-05
7.653305271214005e-05
7.651255762351997e-05
7.648914810211302e-05
7.64657529009195e-05
7.644675483525724e-05
7.641754546843955e-05
7.639711218915926e-05
7.637523151242052e-05
7.634607676598019e-05
7.631403224267862e-05
7.628783399767322e-05
7.625438462711606e-05
7.62296800259181e-05
7.619483018077224e-05
7.61716146478015e-05
7.614986293024673e-05
7.612957253245023e-05
7.61049487242908e-05
7.608757680089783e-05
7.60600874691006e-05
7.603261799311905e-05
7.60008360091961e-05
7.597196634441891e-05
7.594888639945317e-05
8.541979081642338e-05
8.539547593745255e-05
8.536793580331228e-05
8.533232198729497e-05
8.529835468951399e-05
8.527895694360218e-05
8.524987686128898e-05
8.523857329570208e-05
8.521436146038479e-05
8.517565112053302e-05
8.515630913632579e-05
8.51385866994608e-05
8.511121198365865e-05
8.507902896468275e-05
8.504847763225038e-05
8.501794823351596e-05
8.499386155444328e-05
8.496337134657504e-05
8.49409188719846e-05
8.491847826086956e-05
8.488804210446888e-05
8.485922796960154e-05
8.48288342633087e-05
8.479047331926439e-05
8.476012883539582e-05
8.472502023986595e-05
8.470109923204337e-05
8.467241184661122e-05
8.465011286681715e-05
8.462941718541365e-05
8.459918784779667e-05
8.332236986361444e-05
8.330201678566956e-05
8.327698048939315e-05
8.326134044497866e-05
8.321914165399609e-05
8.319259398261087e-05
8.317698561601001e-05
8.315046482985415e-05
8.312396095048812e-05
8.310370467567687e-05
8.307878742449513e-05
8.306010928961748e-05
8.303055274625114e-05
8.301345067565459e-05
8.298082082381862e-05
8.294200919221966e-05
8.292804589100886e-05
8.290323384945272e-05
8.28737888276163e-05
8.285210587627004e-05
8.281960271498848e-05
8.279330930459846e-05
8.277630481596276e-05
8.275312813046373e-05
8.273305216536659e-05
8.270527075093899e-05
8.268059181897302e-05
8.266055102890634e-05
8.94754501733587e-05
8.944377154570019e-05
8.941711219984726e-05
8.93854748603352e-05
8.936550491510278e-05
8.93355667225014e-05
8.93222672968849e-05
8.929235806235585e-05
8.927907149765644e-05
8.925748926120833e-05
8.923923551721575e-05
8.921767253396779e-05
8.918286202668055e-05
8.915635796277723e-05
8.912986964756565e-05
8.910505114258666e-05
8.907859330054747e-05
0.00010327959083965692
0.00010326043270449588
0.0001032393669634026
0.00010322022374683235
0.00010318004609120625
0.00010315901313269834
0.00010312079335087007
0.00010309023791004608
0.0001030711499530934
0.00010303680943743138
0.00010301011596348387
0.00010298153115653813
0.00010295677048654784
0.0001029339250493097
9.058808304523861e-05
9.056129521134051e-05
9.054121473050132e-05
9.051947092292916e-05
9.048938134810714e-05
9.046766242637966e-05
9.044428447496172e-05
9.04225871932091e-05
9.040757209542614e-05
9.038589242234194e-05
9.036755620308727e-05
9.034922742191248e-05
9.031758612426965e-05
9.029095800549118e-05
9.026434558349455e-05
8.716041198639808e-05
8.712672029254946e-05
8.710267073963664e-05
8.707703251284694e-05
8.705461144216388e-05
8.703380221261992e-05
8.701780188130039e-05
8.699860924758457e-05
8.697942507825087e-05
8.695865177346661e-05
8.692351954554917e-05
8.689001070827598e-05
8.68708743981745e-05
8.68517465152266e-05
8.682625577058304e-05
8.681033165214735e-05
8.678963902844501e-05
8.677372833712206e-05
8.676100398367429e-05
8.673238782814773e-05
8.671173234164424e-05
8.669108669108671e-05
8.667362497177006e-05
8.665458384441232e-05
8.662128199497354e-05
8.659751062649032e-05
8.657850292354876e-05
8.655475502566167e-05
8.65357660852926e-05
8.651678547492842e-05
8.648516962056156e-05
8.646621119676545e-05
8.642989744057946e-05
8.640938576314093e-05
8.639361417341999e-05
8.637784833996376e-05
8.635421037588408e-05
8.632113895271792e-05
8.63053995575329e-05
8.628966590099782e-05
8.626293184620901e-05
8.623778551083744e-05
8.621893537830078e-05
8.620166332786987e-05
8.618282898170741e-05
8.616243439216045e-05
8.613734660576394e-05
8.611227342466087e-05
8.609974230710931e-05
0.00011032910809221577
0.00011031105292506125
0.00011027896943697135
0.00011025091169023131
0.00011021285614800015
0.00012351285078557808
0.0001234747239976758
0.00012345006626363853
0.00012342093799912882
0.00012340301974448319
0.0001227713670561483
0.00012272683304314185
0.00012269567845270477
0.00012266009256909453
0.00012263563924582105
0.00012261119567055643
0.0001225823203685924
0.00012254901960784316
0.00011949378089185815
0.00012972986019344835
0.00012969699163303597
0.00012967352428513702
0.0001296500654280563
0.00012963364927766926
0.00012960551697530868
0.00012957036876329604
0.00012953523961006883
0.00012950480974839929
0.00012948609078480619
0.0001294510073094662
0.00012942061700526713
0.00012938556899560693
0.00012934353643276545
0.0001293155298929388
0.0001292688792688793
0.00012922925269427966
0.00012919663728194313
0.00012917335063655427
0.00012914076343214105
0.00012910819266545367
0.00012909423879431988
0.00012905704321310022
0.00012902683758221712
0.00012899664608720176
0.00012896878955292822
0.0001289339857992708
0.00012889456424644642
0.00012887602126754064
0.00012884590030323736
