0.0
0.0
0.0
0.0
0.0
0.0
0.0
0.0
0.0
0.0
0.0
0.0
0.0
0.0
0.0
0.0
0.0
0.0
0.0
0.0
0.0
0.0
0.0
0.0
0.0
0.0
0.0
0.0
0.0
0.0
0.0
0.0
0.0
0.0
0.0
0.0
0.0
0.0
0.0
0.0
0.0
0.0
0.0
0.0
0.0
0.0
0.0
0.0
0.0
0.0
0.0
0.0
0.0
0.0
0.0
0.0
0.0
0.0
0.0
0.0
0.0
0.0
0.0
0.0
0.0
0.0
0.0
0.0
0.0
0.0
0.0
0.0
0.0
0.0
0.0
0.0
0.0
0.0
0.0
0.0
0.0
0.0
0.0
0.0
0.0
0.0
0.0
0.0
0.0
0.0
0.0
0.0
0.0
0.0
0.0
0.0
0.0
0.0
0.0
0.0
0.0
0.0
0.0
0.0
0.0
0.0
0.0
0.0
0.0
0.0
0.0
0.0
0.0
0.0
0.0
0.0
0.0
0.0
0.0
0.0
0.0
0.0
0.0
0.0
0.0
0.0
0.0
0.0
0.0
0.0
0.0
0.0
0.0
0.0
0.0
0.0
0.0
0.0
0.0
0.0
0.0
0.0
0.0
0.0
0.0
0.0
0.0
0.0
0.0
0.0
0.0
0.0
0.0
0.0
0.0
0.0
0.0
0.0
0.0
0.0
0.0
0.0
0.0
0.0
0.0
0.0
0.0
0.0
0.0
0.0
0.0
0.0
0.0
0.0
0.0
0.0
0.0
0.0
0.0
0.0
0.0
0.0
0.0
0.0
0.0
0.0
0.0
0.0
0.0
0.0
0.0
0.0
0.0
0.0
0.0
0.0
0.0
0.0
0.0
0.0
0.0
0.0
0.0
0.0
0.0
0.0
0.0
0.0
0.0
0.0
0.0
0.0
0.0
0.0
0.0
0.0
0.0
0.0
0.0
0.0
0.0
0.0
0.0
0.0
0.0
0.0
0.0
0.0
0.0
0.0
0.0
0.0
0.0
0.0
0.0
0.0
0.0
0.0
0.0
0.0
0.0
0.0
0.0
0.0
0.0
0.0
0.0
0.0
0.0
0.0
0.0
0.0
0.0
0.0
0.0
0.0
0.0
0.0
0.0
0.0
0.0
0.0
0.0
0.0
0.0
0.0
0.0
0.0
0.0
0.0
0.0
0.0
0.0
0.0
0.0
0.0
0.0
0.0
0.0
0.0
0.0
0.0
0.0
0.0
0.0
0.0
0.0
0.0
0.0
0.0
0.0
0.0
0.0
0.0
0.0
0.0
0.0
0.0
0.0
0.0
0.0
0.0
0.0
0.0
0.0
0.0
0.0
0.0
0.0
0.0
0.0
0.0
0.0
0.0
0.0
0.0
0.0
0.0
0.0
0.0
0.0
0.0
0.0
0.0
0.0
0.0
0.0
0.0
0.0
0.0
0.0
0.0
0.0
0.0
0.0
0.0
0.0
0.0
0.0
0.0
0.0
0.0
0.0
0.0
0.0
0.0
0.0
0.0
0.0
0.0
0.0
0.0
0.0
0.0
0.0
0.0
0.0
0.0
0.0
0.0
0.0
0.0
0.0
0.0
0.0
0.0
0.0
0.0
0.0
0.0
0.0
0.0
0.0
0.0
0.0
0.0
0.0
0.0
0.0
0.0
0.0
0.0
0.0
0.0
0.0
0.0
0.0
0.0
0.0
0.0
0.0
0.0
0.0
0.0
0.0
0.0
0.0
0.0
0.0
0.0
0.0
0.0
0.0
0.0
0.0
0.0
0.0
0.0
0.0
0.0
0.0
0.0
0.0
0.0
0.0
0.0
0.0
0.0
0.0
0.0
0.0
0.0
0.0
0.0
0.0
0.0
0.0
0.0
0.0
0.0
0.0
0.0
0.0
0.0
0.0
0.0
0.0
0.0
0.0
0.0
0.0
0.0
0.0
0.0
0.0
0.0
0.0
0.0
0.0
0.0
0.0
0.0
0.0
0.0
0.0
0.0
0.0
0.0
0.0
0.0
0.0
0.0
0.0
0.0
0.0
0.0
0.0
0.0
0.0
3.8209003247765277e-05
3.815490893025684e-05
3.8108991716308644e-05
3.805289352199557e-05
3.799810009499525e-05
3.793323750199649e-05
3.7886718711053944e-05
3.783127252454055e-05
3.778500333104635e-05
3.7737722826356815e-05
3.7681590559769944e-05
3.762562503094212e-05
3.756536868432239e-05
3.7516413430876005e-05
3.745982926204136e-05
3.7412253497553434e-05
3.7357084574473315e-05
3.730317665999136e-05
3.7259285406126206e-05
3.7196918528959755e-05
3.713584879845984e-05
3.708692002888876e-05
3.703812002300262e-05
3.6985128085338315e-05
3.6936595417918136e-05
3.689678609573745e-05
3.685491770684823e-05
3.679603377488574e-05
3.6745863672845774e-05
3.669476713307647e-05
3.66491136701194e-05
3.660886319845857e-05
3.6561312358685715e-05
3.65159901599016e-05
3.6468680121690226e-05
3.6429872495446266e-05
3.638069525423404e-05
3.633477716263637e-05
3.628897483646087e-05
3.624847374847375e-05
3.620495817374569e-05
3.615432186860758e-05
3.6105885259297265e-05
3.606168446026097e-05
3.600735308052381e-05
3.596645654684158e-05
3.592361505010399e-05
3.587477814281938e-05
3.5824047363161564e-05
3.578558782536633e-05
3.573510880400233e-05
3.568678274262316e-05
3.5650623885918004e-05
3.559752316180948e-05
3.55575517689882e-05
3.550870897809673e-05
3.545900752104212e-05
3.541439501961771e-05
3.5366931918656054e-05
3.53333891228951e-05
3.528614276030495e-05
3.524392506028566e-05
3.520670039097967e-05
3.516564871367758e-05
3.511690231956381e-05
3.507703100624925e-05
3.504209662397064e-05
3.500336216505006e-05
3.4960853044814295e-05
3.492229788720098e-05
3.4881906387978595e-05
3.4842566613485904e-05
3.480235923361541e-05
3.47622445432424e-05
3.4720318695977926e-05
3.468514106811979e-05
3.464813903021682e-05
3.460743331238673e-05
3.45715403440778e-05
3.453195569004843e-05
3.4491522346875794e-05
3.444368910038522e-05
3.440159333695455e-05
3.436705827025169e-05
3.433352307122399e-05
3.429819573438755e-05
3.4262941022658625e-05
3.423608483341442e-05
3.42000342000342e-05
3.4165902429375485e-05
3.412816022273115e-05
3.4089583837948885e-05
3.405567206180208e-05
3.400995238606666e-05
3.397164261831965e-05
3.392705682782018e-05
3.388712021901781e-05
3.3854514677713925e-05
3.3815651307241884e-05
3.377327467448784e-05
3.3735495956179365e-05
3.370138796505698e-05
3.366287516388505e-05
3.361998796758325e-05
3.3580770590314595e-05
3.3547863089405056e-05
3.351324655166331e-05
3.3481356171142594e-05
3.344687667784496e-05
5.978442439907861e-05
5.972299071658806e-05
5.9655402323051546e-05
5.959736719866081e-05
5.5158646774532466e-05
5.5107985409504815e-05
5.505453020134228e-05
5.499109667958521e-05
5.493786788750818e-05
5.488617652439822e-05
5.4825992742082866e-05
5.477594032030884e-05
5.472455308281649e-05
5.467041549515777e-05
5.4610703697924795e-05
5.455253929081699e-05
5.449732703586444e-05
5.443940375891121e-05
5.439005439005439e-05
5.4347826086956524e-05
5.428741307551121e-05
5.4249547920434e-05
5.4200542005420054e-05
5.414045581107559e-05
5.4087467161180656e-05
5.4033191817830956e-05
5.397625044980209e-05
5.3912507701786816e-05
5.38613455077073e-05
5.38089015297102e-05
5.375105582431084e-05
5.3700199457883706e-05
5.364669817345766e-05
5.3575528739444346e-05
7.902115727759369e-05
7.893865702426728e-05
7.886836615275021e-05
7.879820035077909e-05
7.87321582770356e-05
7.865425113541217e-05
7.857649802291393e-05
7.851082689628973e-05
7.843732604625272e-05
7.83659436776379e-05
7.830853563038371e-05
7.823343848580442e-05
7.816242656513956e-05
7.808957630107311e-05
7.381311860426102e-05
7.373519011948453e-05
7.367037530033235e-05
7.360198056238604e-05
7.352818301833191e-05
7.346189164370981e-05
7.340674007340674e-05
7.333150004583218e-05
7.32673926799214e-05
7.319243789039431e-05
7.311216902204166e-05
7.304662532891733e-05
7.297756769084048e-05
7.290501636220537e-05
7.284888822662626e-05
7.279284644845356e-05
7.272246463043765e-05
7.264862008899456e-05
7.258570061697845e-05
7.251571860605012e-05
7.245660837203175e-05
7.239759442538522e-05
7.233689263725513e-05
7.228341670568328e-05
7.221401608403085e-05
7.215184684130693e-05
7.208978454984845e-05
7.201368259969393e-05
7.195009279926742e-05
7.18954248366013e-05
7.182676689765501e-05
7.175823996607792e-05
7.169685267111512e-05
7.163557031682458e-05
7.157788568686301e-05
7.150286011440457e-05
7.143320994869796e-05
7.138106130659787e-05
7.131164810943096e-05
7.124236978028204e-05
7.119049930427466e-05
7.113352895053794e-05
7.108181678661723e-05
7.102502017756255e-05
7.094771637037933e-05
7.089627391742195e-05
7.084319502809576e-05
7.078507078507078e-05
7.073215821497752e-05
7.066740546226922e-05
7.060447054670325e-05
7.054504060348075e-05
7.049248614181806e-05
7.043324449139994e-05
7.038085640705728e-05
7.030494771069514e-05
7.022752120791335e-05
0.00010446321060899658
0.00010437332186023535
0.00010429355051868127
0.00010422633823435808
0.0001041492753277522
0.00010407728731687163
0.00010400044458205316
0.00010393855723761465
0.00010386686012860461
0.00010379032769221017
0.00010371144467667363
0.0001036277627477969
0.00010197306014039082
0.00010188607714908539
0.00010178719375073973
0.0001017101497268018
0.00010163082013708342
0.00010154202186695634
0.00010147732099872562
0.00010140313642259167
0.00010130041462495288
0.00010123125456129199
0.00010115742918979957
0.00010107183151560737
0.00010100061070136703
0.00010093896713615023
0.00010084900792720109
0.000100771015443744
0.00010068371265336705
0.00010060832943378568
0.00010052130817962923
0.00010046728971962616
8.483744678201446e-05
8.476421550329724e-05
8.46930846930847e-05
8.460827919179688e-05
8.455314824726753e-05
8.448826465755124e-05
8.443328995476234e-05
8.43587957588422e-05
8.429616568450033e-05
8.425316142596543e-05
8.419068804646708e-05
8.41302552465634e-05
8.406212885413293e-05
8.400964954873716e-05
8.394171826386963e-05
8.388164223325253e-05
8.3817784749777e-05
8.375595512524972e-05
8.368650574289049e-05
8.362679433179122e-05
8.357101235930935e-05
8.352490421455938e-05
8.345967136797292e-05
8.3396454503026e-05
8.333524469215655e-05
8.32741246667125e-05
8.321500007634404e-05
8.314644453598182e-05
8.307800185972775e-05
8.301725845024296e-05
8.296986443180867e-05
8.28979290728361e-05
8.284878197088891e-05
8.279403275301553e-05
8.2743124350011e-05
8.268851464117736e-05
8.263585638039787e-05
8.257388089664629e-05
8.25269916261603e-05
8.2444595718932e-05
8.23829066805735e-05
8.232690579233983e-05
8.225421835853784e-05
8.220769132143207e-05
8.215935900624864e-05
8.211108348964571e-05
8.204989235656324e-05
8.198879235774192e-05
8.192778328973874e-05
8.18723992368591e-05
8.182077497034935e-05
8.175449649730736e-05
8.171037047032189e-05
8.164977490130864e-05
0.0001003159202862747
0.00010026412863738056
0.00010019215958966077
0.00010012478237803831
0.000100061978688292
0.00010000597050570183
9.993213563923008e-05
9.987403945769888e-05
9.983162725552427e-05
9.976027754202588e-05
9.972018812883253e-05
9.964455152515653e-05
9.958012856240479e-05
9.951357172032231e-05
9.944046187868264e-05
9.936967000370783e-05
9.932547624342155e-05
9.926146506959415e-05
9.920194258132339e-05
9.915569664276571e-05
9.91138922173405e-05
9.905454652976441e-05
9.899307787209208e-05
9.894045113892274e-05
9.887912396047787e-05
9.881787276092713e-05
9.874796424439384e-05
9.869341700178237e-05
9.863457362629274e-05
9.857362493471337e-05
9.850406145477267e-05
9.844978326353685e-05
9.839773244628511e-05
9.833924102654426e-05
9.827865666277953e-05
9.822894675111424e-05
9.817281345700177e-05
9.812321053286761e-05
9.805643367287203e-05
9.798974763983649e-05
9.792959300753474e-05
9.784592917123038e-05
9.776882779553182e-05
9.770894401423342e-05
9.7649133546121e-05
9.760432372586297e-05
9.755955501194013e-05
9.749354287169414e-05
9.744037230948226e-05
9.738089009040436e-05
9.730663936271413e-05
9.726426119083393e-05
9.721134035576449e-05
9.715636374182509e-05
9.710989361393744e-05
9.70465968510552e-05
9.698127682364606e-05
9.691394186609965e-05
9.686140145436672e-05
9.681311456459385e-05
9.676277954694801e-05
9.669365429853806e-05
9.664762564191334e-05
9.659955160506643e-05
9.583513474564058e-05
9.578751017292167e-05
9.573166342762543e-05
9.568414161252959e-05
9.564285662920056e-05
9.557275386063624e-05
9.552127323393375e-05
9.546573641407726e-05
9.54246396464266e-05
9.539178769948e-05
9.535075456142238e-05
9.530975670930525e-05
9.525651217922549e-05
9.520537158728113e-05
9.514611725149337e-05
9.507877956020704e-05
9.503394069310468e-05
9.498100379924016e-05
9.493015852622714e-05
0.00010915161373170105
0.00010910024387113335
0.0001090419276902354
0.00010897901619727338
0.00010893478864515025
0.00010887432487244625
0.00010882089361157342
0.00010876287560512678
0.00010871650572360426
0.00010866554449960581
0.00010861231791464349
0.0001050114590206972
0.00010494890831861921
0.00010487974261944244
0.00010482625756094797
0.0001047861795525347
0.00010473056646498956
0.00010468389707026554
0.00010462395464410182
0.00010457738019530533
0.00010451534539496915
0.00010446444326804306
0.00010442464139308117
0.00010435616476992286
0.0001042833689165099
0.0001042326924431298
0.0001041820651982627
0.00010411830090188961
0.00010405900426782538
0.00010399977513562133
0.00010394937384549471
0.0001039099634208845
0.00010034453964311025
0.00010026855143496217
0.0001002348158272877
0.00010018004385504017
0.0001001358486338109
0.0001000538751635496
9.999930070419088e-05
0.00012790405099387736
0.0001278504359490275
0.0001277861571979219
0.0001277219430485762
0.00012765512190017787
0.00012759370816599732
0.00012752968723866867
0.00012676919647832386
0.00012670036060871866
0.00012663952962460424
0.0001265893219820271
0.00012652595867745613
0.00012643893763503609
0.00012639152204559816
0.00012634677329778963
0.00012629416826269186
0.00012623372659994312
0.00012616022348382446
0.00012607632466731783
0.0001246287103005629
0.0001245821307697099
0.00012453300124533
0.0001244864932154861
0.0001244348583516529
0.00012439873942610713
0.00012434717731907484
0.0001242776362393587
0.00012421074422937583
0.00012415933781686496
0.00012410540685889212
0.00012403100775193796
0.00012397974997417087
0.00012392597488433574
0.00012319169729253554
0.00012314084836477206
0.00012307734620488594
0.00012301898203510506
0.00012295053816618241
0.00012288723208523842
0.00012285180914731235
0.00012277849798684415
0.00012270022757807572
0.00012265734744920683
0.00012259434285322922
0.00012252637054986274
0.00012246098693977517
0.0001223856309697181
0.00012232541293369142
0.0001222827943326365
0.00012223018880808494
0.00012218763652249888
0.00012212261383328556
0.00012207514100019776
0.00012201522804577956
0.0001219778123040859
0.0001219204860472561
0.00012186819172113289
0.00012182340370506485
0.00012177616316645235
0.00012169668291555337
0.00012779369738763084
0.00012773380914541085
0.0001276765772397226
0.00012761939659726847
0.00012757005451645475
0.0001275259386693712
0.00012748703825289013
0.00012745075260322882
0.00012739636284109855
0.00012733425992825177
0.00012593411204606916
0.00012589321355838497
0.00012545311908240003
0.00012540732027204262
0.00012535647190798632
0.00012528027662965665
0.00012520924455964146
0.00012514842400690847
0.0001250977853308516
0.00012504718761796905
0.00012498905082438872
0.0001249284439505674
0.00012488302735308573
0.00012483260318037133
0.00012478221971088196
0.00012472432897638644
0.00012467403285211173
0.00012462880101046748
0.00012456854291738857
0.00012452589534454403
0.00012446573669625663
0.00012440813917615655
0.00012435559667223084
0.000124295602414886
0.0001242531414945208
0.0001241982351129501
0.00012414337723525004
0.00012277532450153886
0.00012272359436340898
0.00012265714820459346
0.00012259814532724017
0.00012256129734639762
0.000122514655022767
0.00012247785720483504
0.0001224214767966269
0.00012237249253094324
0.00012234801509514474
0.0001222990895882486
0.00012201958595194788
0.00012197082785083025
0.00012190993499404714
0.00012184180713639438
0.0001217931909816037
0.00012174704155638682
0.00012169607496933866
0.00012165242327451884
0.00012160153585964792
0.00012155069099956006
0.00012150472513110094
0.00012146362723362325
0.00012141048297128007
0.00012134773604122415
0.00012130192351544707
0.00012124892062924595
0.00012120558907145362
0.0001211502660202799
0.00012109979775767004
0.00012105897328392767
0.00012101337849152386
0.00012097500950720141
0.00012092468712387894
0.00012087679995172471
0.00012083851751310183
0.00012080025931537724
0.00012074052935586528
0.00012069994671125597
0.00012064269998738991
0.00012059503584927313
0.00012054026862991221
0.00012049506364996653
0.00012044751607532761
0.00012040000601060872
0.00012036202493615742
0.00012030746910434749
0.00012011792258851776
0.00012006824602830747
0.00012003751445778576
0.0001199902658248292
0.00011992889818095868
0.00011987230681318489
0.00011983460889646395
0.00011978987340508875
0.00011976634182268095
0.00011972165727688555
0.00011966761004996068
0.00011962299913327048
0.00013067208031321457
0.00013062853234580902
0.00013057733658936849
0.00013053640886814239
0.00013046995601378544
0.00012977663939710564
0.00012972585513625252
0.00012967257442125427
0.000129634543555748
0.00012958387042233423
0.0001295332368889075
0.00012948264290906612
0.00012879645047395299
0.00012875622907827458
0.00012871854432830045
0.00012868088163123763
0.00012863069897290432
0.0001285680256641083
0.00012851042013569045
0.00012846287188084978
0.0001283928648662008
0.00012835539248614452
0.00012831794197287294
0.00012826804193710669
0.00012821818069631483
0.00012815839835305976
0.00012811359816719873
0.00012806634304955052
0.00012799925097647168
0.00012796449016188308
0.0001279173449579298
0.00012786527750087992
0.00012781572883874674
0.00012777116786413708
0.00012772169209729714
0.0001276747255961098
0.0001276105115934887
0.00012757842880841257
0.00012752910216566265
0.0001274773502256159
0.00012743548655150865
0.00012738873026601135
0.00012735430021478016
0.00012730269001978768
0.00012726585119755758
0.00012721921928540513
0.00012716771849301972
0.0001271260579053688
0.00012709176967644199
0.00012705505280763847
0.00012701346599455884
0.0001269645751727433
0.0001269132803021489
0.00012558722099657155
0.0001255413474730608
0.00012550515519899158
0.0001254713945654478
0.0001254231965842453
0.00012537744278777994
0.00012532691162381212
0.0001252596000644262
0.00012521636651567048
0.00012518516084193565
0.0001251539707181082
0.00012510841309983008
0.00012507486554603966
0.0001250221842961926
0.0001249695474061073
0.00012492651381540272
0.00012488828660799287
0.00012484292217406333
0.00012479043609009787
0.00012475229210351954
0.00012469750095781262
0.00012467131350653375
0.00012463086361857263
0.00012459043997021217
0.00012453816592273732
0.00012450017597679226
0.00012447169872402896
0.00012443137824235388
0.00012440056255422116
0.00012433424211570097
0.00012429637646151724
0.0001242632629285595
0.00012423253044210354
0.00012418527936556236
0.00012414278411769004
0.00012408852693888324
0.00012406259461506824
0.00012402253869976508
0.0001239848626356819
0.0001239519148522053
0.00012391428167818613
0.00012387197166300682
0.00012382029864348453
0.0001237874382529663
0.000123759286082796
0.0001237217697686427
0.00012368661887564837
0.00012363510034758474
0.00012359765927544254
0.00012356257885974626
0.000123518172243299
0.00012347613224972075
0.00012344578782507668
0.00012339213805522714
0.00012210242870486568
0.00012206553348363703
0.00012203096445818193
0.0001219941124059504
0.00012194577785204733
0.00012189978053848452
0.0001217248473725451
0.00012167896022082325
0.00012163539946028219
0.00012161477629998034
0.00012157584051593357
0.00012153692965501086
0.00012150719109253999
0.0001214546123486521
0.00012142263016882136
0.00012139979606505861
0.00012136327935696264
0.00012134046756805301
0.00012128803298366476
0.0001212493061033687
0.00011809011151795866
0.00011805907542639976
0.00011802805564418086
0.00011799705215844961
0.00011796606495636714
0.00011793951744817225
0.00011791519272675758
0.0001178864582617371
0.00011785773779776778
0.00011782682371358506
0.00011778930697849616
0.00011774520021884796
0.00011772095557801821
0.0001177033293821615
0.00011766368973373912
0.00011763727813110529
0.00011760428029712742
0.00011758888764236357
0.00011755371955753278
0.00011751857250231507
0.00011748783606502931
0.00011745930948037744
0.00011742421884886922
0.00011738476694146316
0.00011733439473280512
0.00011730813073846089
0.0001172643835332629
0.00011724689378591463
0.00011721629927847776
0.00011719227193576373
0.00010474173709823987
0.00010471442555031982
0.00010467933162453634
0.0001046442612135839
0.00010460532164069104
0.00010458197180420435
0.00010455085489952993
0.0001045275293699634
0.0001044925605840019
0.00013419964364833086
0.00013417221933235903
0.0001341298583382342
0.00013409001359466444
0.00013405019251669955
0.00013399547713727937
0.0001339507432205468
0.00013392342052778188
0.0001338812164653299
0.00013386136493285307
0.00013382663891308062
0.00013378201763864447
0.00013375228664966982
0.0001337200929868954
0.0001336804912860886
0.00013362360491817095
0.0001335964155054055
0.00013355935686032772
0.00013351491361585088
0.00013349270308347604
0.0001334581680505252
0.0001734539505420179
0.00017340589703178353
0.00017335787013956846
0.00017329707425318188
0.0001732427140675134
0.00017319797245639816
0.00017317561031593786
0.00017313409594292515
0.00017308621946922955
0.00017240814454436742
0.0001723477986764835
0.00017230336032479795
0.00017225260168938475
0.00017220821240921741
0.00017216384600127996
0.0001721226690870139
0.00017209100793825978
0.00017203404721333445
0.00017199293235693638
0.00019644720532408682
0.00019639306377262499
0.00019634977201383018
0.0001963101046647117
0.00019626324572892821
0.0001962380232588975
0.000196198401044216
0.00019614439652975297
0.00019610841003373796
0.00019607603347560054
0.00019603647664170358
0.0001959861546579308
0.00019593585850253677
0.00019589635820117454
0.00019583534359738532
0.00019579947040517464
0.00019575285489870501
0.00019446427735976093
0.0002206562744679337
0.00022059571007420963
0.00022053517891805648
0.0002204867779058024
0.00022041421620907866
0.0002203578123445056
0.00022030143733997693
0.0002202370440737967
0.00022013650492213054
0.00020791749833666006
0.00021761439459391495
0.00021757071048090633
0.00021751513787783883
0.00021745562729767309
0.00021740011346138265
0.00021733670377392124
0.00021728917077754292
0.00021723374188663359
0.00020504910652837492
0.00020498935593275217
0.0002049259090679209
0.00020487368819154984
0.00020482894861887057
0.00020476560099613514
0.0002047246322333174
0.00020467251387550336
0.00020461298252205196
0.00020454976839231556
0.0002044940236470187
0.0002044308829880409
0.00020439747136316772
0.00020434180958490172
0.00020430101021101695
0.0002042750554547288
0.00020424540095005366
0.0002042046400616041
0.0002041564890726902
0.00020410836078621012
0.0002040565556945477
0.0002039936848549289
0.00020395302436362832
0.000203916074343815
0.00020386436680291166
0.00020379792419843843
0.0002037720971025338
0.00020069297393605575
0.0002006530270861481
0.00019758357101652024
0.00019754426157030607
0.0001974906829802409
0.00019745141048199837
0.00019741929005372296
0.00019740501766202576
0.00019733725197337252
0.00019729447655748234
0.00019725171968182877
0.000197205420641369
0.00019716982078206015
0.00019711644508612564
0.00019707376533185779
0.00019702754978302917
