0.000267766377016431
0.000267766377016431
0.000267766377016431
0.000267766377016431
0.000267766377016431
0.000267766377016431
0.000267766377016431
0.000267766377016431
0.000267766377016431
0.000267766377016431
0.000267766377016431
0.000267766377016431
0.000267766377016431
0.000267766377016431
0.000267766377016431
0.000267766377016431
0.000267766377016431
0.000267766377016431
0.0002677711996372731
0.00026778084540012454
0.00026778566854215267
0.00026778566854215267
0.00026778566854215267
0.00026778566854215267
0.0002629825945748136
0.000262992068352492
0.000262992068352492
0.000262992068352492
0.000262992068352492
0.000262992068352492
0.00026299680549730085
0.00026420715693885105
0.00026420715693885105
0.00026420715693885105
0.00026420715693885105
0.00026421191622762397
0.00026421191622762397
0.0002642166756878626
0.0002642166756878626
0.00026422619512277417
0.0002642309550974656
0.00026423571524365985
0.00026423571524365985
0.0002642404755613662
0.0002642499967113522
0.0002642499967113522
0.0002762607102678446
0.0002762607102678446
0.0002762706648913048
0.0002762806202321895
0.00027628559817169027
0.00027629057629057624
0.00027629057629057624
0.00027629057629057624
0.00027629057629057624
0.00027951815223428613
0.00027951815223428613
0.00027951815223428613
0.00027952318886964
0.00027953829986482163
0.0002795483747693075
0.00027955845040004344
0.00027955845040004344
0.00027955845040004344
0.0002825670867985561
0.0002825670867985561
0.00028257727178195035
0.00028258745749959593
0.0002825925506337877
0.0002825976439515722
0.00028261292500658035
0.00028261292500658035
0.0002826180190588345
0.0002826180190588345
0.00027394893019724035
0.00027395880632357007
0.00027397362184830186
0.00027397856071264756
0.0002739834997550602
0.00025115368447920595
0.00025115368447920595
0.0002511627401205364
0.0002511672681860899
0.00025117179641491395
0.0002511853820810982
0.00025118991096309307
0.00025118991096309307
0.0002511944400084027
0.00025119896921703595
0.00025120349858900166
0.0002512080281243086
0.00025121708768498176
0.00025122161771036554
0.0002512352087668121
0.00025123973944575544
0.00025124880129388696
0.0002632811408601338
0.00026328588919892324
0.0002633001352429965
0.0002633143828288216
0.00026332863195664886
0.00026334288262672855
0.00026334288262672855
0.0002633476331928545
0.0002633571348393112
0.0002633571348393112
0.0002633571348393112
0.00026337138859464717
0.00026339039600203337
0.00026339514828256167
0.00026339990073458126
0.00026340940615313146
0.0002634189122577581
0.0002634379265255382
0.00026344268052139706
0.0002634521890278766
0.0002634521890278766
0.00026346645307463945
0.0002634759632972855
0.00026348547420652825
0.00026349022991864663
0.00026350449808510134
0.00026350925448398373
0.00026356158620687676
0.00026357110329883725
0.00026357110329883725
0.0002635758621025656
0.0002635853802255651
0.0002635948990360171
0.000263604418533996
0.0002636186990702403
0.00026364250340267097
0.00026365678806575336
0.0002636663120344736
0.0002636663120344736
0.0002636805992777382
0.00026369965134416003
0.000263709178409854
0.0002637234702992087
0.00026373776373776373
0.00026375205872577096
0.00026376158957870703
0.0002637758871496946
0.00026378065335115006
0.000263794952989026
0.0002638044869422946
0.00020960355468352214
0.00020961113076125817
0.00020961491900550673
0.00020962249590480205
0.00020964144054970985
0.0002096528089803821
0.00020967175910502553
0.0002096907126557112
0.00020969450377705516
0.0002096982950354854
0.00020972863003892623
0.0002097438008320861
0.00020975138705173427
0.0002097665611374647
0.00020978932638303908
0.00020980071085890234
0.00020980450595876955
0.00020981968773133432
0.00020983107550271728
0.00020983866803706507
0.00020984626112088977
0.00020985765177702645
0.00020986904366982173
0.00020987284124226798
0.00020987663895215058
0.0002098918311661937
0.0002099108245269609
0.00021001897223572454
0.00021004178137726265
0.0002100493855254553
0.00021006459547371928
0.00021009121818420606
0.0002101102385378477
0.00021011784764365067
0.00021012165240322776
0.00021013687281954787
0.00021014448385461984
0.00021014448385461984
0.0002113632809445617
0.00021137476537472913
0.00021138625105297806
0.000211397737979512
0.00021142071557824892
0.0002114398673931973
0.00021146285415174704
0.00021148201360215492
0.00021149351093898227
0.00021151267594531994
0.00021151650936339928
0.00021153567853827047
0.0002115510163799902
0.00021158553465743717
0.00021220909567871656
0.00021222063923786498
0.00021224373012418857
0.00021226297636823762
0.00021227452579019614
0.00021229377762000063
0.00021232073604905764
0.0002123477013256936
0.0002123592599696675
0.0002123785271728439
0.00021241321695042204
0.00021242863826717465
0.00021244791806226523
0.00021245177444124621
0.0002124864881532335
0.0002125096369308807
0.0002125250722516071
0.00021254822943736048
0.00021256367036501798
0.00021257911353630336
0.00021258683596345933
0.00021261386887749334
0.00021264863558509883
0.00021266409110508322
0.00021267568421951327
0.00021270273973590648
0.00021271433706459696
0.0002127375355163635
0.0002127607390286903
0.0002127723426830813
0.00021279555378935392
0.00021281490024671346
0.00021284199119766232
0.00021284199119766232
0.00021286521750301464
0.00021288070452296794
0.0002129000664672073
0.00021351806565828504
0.00021354137337035545
0.00021354525848376368
0.00021357245823646828
0.00021359577782572813
0.0002136113270479114
0.0002142296687651958
0.0002142608657462305
0.0002142764676442678
0.00021428817055899285
0.00021429987475211955
0.00021431158022385737
0.00021433109218534758
0.00021434280106773958
0.00021434670431283312
0.0002102102883367111
0.00021056483931422465
0.0002105916863120608
0.0002106108669308844
0.00021062621394175507
0.00021065691467440578
0.0002106684297566554
0.0002106953031782189
0.00021071834299704316
0.00021074907059486268
0.0002107874926966648
0.00021081824046650916
0.00021083746237836467
0.00021086437894447962
0.00021089514915099066
0.00021092977636926263
0.00021094516989426677
0.00021094901862658982
0.00021097211397012503
0.00021098366353840807
0.00022318984173337158
0.00022320613712575163
0.00022323058467636783
0.000223246886018903
0.0002232591135882904
0.00022328764979314593
0.0002232998818284504
0.00022334066496030225
0.00022336106211316267
0.00022340186759785578
0.00022343452272193367
0.00022345902033059408
0.0002234794391083797
0.0002234916921663029
0.0002235202878607072
0.0002235488908736688
0.00022355706450770437
0.00022358567693436874
0.0002236183858200865
0.00018619152123175534
0.00016305327713569745
0.00016308907433882277
0.00016313085761342693
0.00016314578540054382
0.00016316967554337594
0.00016319058515854856
0.00016321747682521083
0.00016322046533526896
0.00016324437735612128
0.00016327427723658288
0.00016328923128454195
0.0001633011964953051
0.00016333710265108682
0.0001633640426317319
0.00016337302460020737
0.00016374912168148353
0.00016376112872969027
0.00016377914260396614
0.00016379115405535898
0.00016381217833522817
0.0001638392174843344
0.00016386025410567763
0.00016388430257445116
0.00016389933645231326
0.00016392941248432577
0.0001639625088711059
0.00016400164001640017
0.00016402573000630398
0.00016404078984416125
0.00016407091781761192
0.0001640920139845582
0.00016412517606711986
0.00016415533504838907
0.00016418248760973579
0.00016419757624771777
0.0001642217238378862
0.0001642428588062976
0.00016426399921545552
0.0001642881663478986
0.00016429723085600084
0.00016430629636441665
0.0001643183852653006
0.000164348615301592
0.0001643667586629868
0.00016439700650226966
0.00016443029198647745
0.0001644393721852029
0.00016447570301088732
0.000164499932481371
0.00016453022936005108
0.0001645575060941539
0.00016457569560865374
0.00016459692179189545
0.00016462725441053616
0.0001646545633274967
0.00016469098931352127
0.00016469706187816104
0.00016472439396174462
0.00016475477358513765
0.00016477908535310684
0.00016481252575195715
0.00016484902167026506
0.00016487640421788293
0.00016490379586386823
0.00016494033221937064
0.00016498297843524725
0.0001650134535222368
0.0001650378416991508
0.0001650530879708324
0.00016506223708603562
0.00016508969051843092
0.00016512020504479193
0.00016514157192593277
0.00016516599799089123
0.0001651843222820091
0.0001652240388646396
0.00016526377455061204
0.00016531576544900501
0.00016533106311575026
0.0001653647279503412
0.00016538003468044013
0.00016540759393670075
0.000165422908603843
0.0001777975330592288
0.00017782058643747568
0.00017783705679671002
0.0001778601204261232
0.00017787330232902853
0.0001779194543803399
0.00017793924116327778
0.00017797222891677945
0.0001779854274431281
0.00017802173348662983
0.0001780448450453458
0.0001780646597295643
0.00017808117533575722
0.0001781142157408438
0.00017814396258976784
0.00017816710589807356
0.00017822664488341007
0.00017824650005570202
0.00017826635965238058
0.00017830278040898199
0.00017832596500352935
0.00017835246906699364
0.00017838892502090495
0.00017841544780418904
0.00016295525236378054
0.00016297948813286234
0.0001630128240887087
0.00016303707698697562
0.00016306133710296424
0.00016307953692852402
0.00016311594877042824
0.0001631371965213939
0.00016317667131999377
0.000163194896901779
0.0001632343996325674
0.00016327088066947268
0.00016329825214988667
0.00016330433594744455
0.00016332563280920087
0.000163356066534988
0.00016339260198059167
0.00016340782990673946
0.00016342610716527163
0.0001634657219218099
0.00016348706090048423
0.00016351755482190263
0.00016353280604884841
0.0001635511112769424
0.00016359689228108806
0.00016362131929798364
0.00016366408413454056
0.00016370075750502615
0.00016373438920224618
0.00016501650165016502
0.00016505967062809877
0.00016509051944330232
0.0001651213797916355
0.00016516460366727747
0.0001652078501782998
0.00016523566346795366
0.00016526039425517454
0.0001652758547568262
0.00016529750431956686
0.0001653222536230528
0.00016535939147743937
0.00016538725581975911
0.00016667915199640424
0.00016670725082885347
0.0001667291120269764
0.00016675097895939897
0.00016677285162837764
0.00016680098206420902
0.00016683224923613326
0.00016686039971502495
0.0001668916891689169
0.000166907338296795
0.00016692612112459442
0.0001669543032940647
0.00016700129472913892
0.0001670263676456789
0.00016705144809204723
0.00016711104435014458
0.00016714870600608497
0.00016717068314581416
0.00016720208908677602
0.00016724293445580279
0.00016728065558980527
0.0001673215393581621
0.00016734356197352587
0.00016740021818455403
0.0001674443106562312
0.00016747897103931052
0.00016751364577451534
0.00016754833487076187
0.0001676019735603179
0.00016763354177653885
0.00016767143933685004
0.00016770303372903712
0.00016772831781689345
0.00016776625824693685
0.0001677947248355046
0.00016781687219519554
0.00016784535596416785
0.0001678706829884754
0.00016789918502867492
0.0001679245283018868
0.00014467592592592592
0.0001446977703960944
0.00014472781731573946
0.00014477974594301972
0.00014479615219964242
0.00014484812988468828
0.00014486181442571736
0.00014490836121244194
0.00014494123578157985
0.00014499880218380804
0.00014505366985784738
0.00014508386478183802
0.00014511956590321156
0.00014514978827063493
0.00014519377055596588
0.00014522677476590075
0.00014524328249818444
0.00014527906212890673
0.00014532587748396675
0.00014536445396686953
0.00014539477843100067
0.00014541684053462816
0.0001454582250301984
0.0001454913495904102
0.00014551344101327966
0.00014556040756914118
0.00014558251997012393
0.000145623998835008
0.00014565443169440432
0.00014568210897021748
0.00014570702751328784
0.00014576243258487492
0.00014578737861616084
0.00014582620053004653
0.00014585116839468593
0.0001458761448106147
0.0001459261233139188
0.00014595390394963955
0.0001459789155670646
0.00014600393575826825
0.00014604287310779232
0.00014609018210458784
0.00014611802524665358
0.00014615702348044353
0.00014618210476807891
0.00014621834849554033
0.00014629368138508313
0.00014633556654132705
0.00014637468099865716
0.00014641940884755193
0.00014644178302421383
0.00014648095429157352
0.00014649774839330186
0.00014653694961040282
0.00014655935972676237
0.00014659859392826866
0.00014664065388980273
0.00014670238550835564
0.0001467304625199362
0.0001467697883962529
0.0001468063241611295
0.0001468203812223116
0.00014687100893997444
0.0001469216715853487
0.00014697518675434054
0.00014703720041170414
0.00014706540574066612
0.00014710491138528054
0.00014712467216785005
0.0001471585601494619
0.00014719811586411693
0.00014723203769140164
0.0001472603178261816
0.0001472857792378281
0.0001473197414858797
0.00014735655160042028
0.00014738771299126565
0.00014741605296722876
0.00014745291123334742
0.00012056382828632626
0.00012058934836851591
0.00012060791521520173
0.00012064971153167375
0.00012068456393072193
0.00010788733479751859
0.00010791436224538954
0.00010793308148947651
0.00010796221322537111
0.0001079871958039261
0.00010801635676259548
0.00010805178767823721
0.00010808515566192506
0.00010811019517751307
0.00010814359925071934
0.00010817702397280119
0.00010819583446037327
0.00010823556698042096
0.00010826695537854767
0.00010829626764649003
0.00010836332675413134
0.0001096788345656073
0.00010971918343111249
0.0001097574360662935
0.00010980848109033363
0.0001098297638660077
0.00010986596352450011
0.00010988087620303401
0.00010991924168654913
0.00010994056742266974
0.0001099768401713051
0.00010999391798335857
0.00011002595318072087
0.00011006014463197831
0.00011009221842296136
0.0001101350125683485
0.00011017355575430002
0.00011019926620253329
0.00011025930393950008
0.00011028290809541418
0.00011031940713052733
0.0001103494833047723
0.0001103860264277134
0.00011041829046505587
0.00011043981030338466
0.00011045703221446858
0.0001104721057932872
0.00011051950669293131
0.00011056479096750697
0.00010083858669841457
0.00010086614736869505
0.00010089569338124252
0.00010091540034115917
0.00010096864760639165
0.00010099825370761332
0.00010102985269195673
0.0001010713563776026
0.00010110695811562723
0.00010113070654478786
0.00010117823688762689
0.00010120994861146481
0.00010124366410618174
0.0001012813727219859
0.00010131910943771163
0.00010135488595940574
0.00010140262730936307
0.00010143248849886461
0.00010148030300054342
0.0001015181881295765
0.00010154412583610124
0.00010156808010117492
0.00010160203466268125
0.00010163801130476977
0.00010167401343408901
8.989501312335957e-05
8.99233354337324e-05
8.995876342815118e-05
8.9999540148335e-05
9.33154588229109e-05
9.334674371059879e-05
9.337252349108028e-05
9.340753312020627e-05
9.344625853026143e-05
9.346840175615277e-05
9.35034833339918e-05
9.353489444389551e-05
9.357742543460782e-05
9.361258891547837e-05
9.364963166676558e-05
9.368855811989495e-05
9.373494134965112e-05
9.375722161698193e-05
9.37888034662228e-05
9.382226627023454e-05
9.385947518011764e-05
9.388553898233363e-05
9.392279810566974e-05
9.394889709287706e-05
9.397501058873356e-05
9.402167795588925e-05
9.40571761651167e-05
9.408896044950668e-05
9.411889469951547e-05
9.415072071713674e-05
9.419006493807997e-05
9.424069870850421e-05
9.426885211075924e-05
9.432896895779773e-05
9.435341333439645e-05
9.439480961497552e-05
9.441740471821058e-05
0.00010776722279875468
0.00010780594929127569
0.0001078490113840623
0.00010790073132717898
0.0001079287670137709
0.00010796545105566218
0.00010801296155538663
0.00010804970286331712
0.00010810161551858746
0.00010814708002883921
0.00010817307692307691
0.00010822944642642401
0.00010827067669172931
0.00010830759356572666
0.00010834453562328202
0.00010839890798137143
0.00010843808988312783
0.00010848819688598693
0.0001085252622693838
0.00010857108390132094
0.00010864316755190728
0.00010870002818148877
0.0001087569483605897
0.00010880296588825532
0.00010883585940019348
0.00010885779945974277
0.00010889950995220521
0.00010892806713196432
0.00010895883777239708
0.000108983026902662
0.00010904684975767366
0.00010910192948782704
0.00010915706488781078
0.00010918134212175741
0.00010919679689395777
0.0001092675030352084
0.00010932501923310522
0.00010936708860759492
0.00010942692712977223
0.00010946019905539901
0.00010950015208354455
0.00010952680364278034
0.00010956235924280235
0.00010960238689642573
0.0001096357656230966
0.00010967584694126248
0.00010975386679132537
0.00010980073200488002
0.00010985434128082024
0.00010990576598213013
0.00010996843498625394
0.00011002220818646726
0.00011007827788649706
0.00011011194714626537
0.00011018834044116145
0.00011023107699844859
0.00011026258831216562
0.00011029862330977572
0.00011035497517013058
0.00011039107058895679
9.339741623206189e-05
9.34394587331792e-05
9.347962553563142e-05
9.35025935025935e-05
9.355431271724062e-05
9.36041705099036e-05
9.365600218758545e-05
9.369251075412213e-05
6.294471811713191e-05
6.29628108788787e-05
6.298479464903092e-05
6.301844659529143e-05
6.304954186283983e-05
6.307288345913631e-05
6.311572130292801e-05
6.315341474632234e-05
6.319245537032839e-05
6.322372264027763e-05
6.32602402513907e-05
6.329418725447703e-05
6.33177103765339e-05
6.335695445874566e-05
6.338969504044538e-05
6.342902843275144e-05
6.346315687816452e-05
6.350652667619265e-05
6.353547282132028e-05
6.356839821455715e-05
6.359608192834381e-05
6.362907018563089e-05
6.366341429658847e-05
6.37004417487156e-05
6.372426786357465e-05
6.375606375606375e-05
6.379585326953747e-05
6.381709465739931e-05
6.385829012487071e-05
6.388356525845068e-05
6.390486510516517e-05
6.394884092725818e-05
6.39768570673565e-05
6.400222616438833e-05
6.404366106980759e-05
6.407443778163153e-05
6.410658416428009e-05
6.413473872065137e-05
6.414815434603745e-05
6.416426050689765e-05
6.420590554752981e-05
6.424895071686465e-05
6.428935801485643e-05
6.432441880790072e-05
6.436762308558794e-05
6.440006440006439e-05
6.442847738700505e-05
6.444878773231336e-05
6.447453255963893e-05
6.451115271612988e-05
6.455189059857844e-05
6.457363851396404e-05
6.459404049765495e-05
6.462943449244819e-05
6.46785056453087e-05
6.474131621910713e-05
6.476729533182678e-05
6.480287950186308e-05
6.483439041578576e-05
6.486044429404341e-05
6.48892650585414e-05
6.491811144746218e-05
6.494698349499485e-05
6.498551953097407e-05
6.500756066194655e-05
6.503651234633356e-05
6.508896671265343e-05
6.512213940384928e-05
6.517334693472747e-05
6.521769951653836e-05
6.52648903266082e-05
6.52954619653934e-05
6.533858882852171e-05
6.539989905667754e-05
6.543618194103631e-05
6.545713269299181e-05
4.982454641868278e-05
4.984476914751203e-05
4.987460100319197e-05
4.990446858870162e-05
4.992902945099465e-05
4.996859117126377e-05
4.9993215206507685e-05
5.002108031241737e-05
5.005112364772589e-05
5.0084428035831826e-05
5.011239494294345e-05
5.013069789092992e-05
5.015332588198205e-05
5.019864320238658e-05
5.0228900274106275e-05
5.02667729449866e-05
5.029169181251257e-05
5.032097593938479e-05
5.03459485895942e-05
5.036985867656794e-05
5.0389438373716865e-05
5.0414479038379814e-05
5.044826890368704e-05
5.0476643735848504e-05
5.0496306555863335e-05
5.052911198694905e-05
5.0555387037598754e-05
5.0600336853671045e-05
5.0627784528149044e-05
5.066846177788393e-05
5.069488198955685e-05
5.073015182809725e-05
5.0778728065403e-05
5.081411470923437e-05
5.084955070789838e-05
5.0880597774337273e-05
5.090946115971752e-05
5.0941693592990414e-05
5.09873332896299e-05
5.101854888670237e-05
5.1056504963421657e-05
5.109451755826599e-05
5.112362422675518e-05
5.116846852773696e-05
5.119765953556408e-05
5.123588268446747e-05
5.1266277042961136e-05
5.1301218770383064e-05
5.1329432296478795e-05
5.137011433519733e-05
5.140406532722359e-05
5.144826876575603e-05
5.148459507365974e-05
5.1518697607324484e-05
5.155170636148056e-05
5.158817893728351e-05
5.161670906610625e-05
5.163498491520797e-05
5.167615293188344e-05
5.172426533070278e-05
5.176902141758371e-05
5.1808102787275926e-05
5.183918005228351e-05
5.1870294623273454e-05
5.191068396034023e-05
5.1951136245565595e-05
5.1997444697003454e-05
5.203803236765613e-05
5.2065900554129936e-05
5.210892253636458e-05
5.2157844539818784e-05
5.220919478504728e-05
5.2248943824921245e-05
5.2286410015088356e-05
5.233918784534517e-05
5.236502913739835e-05
5.241207873791714e-05
5.24639310474049e-05
5.250879522319988e-05
5.2535987151198563e-05
5.257268173249517e-05
5.262129207824034e-05
5.2652164756145254e-05
5.2680694783106045e-05
5.2721165288384764e-05
5.275931201857127e-05
5.2807073130252414e-05
5.284414751066319e-05
5.290765346998624e-05
5.294366793731469e-05
5.29677048336814e-05
5.299778166428176e-05
5.3047181679019074e-05
5.309063329541145e-05
5.312689738919246e-05
5.3154733429011845e-05
5.3204426608293804e-05
5.3242061228370406e-05
5.3278532556988994e-05
5.332480136511491e-05
5.335284523101781e-05
5.339191188809055e-05
5.3422472544664996e-05
5.345674204067294e-05
5.349596105494034e-05
5.35413798378461e-05
5.3583184065892e-05
5.3615196078431365e-05
5.365958360163124e-05
5.3697865126305044e-05
5.3736201311163305e-05
5.37857483134326e-05
5.384781070186774e-05
5.39062800816295e-05
5.3958636850665615e-05
5.3981106612685555e-05
5.4044872685721335e-05
5.409248269040553e-05
5.414143289169392e-05
5.4176631297065944e-05
5.423203563819484e-05
5.4268614134648175e-05
5.432800142805032e-05
5.436724295944203e-05
5.4405272648137776e-05
5.444716680278458e-05
5.448403617740001e-05
5.453242342089682e-05
5.458855823819327e-05
5.4629456202784535e-05
5.467041549515775e-05
5.471143625336084e-05
5.476022842838144e-05
5.4807820292986943e-05
5.487097482206126e-05
5.492005209559227e-05
5.494721142901997e-05
5.5005500550055e-05
5.5058716188049106e-05
5.508601287438815e-05
5.515502501674348e-05
5.518241730520606e-05
5.5216369287077786e-05
5.5241206783620183e-05
5.528439874267481e-05
5.5336843270249324e-05
5.536967165784706e-05
5.541306481745353e-05
5.544203139603034e-05
5.5492135971588017e-05
5.553439959380553e-05
5.557408024897187e-05
5.563636074616307e-05
5.570144028009866e-05
5.5746687054026496e-05
5.579467559381475e-05
5.58454198777783e-05
5.5912329467395114e-05
5.5952552235704115e-05
5.60089614338294e-05
5.60668316633427e-05
5.6107277113841656e-05
5.616129523992907e-05
5.621270889044142e-05
5.6281859552639615e-05
5.6332134263618285e-05
5.637977415873322e-05
5.645753183801527e-05
5.650264755262817e-05
5.6578000856752575e-05
5.662880626476393e-05
5.668658795329025e-05
5.674172786667315e-05
5.680388863191891e-05
5.685233013335931e-05
5.6891142861787024e-05
5.693417595913752e-05
5.699954400364796e-05
5.706366674818618e-05
5.71181448026568e-05
5.717973223548247e-05
5.724566568531239e-05
5.730471372202301e-05
5.734273754229026e-05
5.738786820466153e-05
5.745711236969547e-05
5.750667488190593e-05
5.755632297319519e-05
5.7611746212027676e-05
5.7658726236367826e-05
5.771291944925385e-05
5.776292445434665e-05
5.784884922110656e-05
5.791921097486305e-05
5.7986861833875915e-05
5.8047449643837424e-05
5.809658973018283e-05
5.818786367414796e-05
5.824305659561013e-05
5.8326042578011074e-05
5.8390263840577886e-05
5.843852267414679e-05
5.8489793531028825e-05
5.854115443156538e-05
5.860879466827422e-05
5.866331447726796e-05
5.87238469153202e-05
5.879931792791203e-05
5.886161633998469e-05
5.8932976367876466e-05
5.9001525610876505e-05
5.9061263404797454e-05
5.915709589365244e-05
5.9244213109898005e-05
5.930745833651051e-05
5.936781755421553e-05
5.9429813390385946e-05
5.95222910980162e-05
5.95861317534496e-05
5.967299200381906e-05
5.975245411865129e-05
5.982292414453218e-05
5.9881264007938535e-05
5.9976694770032206e-05
6.0038424591738704e-05
6.0152960384978936e-05
6.023215192269633e-05
6.033650530961246e-05
6.040679662757483e-05
6.0483522560353906e-05
6.054158774638263e-05
6.06060606060606e-05
6.066593867540255e-05
6.0737000112797275e-05
6.078921772960955e-05
6.08605684377092e-05
6.094481881976005e-05
6.103089907233033e-05
6.111722283339444e-05
6.121342497857529e-05
6.130509795678866e-05
6.139058443836384e-05
6.148440931049626e-05
6.154928339048624e-05
6.164685160722148e-05
6.173982836327714e-05
6.181179192384786e-05
6.191840922761207e-05
6.198420288315092e-05
6.203528921738051e-05
6.214102461672303e-05
6.223217937092157e-05
6.232859636000996e-05
6.243366423175375e-05
6.254243951252635e-05
6.260788680494064e-05
6.272570051166249e-05
6.281350669861182e-05
6.291852051593187e-05
6.299836204258689e-05
6.305454217898481e-05
6.315181696799104e-05
6.323225206182307e-05
6.331976481230212e-05
6.34161366889529e-05
6.349551903051413e-05
6.361843480473684e-05
6.371571866779534e-05
6.383075730634203e-05
6.391818472355384e-05
6.401638819537802e-05
6.41148938898506e-05
6.420486856346191e-05
6.428092601265414e-05
6.440868229037273e-05
6.453694740238786e-05
6.464422588539501e-05
6.472312372287406e-05
6.481301445330222e-05
6.489412986242444e-05
6.497363926635478e-05
6.510961669038516e-05
6.521334078628656e-05
6.533202669279946e-05
6.544747372751411e-05
6.558728730979687e-05
6.570548922429977e-05
6.581483466373319e-05
6.594131223211341e-05
6.608137449258944e-05
6.621639517944642e-05
6.631613850599212e-05
6.646726487205051e-05
6.660576996270077e-05
6.674485349504657e-05
6.684811154084897e-05
6.699782735617001e-05
6.709029395133077e-05
6.72043010752688e-05
6.72643585382494e-05
6.739063462723351e-05
6.753106428957319e-05
6.765245965014013e-05
6.779004454774355e-05
6.78886625933469e-05
6.798756798756797e-05
6.814641744548285e-05
6.827603023652767e-05
6.841014815683514e-05
6.856695072974826e-05
6.87123309185857e-05
6.887052341597796e-05
6.903557304456738e-05
6.917474528870574e-05
6.931859817989165e-05
6.944857828839017e-05
6.962264526267629e-05
6.975376919474255e-05
6.994823830365528e-05
7.006375801979801e-05
7.019021548396153e-05
7.033408691283596e-05
7.046152297548944e-05
7.058515090096902e-05
7.076496931833116e-05
7.088966529950882e-05
7.105805443046969e-05
7.119899100858455e-05
7.134048776510635e-05
7.149568983127017e-05
7.160539290902022e-05
7.176395808984846e-05
7.195427819579786e-05
7.206316851457219e-05
7.220365556793331e-05
7.235142118863048e-05
7.248177601060304e-05
7.266913741733885e-05
7.283018082693468e-05
7.298509018871859e-05
7.313836734267413e-05
7.328768557488953e-05
7.344223768006461e-05
7.361369635401877e-05
7.380929786269361e-05
7.398013105051786e-05
7.417532928547963e-05
7.430761228410984e-05
7.447125409591896e-05
7.46165243622952e-05
7.482229704451925e-05
7.49713502340177e-05
7.512583577492298e-05
7.53709326614553e-05
7.558334143154848e-05
7.585855630330417e-05
7.605388961321164e-05
7.623030263430144e-05
7.638252367858232e-05
7.669383819791392e-05
7.690363973940652e-05
7.714263673532361e-05
7.735746886361877e-05
7.751680453584044e-05
7.779593016148211e-05
7.801963865761637e-05
7.826038347587902e-05
7.845510686706341e-05
7.865875584322185e-05
7.89168104079999e-05
7.910677153964379e-05
7.931112621799229e-05
7.949215866634869e-05
7.965769948563884e-05
7.98649142022636e-05
8.008420281896394e-05
8.036554843746411e-05
8.056533848951498e-05
8.08080808080808e-05
8.106918676024366e-05
0.00010450048766894245
0.00010484378276368212
0.00010508985182330893
0.0
0.0
0.0
0.0
0.0
0.0
0.0
0.0
0.0
0.0
0.0
0.0
0.0
0.0
0.0
0.0
0.0
0.0
0.0
0.0
0.0
0.0
0.0
0.0
0.0
0.0
0.0
0.0
0.0
0.0
0.0
0.0
0.0
0.0
0.0
0.0
0.0
0.0
0.0
0.0
0.0
0.0
0.0
0.0
0.0
0.0
0.0
0.0
0.0
0.0
0.0
0.0
0.0
0.0
0.0
0.0
0.0
0.0
0.0
0.0
0.0
0.0
0.0
0.0
0.0
0.0
0.0
0.0
0.0
0.0
0.0
0.0
0.0
0.0
0.0
0.0
0.0
0.0
0.0
0.0
0.0
0.0
0.0
0.0
0.0
0.0
0.0
0.0
0.0
0.0
0.0
0.0
0.0
0.0
0.0
0.0
0.0
0.0
0.0
0.0
0.0
0.0
0.0
0.0
0.0
0.0
0.0
0.0
0.0
0.0
0.0
0.0
0.0
0.0
0.0
0.0
0.0
0.0
0.0
0.0
0.0
0.0
0.0
0.0
0.0
0.0
0.0
0.0
0.0
0.0
0.0
0.0
0.0
0.0
0.0
0.0
