0.0
0.0
0.0
0.0
0.0
0.0
0.0
0.0
0.0
0.0
0.0
0.0
0.0
0.0
0.0
0.0
0.0
0.0
0.0
0.0
0.0
0.0
0.0
0.0
0.0
0.0
0.0
0.0
0.0
0.0
0.0
0.0
0.0
0.0
0.0
0.0
0.0
0.0
0.0
0.0
0.0
0.0
0.0
0.0
0.0
0.0
0.0
0.0
0.0
0.0
0.0
0.0
0.0
0.0
0.0
0.0
0.0
0.0
0.0
0.0
0.0
0.0
0.0
0.0
0.0
0.0
0.0
0.0
0.0
0.0
0.0
0.0
0.0
0.0
0.0
0.0
0.0
0.0
0.0
0.0
0.0
0.0
0.0
0.0
0.0
0.0
0.0
0.0
0.0
0.0
0.0
0.0
0.0
0.0
0.0
0.0
0.0
0.0
0.0
0.0
0.0
0.0
0.0
0.0
0.0
0.0
0.0
0.0
0.0
0.0
0.0
0.0
0.0
0.0
0.0
0.0
0.0
0.0
0.0
0.0
0.0
0.0
0.0
0.0
0.0
0.0
0.0
0.0
0.0
0.0
0.0
0.0
0.0
0.0
0.0
0.0
0.0
0.0
0.0
0.0
0.0
0.0
0.0
0.0
0.0
0.0
0.0
0.0
0.0
0.0
0.0
0.0
0.0
0.0
0.0
0.0
0.0
0.0
0.0
0.0
0.0
0.0
0.0
0.0
0.0
0.0
0.0
0.0
0.0
0.0
0.0
0.0
0.0
0.0
0.0
0.0
0.0
0.0
0.0
0.0
0.0
0.0
0.0
0.0
0.0
0.0
0.0
0.0
0.0
0.0
0.0
0.0
0.0
0.0
0.0
0.0
0.0
0.0
0.0
0.0
0.0
0.0
0.0
0.0
0.0
0.0
0.0
0.0
0.0
0.0
0.0
0.0
0.0
0.0
0.0
0.0
0.0
0.0
0.0
0.0
0.0
0.0
0.0
0.0
0.0
0.0
0.0
0.0
0.0
0.0
0.0
0.0
0.0
0.0
0.0
0.0
0.0
0.0
0.0
0.0
0.0
0.0
0.0
0.0
0.0
0.0
0.0
0.0
0.0
0.0
0.0
0.0
0.0
0.0
0.0
0.0
0.0
0.0
0.0
0.0
0.0
0.0
0.0
0.0
0.0
0.0
0.0
0.0
0.0
0.0
0.0
0.0
0.0
0.0
0.0
0.0
0.0
0.0
0.0
0.0
0.0
0.0
0.0
0.0
0.0
0.0
0.0
0.0
0.0
0.0
0.0
0.0
0.0
0.0
0.0
0.0
0.0
0.0
0.0
0.0
0.0
0.0
0.0
0.0
0.0
0.0
0.0
0.0
0.0
0.0
0.0
0.0
0.0
0.0
0.0
0.0
0.0
0.0
0.0
0.0
0.0
0.0
0.0
0.0
0.0
0.0
0.0
0.0
0.0
0.0
0.0
0.0
0.0
0.0
0.0
0.0
0.0
0.0
0.0
0.0
0.0
0.0
0.0
0.0
0.0
0.0
0.0
0.0
0.0
0.0
0.0
0.0
0.0
0.0
0.0
0.0
0.0
0.0
0.0
0.0
0.0
0.0
0.0
0.0
0.0
0.0
0.0
0.0
0.0
0.0
0.0
0.0
0.0
0.0
0.0
0.0
0.0
0.0
0.0
0.0
0.0
0.0
0.0
0.0
0.0
0.0
0.0
0.0
0.0
0.0
0.0
0.0
0.0
0.0
0.0
0.0
0.0
0.0
0.0
0.0
0.0
0.0
0.0
0.0
0.0
0.0
0.0
0.0
0.0
0.0
0.0
0.0
0.0
0.0
0.0
0.0
0.0
0.0
0.0
0.0
0.0
0.0
0.0
0.0
0.0
0.0
0.0
0.0
0.0
0.0
0.0
0.0
0.0
0.0
0.0
0.0
0.0
0.0
0.0
0.0
0.0
0.0
0.0
0.0
0.0
0.0
0.0
0.0
0.0
0.0
0.0
0.0
0.0
0.0
0.0
0.0
0.0
0.0
0.0
0.0
0.0
0.0
0.0
0.0
0.0
0.0
0.0
0.0
0.0
0.0
0.0
0.0
0.0
0.0
0.0
0.0
0.0
0.0
0.0
0.0
0.0
0.0
0.0
0.0
0.0
0.0
0.0
0.0
0.0
0.0
0.0
0.0
0.0
0.0
0.0
0.0
0.0
0.0
0.0
0.0
0.0
0.0
0.0
0.0
0.0
0.0
0.0
0.0
0.0
0.0
0.0
0.0
0.0
0.0
0.0
0.0
0.0
0.0
0.0
0.0
0.0
0.0
0.0
0.0
0.0
0.0
0.0
0.0
0.0
0.0
0.0
0.0
0.0
0.0
0.0
0.0
0.0
0.0
0.0
0.0
0.0
0.0
0.0
4.118729234740108e-05
4.113533525298231e-05
4.1085759675696403e-05
4.104640980735552e-05
4.100825632894089e-05
4.0967935762276723e-05
4.091987887715852e-05
4.08797318289592e-05
4.0835216290528956e-05
4.079079759606233e-05
4.074315514993481e-05
4.069783216214016e-05
4.064600043355734e-05
4.0606388738494855e-05
4.0551500405515004e-05
4.050222762251924e-05
4.046180405697022e-05
4.0427997736032124e-05
4.038337281929787e-05
4.035403943934788e-05
4.030091348737238e-05
4.024468770122344e-05
4.02047763274277e-05
4.015741707493374e-05
8.468834688346883e-05
8.458880934572782e-05
8.45007782966422e-05
8.44219319292633e-05
8.432751029683283e-05
8.423778108817478e-05
8.413482827638734e-05
8.40321268089021e-05
8.395860398935935e-05
8.384967077971368e-05
8.376981817540518e-05
8.371002846140967e-05
8.361939970073056e-05
8.353557736273785e-05
8.343872962338392e-05
8.334429968855551e-05
8.326978533925864e-05
8.319103288235036e-05
8.310370467567685e-05
8.301220716351656e-05
8.292091090802761e-05
8.284064947069184e-05
8.275838037493902e-05
8.267411603964876e-05
8.258571527922665e-05
8.249320516494299e-05
8.2411624376491e-05
8.232592400017331e-05
8.224894591482472e-05
8.21422704123542e-05
8.207627045427056e-05
8.201037647079136e-05
8.192550815374399e-05
8.18450457901493e-05
8.178585879456253e-05
8.171621249655932e-05
8.16424747123177e-05
8.154786430435379e-05
8.146814166881057e-05
8.139275861478092e-05
8.130290037399334e-05
8.12299062863397e-05
8.11508038200673e-05
8.106770433328213e-05
8.09972034649751e-05
8.091235063154218e-05
8.08318017834048e-05
8.075759121357407e-05
8.069174056331329e-05
8.061163013687006e-05
8.052963066568336e-05
8.045188553813843e-05
8.036409163198322e-05
8.028870126687119e-05
8.020126295883564e-05
8.01200958067672e-05
8.005325648220711e-05
7.998046792783236e-05
7.989571506664985e-05
7.983729998655372e-05
7.976892202797789e-05
7.970266710293389e-05
7.963051441312311e-05
7.955449482895783e-05
7.947862025115244e-05
7.940089931965965e-05
7.93253173012692e-05
7.923798084943115e-05
7.91785434481839e-05
7.911524175952297e-05
7.905006781663712e-05
7.898894154818325e-05
7.891414141414141e-05
7.885715234371758e-05
7.877868165949366e-05
7.870232296119561e-05
7.862220787711763e-05
7.856369034328197e-05
7.849163857492233e-05
7.841389329107237e-05
7.836150223124066e-05
7.829562780731034e-05
7.822599902835075e-05
7.815649398194996e-05
7.80697861709646e-05
7.800824423970701e-05
7.792761754765889e-05
7.7856727231005e-05
7.77783235905749e-05
7.769245238270484e-05
7.762579464300305e-05
7.756495044007903e-05
7.747954947680914e-05
7.739622795225874e-05
7.733952049497293e-05
7.727158113922711e-05
7.719999674947382e-05
7.714733516862784e-05
7.707410472342565e-05
7.701037613488975e-05
7.695984316394066e-05
7.688510128600448e-05
7.682541222898825e-05
7.677139901732608e-05
7.672489682520453e-05
7.664689983460406e-05
7.658017137836247e-05
7.650616478622567e-05
7.644521694347881e-05
7.639357972273152e-05
7.631993315980591e-05
7.62647913555866e-05
7.620789513793629e-05
7.612911497900439e-05
7.606693890623748e-05
7.600304012160486e-05
7.59410697298896e-05
7.589920585462505e-05
7.58392208517942e-05
7.576482598015759e-05
7.57014335460942e-05
7.563634047499621e-05
7.558037774277213e-05
7.553350507267118e-05
7.546870034953924e-05
0.00010556812318926859
0.00010546264798471191
0.00010536739948504657
0.00010527232287733799
0.00010518490398911773
0.00010510510510510514
0.0001050179635990367
0.00010495083881760651
0.00010489620796264752
0.00010481436823730606
0.00010472770795930583
0.00010465601221249108
0.00010459181667335114
0.00010452277103226062
0.00010442675209246088
0.00010432845421314384
0.00010426465976795236
0.0001041886990513345
0.00010407863023132065
0.00010400050045353604
0.0001039273602450498
0.00010384945732802376
9.987048047063964e-05
9.978639474874097e-05
9.972342331814109e-05
9.965587580386478e-05
9.957912261457434e-05
9.950248756218905e-05
9.94306044293227e-05
9.935419771485345e-05
9.926174080277933e-05
9.918559329257426e-05
9.91049583449472e-05
9.903364822938668e-05
9.894637570248061e-05
9.887300226326481e-05
9.88088897122963e-05
9.872658136072996e-05
9.864441002165553e-05
9.857376089702122e-05
9.849866488137837e-05
9.843730773963332e-05
9.836241940813488e-05
9.828538081745794e-05
9.820168170379918e-05
9.81271513228e-05
9.806174825710564e-05
9.799868314269526e-05
9.793569909256454e-05
9.786157174858751e-05
9.775842975522206e-05
9.770246546065185e-05
9.761975579807964e-05
9.754387569252342e-05
9.747702055394363e-05
9.741025699565459e-05
9.7341363995863e-05
9.728809436945154e-05
9.721051392464667e-05
9.71529627858612e-05
9.709989910713609e-05
9.699394545606099e-05
9.693004376997288e-05
9.685962920923193e-05
9.680688538972334e-05
9.673664958660197e-05
9.667965799570984e-05
9.660085733260883e-05
9.653965668084592e-05
9.646980796478851e-05
9.641313026317771e-05
9.634128901634038e-05
9.627607163541454e-05
9.621745144025497e-05
8.112127630808057e-05
7.731513800376816e-05
7.724382049436045e-05
7.71865140921592e-05
7.712409491505118e-05
7.708080762725816e-05
7.702547075275571e-05
7.697366454428601e-05
7.69115890083632e-05
7.685821524777447e-05
7.681178874520858e-05
7.676026948071304e-05
7.670539171879654e-05
7.665572648046022e-05
7.661467282559376e-05
7.657366312048829e-05
7.651564113421437e-05
7.647133067539776e-05
7.64253702549491e-05
7.6393060840027e-05
7.634549672752069e-05
7.62962962962963e-05
7.623700085118981e-05
7.617948774841539e-05
7.612543698218073e-05
7.608157717848146e-05
7.60461888308083e-05
7.599737329467059e-05
7.594526042588332e-05
7.591503412491339e-05
7.587980050242742e-05
7.583119828017787e-05
7.579604241634839e-05
7.57475473973731e-05
7.569577646963718e-05
7.565741148817394e-05
7.560576365491474e-05
7.555584897632828e-05
7.551928674599857e-05
7.547944101245044e-05
7.543135014793333e-05
7.538497570115345e-05
7.534857861856061e-05
7.529735143393936e-05
7.524949224857172e-05
7.519675266838961e-05
7.515560128129355e-05
7.511120834244877e-05
7.507343347983585e-05
7.503077718772991e-05
7.499635940002912e-05
7.494233805542822e-05
7.490146457815204e-05
7.486390033652413e-05
7.118937099105774e-05
7.116145663144901e-05
7.112272298425139e-05
7.108093797825503e-05
7.103302310747731e-05
7.099751508697196e-05
7.095433581673508e-05
7.089735798825129e-05
7.084354420131133e-05
7.08051557713427e-05
7.076834199884459e-05
7.073309803751741e-05
7.069482917820868e-05
7.066118681952555e-05
7.061841555334573e-05
7.058942167095245e-05
7.055130807884468e-05
7.050714784197765e-05
7.047824523552679e-05
7.043265775477936e-05
7.039319628208996e-05
7.034620381735829e-05
7.03159193806459e-05
7.028717330808732e-05
7.02629843127133e-05
7.022975161600092e-05
7.018599288113501e-05
7.014530098060268e-05
7.011067470793181e-05
7.007007007007007e-05
7.001450300419373e-05
6.999050128911077e-05
6.994853786143051e-05
6.990512875383408e-05
6.986326760483054e-05
6.982294895087457e-05
6.977224346241198e-05
6.972905282331512e-05
6.968888888888889e-05
6.965174129353234e-05
6.961018297533811e-05
6.9568674219837e-05
6.953757512541598e-05
6.949615289153636e-05
6.945182665391021e-05
6.942083191658167e-05
6.938396947105343e-05
6.934714615264863e-05
6.92912495050625e-05
6.92501201277594e-05
6.921783842578859e-05
6.917679612609941e-05
6.91358024691358e-05
6.91036272352908e-05
6.90539607378909e-05
6.901457052514454e-05
6.897231254310769e-05
6.893883437093314e-05
6.889957535363761e-05
6.886181261154911e-05
6.882409124108096e-05
6.877916973716531e-05
6.873864584867678e-05
6.870105925816877e-05
6.726504529880393e-05
6.722689075630251e-05
6.720288972425813e-05
6.577244134707558e-05
6.573518510748402e-05
6.570485936364145e-05
6.567731477599844e-05
6.565116880032966e-05
6.56195462478185e-05
6.557285562810425e-05
6.553171316629718e-05
6.549336008806767e-05
6.547146419268113e-05
6.543591457132515e-05
6.540313378419749e-05
6.536765830795121e-05
6.534039565694902e-05
6.529954429254196e-05
6.526961907539335e-05
6.524107967046315e-05
6.520577972932665e-05
6.516780710329097e-05
6.513800248078775e-05
6.51109310170466e-05
6.508388204584951e-05
6.50487519635727e-05
6.502580279195894e-05
6.498534373098834e-05
6.495301271420675e-05
6.490323204286375e-05
6.48750120777948e-05
6.485218531166995e-05
6.481730484130103e-05
6.479183898538737e-05
6.475970017636684e-05
6.47289303888556e-05
6.469818982724207e-05
6.466480927320882e-05
6.46367962153093e-05
6.461147197305564e-05
6.45808428487022e-05
6.45542324227066e-05
6.452498627127951e-05
6.450107730522734e-05
6.44718792866941e-05
6.444535856300562e-05
6.44135624811556e-05
6.43870897035454e-05
6.43540293153142e-05
6.432628481489085e-05
6.429724479465922e-05
6.426954922432123e-05
6.423265889041498e-05
6.42155456271946e-05
6.417345949562392e-05
6.413930511203909e-05
6.410781024088169e-05
6.408683083803758e-05
6.405931620087366e-05
6.402266674839774e-05
6.399128629293033e-05
6.39599365844033e-05
6.393513984111437e-05
6.390905876913873e-05
6.387518517008466e-05
6.383874604403515e-05
6.380494691971437e-05
6.378416524170127e-05
6.376599237521538e-05
6.373356657106632e-05
6.370505913049372e-05
6.367140138045017e-05
6.364424222727765e-05
6.361839789923929e-05
6.359128393508277e-05
6.356290360753289e-05
6.353068396864017e-05
6.351394266177474e-05
6.348305880287159e-05
6.345348994194681e-05
6.343422073759152e-05
6.340726350439804e-05
6.338161124147045e-05
6.33303689330854e-05
6.329454858866624e-05
6.326515503328151e-05
6.323961760214207e-05
6.322047805442342e-05
6.319242766483811e-05
6.31529443380698e-05
6.312495383148324e-05
6.309825875656154e-05
6.30715862503942e-05
6.304874204344997e-05
6.301957629391258e-05
6.298663879172864e-05
6.296006054882418e-05
6.292339411465445e-05
6.289686920796782e-05
6.28716281745156e-05
6.285144992945928e-05
6.28350646399016e-05
6.280609620023118e-05
6.27758967269716e-05
6.275326617398677e-05
6.271935092144068e-05
6.269174336401227e-05
6.266416010026266e-05
6.263910546026415e-05
6.261907616877839e-05
6.259030649274551e-05
6.255906507473811e-05
6.253035050257106e-05
6.250540272762939e-05
6.248172077317805e-05
6.245930178474133e-05
6.242819097713402e-05
6.240705332483535e-05
6.238096186134172e-05
6.234372616513129e-05
6.23164482276274e-05
6.22916708084001e-05
6.226443839463731e-05
6.223228531516681e-05
6.22125153049406e-05
6.218411791167208e-05
6.216314519062262e-05
6.214218661166422e-05
6.211262207773328e-05
6.20880064465845e-05
6.20683279848923e-05
6.203760534843355e-05
6.200936737251798e-05
6.197870306267102e-05
6.194929384395369e-05
6.192480747313847e-05
6.189789481308811e-05
6.187711468330765e-05
6.185024345308594e-05
6.182461540485258e-05
6.179778974288175e-05
6.176733427955633e-05
6.174055829228243e-05
6.172109942349866e-05
6.170408297229881e-05
6.16882903812205e-05
6.167007820290768e-05
6.165187677495098e-05
6.16324737570238e-05
6.16167177954325e-05
6.158644050029155e-05
6.155861165684348e-05
6.154168467088292e-05
6.151631163901705e-05
6.14873394951497e-05
6.146080565962483e-05
6.144393241167435e-05
6.141863990382103e-05
6.139336820999144e-05
6.137172330493258e-05
6.134048537290447e-05
6.131767775603392e-05
6.129848449278764e-05
6.127450980392157e-05
6.12505538613913e-05
6.12218314445747e-05
6.118596628262709e-05
6.11680494550187e-05
6.114298351741274e-05
6.112628430224997e-05
6.110363566632215e-05
6.107624134211792e-05
6.105006105006105e-05
6.101796135096363e-05
6.0994205550472706e-05
6.096928185969282e-05
6.094082257144339e-05
6.092067997848334e-05
6.090055069646906e-05
6.0881617637534164e-05
6.0860332012534636e-05
6.083433645271101e-05
6.081072338883929e-05
6.0800103489537856e-05
6.077769587875496e-05
6.0758839118350464e-05
6.073410737014854e-05
6.07117483691791e-05
6.068587955789691e-05
6.066707971912433e-05
6.064711764895642e-05
6.062482264014653e-05
6.0607232892963755e-05
6.0588481742885685e-05
6.056622981662607e-05
6.054048483911688e-05
6.051242435946955e-05
8.946213306044166e-05
8.943105123305475e-05
8.93896423771214e-05
8.936722858722628e-05
8.934654890920078e-05
8.931899088817777e-05
8.928284677393456e-05
8.92501701532021e-05
8.92243897115934e-05
8.918832210458775e-05
8.914885293004702e-05
8.91128463540665e-05
8.906317077702812e-05
8.902894401424464e-05
8.901184049590483e-05
8.897765316638822e-05
8.894519951880008e-05
8.892983499996802e-05
8.889400509062073e-05
8.885649994885958e-05
8.882072909677626e-05
8.879859966524845e-05
8.875267375411041e-05
8.87084936787221e-05
8.86762360446571e-05
8.863552307711929e-05
8.860162415063551e-05
8.85779103260177e-05
8.854743976863e-05
8.851022643335627e-05
8.848318182975581e-05
8.84392695807088e-05
8.839708734776941e-05
8.835831521670037e-05
8.832799552640945e-05
8.829264884298519e-05
8.826741852726765e-05
8.82371611756491e-05
8.821700112968535e-05
8.818342151675486e-05
8.81582535786543e-05
8.8141482932892e-05
8.811298747400984e-05
8.80878597184991e-05
8.806107257119327e-05
8.80209223832773e-05
8.79757971619894e-05
8.794907811649773e-05
8.792904948064929e-05
8.789068674874014e-05
8.787568435559939e-05
8.785402327183552e-05
8.782238396704451e-05
8.779742166132935e-05
8.776914819725959e-05
8.773092483542562e-05
8.769937411669696e-05
8.452072334601146e-05
8.44983384095395e-05
8.447117263638315e-05
8.444402432492046e-05
8.44232756230942e-05
8.439934747967175e-05
8.436746437993064e-05
8.434038267875127e-05
8.431650149441563e-05
8.42878619188698e-05
8.426083128969379e-05
9.807619766125989e-05
9.804106412262673e-05
9.80059557465415e-05
9.797641029505971e-05
9.795057263411692e-05
9.792659271953446e-05
9.789525208027409e-05
9.784735812133071e-05
9.781606817027518e-05
9.77847982248298e-05
9.775906151300946e-05
9.771680917034669e-05
9.769294356353797e-05
9.766358650739989e-05
9.763974688773305e-05
8.509945999386783e-05
8.507550451025285e-05
8.505315822388992e-05
8.501806633909706e-05
8.49941566517302e-05
8.496707525833739e-05
8.493523688187757e-05
8.491137375364462e-05
8.488116636708607e-05
8.48620990889804e-05
8.48493923286167e-05
8.482240309352294e-05
8.479384496443022e-05
8.475262826624788e-05
9.531106916593471e-05
9.528969937034063e-05
9.215327330917424e-05
9.213262117307238e-05
9.209822150866843e-05
9.207587549848511e-05
9.205697580394352e-05
9.203121599353294e-05
9.200032324437898e-05
9.197288042904107e-05
9.193346005242693e-05
9.189749703506387e-05
9.187011552046284e-05
9.183762115740224e-05
9.181711024257088e-05
9.17897766035302e-05
9.177270134186572e-05
9.17419818747598e-05
9.17112829664882e-05
9.168912430691076e-05
9.165675782798257e-05
9.16363276122545e-05
9.161250386877128e-05
9.158869250953018e-05
9.155809608651004e-05
9.152582203174957e-05
9.150035858248634e-05
9.147490929768284e-05
9.145116940093305e-05
9.14291362417683e-05
9.140542009436992e-05
9.13766384510425e-05
9.134280089120949e-05
9.131067841366206e-05
9.128871289082981e-05
9.12515645327365e-05
9.122625343639434e-05
9.118747034866885e-05
9.117061842016104e-05
9.114703618167822e-05
9.113524963669057e-05
9.111505122143421e-05
9.10999082845518e-05
9.107804403746508e-05
9.105787096853582e-05
9.103266719564028e-05
9.100579854513704e-05
0.0001137257794826399
0.00011369852069005782
0.00011367546576217862
0.0001136356656285895
0.00011360845001228198
0.00011358333947297329
0.00011354569447001779
0.00011351643227057407
0.00011348509664636203
0.00011345169104344893
0.00011342664974463675
0.00011032656663724625
0.00011029614514972701
0.0001102758734768145
0.00011024953143949138
0.00011021915241471793
0.00011019283746556474
0.00011014833308855926
0.00011012003083360864
0.00011009982384028186
0.00011007558523519484
0.00011004732034774953
0.00011001301820715451
0.00010998075336816057
0.00010996059745257949
0.00010993642010370669
0.00010990621336459555
0.00010987401113389979
0.00010985590567039566
0.0001098378061728847
0.00010980966325036604
0.00010977149234343841
0.00010973535490242698
0.00010971328262141603
0.00010968119333138345
0.00010966916468652898
0.0001096411081061326
0.00010961907371882707
0.0001335942596216569
0.00013356254614038156
0.00013352109737651906
0.0001334845462959342
0.00013344314592216513
0.00015772843263449913
0.00015768816644090168
0.00015765366892035019
0.00015762780568380177
0.00015759333456561605
0.00015755026686377805
0.00015752730704639772
0.00015749001161228666
0.00015746706935227796
0.00015742120487901714
0.00015738682405349076
0.00015737250314138397
0.00015733528096390387
0.0001573095220770401
0.00015726660933709874
0.0001572151449435333
0.00015716942708455042
0.0001571151716500554
0.0001558812741780334
0.0001558331495678268
0.00015458315717942802
0.0001545550965580373
0.00015451582879853575
0.0001544765809874579
0.00015442614880358603
0.00015437295054367256
0.00015434216830029394
0.00015429461988122423
0.00015423871805886954
0.00015419402575764634
0.00015416610621941254
0.00015412982593156742
0.00015409635158789055
0.00015405731655935217
0.00015402666005075646
0.0001539988010831594
0.00015395703152244392
0.0001539403300418687
0.00015390972007024072
0.00015387634125435038
0.00015384853663195612
0.0001538207420560362
0.00015378740181861347
0.00015372909116702566
0.0001536819196831471
0.00015365141238131332
0.00015359874646929058
0.00015355996310438473
0.00015352119931997326
0.00015346862261911203
0.00015342990493009417
0.00015339949759090725
0.00015336081476792601
0.0001533442423868186
0.00015330834784532321
0.00015327798866360113
0.00015324212512888026
0.0001531980084258905
0.00015317595959855564
0.00015313738941861752
0.00015308507523258147
0.00015304930190515568
0.00015301079547642583
0.00015297230841886697
