0.0
0.0
0.0
0.0
0.0
0.0
0.0
0.0
0.0
0.0
0.0
0.0
0.0
0.0
0.0
0.0
0.0
0.0
0.0
0.0
0.0
0.0
0.0
0.0
0.0
0.0
0.0
0.0
0.0
0.0
0.0
0.0
0.0
0.0
0.0
0.0
0.0
0.0
0.0
0.0
0.0
0.0
0.0
0.0
0.0
0.0
0.0
0.0
0.0
0.0
0.0
0.0
0.0
0.0
0.0
0.0
0.0
0.0
0.0
0.0
0.0
0.0
0.0
0.0
0.0
0.0
0.0
0.0
0.0
0.0
0.0
0.0
0.0
0.0
0.0
0.0
0.0
0.0
0.0
0.0
0.0
0.0
0.0
0.0
0.0
0.0
0.0
0.0
0.0
0.0
0.0
0.0
0.0
0.0
0.0
0.0
0.0
0.0
0.0
0.0
0.0
0.0
0.0
0.0
0.0
0.0
0.0
0.0
0.0
0.0
0.0
0.0
0.0
0.0
0.0
0.0
0.0
0.0
0.0
0.0
0.0
0.0
0.0
0.0
0.0
0.0
0.0
0.0
0.0
0.0
0.0
0.0
0.0
0.0
0.0
0.0
0.0
0.0
0.0
0.0
0.0
0.0
0.0
0.0
0.0
0.0
0.0
0.0
0.0
0.0
0.0
0.0
0.0
0.0
0.0
0.0
0.0
0.0
0.0
0.0
0.0
0.0
0.0
0.0
0.0
0.0
0.0
0.0
0.0
0.0
0.0
0.0
0.0
0.0
0.0
0.0
0.0
0.0
0.0
0.0
0.0
0.0
0.0
0.0
0.0
0.0
0.0
0.0
0.0
0.0
0.0
0.0
0.0
0.0
0.0
0.0
0.0
0.0
0.0
0.0
0.0
0.0
0.0
0.0
0.0
0.0
0.0
0.0
0.0
0.0
0.0
0.0
0.0
0.00017047391749062393
0.00016981772897090456
0.00016909029421711193
0.00016847307238726343
0.000167897918065816
0.00016731734523145567
0.0001666759264403578
0.00016606698034874067
0.0001654715940430226
0.00016481705307109108
0.00016437455481891402
0.00016383594560646605
0.0001632208922742111
0.0001626104395902217
0.00028817924749194
0.00028710881424059715
0.00028612303290414875
0.000285143997718848
0.0002843231332409283
0.0002834467120181406
0.00028251580322774305
0.0002816355987396807
0.0002807460827148146
0.00027971538959109104
0.0002787068004459309
0.00027761872538302707
0.00027663952141362795
0.00027570995312930797
0.00027488575060990273
0.0002740101383751199
0.00027314008672197753
0.00027237287847062627
0.00027141645462256146
0.0002705353217679483
0.0002697144398368227
0.00026881720430107527
0.000267885545900514
0.0002669336002669336
0.0002661343978709248
0.000265273978280693
0.00026447155277860426
0.00026364789823191126
0.0002628552653195334
0.0002619901426208839
0.0002611179110567115
0.00026032768747661115
0.00025959276385170764
0.00025887454292463513
0.00025804786787949165
0.00025730091341824265
0.00025657061304340854
0.00025583217409379445
0.00024718527732593373
0.0003894823858578151
0.00038837106080781184
0.0003872293345977557
0.0003859665705688675
0.0003849296128707894
0.00038388016671367245
0.0004922413388964418
0.0004908835904628332
0.0004896017905436912
0.000488326667286764
0.0004869678137464057
0.00048552668084712847
0.00048404941914069704
0.00048295846557196083
0.0004815188480234798
0.0004801975669989939
0.0004789490489440314
0.00047751148301423437
0.0004762120731098916
0.0004748767581746642
0.0004736557199566943
0.000472419688652929
0.00047108439140383147
0.0004697776385844034
0.00046847811537946725
0.000467248131007476
0.00046627292508548337
0.0004650544778102578
0.0004636580411551709
0.0004625754438521521
0.0004616602180794935
0.000592209159501667
0.0006933193209849514
0.0007935814549478712
0.0007918864333144443
0.0007897863953859085
0.0007880391561474285
0.0007861635220125787
0.0007552218194372518
0.0007534983853606028
0.0007518796992481203
0.0007499785720407988
0.00074827895839569
0.0007467463196074248
0.0007448393275164928
0.0007430051373498068
0.0007410230352303523
0.0007389890629618681
0.000737432050903881
0.0007357578305654825
0.0007340296128518099
0.0007324320930816558
0.000730597419947397
0.000728954055067272
0.0007800268783684553
0.0007785060427556071
0.0007767017079160114
0.0007750017206965379
0.0007732454333195989
0.0007715605257026956
0.0007698197828643312
0.0007683384510406004
0.000766236594262072
0.0007646755222339934
0.0007628416189043805
0.0007612943355915243
0.0007599071374581578
0.0007581878905408316
0.0007564764054606041
0.0007548029870356218
0.0008738123912752576
0.0008720619658119658
0.0008703533394644594
0.0008688941226564474
0.0008670942384044403
0.000865129835718071
0.0009557423857868021
0.0009537377814713682
0.0009514409790761943
0.0009494543592167987
0.0009476623019149857
0.0009455800996586496
0.0009436917534654241
0.0009415901543270171
0.0009393880335217307
0.0009963803370567857
0.0009942519807363678
0.0009925173496685147
0.000990597066903997
0.0009887223852927543
0.0009868928296067848
0.0009852975136633052
0.0009835939601183386
0.000981708018560417
0.0009803170713027494
0.0009786680938909701
0.0009766891763000266
0.0009744956223829462
0.000972644376899696
0.0010594050644113222
0.0010574399353926913
0.001055482083254613
0.0010534917342384814
0.0011329418849744053
0.0011808607886597293
0.001266234172072849
0.001267607391049394
0.0012626545631140497
0.0012601595705018268
0.0012329599722149863
0.001231127460087442
0.0012290723842025865
0.0012269332839597601
0.0012246658042259593
0.0012998352148355836
0.001297441940393774
0.0012705997671996567
0.0012685015290519876
0.0012660391409979367
0.0012634939201208663
0.0012610049126903057
0.0012588006797766447
0.0012567868916036455
0.0012545063027751566
0.0012524608379530658
0.0012862705387388037
0.0012838097988256809
0.001281543136477738
0.0012793764988009591
0.0012768503560102913
0.0013824664539795197
0.0013803882267320472
0.0013783654991660708
0.0013760540431250817
0.0013495709147883061
0.0013469808437288977
0.0013447346011921657
0.0013422581102139112
0.0013402171222461896
0.001337710009882818
0.001417565123435041
0.0013919181969558384
0.001390108796214969
0.0014696082213882362
0.0014607397036518492
0.0014582386992324447
0.0014558478104141957
0.0014532622952722547
0.0014506859473489063
0.0014479177508702542
0.0014455605588269253
0.001443011421919482
0.0014407696379663514
0.00143828692215789
0.0014357139580753178
0.0014331994001625513
0.0014312333527670132
0.0014287344516718018
0.0014262442614173588
0.0014234228088725173
0.0014209994665577083
0.0014184397163120568
0.0014162255101579115
0.0014079895219384414
0.0014059417103557132
0.0014037102075735062
0.0014017220835862501
0.001399315491219211
0.001397339787765713
0.001395369655465664
0.0014634582299975424
0.001461694673182924
0.0014593010950328066
0.0014565265732710698
0.0014545373793899826
0.0014524569806634736
0.0014504307004140926
0.0014958044509303177
0.001494268106818634
0.0014924879211066255
0.001490219402590537
0.0014880068626480585
0.0014858987875593045
0.0014836502401473783
0.0014810193090765797
0.0014794161062817782
0.0014770419859828391
0.001469466064926854
0.0015440063589542573
0.0015421424687330075
0.0015396308360477746
0.001537527378396548
0.0015354296604296609
0.0015332381817395446
0.0015308546012005014
0.001626279292978313
0.0016723200344586232
0.001745104996613013
0.0017963171739947394
0.0018478598929678371
0.0018457220597529757
0.0018966015211321849
0.0018935024990388318
0.0018855046497739103
0.0018830947511929111
0.0019129084080729422
0.0019106520445464597
0.0019080972089568083
0.00197412340655498
0.0020669947610731866
0.0020642420014586045
0.002061300740928377
0.00205862821364197
0.0020556380056206388
0.0021684062266788596
0.00216608393444
0.002163222078916187
0.0021600284792896935
0.0021569796012253905
0.0021537369371626633
0.0021455603165170616
0.0021428794552213167
0.0021402052849967246
0.0021378042319798066
0.002134810481110351
0.0021113701113701115
0.0021082904020027727
0.0021777984400020664
0.002175775403829282
0.002172747887033601
0.002169527808653411
0.002234493254359987
0.0022317393804946184
0.0022281009361510146
0.0022713773681515624
0.00226810238160976
0.002265253181363238
0.0022622726762746965
0.0022390644418637824
0.002236398970320402
0.002228930357360654
0.0022264863547758287
0.002223912382111348
0.00222120935885749
0.0022185802300525056
0.002215755812191204
0.0022136086969687797
0.00221106439611627
0.002208525937339497
0.002205660491219601
0.0022032008197956543
0.002195927297544135
0.002192890145023403
0.002255526189332052
0.002315606346921024
0.0023128314209532944
0.002310201394499806
0.0023052400876668665
0.002302762518907731
0.0023002216721836207
0.0023422296358076183
0.0023397207014202973
0.0023370087476842914
0.0023336103197214315
0.002330498009345703
0.0023276695676198375
0.0023251229584947326
0.0024106228836916293
0.0024068559522756536
0.002452741299098993
0.0024996812881841273
0.0024971100530966515
0.002494397635753359
0.002492422020142759
0.0024892821218957216
0.002486077381474871
0.002483098564108559
0.002538023791453647
0.0026615626423184156
0.0026530671669419007
0.002629570055597811
0.0026257503379028026
0.0026227025443531053
0.0026195099666971675
0.0026167038905892405
0.00261413062940222
0.002659567149598932
0.0026569570213491236
0.002654122402687899
0.002649602545900976
0.002645517868788671
0.0026823179694364374
0.0026797763639868897
0.0026768556268054328
0.0026546885764762856
0.0026949600675988767
0.0026917244514866145
0.002688496595531771
0.0027522100937006386
0.0027493087382539773
0.002746882578360844
0.00274336834295895
0.0027406412592018542
0.002719543985826586
0.0027166143565860077
0.0027988040958503413
0.0027961117959703326
0.002792951008296493
0.002790269951962828
0.0027872009540462353
0.0027835113766672697
0.002780535448008649
0.0027777220109775824
0.0028594695860428353
0.002903418001886273
0.0029005699979047133
0.002896997567396447
0.0028932721504916856
0.0028900404371628293
0.0028871380616296506
0.0028842415097744913
0.0028815112090441316
0.0028783057011218423
0.0029404176440935626
0.0029372348439792233
0.0029159800566189204
0.002912830090626949
0.0029095259174940443
0.0029067112071064632
0.0028832538564999423
0.0029081337111017407
0.0028864004618240732
0.0028649539851169172
0.002862275574550101
0.0029238618524332805
0.002962059758722491
0.002958973856849113
0.0029560562961455836
0.002953629386950861
0.0030097935453467306
0.0030069985550279423
0.0030589504187539386
0.003120665742024965
0.0031127248763731263
0.0031102677072680053
0.0031066314508402587
0.0031386810320737715
0.003131430639573961
0.0031112230596836575
0.003107682501835371
0.0032447727331322332
0.0032690118133156085
0.0032657435964739572
0.003244135980978084
0.003223010608546927
0.0032197982767710404
0.0032161595971632274
0.0032311416461528
0.003227410936449117
0.003224986264964798
0.0032216151088273076
0.0032562800232536766
0.003267304406981763
0.0032649460361592075
0.0033765724920588247
0.0035342152664167526
0.0035302572619587227
0.0036514787074249954
0.0036484655352278495
0.00364468182635496
0.0036411961309681905
0.0036820492987385224
0.0036769617555064736
0.0037684428866666124
0.0038023130044096817
0.00379849178643212
0.00379487876317299
0.0037918731566759416
0.003787873079502382
0.0037848785556174585
0.003781590043141869
0.003774022170360262
0.003849094761291547
0.0038453556175673353
0.0038999887543576836
0.003957372919545565
0.003953641797708527
0.00394898777759508
0.003944860059629578
0.003938692231871735
0.003974733003709816
0.003971625396659927
0.004022894440559265
0.0040751737575606675
0.0041027049836592205
0.004099934829412586
0.004096530539873647
0.004136663999762941
0.004132699317260902
0.0041076019413407465
0.004104627419684575
0.00408432244845218
0.004080736841716985
0.004116916294038065
0.004135645335779428
0.004186020262693627
0.004181710775626459
0.00422199848610672
0.004257733321582796
0.004253268711239278
0.0042497760735334175
0.00423006327142967
0.004225944944860677
0.0042612098602882
0.004256850566313481
0.004253804363700089
0.004251413975551906
0.004269101152953843
0.004388026840857029
0.004423002183454679
0.004419511524908673
0.004416812861245997
0.004412883212547667
0.004408736608553756
0.0044050448551958355
0.0044015824720692875
0.00445848317363776
0.004454870506222678
0.004450703025891566
0.004442999436045333
0.004438958406771247
0.00443570847509247
0.004431904265422578
0.004501808115719407
0.004497048135334224
0.004485156156728113
0.0045566547175193645
0.004553564451333968
0.004609047447723117
0.004604138124342805
0.0046011374076448145
0.004597219290284133
0.004646248405629973
0.004641561443151522
0.004638430346113044
0.0046349563001666354
0.0046317185490900034
0.004686890920653917
0.004698453035440429
0.004695060819491323
0.004714415642935536
0.004710899434067772
0.004725133372687594
0.0046892137030429375
0.004685723579464123
0.004680353842455036
0.004676296469282056
0.004672130503607862
0.004727298352397285
0.004722495867852897
0.0047181810627583065
0.004713292720841196
0.004673408286306743
0.004669724358109629
0.004707765121098128
0.0047028822435351515
0.004773396767644133
0.004754786555209204
0.004751634055712835
0.004805037957211875
0.004801739088469183
0.004798797495261515
0.00479527233732773
0.0047898867245103
0.00482129953671688
0.004866746320656564
0.004845841517796611
0.0048417053282313665
0.004838991103249663
0.004834866594845169
0.0048315720470206895
0.004826073833222947
0.004857384304096657
0.004838128387181329
0.00486743339119207
0.004955837282242174
0.0049487943648793
0.0049449588334978785
0.004956729692272286
0.0049517275427883485
0.004947331633091496
0.004994343798169241
0.00499004393082007
0.004986072977825856
0.005014597789122479
0.005011458004835491
0.005002866178671586
0.004998296362686645
0.0049903314674895624
0.0049868578911134685
0.005019848884989936
0.004983993053890942
0.005031315962490054
0.005028665682323054
0.005005596632980522
0.004997662161013349
0.005050311960706229
0.00504741738442842
0.005040307610713342
0.005056937587287961
0.005036037896721375
0.005032679738562095
0.00502714122160616
0.005023554932003797
0.00502856720421591
0.005024746467428587
0.005020736276223549
0.005017640657565724
0.0049945625413075736
0.004990482807209084
0.004982522966193541
0.004963104603647576
0.004959586002217634
0.00499129703919388
0.00498919750483911
0.004986960407737303
0.005018848668163482
0.0050558938525743545
0.005052677559333549
0.005045065851676959
0.0050410305585802
0.0050198818469428036
0.0050548303261481594
0.005120608984821591
0.005100886550569876
0.005096876487269627
0.0050901055188677345
0.005086411164328381
0.005084149531974299
0.005081176762344321
0.005077127927960018
0.00510944100894343
0.005125435955812279
0.00520984115875053
0.005191623909417185
0.005188236621301988
0.0051849744912480745
0.005181837055557038
0.005213470743183506
0.005244246511449417
0.005225954164126524
0.005276490622098837
0.005323893730985705
0.005404156049003077
0.005428070245160383
0.0054388276011964115
0.005448800647476149
0.005437934123916864
0.005434915495051962
0.005431146918492352
0.005428637436261328
0.005421405263250483
0.005472245664003097
0.005469847493835503
0.005461720054128271
0.005458072030691684
0.0054539267549324885
0.005435331434135402
0.005431583532808626
0.005428214838101367
0.005420153279820929
0.005440733202451149
0.005437988444936556
0.005469314473440078
0.005466432787579104
0.005443851036900651
0.005439741436218542
0.0054367565307708934
0.005433774899292933
0.00545896383492876
0.005455350689859424
0.005501159956729709
0.005471430633846011
0.005521095378033213
0.0055114929628171765
0.005493309142852812
0.00548904336183392
0.00548453244381217
0.005465522874756304
0.005459255510352394
0.005555393453677771
0.005593825908416853
0.005586244561515991
0.00563678364806747
0.005632954658178827
0.005614935226585717
0.005612141031399558
0.005609478876413854
0.0056029235046184235
0.0055697707852471415
0.005633840411394983
0.005627284040143604
0.005624365587610833
0.0056176939535439495
0.00561440409065249
0.0056398857540209645
0.005688527060692291
0.005748779856705662
0.005741933918971609
0.005740127995424204
0.005736905955820145
0.005729351470665775
0.005759785202821477
0.0057573314826678094
0.005739295389483632
0.005731450438768607
0.005727474451040592
0.005722853827770984
0.005705267519670098
0.005701826696264815
0.005731538453087121
0.005726214294391551
0.005740887070622109
0.00573755991035649
0.005734364352672552
0.005731682833758192
0.005729896547313407
0.00572619992210213
0.0057609704321883864
0.005765690435617089
0.005757506852454107
0.005754272169349759
0.00576082251882656
0.005806704631225572
0.005836865987158596
0.005855218961799954
0.005851684991960498
0.005849223742655665
0.005845025949247939
0.005842311120660272
0.005917980820149692
0.005926943089687543
0.005923670705031134
0.005955849583343848
0.005971607599884013
0.006043087650762149
0.006049708882164195
0.006046643376451708
0.006090091450466693
0.006174314599722888
0.006202722195858571
0.006211362196851923
0.00621934668345111
0.006282509489397713
0.006324468457620337
0.006319398522632189
0.0063486843135596716
0.006329866828617765
0.0064269283132247345
0.0064079141926993745
0.00641417283935177
0.006457496161770193
0.006452838397495348
0.006449314259083574
0.006446356956215684
0.006439905337694373
0.006436674146098234
0.006434568593547989
0.006430424531974602
0.006427341806827984
0.006445621196470577
0.006456765553413357
0.006454096249348542
0.006462303917608631
0.006489506956888104
0.006511506772291302
0.0065082192895697735
0.0064886217077123436
0.0064852420705539355
0.00652826675041184
0.006524728087573647
0.006552267296042084
0.006598244048693524
0.0065806670673841106
0.006627025341323421
0.006668568490014055
0.006651560947219889
0.006693776809166411
0.006723138797265668
0.006753904008086415
0.006760485424390137
0.0067661965427473145
0.006758077497987813
0.006765512980762323
0.006762050417271855
0.006830927207119631
0.006811322398323367
0.006807952487482689
0.0068050248395565335
0.0068409460971089195
0.006868356124027201
0.00686525914769747
0.006860713340466124
0.006855858229378558
0.0068526253044193615
0.006875524107410647
0.006857601713062099
0.006839811089233227
0.0068362995921394136
0.006833814462382836
0.006831331138757071
0.006828411891229719
0.006897766579835161
0.006892810903865579
0.006889576222980659
0.006885927505330489
0.0068829923273657275
0.006892524193949202
0.006890029242256478
0.006885114474029611
0.006881182852887988
0.006910154173312067
0.006967738735483136
0.006964925700848523
0.007027698712774539
0.007035590185629457
0.007018009223891571
0.007057604875944815
0.007052600334979959
0.007049461727557847
0.007156374677823673
0.0071503691469388285
0.007174759747682142
0.007198676851244502
0.00720696358069454
0.007190026146831012
0.007186088623024506
0.007181989747056497
0.0071783066883487085
0.007160598065083548
0.0071462728551336075
0.007196599581508579
0.007202396426906866
0.00720647694756022
0.007218483521471702
0.007215900281747362
0.007212067767623317
0.007315918359714896
0.007341198927449315
0.007337805009438012
0.007321641568821243
0.007347182595518268
0.007343635467061154
0.007368993578784369
0.007364821050753433
0.007347296210565747
0.007379602023806191
0.0073752688418712705
0.007371247773257817
0.007403664189498074
0.007436058900739176
0.007433103825147491
0.0074644558806887034
0.007461398949893519
0.007458593033647868
0.007564797021936292
0.0076628055374114564
0.007655809389985807
0.007637233242206534
0.007634207333925814
0.00763038855954506
0.00762736807155324
0.007624449707678894
0.007644567798035922
0.007659049826157082
0.007688032727050513
0.007680888265563163
0.007739745239745233
0.0077534376800809275
0.00773636833336465
0.007779274299189564
0.007776206061552617
0.007783534454765618
0.007856349502622671
0.007906557607975864
0.007919662700468993
0.007981105776472723
0.007991600660586734
0.007982708119337099
0.008033421197414979
0.008029433480838878
0.00802148100895309
0.008061183249254167
0.008057107313443935
0.008051335961626516
0.008064987551796509
0.008112518144706976
0.008110509929966972
0.00818089196406274
0.008184694548237212
0.008299397277332532
0.00831536937110112
0.00833167509509137
0.008318471570591072
0.008376068376068361
0.008388041427390122
0.008384421657339464
0.00842925257173114
0.008425106488801263
0.00841926397299484
0.008422437858103754
0.008420357160766613
0.008411933644122249
0.00841036280621491
0.008407605988118962
0.008396091765944105
0.008393685368729881
0.008384102626557855
0.008377946263210591
0.00837452075109234
0.008380295830482807
0.008375510167024461
0.008369028252224416
0.0083964009499833
0.008422227534172997
0.008418118719615992
0.008401274295671933
0.008410594954937449
0.008407687039242372
0.008401721393285828
0.008449483661348053
0.008447418614424709
0.008444768278013366
0.008445726818742677
0.008439415529962132
0.008435640196147716
0.008457966918176275
0.008440126287546023
0.008468644209042676
0.008466236927587953
0.008507810851259533
0.008488483294181446
0.008483035474778374
0.008523518231517813
0.008632108632108617
0.008657827383766501
0.008652119750853912
0.008655916674058716
0.008647241429281536
0.008670047539713038
0.00866706609282868
0.008659315676965932
0.00869585438664185
0.008692165832425977
0.008735414483445964
0.008779762905814835
0.008782308762134034
0.0087996429907972
0.00880242749087993
0.008799588742167817
0.008796545269729271
0.008803258751712159
0.008800067816382595
0.008797764690242859
0.008793692880445585
0.008798946513778943
0.008790538550254919
0.00880893889378835
0.008804628050059818
0.00879811361924654
0.008793602262124195
0.008836996102646273
0.008831521634716968
0.008856916634561925
0.008887329245821059
0.008895662888026235
0.008893166210258053
0.008917393182488086
0.008954425705395902
0.008961312091956794
0.008971353858428305
0.009066338042239865
0.009143115620436884
0.009269836749705832
0.009314091488628017
0.00932691576490656
0.009310424143677715
0.009367331461293493
0.009360717603331159
0.009398513313837387
0.009391102508104994
0.00938781402778002
0.00946280458888516
0.009468267819702968
0.009464772347567324
0.009516031269846275
0.009499526524293938
0.009595326701331352
0.009607048963254757
0.009604000445261168
0.009664992697456428
0.009734858751079158
0.009738859428575396
0.009764976368633847
0.009831942853815032
0.009840392415856793
0.0098954479679792
0.009889583456207772
0.009884653066058019
0.009854660665317318
0.009852705297908826
0.00984648047684622
0.009842770718189467
0.009838132310179559
0.009864225445024894
0.009901727795182244
0.009898394474274541
0.009894671652804745
0.009904550325609187
0.009924903762026474
0.009933629885714841
0.010022954114961537
0.010018135343695504
0.009997581434568798
0.00999481667130788
0.009996924639158548
0.00999102258300757
0.00997905287561253
0.00998267597260194
0.009977817477864167
0.010003520305327664
0.01004530315875818
0.010129094446400285
0.010182313700211153
0.010266426686504833
0.010276215545590606
0.01028661055525952
0.010300736423539278
0.01031454594037955
0.010315842454783921
0.010299082021574743
0.01029503324240164
0.010280893372140176
0.010297258768749847
0.010294022990123849
0.010333734567450133
0.010327623291552382
0.010324100837805604
0.010353353548986066
0.010354351810157737
0.010335327471131578
0.010372172157981842
0.01036793801962423
0.010377456611710573
0.010418306611715023
0.010492763093901581
0.010503755599786434
0.010529691726697963
0.010592589863669141
0.010588753803043915
0.010593902869217419
0.010618000165215136
0.010600978279815727
0.010599321844607256
0.01059091753330375
0.010584149906969445
0.010578212419352214
0.010603906946651415
0.010626476980718266
0.010607534996705113
0.010603960792025975
0.01059451098720127
0.010635416986690713
0.010651347380364558
0.01069886982070993
0.010695037434531396
0.010712282087561704
0.010709201999498473
0.010734792026563111
0.010755874675123444
0.010735010699967308
0.010765505215189711
0.01075925711374702
0.01080079160866436
0.010849554391157826
0.010846185160517946
0.010842186916017347
0.01086665111367167
0.01085809562451027
0.010854873180615425
0.010845663758347002
0.010836362687266721
0.01085863021007609
0.010860608062129106
0.010831859477972506
0.010866137487415358
0.010849931680635127
0.010870184961719997
0.010853934461477296
0.010835310588830527
0.010916110522845749
0.010933317490532864
0.010919184819203521
0.010892170635853156
0.010902571804783889
0.010960208216425637
0.010966795296154004
0.011045066578810934
0.01109952482649604
0.011089457525760599
0.011115657953795734
0.011125507951970735
0.011126359583919672
0.011140647856894337
0.011150378058679494
0.011168328869633414
0.011193981204708704
0.011238420776793205
0.0112334849522216
0.011294847280679659
0.011365731975406999
0.011345442534957303
0.011339827453589272
0.011333497316308406
0.011315241946444893
0.011334736507503676
0.01132919730261425
0.011324949896273133
0.011352789008149112
0.01134867927105797
0.011356513304913286
0.011372967141188796
0.01137318605640091
0.011397431331645643
0.011408643140467339
0.011404928322459179
0.011445493651218604
0.01144220704584754
0.011456784482647005
0.011506255076102551
0.011478546247588347
0.011573950522506817
0.01159138747413996
0.011628341633834999
0.01164821398634476
0.011688073273295655
0.01166454103035841
0.011661281661040463
0.011708694452353414
0.01170092253022906
0.011692897722118975
0.011713337238402942
0.011687616805917156
0.011695525116969169
0.0117051807089437
0.011734084283595701
0.011737941231545097
0.011772775778746877
0.01178332889603667
0.011845165957026869
0.011850936212521397
0.011860489223921519
0.011854694262104469
0.011845828687803784
0.011840179633547885
0.011823531056298336
