0.011812439353223313
0.011760465948394853
0.011761099770404957
0.011732800875173366
0.01169382008034545
0.011694816105300402
0.011654884559379122
0.011673265747184157
0.011621104864889095
0.011622372557118777
0.011580267065204387
0.01158216860354891
0.011583762206477825
0.011597435432671018
0.011597655970739983
0.011597655970739983
0.01149623673531424
0.011497089235410627
0.011453351358409145
0.011431165478770714
0.011431165478770714
0.011422291126915337
0.011422925009190723
0.011422925009190723
0.01142419277374149
0.011413416775059967
0.011402223724128616
0.011359334928241227
0.011345604749316382
0.011348140423076596
0.011341598699149313
0.011342866584253562
0.011358297220742419
0.011371559797657568
0.011371776081580152
0.011372626376570548
0.011331530243870345
0.011348648971758657
0.011296330174791903
0.011281418401127912
0.011260507802225381
0.011206903487650981
0.011202047526259529
0.011205223393774263
0.011197192648208103
0.011197405672438992
0.011182820000641974
0.011183563988761412
0.011203229317679846
0.01114657260487679
0.011162853815817043
0.011166237693128706
0.011169409155045792
0.011183730185826829
0.011165230994929675
0.011166924726562683
0.011122956592299935
0.011151716331115615
0.011111537615433176
0.011077593954581593
0.011050732789943552
0.011050732789943552
0.011038253187128729
0.011006737817777841
0.010986008119070698
0.010989815249826607
0.010990251071366895
0.01099596187620966
0.010999717394112428
0.010942814403657696
0.01093235000922812
0.01093403551835111
0.010920697655612103
0.010925764306277577
0.010895079350839897
0.01086261347498259
0.010820090782408951
0.010797239733164939
0.010735442959337996
0.010694589868864792
0.010675749186122194
0.010667155657274807
0.01068322971385756
0.01069674131482364
0.010710050969882898
0.010653313953271595
0.010596572613510595
0.010609676202718764
0.010609676202718764
0.010614121155157771
0.010614525564254592
0.01061917298683937
0.010602633159049413
0.010592129565231022
0.010595910585263076
0.010516286939463956
0.010467686592211202
0.010444947013692148
0.010424820070598794
0.010409579901550853
0.010412272037639846
0.010415321358549407
0.010415916894106533
0.01041611542109342
0.010447882025497545
0.01042115862639233
0.01042155591804237
0.010421754575227236
0.010422549279709105
0.010433550885198503
0.010435418637034892
0.010392014927854454
0.010383075412271807
0.010324949120333772
0.010326856097964925
0.01028910896735478
0.010253901788014035
0.010204238748526342
0.010181105454815705
0.010181857120464325
0.010185113024921833
0.01019332549824807
0.010169435959905873
0.010140824202380983
0.010144777312973407
0.0101453579103129
0.010044955484069773
0.010047357539127881
0.010034263328376467
0.01003522072316774
0.010023455411557768
0.009988403188097352
0.009983993836013755
0.010001917743832562
0.009977544902920533
0.009924915566751853
0.0099251050675646
0.00992904562679578
0.009874684020940806
0.009875438331843026
0.00988510541396667
0.009887172506137982
0.009856268324411646
0.009827282377687837
0.009791811311280544
0.009780187212962227
0.00975620319126577
0.009715364051515825
0.009728999977813832
0.009720552723307897
0.00970027335801202
0.009700829545085795
0.009657341351109518
0.009656251619191036
0.009668269508678875
0.009668823977309298
0.009669008814318996
0.00966937850954016
0.009643082821760032
0.009647913022505289
0.00964974124220688
0.0096121018064253
0.009591615572857095
0.00947254685259726
0.009466439045634415
0.00947126470581164
0.009473264853605676
0.009443835423692998
0.009444919613512607
0.009417299763878702
0.009430598622644696
0.009367351438451195
0.00936770999049569
0.00937024120243582
0.009343240834514918
0.009324185018447239
0.009324363519577081
0.009325510637705293
0.009326046268497604
0.00932921114142728
0.00931396762383311
0.00927400279581024
0.0092625830313516
0.009248191211702422
0.009250177062609785
0.00922430847207961
0.00919446612296017
0.0092065589505545
0.00920570107248227
0.009209954491556482
0.009200260557271231
0.009201252292236206
0.009201428683086068
0.009208853614252025
0.00921083812352484
0.009225783234242979
0.009229333096809811
0.009199003995175816
0.00920490301658648
0.009204720201961513
0.00920524989889633
0.009205956256316442
0.009150737776676453
0.009152195321075215
0.009120564042957881
0.009139893889537386
0.009141122039750975
0.009141823988074243
0.00909487772710981
0.009098951174282416
0.009045936219241433
0.009020801576766
0.009025389667809717
0.009026256660092888
0.009026990296637593
0.00902867183095453
0.009029905608501282
0.008991230334774659
0.008982186543395772
0.008986407319186424
0.008999571944062496
0.008955932632230696
0.008957310653523138
0.008963942694633926
0.008939499422390782
0.008940015381032267
0.00894053139923608
0.008945928481609036
0.00894930792152337
0.008909237511427233
0.008923396628933645
0.008905691908063132
0.008891291047725335
0.008894335247560682
0.008851886492097978
0.008853250340333572
0.008853932422063986
0.008861460881720969
0.008864136340226163
0.008865390378064211
0.008866674800587846
0.008867529024638462
0.008729593168715662
0.008715245387639148
0.00866147315683413
0.008596374285644463
0.008579685489028871
0.008555133792476355
0.008582975782578934
0.008584631385330097
0.008541567838489451
0.008556409143639927
0.008561259364690908
0.00856192026166209
0.008538330346600573
0.008542537089244863
0.00851728888053216
0.008403868286345016
0.008364003704106504
0.008337285990588594
0.008341311048478626
0.0083425311942
0.008343175990149545
0.00834550047241982
0.008359352655742868
0.00836326978915362
0.00836230662978957
0.008366543966169319
0.008331903396661242
0.008303376533056309
0.008266454918622875
0.008270158896635382
0.008172288074078132
0.008185819715410155
0.00818629489844317
0.008187507316400687
0.008174119815574704
0.00814588096978263
0.008129706000044621
0.008132271459806505
0.008057174327194133
0.008059198420890933
0.008063363654550194
0.008038313933230876
0.007988826390241231
0.007990374552403597
0.007990993985292655
0.00799238806049992
0.007964238366382924
0.007945468265246135
0.007945099974530545
0.007946332609065526
0.007944979491691342
0.00787378948805597
0.007875317222293742
0.00785907462148604
0.007820632327344207
0.007796956274844059
0.007769046658268612
0.007763377188899468
0.007768893248033822
0.007770100347668382
0.0077724518437368405
0.007765150784906811
0.007768257232544364
0.007714394431022993
0.007717886056704221
0.007645111698063153
0.007601638523246403
0.007616080304677958
0.007617265271857495
0.007618598800761903
0.007619932796660869
0.007575568898780677
0.007571706090385504
0.007572737718207928
0.007587190461094388
0.007589047378630347
0.007541689235533529
0.007497268871125961
0.00751257703966143
0.007506896528072667
0.007509073351461312
0.00751076176806712
0.007531279405781327
0.007545830465268644
0.007503848909905355
0.007504287859826964
0.007490426846805751
0.007461613322371586
0.007446378846632845
0.007431430132673192
0.007434470928526128
0.007419079641419832
0.007419740917659132
0.007421189152374581
0.0074220583646047375
0.007405718469768272
0.007423146549063235
0.007366152068398437
0.007366727549028781
0.007368817812924535
0.007372061228346366
0.007376615598061233
0.007384429705926032
0.007374937929145212
0.007389129112680948
0.007324378997248606
0.007326549804031576
0.007331817831814372
0.007349273563242706
0.007321717928737094
0.007299945427075874
0.007307615635737174
0.007263066199573782
0.007264008226284435
0.007222989096325496
0.007237465909758684
0.007206082447285308
0.007210054874653767
0.007214452285482571
0.007178708147770782
0.007182961017562
0.007183946952836383
0.0071978162758400644
0.007177230740300935
0.007175087766178844
0.007179624511711838
0.007193832930815116
0.007142768791193314
0.007146928416461485
0.007150528263961261
0.00709344122799385
0.007098526307597673
0.007085276296306872
0.007082179290983223
0.0070873595803097
0.007055571588377234
0.007060791123317142
0.007061902009271094
0.0070781337012048775
0.007063130218739137
0.007064659215322876
0.007068912945737462
0.007074003360647911
0.007075953656966325
0.007068812160083054
0.007070622640570102
0.007060988584336695
0.007063691166734949
0.007000025779771526
0.007015104995460413
0.0070164491635375656
0.007030984329306055
0.007032510331192768
0.007033898180563465
0.007031996801129942
0.0069882848969397135
0.006990875588845671
0.0069112396802025215
0.00690168051905905
0.006897107607458757
0.006876721872645299
0.006891014032421281
0.006896219073725219
0.006897719912792388
0.006888302166650406
0.006893069194304855
0.006880344611707447
0.006848290579378515
0.0068057984792425355
0.00677520101368999
0.006731487631123432
0.006673015112244863
0.006641425305352326
0.006645915746870062
0.006614701102905005
0.006571955314590112
0.006503005273200427
0.006492950242877257
0.00650825054609303
0.006509284545464853
0.006510836160707505
0.006469832937879018
0.006477872000137302
0.006445339423846991
0.0064128203542424276
0.006421472083130028
0.00640800865667723
0.006409666318008404
0.0064111972283188235
0.006412345891051586
0.006414005797395346
0.006405681801758116
0.006407465191586313
0.00637565601363575
0.006368543402784814
0.006304900907876387
0.006282890623725933
0.0062842692751694
0.006285903160081597
0.006286655752549979
0.006288864490988411
0.0063035531722417555
0.0063115929529790615
0.006313233762735975
0.006239882421141375
0.006241004455502132
0.00624237637894359
0.006246830578421456
0.0062483292482657365
0.00624945372263555
0.006263661127045788
0.006264914034678266
0.006271714036117414
0.006226146203207527
0.006228514601899386
0.006230847296802907
0.006236307526971614
0.006228170709624161
0.006210125830004037
0.006166056483469344
0.006168199857974553
0.006110977846077888
0.006112448923414503
0.006067710167160786
0.006068928044838751
0.006070390143544595
0.00607160909738868
0.006042459291652399
0.005983650724185542
0.005988081407177332
0.00600352667892611
0.0059881015027231236
0.005988944286833608
0.005990269141276145
0.00594961642701406
0.0059545259212037864
0.005955724207833668
0.0059293169861997785
0.0059375806417752116
0.005939494100057723
0.005897508550979915
0.005899668149965473
0.005914298754376173
0.005917042599610775
0.005876422564440801
0.00589070427599483
0.0058926066510234095
0.005893915246770917
0.00589510538372683
0.005896415089640972
0.005925019945283387
0.0058838622884827075
0.00589912531593856
0.005929340953913212
0.005931694573161636
0.0059362671038645275
0.005922911629433366
0.005890964779077514
0.005895335550525421
0.005850968885793243
0.005838745930045606
0.0058580908833300955
0.005822089135988387
0.005836673754954588
0.0058384500515445146
0.005840820129506496
0.005856253407114285
0.0058286898489786415
0.00583134651297079
0.005798786181072786
0.0057416133383573695
0.005743364292879405
0.005744532189313282
0.005702212945103793
0.005686418853227932
0.005690884766722829
0.005675309475773651
0.005681750864148613
0.0055977374635687565
0.005599722869828438
0.005602394689680093
0.0055911959874224
0.005597668161940756
0.005612638082946627
0.005615266294119865
0.00561767450782277
0.005571160156399961
0.005575165507113269
0.005577559162568972
0.005578813802572005
0.005580753902290598
0.005572235440863812
0.005514242091794238
0.005472476288915653
0.005475913504549894
0.005481348497885042
0.0054866750309928375
0.005488475121226103
0.005490276393008586
0.005491515453354559
0.005492529646063256
0.0054658199842335786
0.005468524890037948
0.005470996590485432
0.005436376032771353
0.005437828832352532
0.005439282408624211
0.0054424158292073095
0.00542064329961829
0.005340731723986465
0.005356444976385237
0.005299608251329829
0.005302152396805486
0.005303792271564803
0.005294792859500924
0.005266752378546572
0.005268600133013208
0.0052700139967650226
0.005223238199654851
0.005224748741584104
0.005197654342158711
0.005171598281211955
0.005173416178957718
0.005174272102551044
0.005113816033570268
0.005070777007989872
0.00507245655984943
0.00507472241025077
0.005077002722733344
0.005079317529578659
0.0050873854764735965
0.005072860083434853
0.005042126908115914
0.004987564640819398
0.004961276602478961
0.004962821946853344
0.004936364797201852
0.004917534870159231
0.00491927255110859
0.004934771168942462
0.004950897973718385
0.0049523402728971115
0.004924817615563946
0.004926947533307251
0.004863709121332851
0.004868600536809063
0.004870918910687138
0.004872239080515949
0.004877645980136282
0.004861887770295865
0.004864308520936158
0.004866339844311573
0.004867457795489205
0.004869186548910773
0.004888026321225209
0.004841894702846088
0.004844593110283487
0.004860777289510179
0.004863322039206277
0.00486685837603461
0.004868592350516274
0.004871725243648595
0.004871364918343799
0.004873306841331683
0.004876240211098649
0.004878065972616313
0.004880217382580084
0.004885051412508243
0.004915023236692742
0.00491863851022038
0.004856790925725987
0.004850450799098595
0.004853257680287667
0.004855302534791875
0.004858940882508983
0.004861708049854011
0.004816828328802166
0.004790212015834641
0.004792032543183254
0.004793348229323646
0.004744166338767214
0.004746572661909645
0.004766602075929038
0.0047679126898670056
0.004769123127208936
0.004771747850999365
0.004776893631549966
0.004778411358445674
0.004779104311992778
0.004781028674768344
0.004711581268152043
0.004713279891419605
0.00469870570761723
0.004595785928567386
0.004569424389138991
0.004574420630031651
0.0045813233596135195
0.004533568604107319
0.004519824645082498
0.00452155545762609
0.0045239615641914505
0.004494982985954795
0.004450743743305095
0.004452356091071545
0.004454870120641419
0.004458006349206351
0.004459528534946279
0.004463853608742158
0.004469563324197347
0.004478502880836864
0.004482322846592982
0.0044839529565168686
0.004485200311400775
0.004490496374085878
0.0044931895561634684
0.00449530789514503
0.004457433189800382
0.004459153911199894
0.004463212937080086
0.004464937294943736
0.004466662985730238
0.0044326845080824425
0.0044487252298577125
0.004451258962609896
0.004453698981420605
0.004454944503347215
0.0044569579725829735
0.004458973262668115
0.004396555261484173
0.004399208812685275
0.0044153575755335375
0.004445922123245448
0.0043852925360868735
0.004387186503667459
0.004389082107929327
0.004390694659977798
0.004396291876291878
0.0043985743797538045
0.004401349561697525
0.004417496484648064
0.0044203750466337375
0.004376605777138696
0.004341534834492582
0.00431090033843123
0.004284649173735629
0.004286322174996551
0.0042379128076360855
0.0042423060894924165
0.00420747876535658
0.004212930344255332
0.004214395966222371
0.004220085560625868
0.0042062457152895315
0.004142209647445991
0.004148548194170104
0.004150356667848331
0.0041533971904746175
0.004160391771947774
0.004178490325501634
0.004180224252515515
0.004117491210987145
0.0041196520565452595
0.004122446507733481
0.0041253350817825616
0.004128331606864858
0.004129236109648887
0.004131136856197683
0.004132586218980254
0.004118312190046313
0.004149473148024635
0.004180662842806312
0.004160349870399293
0.0041644663115639365
0.004168315099146268
0.004184454887610836
0.0041863897039271895
0.004189249133725404
0.004194954762585483
0.0041977307947661325
0.004155775691690951
0.004157427102655263
0.0041445860986344795
0.0041618886403023275
0.0041675075877570565
0.004172424815844587
0.004178331237128723
0.004171046698789407
0.00417335768162416
0.0041750231755552794
0.004176967932707347
0.004105944640006037
0.004108133164032957
0.004109808210008165
0.004111909385655133
0.0041141957104325316
0.004116392975487727
0.004120719135082151
0.004122738870427407
0.004124760586655688
0.004127244495475381
0.004099187203012582
0.004101842057712258
0.004104775546277389
0.004106243864566205
0.0040266343513866475
0.004028526482095511
0.0040307813385167
0.004033038720538718
0.004035389081562926
0.003947323717034003
0.003964317303109844
0.003966453010202587
0.0039695717111810904
0.003972696842525978
0.003974752132522561
0.003991902915000611
0.003994779897349658
0.0038774569832290295
0.003878768293477224
0.0038807806927181614
0.00383453424994108
0.0038366119313877453
0.003837824952323595
0.003838865295222029
0.0038043095998874605
0.0038054280337009466
0.003807322266719962
0.003808959713482325
0.0038156689219121243
0.003764687810061998
0.003766138885739836
0.003768189368561409
0.0037483950224886024
0.003751441600359357
0.0037497001603353135
0.0037517463349072437
0.003753367807550964
0.003771449240170783
0.0037731671272256116
0.0036983747203640084
0.0036656144479614862
0.0036681366585563637
0.0036770820656362798
0.0035996483534323385
0.0036055934278745325
0.003607488766559935
0.0035754125252604432
0.0035326530041577264
0.0034848367590373202
0.003486752250007178
0.0034889896526197643
0.003492955541355586
0.003495441117101202
0.0034977695377373785
0.003499698853747254
0.003501549779833443
0.003504128240643335
0.003482318473916272
0.0034836015388692407
0.003454488273057561
0.0034614086935647226
0.0034646036434387902
0.003472712503473205
0.003424970077386131
0.003427425423401555
0.0034443559407120452
0.0034617019720841547
0.003372151610103415
0.003373636760669975
0.003377295777676163
0.0033799612385963344
0.003382316612281767
0.0033844392571120117
0.0033864070458795776
0.0033890869136656288
0.0033920597221020993
0.0033896257922080585
0.003395250901430071
0.0033485481988643636
0.003350893832365798
0.003352772706556317
0.0033550458259393565
0.003357086417112614
0.003358893625716326
0.0033062153823277913
0.003307919696925739
0.0033117219926668863
0.0033137430891110177
0.0032608108103070375
0.003262879852699364
0.003238386520353345
0.0032413605954791816
0.0032441872079855506
0.0032469421613855807
0.003248934761668726
0.0032505459558782156
0.0032242637833507157
0.0032265510900616927
0.0031994734415978845
0.0032020501783867213
0.0032096473487068446
0.0032117037408670433
0.00321339508371927
0.003183315907866803
0.0031849809012093225
0.0031871783281389988
0.0031934226920299316
0.0031440097838344337
0.00314640853241778
0.003150251320226503
0.0031525078394855355
0.0030992377356687108
0.003117626426886038
0.003067866373121468
0.003070217453779095
0.0030547831367660665
0.002966623486702168
0.0029700039205331906
0.002972286947400448
0.0029751602564102543
0.0029768060866985735
0.002960431308366225
0.002910524456434465
0.0028560410691475238
0.002858866103739443
0.002878213333977407
0.0028961339230329226
0.002898866257035494
0.0029028326027817444
0.0029090527200168006
0.0028218309973002224
0.0028236797618758722
0.002825462344704785
0.0028440664236532988
0.002845864539765909
0.0028128573861839045
0.0028151864208654973
0.00281813749390541
0.0027853680752090025
0.002761765184823317
0.002768533037191211
0.0027300088821806665
0.002736025596350125
0.0027379037885246083
0.002739983956590984
0.0027422018052153676
0.0027612632783395614
0.002767733787048672
0.0027869240990043864
0.0027893255550944245
0.0027918687414510567
0.0027941409045285914
0.002796140709218523
0.0027981433785335967
0.0028005642169527953
0.0028036828853458384
0.002752449751830555
0.002754359896154823
0.002756546167187366
0.0027588043972533306
0.002736424954782057
0.0027390792332220425
0.002740715196231209
0.0027418751862311077
0.0027086176276308336
0.002712238898368919
0.0027400457341294595
0.002742510358131375
0.0027449794198987675
0.00274697162179018
0.0027498620118121056
0.0026931601586903655
0.002637310549481188
0.0026439880827828083
0.0026465798370488448
0.002649443308175662
0.0026515115178491473
0.002671730215160788
0.0026755023651314326
0.002678002645168557
0.0026809820407635763
0.0026832209416479064
0.0026862119662079114
0.0027060494914105185
0.00271144555118979
0.002713993449231543
0.0027162009013926747
0.002718826919310317
0.0026790135583779086
0.0026398632956846006
0.002642086480289873
0.00258956881341471
0.0025913562752707844
0.0025937433997822927
0.002565076600878689
0.0024908634632530334
0.002510335585778232
0.002474130009189339
0.002373891902855983
0.0023764582064239727
0.0023588497297792428
0.0023613439358120204
0.0023672295485761634
0.0023862817852848585
0.0023887495655121496
0.0023907274677062757
0.0024094115345668784
0.002416542102640757
0.002419113025527473
0.002438373398198884
0.0024401477284868222
0.002443594900424194
0.0024458848165116384
0.0024482428179762655
0.002452140276400415
0.0023773845720475445
0.002323245537531251
0.0023259232094626054
0.002327691415955237
0.002329645662978996
0.0023379441042577355
0.0023402812488125405
0.0023429315541509373
0.0023455878690935507
0.002348560181396317
0.0022899227538402795
0.0022924679204450555
0.002233142884055539
0.0021739771123076602
0.00217661243312482
0.00217823197945969
0.00218066582295479
0.002183046969720028
0.0021853167938107546
0.002205324498564604
0.002207327357579781
0.0022140266037161674
0.002215626162698837
0.0022182972366485637
0.0022202601209948235
0.0022222861232523068
0.0022252124627766237
0.002227726894788155
0.0022524498205196276
0.002260255689620213
0.0022361985973082094
0.0022393408533493927
0.0022417639890452744
0.002244070830238508
0.0022465042186902953
0.002249492321155504
0.00225181510336805
0.002218779642040772
0.002220773914904379
0.002227376051699271
0.0022305381242289156
0.002232915576725361
0.0022003846028486687
0.0022032800838623686
0.002178373751037399
0.0021798694759419834
0.0021835276794147742
0.00218557201208998
0.002206360145712317
0.0022177437907774985
0.002220686477770099
0.002222714109162009
0.0022261634244120526
0.002229066659267275
0.002236297469233548
0.0022396572350666336
0.0022448410485220306
0.0022707391069667023
0.002273087206431719
0.002276013245650856
0.002279393905423837
0.0022421776343482533
0.002244760352868461
0.002246969824798223
0.0022503238889201825
0.002187256201299007
0.002189787890764685
0.0021923254477450235
0.002194868892661762
0.00219797865306508
0.0020503940882038475
0.0019256647902807001
0.0019285158400242967
0.0019078309473564146
0.0019124590663315826
0.0019147557232992137
0.0018504733547106435
0.001853657603915721
0.0018562662148060931
0.0018584011424518632
0.00186118390109521
0.001863921251970624
0.0018679614269337115
0.001803079416531605
0.001806111207746275
0.0018106685247551585
0.0018136698946307232
0.0018164166788020002
0.001819118733714464
0.0018217224088408553
0.0018248139587051725
0.001827701745645655
0.0018304375048916026
0.001832858220432794
0.0018353393563069562
0.0018375023324789098
0.0018416804472793137
0.001848949863497039
0.0018516325160882789
0.0018551481349630163
0.0018575176988959855
0.001860003965893318
0.0018623859586423253
0.0018646628498727742
0.0018673913259871996
0.0018711910390296943
0.0018095523581135098
0.0018114528632158047
0.001679039060699867
0.0016159123736157921
0.0016379942353850945
0.0016399706393975045
0.001642547106156279
0.001644833045916155
0.001647624531523068
0.001650876553706628
0.0016743233239019547
0.0016772319070258851
0.0016796890896512435
0.0016828736264856384
0.0016850377628087369
0.0016366628842477589
0.0016404018062851351
0.001649016951935312
0.0016514063158327426
0.0016543133621577106
0.0015538645549781406
0.0015566573701063938
0.001560948361469712
0.001563860216390996
0.0015668317602716257
0.0015169473903098357
0.0015200766810443624
0.0015224083059425053
0.0015252252817328398
0.001528196748784984
0.001530457039158301
0.0015332555671153988
0.0015570715684416652
0.0014916555900162456
0.0014206437291897894
0.0014234875444839859
0.0014311023413216216
0.0013152578415736311
0.0013173168056398623
0.0013196778151170854
0.0013213694386583347
0.0012968669748330765
0.0012242447631911836
0.001227165269718461
0.0012296229299911708
0.001232130333926741
0.0011378262327352174
0.0010917598128411747
0.0010932517732804058
0.0010302556077203965
0.0010323086472183202
0.0010344376063899437
0.0010365073637944042
0.0010384147744076763
0.0010406032864622781
0.0010428698722814427
0.0010449389901127607
0.0010466002053456098
0.001048058107525455
0.0010501129868403561
0.0010520708483153548
0.0010537548352674403
0.001056008555006015
0.0010581656230117535
0.0010606162314559977
0.0010627206995123591
0.0010649411923297273
0.0009879710585243447
0.000888498009899762
0.0008906974115519384
0.0008941235206680963
0.0008959534286136599
0.0008977294735522973
0.000906368582270379
0.0009085805291078037
0.0009333241493318638
0.0009580328698432414
0.0009601862738317542
0.0009621493006225671
0.0009641203703703704
0.0008325506429656429
0.0008403361344537816
0.0007613118347265456
0.0007629930828192185
0.000788573303337083
0.0007903792176067835
0.0007926412738793491
0.0007947755024917926
0.0007144634415099704
0.0007162711139619413
0.000717908422030145
0.0007199398259249972
0.0007213867853425689
0.0007229175658178678
0.0007241155702860435
0.000749374518860662
0.0007510820162272294
0.0007529883848822171
0.0007003004749442667
0.0007024195802496141
0.0007040366391385905
0.0007064891887597325
0.0007084635656064227
0.0006551372346571284
0.0005790887361080309
0.0005811293692891675
0.0006073225750477182
0.0006147770036141435
0.0006166149706640756
0.0006189511591267162
0.0006206974382123914
0.000622359686179843
0.0006241252789650868
0.000625995902572274
0.0006282602901420249
0.0005925302955005926
0.0005941656763905394
0.000595924644367551
0.0005977171062779578
0.0005997523603157406
0.0006022223949024789
0.0006042413846873538
0.0006067961165048544
0.0006088937774984287
0.0006107411639544506
0.0006124303607412384
0.0006407969664539486
0.0006432957966920007
0.0005517223042050546
0.000553532605071159
0.0005553771211391253
0.0005573013187226385
0.0005585614686801798
0.0005603943015326446
0.0005889520714865963
0.0005911852244465284
0.0005931683370832481
0.0005954091898328748
0.0005972239383829647
0.0006001655629139073
0.0006018095791483357
0.000604191841326722
0.0006061366106512833
0.0006085277824408259
0.0005126260498300609
0.0005145120593168972
0.0005164996886851191
0.0005185027345692165
0.0005200096878517188
0.0005218833554955032
0.0005237931232420642
0.0005265587581869067
0.0005284340977530692
0.00042910339209867917
0.00043079529191857236
0.00043318649045521286
0.00043479542506779853
0.000436396988121126
0.00043830324641557086
0.00044062075249062745
0.00044250442504425037
0.00044408315645275403
0.000446219237343256
0.00044817161174665385
0.00045028543517416117
0.00045204492866884253
0.0004539439263841442
0.0003172245175866178
0.00031819945673263486
0.00031982277138132236
0.0003216897341744343
0.00032289057947045946
0.00032456223678794215
0.00032645391426205494
0.0003280367401148929
0.0003292379346342247
0.00033901588531576906
0.0003407818509322818
0.00034325503849360077
0.0003448955459203784
0.00034698126301179735
0.00034905754462950036
0.00035159977899442465
0.0003534282540644249
0.0003554201574003554
0.00035759897828863347
0.00036004526283304187
0.0003620752081932447
0.00036369304307164754
0.0003656689129185603
0.00036787891528274123
0.0003716879944777784
0.00037379185133764085
0.0003761014399312272
0.0003787468888648415
0.0003811390613089404
0.0003835616438356164
0.00038714672861014324
0.0003894947696416648
0.000391674127126231
0.0002626001162943372
0.00026465528648934763
0.00026689543418167955
9.599508505164535e-05
9.678106188181096e-05
9.749439407234084e-05
9.852605028769606e-05
9.933051234678267e-05
0.00010016627601819019
0.00010105909936130648
0.00010189317519512542
0.00010267151276206903
0.00010338481897318197
0.00010443427950790567
0.000105318588730911
0.00010631285747698325
0.0001072018181428357
0.00015126958400864395
0.00015270506108202442
0.0
0.0
0.0
0.0
0.0
0.0
0.0
0.0
0.0
0.0
0.0
0.0
0.0
0.0
0.0
0.0
0.0
0.0
0.0
0.0
0.0
0.0
0.0
0.0
0.0
0.0
0.0
0.0
0.0
0.0
0.0
0.0
0.0
0.0
0.0
0.0
0.0
0.0
0.0
0.0
0.0
0.0
0.0
0.0
0.0
0.0
0.0
0.0
0.0
0.0
