0.0
0.0
0.0
0.0
0.0
0.0
0.0
0.0
0.0
0.0
0.0
0.0
0.0
0.0
0.0
0.0
0.0
0.0
0.0
0.0
0.0
0.0
0.0
0.0
0.0
0.0
0.0
0.0
0.0
0.0
0.0
0.0
0.0
0.0
0.0
0.0
0.0
0.0
0.0
0.0
0.0
0.0
0.0
0.0
0.0
0.0
0.0
0.0
0.0
0.0
0.0
0.0
0.0
0.0
0.0
0.0
0.0
0.0
0.0
0.0
0.0
0.0
0.0
0.0
0.0
0.0
0.0
0.0
0.0
0.0
0.0
0.0
0.0
0.0
0.0
0.0
0.0
0.0
0.0
0.0
0.0
0.0
0.0
0.0
0.0
0.0
0.0
0.0
0.0
0.0
0.0
0.0
0.0
0.0
0.0
0.0
0.0
0.0
0.0
0.0
0.0
0.0
0.0
0.0
0.0
0.0
0.0
0.0
0.0
0.0
0.0
0.0
0.0
0.0
0.0
0.0
0.0
0.0
0.0
0.0
0.0
0.0
0.0
0.0
0.0
0.0
0.0
0.0
0.0
0.0
0.0
0.0
0.0
0.0
0.0
0.0
0.0
0.0
0.0
0.0
0.0
0.0
0.0
0.0
0.0
0.0
0.0
0.0
0.0
0.0002311604253351826
0.00022969144782175943
0.00022829312837683585
0.00022703193582563946
0.00022568269013766644
0.0002243829468960359
0.0002232475070695044
0.0002220084363205802
0.0002208317997791682
0.00021966756974445338
0.00021849963583394028
0.00021726535341830822
0.0003843012922130951
0.00038220820792126515
0.00038032755710855977
0.00037798251830852827
0.00037622272385252073
0.0003743740933127428
0.0003724915025375984
0.0003706535084671161
0.0003688590727805058
0.0003671577401441095
0.0003655471784327165
0.00036365289331333244
0.0003619008843952863
0.0003603603603603604
0.00035851931522810795
0.00035667313136717273
0.00035505847369238626
0.00035327106930736795
0.00035147840604542863
0.0003499562554680665
0.00034831069313827936
0.0003465453757851419
0.00034484245010560805
0.0003432224295857735
0.00034177079995727867
0.0003402662583471567
0.00033873187255213297
0.00033725391003751955
0.0003357887888518123
0.00033427347748877053
0.00033300033300033305
0.00033134526176275685
0.0003298697014679202
0.00032854884083862097
0.00032715822189506404
0.0003257395305279017
0.0003244120032441201
0.00032309525251913334
0.0003217309123082182
0.00032051282051282057
0.00031922746952375256
0.0003179713428327272
0.00031666864584570324
0.0003155071777882947
0.00031437272816583166
0.0003129706785595525
0.00031183613011362535
0.0003106554830692762
0.0004446764495485567
0.0004427248753633231
0.00044109468193237824
0.0004393757044338739
0.00043772004948139685
0.0004359528412752568
0.00043429823070677314
0.00043265613243039875
0.0005624296962879641
0.0005602868668758404
0.0005581291510855613
0.0005561735261401557
0.0005542008423852804
0.0005519372999227288
0.00055005500550055
0.0005481254110940583
0.0005459707359685521
0.0005442473059758355
0.0005423581733376722
0.0005402485143165856
0.0005386479935362241
0.0005367686527106817
0.0005348737697903295
0.0005329354082285227
0.0005309828492539691
0.0005292405398253506
0.0005277880403230063
0.0005260112566408921
0.0005243288590604027
0.0005224660397074191
0.0005208875924575477
0.0005193456245131135
0.0005176251358765981
0.0005159958720330237
0.0005143239212055753
0.0005124525981346726
0.0005108034938958982
0.0005091131249363609
0.000507433906733648
0.0005056378621631188
0.000503879875037791
0.0005024115755627009
0.0005009769049646811
0.000499425660490436
0.0004978096375945838
0.0004961548002976929
0.0004946332294603552
0.0004929994084007099
0.000491690431704199
0.0004903162539838195
0.0004888541259288229
0.00048730568685736563
0.00048579062424095217
0.0005569276962564773
0.000555501883875954
0.0006663134402645987
0.0008085174511687481
0.0008064644916079785
0.0008039609004362086
0.0008015109672094722
0.0007993415325197463
0.0007886559724916796
0.0007862376953800672
0.0007839816861878106
0.000782032032032032
0.0007796176754919387
0.0007773994433819984
0.0007752659162092596
0.0007733952049497292
0.0007713192644699493
0.000769538584664635
0.0007678722260615833
0.0007655795437145919
0.0007636502481863306
0.0007615218252155105
0.0007594398371760988
0.0007575413238792175
0.0008309161227942954
0.0008285877851095241
0.0008263097008758883
0.0008242293455618996
0.0008219014316028572
0.0008195499925495455
0.000817284831193533
0.0008151771157551504
0.0008132605834775022
0.0008112453353393218
0.0008091329037573189
0.0008075291077537476
0.0008050822647696001
0.0008030369396992261
0.0008010369787798022
0.0007992211226877079
0.0007975175453859985
0.0007953378739895593
0.0007933073705466609
0.0007911847632199781
0.0007890055660756297
0.0007873452150883973
0.0007853889103085864
0.0007834757834757834
0.0007820720643858601
0.0007804407361684617
0.0007785846746223864
0.0007769019973444077
0.0007749971818284296
0.0008995712980532712
0.0008976408875424274
0.0008956811375150444
0.0009911494541698074
0.0009884999860774648
0.0009856593505754305
0.0009761568497133836
0.0010706342299031592
0.0010683760683760683
0.0010659954334131109
0.0010636691782984035
0.001157217200766913
0.001153898675406254
0.0011513045847809794
0.0011486284424870182
0.0011459647124238846
0.0011434525501021662
0.0011408589520299187
0.0011385531616745488
0.0011356153153516374
0.0012001019080949888
0.0011973564510087222
0.0011943843915979391
0.0011919506705554887
0.0011889105859535856
0.0011865462885627541
0.001276455026455026
0.001273423066772235
0.0012705058324775519
0.0012674520929377303
0.0012383048981838192
0.0012361181964446882
0.0012332628611698374
0.0012047094371076552
0.0012022198827673148
0.0011995538956323267
0.0011970855819130072
0.0011944885651932486
0.00119236371604986
0.0011902004683599678
0.0011874959881892288
0.0011851225480775387
0.0011822143833953194
0.001176905618034835
0.001174389902537089
0.0011721081438023032
0.0011699242020939485
0.001167704063559536
0.0011652716231741339
0.0011631570325003461
0.0012740215313411807
0.0012712874766261306
0.0012687557926905632
0.001266756702681072
0.0012642903499575653
0.0012617864305020984
0.0012595742564408628
0.0013376515405328266
0.0013972500929022664
0.0013949174550176215
0.0013923863131387938
0.001389607509793776
0.0013872491145218413
0.0013844397805515662
0.0013820988788825579
0.0013798165137614675
0.0013766338373668212
0.001374419709763497
0.001372112542422362
0.0013693142503368653
0.0013668254025955137
0.0013645436399927413
0.0013376795846915365
0.0013349236756183657
0.001332611702447531
0.0013303556420046583
0.0013279639484155518
0.0013255808388964656
0.0013234907666212759
0.0013207929525921153
0.0013183413647450766
0.0014229887514996017
0.0014201548182130703
0.0014177347013644805
0.001415724229210243
0.0014130691200754891
0.0014107229071725483
0.0014079872129374982
0.0014056578314383937
0.0014030896080015924
0.0014005307520546179
0.001397785478432333
0.0013954897027304068
0.0013932014560001857
0.0013912114455592714
0.0013888888888888885
0.0013868630038665459
0.0013844109319928349
0.0013820631734385452
0.001379485053659435
0.0013769165344918737
0.0013745467896645093
0.0013722323402403122
0.0013698786776897302
0.0013655774017492176
0.0013629629629629627
0.001360590651058553
0.0013583654184696808
0.0014267891573097422
0.0014242691846115523
0.0014507994662686294
0.0014426984557030613
0.0014403083477026065
0.001438168866682421
0.0014358905217743021
0.0014339571832503028
0.0014316921525793982
0.001407253283218113
0.0014054609643830717
0.0014033913431503791
0.0013789569827797456
0.0013766568810604039
0.0013748681214948081
0.0013727186037744217
0.001370848974077888
0.001368666600333875
0.0013668079844550431
0.0013645933225312214
0.0013622958756987543
0.0013605442176870747
0.001358349791529515
0.0013562515748074626
0.0013543375998249644
0.001352207440417677
0.001350349040139616
0.0013486279508044925
0.001346779369689849
0.0013447605392076993
0.001389431211766237
0.0013874447621523263
0.001385194316486083
0.0013834888543286675
0.001381519347741685
0.001379466304839439
0.0013775526663870696
0.0014508628929196601
0.0014485760850917824
0.001542942190528198
0.0015410610970301689
0.0015386422363166548
0.00153598533299224
0.0015336803005630234
0.0015315774929319983
0.00162839824634035
0.0016261713946486875
0.0016241053656883917
0.0017176460633752165
0.0017151970258652554
0.0017132428184110304
0.00171053601710536
0.0017029019805833412
0.0017002730518798572
0.0016984002098085497
0.0016957851516675047
0.001733735116245004
0.0017313439073830272
0.001728851049622303
0.0017262034982446271
0.0017239406140433014
0.0017194447907575947
0.001717410705020443
0.001715114772786155
0.0017128781527825216
0.0017108065083007713
0.001708686943773359
0.001706308702689885
0.0017037265801935352
0.001700732702366639
0.0016936104695919939
0.0016919432737564216
0.0016900196656833824
0.0017801786317178726
0.0017572896871615685
0.001826344250586675
0.0018238878359927452
0.0018214936247723135
0.001885680013824932
0.0018830957891744836
0.001880747432348856
0.0018785761304369844
0.0018713521277779466
0.0019200064673902065
0.001915662407396193
0.0019133450271174824
0.001911148703077171
0.0018887279748974176
0.0019366179498769528
0.0019346358007967333
0.0019319605190640818
0.001995054906553751
0.002103147220305422
0.0021259166017303047
0.0021233074904461148
0.002120387807770106
0.0021169234444046343
0.002114082953156216
0.002181251365143663
0.0021791095109153853
0.0021762602399136234
0.002242667062373251
0.0022898198385168066
0.0022877172195892585
0.00228541555700223
0.002283321015028333
0.0022814998621450244
0.0022887098836465937
0.0023742865843475874
0.002371770339623383
0.0023695381508387014
0.002366753816476211
0.0024080594679186237
0.0024052364204767496
0.002397751558977663
0.0024149361411718836
0.002412396034204017
0.0024098612651528425
0.0024756517175016043
0.0025220448277201574
0.0025626103319172054
0.002560449677763241
0.0026217446025752745
0.0026182465096492255
0.0026152880390168535
0.002699547502580876
0.002696737506626187
0.002691308114351718
0.0027365910882901595
0.0027332008028657317
0.002730054581906434
0.002726680462941673
0.002723314673939046
0.0027202691594502113
0.002760510661052069
0.0027525823342584906
0.002748639971036861
0.002745579474295285
0.002742369369112461
0.0027391667616117883
0.002778884273222177
0.0027762775140472056
0.002773439348762364
0.002770135481370129
0.0027665259798506257
0.002763316734570695
0.0028028226072374053
0.0027998945922035868
0.002797603934512558
0.0028606053773744425
0.0028484814355971013
0.0028460773832967605
0.0028837235447876546
0.0029227616026054966
0.0029204657034647206
0.002898591338788625
0.002950397491882207
0.002946768060836501
0.0029441340782122897
0.002941751095481313
0.002934314846313284
0.0029313722759222627
0.002967579197269826
0.0029641156746142007
0.0029607424061583432
0.002957786835999962
0.002996721614258668
0.0031038426771450175
0.0031013539045723075
0.0030795150109094917
0.0030765410297444945
0.0030734033462884855
0.003070441152172715
0.0030750747445844554
0.003072369747283155
0.0031346153846153833
0.003171989902315881
0.0031685122245367825
0.0032067256346359216
0.0032592595487569895
0.003238097841224719
0.0032355331863730048
0.0032331490535191195
0.0032297115023867283
0.003285644250073925
0.0032647303893936254
0.003243851785099268
0.0032405036112663215
0.0033645184719928232
0.003420791356967913
0.0034162752365991603
0.003413409311441945
0.003409441947391994
0.003406311484896414
0.0034034622456413535
0.0034675503217433804
0.003463908721610141
0.003460181684035781
0.0035199163518342172
0.0035166084262558753
0.003576187282424705
0.003573119815379979
0.003610036714399209
0.003645687984310905
0.00364237398833554
0.0036209681522181496
0.0036172967506016202
0.003641744156663757
0.003637654241107108
0.0036287306573766272
0.003623193912016016
0.003619632134696695
0.003674764129478504
0.003671547918995205
0.003663726751962044
0.003656404049573229
0.0036651599101993277
0.0036574605524172005
0.0036544660385877384
0.0037131496833816505
0.0037098209969779017
0.003706888872997889
0.003765782436503547
0.0037617219199903803
0.0037585588155800457
0.0037513206674293694
0.003805113713026399
0.003802121173536261
0.0038181425852335787
0.0038147453056382175
0.0038097105753008473
0.003789999850677177
0.0037872288042018545
0.003784165582636633
0.003780811612984912
0.0037776603621939996
0.0037892416684631894
0.0037854989157234927
0.0037649408549291666
0.0038404590728814024
0.003909628174963409
0.0039059810392504534
0.003902643804000472
0.00389500084380701
0.0038921816626353257
0.0038874436511011465
0.003883130733071389
0.0038802274203310616
0.0038768290603637436
0.0038693463641344106
0.0038666593180482064
0.003941285549048047
0.003976570210486537
0.003973508719832532
0.0039682336192771546
0.003961624111528019
0.003940905616489959
0.003937679745369102
0.0039327552107104825
0.00392934057608845
0.003926232396505426
0.0039229290880108
0.003915684940065242
0.003913292281803114
0.0039096093237111695
0.003962604490124511
0.003958578987150417
0.003954561654675825
0.004002460452274108
0.0039994185296037205
0.00399185898224019
0.0040442460819389734
0.004100472254022825
0.00409746832093116
0.004094158739774368
0.004125843047522956
0.004227849833284122
0.004225293825525575
0.004276963648895681
0.004364400587422169
0.004399587222575382
0.004395940239949283
0.0043920788292729565
0.004387564081441632
0.00438514535813323
0.004381851393469401
0.00437856237370849
0.004374731418953102
0.004371889903629392
0.00436618864587716
0.0044009906282293405
0.004380864553587748
0.004373372714386539
0.004369345667688209
0.0043813337217798905
0.00437719699900732
0.004514965344532808
0.004502973310506249
0.004499289303186566
0.004495054573075081
0.004491383506158174
0.004471343669889629
0.0044675874451280285
0.004447599061844217
0.004501981875298104
0.004481885933558476
0.004474689001108512
0.004497745236981631
0.004494757804720906
0.004491443086575831
0.004518445463830327
0.00451533931684186
0.0045077059845354634
0.004505053547640648
0.004501742387917267
0.004519960094966829
0.004516753037745405
0.004513329832988538
0.0045366735106566565
0.004533351157298431
0.004571135049776705
0.004568348859601056
0.0045640866200225005
0.004560420240799989
0.004540544276151021
0.0046191741648938705
0.004615247917334036
0.004641212210865647
0.004637160716210187
0.00461741231997096
0.004614840568345839
0.004611602005368344
0.004645315047520774
0.004642171390207648
0.004651809122067778
0.004648890022867292
0.00464575047194859
0.004642055726549875
0.004730096030255002
0.004727590924028098
0.004724633762789953
0.00470164439437377
0.004694251284996568
0.004689832648629205
0.004701765852068189
0.00471893064876447
0.0047153122704844406
0.004748751694027712
0.004745115155051263
0.004725881488364752
0.004729092031931153
0.00470113320193332
0.004697370913361369
0.004688432950961875
0.0046842839284200865
0.004695340257856637
0.004711478547981991
0.0047402302183917975
0.0047131895271678974
0.004709942449287728
0.004762545425904008
0.0047590427234555375
0.004752720687841982
0.0048199735606441006
0.004816093755225841
0.004813244939593609
0.0048650099276725
0.004893371144611755
0.004889138504782919
0.00488648412404432
0.0048703555878084216
0.004867256155822402
0.004863587859419135
0.004940087648935897
0.005007797704910717
0.005004853742567145
0.005094111897862518
0.005091001282081395
0.005087297432286874
0.005083718189252902
0.0050884328721482455
0.005085214834354041
0.005081881906394445
0.005079503917153952
0.0051586165214450716
0.005208989458849248
0.005204391018903949
0.0052715494231006564
0.005266796443802257
0.005264217329789575
0.005292223759678144
0.005322278801876346
0.00531955311321204
0.00530094911873755
0.005298114122929269
0.005365501358993519
0.005360089866778834
0.005357228099631595
0.005354245164003189
0.0053640877510468974
0.0053568693181234635
0.005367907026235731
0.005365173243315754
0.005360155626199215
0.005401507882260666
0.005398013456976978
0.005479588663569451
0.005475657194143913
0.005472372987194555
0.005487672428659061
0.005647256779745263
0.005628135061232765
0.00573215842229765
0.005782660078987045
0.005777937404491899
0.005822997470710389
0.005867921804611202
0.005864690792536256
0.005846042623764357
0.00586066548045739
0.005890274655449427
0.005871238937896454
0.005904987573331816
0.005900850349740362
0.005928250141577997
0.005957754141875768
0.005932354335165394
0.0059171655101423705
0.005937533613520948
0.005932904651700211
0.005912834630765844
0.005909605999474729
0.005909498866845058
0.005890146943962684
0.0058709459688537895
0.005934915045017207
0.005969498443519412
0.005965358422330241
0.0059613030221926915
0.005957361418804069
0.005920693642453243
0.005916275713901496
0.005911862542601883
0.005912259084263244
0.005909589772292382
0.005906256519933396
0.005902527738563007
0.005898936584186037
0.005963044044072785
0.005960359439334773
0.0059579453609875325
0.0059544618092337845
0.005903613458015046
0.005901225586857698
0.0058830722364388134
0.005908335377471186
0.005905286632408438
0.0058876835130955785
0.005903193944747618
0.005933887502695053
0.005930936374529913
0.005956574482259836
0.005950953986327449
0.005952294091581627
0.005983681241785727
0.005979119028801343
0.005974849277871401
0.006019842038927692
0.006016621436856041
0.006009423227525183
0.006007683266680669
0.006029496894202794
0.006054527545764707
0.006051172099563468
0.006075966199153954
0.006071110367876144
0.006046211197374321
0.0061105279937523505
0.006106867614904008
0.006151002284415256
0.006130209955511993
0.006178924086119396
0.006161284962457125
0.006245033813148143
0.006242408049301857
0.006223810813033952
0.006221334112513656
0.006219134255151057
0.006296820427553276
0.006294734697037359
0.0062735620223375674
0.006321313831754511
0.0063511819723818036
0.00635651590820357
0.006404976013925807
0.0064839319099364865
0.0064815058762076674
0.006477514011074838
0.006535810442039715
0.006533368920164118
0.0065303768508011145
0.006574326143658919
0.006586678017876329
0.006553223010366904
0.006561493174118155
0.006553728834227494
0.006546073005002807
0.006593352348753113
0.006612346615310929
0.006606840473752417
0.006588373442295731
0.006584775990377911
0.006581613480897083
0.006601426610494155
0.006598402528673546
0.006592178413710988
0.00657491739981515
0.006557242080117048
0.0066061761493444
0.0066133614890497
0.006609757481060095
0.006677508334723245
0.006677502442128044
0.006659244576926688
0.006721362461208778
0.006718735902998067
0.006700625913972059
0.006698042247474689
0.0067412367144744564
0.00675334651790354
0.006768189746299096
0.006765112163970701
0.0068073406572591475
0.006804100959799661
0.00679912884914904
0.006794455551516556
0.006791080044395317
0.006774485005045431
0.0067704139610609395
0.006775988241852604
0.006819532268921533
0.006816591801403027
0.006797997129128389
0.006831853145390941
0.0068114208960551505
0.006786082462231075
0.006780560508492953
0.006790984819704901
0.006850531498787965
0.006856877572370575
0.006850203844556777
0.006846707420359329
0.006841350051342673
0.006834970854632433
0.00683262690029271
0.006928816633318124
0.006925700757920897
0.006948986650543106
0.007024462953708682
0.0070214584142815305
0.007017706352457893
0.0069991179229428446
0.00704243703554009
0.0070887810750149575
0.007071716786188765
0.007040866426773312
0.007105729155253025
0.007070176536506845
0.007061462962783656
0.007052408445436652
0.007081325390454021
0.007059837375394584
0.007071379102526153
0.007082086179624096
0.007107900739270161
0.007104480381522461
0.007141669744030942
0.007168779047357133
0.007222565156806353
0.0072565353919966345
0.007249932033647984
0.007245788776903175
0.007294920303413697
0.007292452050900277
0.00728952081456809
0.007272507596418586
0.007277883971362015
0.007293020308294398
0.007289238413492591
0.007284485629303709
0.007282181287398957
0.007323294239417935
0.007319561114861473
0.007312589835589549
0.00730833795719244
0.007304406886077892
0.007298522853296172
0.007335771571454061
0.007329030827225152
0.007404462416133694
0.0074463799408280955
0.007443722919670862
0.007433917830690618
0.0074924606875494465
0.0075814497015944775
0.0075643068755019945
0.0075599658911129014
0.007556484879588916
0.007567745370502668
0.0076524202064472665
0.007648740696794127
0.007659155156241994
0.007686321610167685
0.007700352108800381
0.007731602294980732
0.0077275701265643836
0.007788040232682311
0.007791254715995459
0.007787521095308988
0.007799023351096578
0.007843615010252268
0.007861491346162834
0.007845491636368497
0.00783973941457117
0.00782954730989807
0.007825245837229869
0.007848810426311416
0.007829918243076373
0.007848487834387755
0.007949976549868417
0.008025220302456108
0.008052987048459526
0.008058605968144226
0.008041791435278493
0.00812055477398227
0.008116353501904344
0.008113499119117518
0.008125105488618636
0.00821234821814956
0.008229893617923208
0.008232977602037119
0.008250910073966885
0.008279752553860015
0.008335424915845225
0.00833129838742191
0.008324940663689072
0.008314055427386722
0.00829654958810731
0.008306352157428969
0.008303787043428157
0.008297619595768978
0.008331189441832566
0.008314222651777416
0.008392524833810738
0.00841939604107862
0.008403276496980782
0.008546566810832903
0.008541964962776826
0.00860774376834441
0.008620870654360313
0.008662924718007085
0.008659662344165375
0.008654091669244976
0.008647487668902668
0.0086079317904692
0.008644324999676113
0.008652406177478544
0.008664572213604636
0.008672641481665225
0.008629636296328597
0.008625100497865032
0.00861905374090238
0.00870436297515513
0.008684831380142316
0.008725674811223851
0.00875324571439997
0.008791110312706268
0.008774474584751958
0.00880235922358041
0.008813090516404781
0.008804391065699324
0.008820842052478165
0.008845101862837601
0.008839192265165928
0.008850080177840641
0.00889042958951052
0.008868889564057151
0.00886672747493866
0.008891871960356451
0.008889886240731547
0.008884744914425244
0.008949917267777196
0.00893276868903643
0.008928966355146294
0.00892584341321145
0.008922817599422225
0.00894368400282436
0.008950546350258656
0.008962102402156377
0.008958476809534445
0.008955397361434917
0.008947142594137205
0.00894155487371373
0.008937319070816649
0.008919327011863884
0.008915702846688602
0.008959172726192375
0.00899666519373752
0.009066809661387896
0.009075804152866691
0.00907233131525231
0.009066365648598232
0.009063015941727547
0.009109004599496583
0.009162147334968946
0.00925336347357462
0.009277157787231361
0.009275106350189256
0.009265748763016068
0.009258269913513655
0.009254716170656553
0.00927114912540695
0.009268172236263732
0.00934356993206478
0.009341883536208196
0.009334503188120636
0.009341217166493726
0.009398705103974572
0.009400657715230683
0.009413389091660911
0.00939740818350988
0.009381060813662486
0.009378383214196926
0.00941946244922005
0.009417390788979293
0.00939657805938036
0.009380627720488624
0.009377254876835378
0.00939061559606631
0.009387220631507156
0.009414418543421817
0.00939699061844382
0.009381448323401287
0.0093739027299606
0.009370145632327007
0.009371599441136573
0.009368239575182813
0.009398297338279073
0.00941720028317203
0.009435340164070941
0.009432337251123133
0.009428673413517469
0.009399169544956698
0.009395518583210059
0.009463763927533128
0.009461696208087634
0.009450557170694235
0.009494815433309491
0.009471764450902375
0.009490581818296887
0.009513258926814596
0.009487671684697654
0.00948446693399792
0.00947740562528816
0.009474401812245795
0.009453587148845838
0.009449746360380146
0.009446420253762492
0.009451513313400061
0.009444049510766722
0.009426915231102275
0.00949460148617984
0.009516059080175361
0.009513240286632784
0.009529788670143665
0.009525740057749373
0.009517560145849294
0.009512428359897254
0.009492624376776278
0.00948925707017671
0.009470035032480464
0.009466207874846085
0.009462844842646465
0.009458791707908056
0.009521683420798115
0.009532673887202813
0.00953042442135721
0.009559361686241014
0.009556356070241566
0.009562956478692082
0.009667984010462458
0.009661863871701391
0.009659398191201752
0.009687954377463077
0.009748717969521809
0.009771090267600287
0.009764597039739838
0.009746538553789496
0.009752900150567793
0.009735223159053502
0.009735716554227199
0.00973229329340016
0.00976750236862209
0.009756267355065896
0.009808834885595238
0.009814432398015528
0.009876583335168864
0.009878350584341384
0.00988392575865174
0.009899552315063296
0.009896419051142552
0.00989084480508208
0.009885273171133165
0.009909721117213074
0.009949490062456096
0.009946772471132652
0.009956827222257407
0.009973955532083746
0.00995784960909628
0.010013400163618527
0.010007227136225316
0.009992829012276052
0.010009963976877366
0.010003667434402641
0.010012616722386264
0.010009251075789465
0.010052435553147393
0.010078664940707471
0.010099326225353467
0.010095141860734916
0.010106581626085262
0.010096874011646365
0.010107486108002602
0.010099035377282012
0.010139872695909899
0.010152627049225297
0.010191881904151764
0.0102835448550184
0.010278321642133605
0.010271808639057379
0.010280446872183066
0.010316484549446205
0.010339100012308531
0.010410518950070061
0.010402822924609105
0.01039879932217061
0.010419662810107994
0.010402828678530486
0.010419660969383824
0.010401995331399481
0.010431748158117633
0.01045507606611987
0.010511117186843723
0.010507679670746064
0.010517829526550225
0.01051370305509887
0.010544999994401436
0.01054086889468697
0.010534876703305888
0.010577396688911608
0.01058502106629772
0.01057713983807558
0.01057286324468115
0.01054631653526568
0.010600307562367402
0.010597657434512813
0.010638808496164245
0.010665371614303538
0.010661830660286222
0.010642132568424511
0.010631411079297281
0.010614268464917321
0.010609393802661038
0.010616147674687472
0.01064975039787539
0.01064542380813769
0.010642157464009086
0.010638893123695752
0.010632844151555333
0.010685041048564223
0.010689862004288701
0.010742434481946483
0.010784933351646757
0.010814977036404851
0.010807666920936765
0.010818989746094878
0.010815320886691885
0.010819055083891619
0.010824856346814314
0.010832581903289595
0.010849652940258117
0.010847580418206493
0.010853324687255306
0.01087821856808769
0.010901593663963625
0.010903712212318442
0.010896776244614213
0.010881760713369805
0.010885614472521099
0.010880847419110332
0.010878383643634474
0.010872300088745675
0.010861369917807475
0.010856361239530998
0.010848685455613648
0.010864807643655251
0.010928330520627066
0.010957850279625272
0.010980084297207638
0.0
0.0
0.0
0.0
0.0
0.0
0.0
0.0
0.0
0.0
0.0
0.0
0.0
0.0
0.0
0.0
0.0
0.0
0.0
0.0
0.0
0.0
0.0
0.0
0.0
0.0
0.0
0.0
0.0
0.0
0.0
0.0
0.0
0.0
0.0
0.0
0.0
0.0
0.0
0.0
0.0
0.0
0.0
0.0
0.0
0.0
0.0
0.0
0.0
0.0
0.0
0.0
0.0
0.0
0.0
0.0
0.0
0.0
0.0
0.0
0.0
0.0
0.0
0.0
0.0
0.0
0.0
0.0
0.0
0.0
0.0
0.0
0.0
0.0
0.0
0.0
0.0
0.0
0.0
0.0
0.0
0.0
0.0
0.0
0.0
0.0
0.0
0.0
0.0
0.0
0.0
0.0
0.0
0.000271696941468716
0.0002690962211202091
0.000266575269431433
0.0002641011129975476
0.00026178989491005644
0.0002595476455320726
0.00025720164609053495
0.000254841997961264
0.00025268933650999923
0.00025043826696719256
0.00024843838727995455
0.00024634009009009007
0.0002442769402568397
0.00024212237556639338
0.0002400548696844993
0.00023809523809523807
0.00023595240502915694
0.00023396503893846716
0.00023205701972484665
0.00023033892727871008
0.0002285788923719958
0.00022695587329377815
0.00022524696721047717
0.00022356360384529394
0.00022179974651457537
0.00022033364809568773
0.00021890733965037367
0.0002174791064715568
0.00021580959427796274
0.00021414586392559957
0.00021256566760802887
0.00021104679208876022
0.0002094178184646682
0.00020790638272594967
0.00020652622883106153
0.00020500205002050017
0.00020358898292760955
0.0002023004450609791
0.00020108008732620933
0.00019973748787308106
0.0001985646611635889
0.00019733874605322506
0.0001960619555779626
0.00019480158067568316
0.00019368584156498157
0.00019250336880895414
0.00019133524668580017
0.00019016571583808746
0.00018902570749621946
0.0001879295532646048
0.00018684603886397606
0.00018570102135561745
0.0001845553534235018
0.00018353915939064996
0.00018243419338024496
0.0001813706438657857
0.0001802637000412031
0.00017917018608103609
0.0001781442459408561
0.00017704934618205728
0.00017608733932030285
0.00017509630296663162
0.000174116359475661
0.00017319873317498018
0.00017230345099197557
0.00015917327847977277
0.0001583010642702321
0.00015739260981161317
0.00015651713260613067
0.00015565134099616862
0.00015492789893933978
0.0001541672596176652
0.00015337061419032116
0.0001526036530966803
0.00015178050204319907
0.00015101879603169073
0.00015023343965238296
0.00014952841039797565
0.00014879930407710095
0.00014802669035093714
0.00014731212038799748
0.00014655483405483406
0.0001458641892195144
0.00014520921296606575
0.00014455044810638914
0.0001438498650024344
0.00014314658210007048
0.00014246887603015958
0.0001417975567190227
0.0001411509229098806
0.00014051927275871763
0.00013992938947730992
0.00013936236358568643
0.00013879991458466798
0.00013817146015347663
0.00013759234563197225
0.00013697475449909387
0.00013632836259149731
0.00013573904690306147
0.00013518010148906082
0.00013450873272080128
0.0001339184539629561
0.00013335795326316655
0.00013279398545395116
0.00013225091049665305
0.0001317282749675746
0.00013123359580052496
0.00013062438455818817
0.0001301066874837367
0.0001296628765210453
0.00012912966605081752
0.00012866191607284247
0.00012814446810188474
0.00012769134056262772
0.00012721152340692033
0.00012669083537987763
0.00012625526872948355
0.0001257496614432192
0.00012521189705655726
0.00012471459544503925
0.0001242497228275414
0.00012374588306965942
0.00012324611300720516
0.00012274340962308334
0.0001222930894997272
0.00012179811493994417
0.00012140909260712019
0.00012097524660338733
0.00012049756224162543
0.00011999040076793858
0.00011950067104222971
0.00011902799904777602
0.0002829964762374249
0.00028203868478992667
0.00028111794257939317
0.00028026399059759516
0.0002792189076235769
0.00027834644255288584
0.0002774645113939459
0.00027646974885844753
0.00027554086004301994
0.00027460359642129506
0.00027373068432671083
0.0002728200795578555
0.00027198708500035095
0.0002711449313391061
0.0002702231520223152
0.0002693918695795749
0.00026856568596874244
0.0002677861856881241
0.0002669146389764254
0.00026591182020929834
0.0002650116263165094
0.0002641310089804543
0.0002632428117728979
0.0002623738912587176
0.0002614709851551957
0.0002606005581895827
0.0002598142746991183
0.00025912366049785177
0.00025830750258307503
0.00025750930356193514
0.00025663951255050006
0.0002559529707057697
0.00025511883599973665
0.0002543902839323814
0.0002536036257137715
0.0002527228852801148
0.0002520202266556103
0.00025127257400382584
0.00025050505050505054
0.0003624414053061422
0.0003613935334650412
0.00036029976940814756
0.00035917820027776446
0.00035811488325454804
0.00035709184402228254
0.0003559732308130429
0.00035477767265846736
0.0003536901674133459
0.0003525761564497932
0.00035158447402962686
0.0004909294931737423
0.0004896931256412648
0.0004881677437351806
0.0004866969500324465
0.00048527984471044967
0.00048396017699115044
0.0004826698538199871
0.00048145261130725845
0.0004803513426963722
0.000479145751574336
0.0004778374442522982
0.0004765362621403286
0.00047519913106444607
0.00047395504197887515
0.0004728664715154245
0.0004714227989045032
0.00047013521984418376
0.00046891747052518756
0.00046783104615932987
0.00046656298600311044
0.0005688282138794085
0.0005673194524262117
0.0005659683939728042
0.0005644250927269795
0.0005629395680718224
0.0005613390487854664
0.0005599674200773774
0.0005583837329040305
0.0005571474052849412
0.0005559887935765243
0.0005544754086555772
0.0005528987692617007
0.0005515680291113309
0.0006501764764721853
0.0006484252529571043
0.0006469592913307456
0.0006454724716630492
0.0006439651268115942
0.0006425192402739533
0.0006409443716632155
0.0006391347099311701
0.0006376031726012809
0.0006362123690870703
0.000634880767996428
0.0006336341354723708
0.0006322078643879395
0.0006308404736156171
0.0006295051121349217
0.0006280713378609685
0.0006267735625533792
0.000625326406640829
0.0006241426611796983
0.0006226564852067767
0.0006209484817468441
0.0007762389181680761
0.000774183033167631
0.0007723263281980407
0.00077079107505071
0.0007692930601668151
0.0007674597083653108
0.0007655425279020105
0.0007639726578206674
0.0007622562785846105
0.0007605475942678728
0.0007322203583885826
0.0007970667941973537
0.0007951653944020356
0.0007935563226600008
0.0007653734494589601
0.0007638312723058485
0.000854229091100247
0.0008524813765606966
0.0008506072026800669
0.0008487745002024
0.0008468172698611219
0.0008449349400096192
0.001161010792860108
0.0011588460741661488
0.001156017101303264
0.001153826320132013
0.0011514215875466358
0.0011489383552851164
0.0011467302173021729
0.0011447062133885862
0.0011422955673826753
0.0011783289384848599
0.0011760368194878835
0.0012627704803604288
0.0012601795914231797
0.001257646999342737
0.0012550295783352883
0.001252564925664363
0.001250109934290704
0.0012478053674441936
0.0012452287090920467
0.0012428023631980614
0.0012404782386455722
0.001238209014659399
0.0012357178340784898
0.0012333742392126236
0.001230948139350752
0.0012287591385101758
0.0012265779092702168
0.001224449612975474
0.0012218783770507908
0.0012194972484710323
0.0012175721977484091
0.0013251261007095835
0.0013231868681325381
0.00132110851353984
0.0013188442791330877
0.0013161086851043182
0.0013136706500550893
0.0013113367174280878
0.0013086321477246685
0.0013065048286491823
0.0013043373725716483
0.0013024584653798135
0.0013001641681945092
0.0012978779396636282
0.0012957854131584918
0.001400910890144741
0.0013988095238095237
0.0013961170124284117
0.0013937323559414514
0.0013912569858861418
0.001388691911312816
0.0013858910394772537
0.0013835900334416653
0.0014102383302778169
0.0014078558355624384
0.0013823967009922798
0.0013797780662059612
0.001377217553688142
0.001374954847881055
0.0013724121888811353
0.0013698312089340857
0.001365037428445619
0.001362999988429542
0.0013604970780495694
0.0013583791699818962
0.0013561273240085192
0.0013314017660044153
0.0013290180415920674
0.0013267340345088337
0.0013245942143371885
0.0013219630809274293
0.0013202448951670832
0.001318080928803142
0.001315924044591416
0.0013140425531914897
0.0013118096856414617
0.001309851029895823
0.0014377357638183012
0.0014357898536013177
0.0014336069912271815
0.0014314307560833
0.0014295018640794147
0.0014271460442381646
0.0014253244208569866
0.0014229823384752966
0.0014210285433620222
0.0014186531153533263
0.0014161438170248748
0.001391897446151454
0.0013895820163910796
0.0013874586143130811
0.001385525515563665
0.00148327314093856
0.0014810158688148569
0.0014786677676851092
0.0014768141281518384
0.0014747221856195375
0.0014727815063385538
0.0014705077248190611
0.0014686744748094445
0.0014668457900542835
0.0014641112855398573
0.0015162894991781783
0.001514212728952661
0.0015121908856032486
0.0015100271002710032
0.0015080164117220406
0.0014840034587116305
0.0014821771703694114
0.001480259611445329
0.0014781082797747857
0.0014763917115605887
0.00147415662779961
0.0014722123931761408
0.0014703677525755537
0.0014631329012385296
0.00146083613647285
0.0014589198873816232
0.0015314164004259854
0.0015614695683621594
0.0015592802668196212
0.001557394440908127
0.001555562619872631
0.0015534884705334566
0.001551419845069381
0.0015283934979945118
0.0015262669702335782
0.001503094606542883
0.0015749852805113976
0.0015625984500031512
0.00156009184411663
0.0015578378717924564
0.0015352115621928013
0.0015646215871822195
0.0015622229869953807
0.0015601241433897816
0.0015582740398618572
0.00155608879470639
0.0015537162652726787
0.0015521707595067874
0.0015455486542443068
0.0015435353472696073
0.0015414317867393508
0.0015390483259112655
0.0015367671277997368
0.001534587316270943
0.0016046074717422777
0.0016023866642061887
0.0015996806779452859
0.0015925585198814276
0.0015903639054764462
0.0015888555752717785
0.0015871560567627318
0.0015851698105528768
0.0017051805784200158
0.0017031037492641545
0.0017009802430840665
0.0016990168382896437
0.0017376704292592152
0.0017349329455485546
0.0017328330509158404
0.0017306859278511497
0.0017283354459668827
0.0017311711277228526
0.001728930230691272
0.001726695127573007
0.0017045511415388012
0.0017030681227249097
0.001701383685498777
0.0016998552677546547
0.0016977708657335414
0.0016958435402601032
0.0016937689591725107
0.001691397016467037
0.0016893835684383873
0.0016878264403016887
0.0017226017226017235
0.0017210171804990957
0.0017190788108716925
0.0017171448026763784
0.0017152151412095232
0.0017132392036391573
0.001711217324600225
0.0017387204196504889
0.0017367243612386681
0.001727821553177311
0.00172624817632602
0.0017246270481780397
0.0017474931097167662
0.0017452415812591517
0.0017427919761389564
0.0017404508819063203
0.001738521673181262
0.001717171717171718
0.0017153723755190756
0.0017616791185790296
0.0017597351685686917
0.001757540603248261
0.0017553515047939066
0.0017707308604826121
0.0017636123712928995
0.0018021918809956808
0.0018003210396301326
0.00183408713354267
0.001832345210000193
0.001825761932144912
0.001818982518620638
0.0018760219156076998
0.001936118593233615
0.0019339573136407445
0.0019317456233143692
0.001924724427437318
0.0019223090525355088
0.0019200638122097828
0.0019180421172453046
0.0019154257133113563
0.0019134137686302344
0.0018925536239282309
0.0018907305095150404
0.0018884832706039943
0.0020184316164414545
0.002016379553798362
0.002014047558602014
0.002011210951804175
0.0020087778528021607
0.0020061251439970782
0.0020020020020020024
0.001999327014749594
0.001997254825065128
0.001994684571268709
0.0019922322501327227
0.0019895638585819128
0.001987290261441552
0.0019851323885625195
0.0019741478431808917
0.0019870494400133403
0.001985339034819793
0.0019832464218351277
0.001980883778916748
0.001978800542440429
0.0019766123904569714
0.0019749744496312467
0.001987029115496068
0.00198527587062619
0.0019655387780594443
0.002000293621081994
0.001998093562105881
0.001995733889941685
0.0019891897824237943
0.0019872269276101206
0.0019853223068076026
0.0019835841313269502
0.0019811449651591755
0.0019795762341633908
0.0019777941457293294
0.001976176847384633
0.0020335720964857343
0.0020312485831134332
0.0020113614742736
0.0020092861603627585
0.0020074329273255032
0.0020055831097379197
0.002062572212593877
0.002060897956238614
0.0020590037485582473
0.00205481301471581
0.0021338009171837074
0.0021320754716981144
0.0021259213373194365
0.0021235763608644974
0.0021216926950335556
0.0021177376189325395
0.0021159194770119577
0.002113821138211383
0.0021306983013326913
0.002128987950302804
0.0021266549063630375
0.002124100127250239
0.0021804858962046034
0.002172831609991828
0.0021708646182792843
0.002168901184649217
0.0021670564887660364
0.0021561338289962833
0.0022077221647524817
0.0022058498749988956
0.002199625745860255
0.002195825286383237
0.002194199910117112
0.0021921136729788973
0.0022282039778675033
0.00224366579662
0.0022804706708816295
0.0022744024428766976
0.002272488164124145
0.0022698016550637065
0.002329203415931681
0.0023255610634633377
0.002321985481038866
0.002320343599413367
0.002361328633601587
0.002359291515414071
0.0024006656492878975
0.0023970461948382977
0.002390512942765759
0.0025171113699889456
0.0025154074751825273
0.0025130520409490363
0.0025887047564587653
0.0025695732838589983
0.0025833460022470322
0.0025635136720317583
0.002556805214767444
0.00255230110055046
0.002550519043924785
0.002548541897379107
0.0025294199375637053
0.002527462131683086
0.002525572464728904
0.0025236856212974917
0.002521736678814445
0.0025195315131273563
0.002517330200742766
0.0025151973082547176
0.0025128101772965176
0.0025111998144553894
0.0025692352920367364
0.0025673280626436817
0.0025484363694830772
0.0025465473360573427
0.002544596108307701
0.002542388328490862
0.0025402491440227287
0.002537357785702156
0.002535291323085276
0.0026095175126301154
0.002608058421864145
0.0026063361441294995
0.002638152348893005
0.002636346219945794
0.002634008619112361
0.0026305203938115328
0.0026876189351840137
0.002686123963714922
0.0026840880444882363
0.002681987500981745
0.0026754835852853304
0.0026948715794190958
0.002692631679106252
0.002690801801045949
0.00268823062652272
0.0027211083753468555
0.0027190589364218605
0.002716739967780955
0.002714424951267056
0.0027123855636252327
0.0027520576131687237
0.0027852107490489958
0.0027939514595185923
0.0027920676145129237
0.00282317876204339
0.0029000263197994135
0.0028980752405949237
0.002895549967773433
0.002889386463214052
0.002886083568720679
0.0028840768057038623
0.002977421507475608
0.0029752801681973604
0.00296908516655239
0.0029495664708082993
0.0029473773907498103
0.0029452643664900453
0.0029411441823446256
0.002992149087807913
0.0029732010510251316
0.0029714424975287026
0.002968954771422082
0.0029663982242341723
0.0029640646595757453
0.0029615165235237434
0.0029595538100692727
0.0030031613659281045
0.003020859710888381
0.003018341633330611
0.0030159040914492044
0.003013470483394191
0.0030117030520256313
0.00300986418094734
0.003007287352768081
0.003005086844936596
0.0029986812139330956
0.0029964903165750675
0.003072114981513486
0.003069873161819355
0.0030674854909840195
0.0030647385708232446
0.0030865545901223763
0.0030841592429117267
0.0030820663618395167
0.0030801255140046053
0.0030778891094007973
0.0030754184206838683
0.0030718631595824564
0.0030700826273931604
0.0030644292411696086
0.003062581106389756
0.0030611780141583367
0.0030544341693730967
0.003052448669503753
0.003050080850716045
0.0030763749094437293
0.0030743049690999886
0.0030722378124039894
0.0031421676742051097
0.003134537104606893
0.0031324336405223157
0.0031311579141103355
0.0031298082770783915
0.0031278608541328106
0.0031562896161174483
0.003188878765163311
0.0031863669979480544
0.003183859184479279
0.003181658604939027
0.003271070792448491
0.003266914946989203
0.003258319223356682
0.003256228174225891
0.0032530389381445106
0.0032689190202303416
0.0032653217204558532
0.0032611877072912317
0.0032589477214190012
0.003276124510800515
0.0033137647360510837
0.0033236261109647696
0.0033178822227847606
0.0033158453183954333
0.003314045525071152
0.0032963678014268807
0.003293911746076639
0.00329027303920139
0.00330795249939378
0.003305773706375902
0.003303287169023011
0.0033011145153213684
0.003298480132185095
0.0032967777707027463
0.003294459198531213
0.0033425094326434137
0.003341022516410588
0.0033668880124191293
0.003365077137964913
0.003347373848659194
0.0033449214245122585
0.0033431256821854815
0.00334008977740756
0.0033379099178693595
0.003390112208160612
0.0034059876530892017
0.0033885738513687678
0.0034337277134626264
0.0034315732551928853
0.0034422619646593804
0.0034399453955287966
0.00346427623340708
0.0034627501205289272
0.0035263172219794693
0.0035246837602312853
0.003518378914157277
0.0035238932476706025
0.0035182469214100733
0.0035124439866536365
0.003510415876168699
0.0035624148089522046
0.0035776611435644166
0.0036099248513105204
0.003661257206033327
0.003693926893042856
0.0036907447531354795
0.003673379616081723
0.003703525743694878
0.003700804313920876
0.0036967267794749564
0.0036940989152688584
0.003691559375695127
0.003688260007387994
0.003686065368180028
0.003683030945156212
0.0036812631711150645
0.0037084342615149282
0.0036915175087942433
0.0037370809945602855
0.003735205762895474
0.0037702963495519965
0.0037642672770112815
0.003789942400490762
0.0037716902405923757
0.0037692893101432196
0.0037477026208652645
0.00374532015580943
0.0037422538035116327
0.0037402172028022387
0.0037346595040210337
0.0037817097891851563
0.0037789704743096796
0.003777431352948947
0.0038432252797118583
0.0038398663316740566
0.003935751234269486
0.003933530005273013
0.003984765463338344
0.004148252477188272
0.004188459442838091
0.004308928862209663
0.0043068911306845
0.004304661539741518
0.004354246389057826
0.0043514683719605325
0.004349316890834519
0.004381058594091399
0.004348859898992779
0.004360890702234874
0.004358739156060777
0.004355515814537156
0.0044552771390244435
0.004465221127351909
0.004493198731265989
0.004491390077349966
0.004489181476762074
0.0045170762789765034
0.004619382027979677
0.0046196328559320494
0.004617570888044203
0.004652793696168634
0.004650200281328621
0.004714984467332665
0.004697510220092316
0.004724417197366783
0.004722629955114007
0.00472010909040775
0.0047172763325015726
0.00474681239274094
0.0047528476277003354
0.004750948261391144
0.004747786022133029
0.0048398722338177805
0.004837941176935023
0.004834619077555579
0.00483226422512557
0.004825582732372606
0.004848942622877469
0.004853532390891583
0.004850744175461211
0.00484838741717716
0.004905328976442429
0.004902718542650398
0.004900664119547969
0.0049011400967534716
0.004898008515842509
0.0048947621211310995
0.004943255072024606
0.004941079822267939
0.005003748020661385
0.0050062051567645325
0.005069692128942112
0.0050669092749278935
0.00507561057143028
0.005051626955960667
0.0051594213543968
0.005156934232485306
0.005154562397384183
0.005172398271430711
0.005221190126664721
0.00525633702590595
0.00526715558305091
0.005260866826221018
0.005249912612679543
0.005283535517920746
0.005306828462105796
0.005304225778194557
0.0052866594315339075
0.005373056280325324
0.00536685379595088
0.00536480378676143
0.005407080168860615
0.005396869010994126
0.005393702384966292
0.005386388990115858
0.005380548987131275
0.005390042629394289
0.005387704571125741
0.005422088403095296
0.005419024192318807
0.005432678358144598
0.005490346174752703
0.005484600072730968
0.005526368345216919
0.005558579034696402
0.005555815963207359
0.005632626296916638
0.0056289782228901375
0.005704235461464636
0.005733658439771731
0.005729130743683489
0.005735034398971473
0.005729999432745797
0.005727901978063469
0.0057239797351271915
0.005733621008800051
0.005757976548225272
0.0057515498157956245
0.005752249730986842
0.005750026782488458
0.005747558853915348
0.005705154411801343
0.005702219095363346
0.005711006757151741
0.0057643740892512965
0.0057618408433125455
0.0057590048669510525
0.005756541068851863
0.005784137410788482
0.005810162258722089
0.005807059401471581
0.005816611669272385
0.00579952959891109
0.005797209936466151
0.0057946443749591165
0.005823655236697322
0.00580647329587816
0.005810480355097418
0.00580408851730856
0.005837381511598418
0.0058358915918251715
0.005833156977309571
0.0058304298707473
0.005827457752124119
0.005857202820241956
0.005883264109030669
0.005881142124649163
0.0058785229622320264
0.005868840242241773
0.00586190597983561
0.005857676772886424
0.005879442223092273
0.005940073619076715
0.005937183500333299
0.005940738073569872
0.0059373192951447445
0.0059322008617278535
0.005930321005111694
0.005928442339534572
0.005925814206517954
0.0059226615145256565
0.005928421403978636
0.00592451579769656
0.005921020213527319
0.005997611565774025
0.005992884633501378
0.005983397183086129
0.00596698394033951
0.006000272322767323
0.005994569634787729
0.006021656362276407
0.006045343449081108
0.0060993434865964655
0.006154823563731181
0.0062570453637733475
0.006240447016172682
0.006238238241910017
0.006235886063596004
0.006272922382211626
0.0062696402604570526
0.006276616635363228
0.006305097459125132
0.00628464442206168
0.006281361526252082
0.006278041478551453
0.006275813177542279
0.006304366883393473
0.0063026569570533075
0.006297679928919857
0.0063264544819070885
0.0063333915252228295
0.006313693801773474
0.006307463232618698
0.006303581602031455
0.006329685799470819
0.006324017190056182
0.006307530046595402
0.006305563940641806
0.006302999756599661
0.006306100288763156
0.006344836514774168
0.00631064382860035
0.0063020634462735824
0.0063150499921319925
0.006312693483645595
0.006309218678713155
0.0063068660045150484
0.006304253979084009
0.0062980792507239276
0.006363194151632326
0.006359314705200183
0.006355438306629527
0.006352696700625215
0.006335873055534597
0.006333255289622581
0.006388997811189189
0.0063829221117300055
0.00636545712784662
0.00636321928375579
0.006387519577099194
0.0063706290580756485
0.006415653844770816
0.006417423229557297
0.006413991099474638
0.006411617159150361
0.006465273856578199
0.006463148126933391
0.006500873302812213
0.0065640388010547845
0.006561478460736991
0.006544913556708803
0.006556232817894302
0.006552580518846304
0.006573113701017406
0.006584349703313339
0.0065648469999056765
0.006562158747412932
0.0066073563684862354
0.006664806005559774
0.0066480350305924965
0.006688661160844186
0.0066732566544512005
0.006750102460768572
0.006809732277128899
0.0068072292103331395
0.006788939308076246
0.006786479808212273
0.006807366445684706
0.0068047149325566976
0.006796672093547401
0.006833170926941928
0.006827966243936897
0.006825463527630167
0.006848207557215178
0.006844475953308267
0.006859707586458855
0.006857475880046018
0.006855663687529997
0.006853852452559915
0.006905239719809244
0.006902614091046953
0.006929891972932403
0.006962545216056042
0.006961415024478076
0.007013678379831839
0.007002257857697126
0.0069987767122977745
0.006993492922226491
0.0070671652059178785
0.00710182832504454
0.007099383831705421
0.007140409810786505
0.007153416830778467
0.007136897013995256
0.007164239100610897
0.0071623567466695915
0.007178000889008909
0.007180875719578399
0.007184520560313273
0.007220348375963315
0.007243810168886456
0.007224809614478836
0.007281683242010546
0.007279628093929985
0.00727242397246087
0.007255393747671384
0.007336484453877694
0.007329652592598582
0.007383038797891803
0.00738006829404023
0.007384698279346212
0.007391182345905865
0.0073886574262876595
0.007437023794120498
0.007459354656427391
0.007503649920894691
0.007499439175858677
0.007576096715446895
0.007571872807375414
0.007568410763787918
0.007567684596438172
0.007611799051329196
0.00760905468712441
0.0076067646642863085
0.007604632808873329
0.007588998367280888
0.007583083118232946
0.0076226549487618915
0.007615504342010136
0.007612308642402146
0.007651770824017894
0.007635088078596193
0.007655819774340351
0.007648109438776015
0.0077013116816443804
0.0077271273963330014
0.007736314394675954
0.007731855361672431
0.007729083204144942
0.007734082249684525
0.007729983908942791
0.007767365851752347
0.007801416834265354
0.007799399520766419
0.007780192841138129
0.007811314107036107
0.007808205654163835
0.007802521775783054
0.007859307418455096
0.007852683127135702
0.007902415543578581
0.007914580664402069
0.0079106564162394
0.007907206295486127
0.007925114312731482
0.007920653489922653
0.007939976392251226
0.007934820965429969
0.00796922546823575
0.0079647527500713
0.008017606562956817
0.008013962646850507
0.008027897625723703
0.008025677082657355
0.008022348570388454
0.00803937542505698
0.00803433979868571
0.008042059310904513
0.008051753974932565
0.00808879858574198
0.008119528308404702
0.008114585036373178
0.008123352655264605
0.008135815033283754
0.00817770217364497
0.008175274526559344
0.008166205149472855
0.00816299137334162
0.00816348658681696
0.008162202085652699
0.008157806269363023
0.008148194190020547
0.008145617765574917
0.008171309184119109
0.008181995983736198
0.008185435838096344
0.00819055581750146
0.00817490297995762
0.008171510395105804
0.00816710528141508
0.008164036800026126
0.008200355394702923
0.008243502219559268
0.008285153911439282
0.008281577204994535
0.008287199636440154
0.008312442336863596
0.008364009240395704
0.00836851203680166
0.00842925607390032
0.008437693594798477
0.008439182898518267
0.008478323452739503
0.008514215180946921
0.00858090633710387
0.008604535828210786
0.008587942075379645
0.008610265709841096
0.008605945271476014
0.008612377347673532
0.008678461271671935
0.008676263764922193
0.008674405205178193
0.00865358324132295
0.00876647581180906
0.008756440067531098
0.008815834860149413
0.008904332760155906
0.008901216269660605
0.008896547854805347
0.008907604538856943
0.008989280536549096
0.008972274452544894
0.008987958669539354
0.008981881445472037
0.008972447247606808
0.008968312670217892
0.009004362082377511
0.009062064231135758
0.00905813799656407
0.009053283880870082
0.009050358323971323
0.00903422772640195
0.009056842535700731
0.009035383895387402
0.00903346061766522
0.009055601646372417
0.009052624385498875
0.00904653716002121
0.009043914012249075
0.009050396631646581
0.009035592716703678
0.009063900782724493
0.00905999189961304
0.009056955513435822
0.009065490119799676
0.009063537634603956
0.009061263357349882
0.009115741797657034
0.009119999371270797
0.00917033815960092
0.009211719673274792
0.009263640487357786
0.009260964372125709
0.009329924855908129
0.009328464634475168
0.009337331374602844
0.009335534662837252
0.009329814251319134
0.009350785549254292
0.009391222986903282
0.009420520659073955
0.009477931164034576
0.00949843977176878
0.009566685651216437
0.009558898457732648
0.009563279225861549
0.009601112422422033
0.009608583046776743
0.009590751779125205
0.009588544259774491
0.009605673870892275
0.009603561467726885
0.009597789855996169
0.009611551925884669
0.009604871874607866
0.009586303869886435
0.009614288747283357
0.009625117200041012
0.00963365774440223
0.009638576854905429
0.009608309833942412
0.009676410336112872
0.00975492470484623
0.009851794193382403
0.00985792086279074
0.009883373895291175
0.009885024991808149
0.009932854436307668
0.009930215326073556
0.00992413902105927
0.009987696048590382
0.009979941925183729
0.010001433381211228
0.010031638663962991
0.010029535234266578
0.010051119095638272
0.010053029537923945
0.010048783509780597
0.010033164022150829
0.010029413279054775
0.010025154182539112
0.010045627778960052
0.010031987851150668
0.010070636827517004
0.010085717187732072
0.0
0.0
0.0
0.0
0.0
0.0
0.0
0.0
0.0
0.0
0.0
0.0
0.0
0.0
0.0
0.0
0.0
0.0
0.0
0.0
0.0
0.0
0.0
0.0
0.0
0.0
0.0
0.0
0.0
0.0
0.0
0.0
0.0
0.0
0.0
0.0
0.0
0.0
0.0
0.0
0.0
0.0
0.0
0.0
0.0
0.0
0.0
0.0
0.0
0.0
0.0
0.0
0.0
0.0
0.0
0.0
0.0
0.0
0.0
0.0
0.0
0.0
0.0
0.0
0.0
0.0
0.0
0.0
0.0
0.0
0.0
0.0
0.0
0.0
0.0
0.0
0.0
0.0
0.0
0.0
0.0
0.0
0.0
0.0
0.0003832886163280951
0.00037893141341417203
0.0003748125937031484
0.0003711034141514102
0.0003671071953010279
0.0003634161114476075
0.00035966910442392997
0.00035591410606240363
0.0003522367030644593
0.0003489589391648249
0.0003455425017277125
0.00034234851078397807
0.00033902135834557577
0.000335795836131632
0.00033263111209668475
0.00032967032967032967
0.00032654838358550127
0.00032351989647363315
0.0003208899347523799
0.00031833616298811547
0.0003155237694572991
0.00031282586027111576
0.000310077519379845
0.00030753459764223473
0.0003051571559353067
0.0003025413473174667
0.00030015007503751874
0.0002977963073257892
0.00029545006893834944
0.0002932551319648094
0.000290838584585555
0.00028851702250432774
0.00028615032430370085
0.00028395646000946523
0.0005637508221366156
0.0005599104143337066
0.0005556070006482082
0.0005515212795293685
0.0004866624083705934
0.0004828293801677832
0.00047948694896460785
0.00047585058291696404
0.00047226895717110895
0.00046919445177560774
0.0004662004662004662
0.00046344571892017143
0.0004604449048893493
0.00045740423098913663
0.0004544034534662463
0.00039484445948613815
0.0003922557507494887
0.00038992869875222817
0.00038740384083236487
0.00038494322087492095
0.00038241962358982767
0.0003799288990203262
0.000377562028047465
0.00037522446463509425
0.00037309455281952884
0.0003709002278387114
0.0003688481399515228
0.000366732154551408
0.000364668802583939
0.00036248770131013414
0.00036038818956418776
0.00035828534868841973
0.00035626129221060133
0.0003543137701515957
0.0003523342141688688
0.0003502451716201341
0.00034818075555223955
0.00034642318065968876
0.0003443526170798898
0.0003424825089290083
0.0003404834865509023
0.00033833587085236477
0.0003365303718660609
0.0003346720214190094
0.000333000333000333
0.0003313217370725358
0.0003295668549905838
0.00032787653106630134
0.00032643163588882675
0.00032461509923947324
0.00032299741602067185
0.0003214621937498565
0.00031989763275751764
0.0003183699458771092
0.00031685678073510777
0.00031520882584712374
0.000313809876045099
0.0003122142681920564
0.0003108003108003108
0.00030925557764523967
0.0003077058332234384
0.00030627201330095605
0.0003048714095947388
0.00030340463342218754
0.00030216696883363553
0.0003007260385788547
0.00029937558805919086
0.0002979040323438664
0.00029648454044896235
0.00044264575692424434
0.00044072278536800354
0.00043856901196666874
0.00043640897755610974
0.00043443182523428286
0.0004326596204957043
0.00043074272352470615
0.0004289478521968258
0.0004271939460515074
0.0004253250698748329
0.00042357497277018035
0.00042153438516198964
0.00041948822436627315
0.00041798531080193465
0.0004165426956263017
0.00041488857278330964
0.0004132963334710988
0.00041159522549538425
0.00040986006206452367
0.00040816326530612246
0.0004065748969042226
0.0004050925925925926
0.0004036210574871706
0.00040220638933578486
0.0004005264061337758
0.0003989968080255358
0.00039770467587068914
0.000396286231884058
0.0003948110547095319
0.00039323633503735744
0.0003918056643904623
0.00039034182791501703
0.00038888888888888887
0.00038755398073303066
0.000386057798367527
0.00038457312383254587
0.0003832886163280951
0.0005090446323061539
0.0005073290935116232
0.0005054334091483447
0.000503687713617557
0.0004931497023169069
0.0004914048818841357
0.000489698523781541
0.00048790007806401244
0.00048606324124644286
0.0006427527427051966
0.0006401824081382092
0.0006380003495892327
0.000635899580132058
0.0006342090631081456
0.000631870509824288
0.0006297446514837819
0.000628086658751054
0.000626179447589638
0.0007781369178937287
0.0007754316001158887
0.0009260203214734766
0.0009234314373337398
0.0009118079124664405
0.0009086320040383645
0.000905842685320316
0.0008699289000418236
0.0008674907829104317
0.0008645485227858414
0.0008615405006875758
0.0008589362405021474
0.0008562630703617712
0.0008536905700026269
0.0008512170767241239
0.0008487578754937487
0.0008459411094843014
0.0008435943608961568
0.000832605813690303
0.000830149749343134
0.0008275086366192658
0.0008252014933743531
0.0008226705643679814
0.000964220256594151
0.0009616454468869709
0.0009589019384083813
0.0009560833767916687
0.001095350669818755
0.0010925611519839024
0.0010893246187363835
0.0010864637558817554
0.0010831618976373046
0.0010797290579169774
0.0011849993029415865
0.0011816496756255792
0.001147672304895708
0.0011442877768562036
0.001140713520134742
0.0011375261478325928
0.0011341493118986726
0.0011311014954831853
0.0011281725119631715
0.0011246980676328502
0.0011399743995181085
0.0011369951486204359
0.0011337257192493746
0.0011309817279966533
0.001128200542490089
0.001125081743059271
0.001122279546937081
0.0011197893553445163
0.001116766246219665
0.0011137594161958568
0.0012430473003712998
0.001239608945088397
0.0012364602493357857
0.0012334352701325177
0.001230532310553231
0.001227269434180975
0.001224236117133524
0.0013225452867197413
0.0013196333232597963
0.0013161671833735215
0.0013126628303129202
0.001309457510459952
0.0013060445507890389
0.0012672434613362881
0.0012641723356009067
0.0012604745149575364
0.0012574360709351827
0.001254623964442944
0.0012516136274344724
0.0012486177018155348
0.0012455317247542447
0.001242512884802897
0.0012396636786880686
0.0012366731827697594
0.001234055504828311
0.0012316529279372572
0.0012294121700778717
0.0012262179698669304
0.0012234429219986555
0.001220981165133596
0.0012182796580075936
0.001215441006145335
0.0012129618297773968
0.001210197131887066
0.0012001894323794059
0.001197418867109455
0.0011949990569342277
0.0011659337555976923
0.0011631650969975045
0.0011610155873372971
0.0011582702096108372
0.0011558612966444026
0.0011535084218088926
0.0011508900481860538
0.0011483747913852021
0.0011192599933927982
0.001117001635279844
0.001114400368396816
0.001111504796399092
0.0011091904350331316
0.0011071461249885625
0.0010788035325271657
0.0012001926556540529
0.0013143198524637003
0.0013118664281454979
0.0013091680573343166
0.0013066325805993467
0.0013040564919334055
0.0013009384239619488
0.0012980349905084398
0.0012954429083461342
0.0012927125247493133
0.0012901909788622862
0.001287630098989745
0.0012851283223487878
0.0012824899567856645
0.0012799595269714793
0.001277390689689993
0.0012748321429021327
0.0012718041522143469
0.0012695067489588037
0.0012672176308539944
0.0012649367531623419
0.001262805874792548
0.0012606821635897053
0.00131011423102261
0.0013073354667460495
0.0013049561093984078
0.001277963168953158
0.0012751293373170112
0.001272209589231416
0.0012698178652174527
0.0012677149761755808
0.0012650148377811707
0.0012594159493441125
0.001257158188340276
0.0012550918533824518
0.001253032299963708
0.0013597024805991982
0.001357183506916516
0.0013544283038573416
0.0013515864689760434
0.0013490487366638298
0.0013467146581806137
0.0013442918994676634
0.0014254762845275289
0.0014228193876209935
0.0014202231876650482
0.001417130345051519
0.0014147565077781059
0.001567510430588941
0.0016088658869692436
0.0016057860628742263
0.0016027180075582582
0.0015996051644755651
0.0015967857814304517
0.0016527409105534109
0.0016495355871409838
0.0016475097706018093
0.0016448548240455758
0.0016418638651740029
0.0016392270695241757
0.001636541685339176
0.001633296724958464
0.0016308006304880333
0.0015819623268387012
0.0015796069120168846
0.0015771494423179818
0.0015746996071469668
0.0015715532457988022
0.0015690128157883965
0.0015671801717354642
0.0015647075156593252
0.0015623700064109783
0.0015597518076998244
0.001557089206457592
0.0015545416475950258
0.001552108047139357
0.0015267181747002376
0.001546948743543276
0.0015441727732230528
0.001541510946296994
0.0015392737809964178
0.001536732355857634
0.0016355578201535336
0.0016328655891273468
0.001630236881444287
0.0016275076293157055
0.001625439501643354
0.0016953990090760494
0.0016927988772357646
0.0016680696047519177
0.001665242368133694
0.001718347478387306
0.001715728046255618
0.001713116588042139
0.001710795675372882
0.0017083119254234838
0.0017059477914860301
0.001703590191958459
0.001701071412925796
0.001677018633540373
0.001674985017604315
0.0016726825573457767
0.0016702226496664225
0.001667715544367527
0.0016650531979260723
0.001662723846085918
0.001660670767088314
0.0016561904143836783
0.0017287623736415602
0.001725967194535297
0.0018202715377400559
0.0018175718830219735
0.0018340192990120563
0.0018315430457392075
0.0018288973267786828
0.0018262592404336803
0.001823920655754699
0.0018961296392717847
0.0018938288049924281
0.001891352580193988
0.0018882213014468107
0.0018852202186065317
0.001882168925964547
0.0018796635033323681
0.0018760503093467177
0.0018737374193528971
0.0018708986024812053
0.0019627398362269777
0.001960391913486418
0.0019574341335201343
0.00199892665046178
0.0020906123643487256
0.002087862764570976
0.002085511714851722
0.002082775506803997
0.0020799815792796614
0.002056489480547805
0.0020538020117969722
0.002050301533060155
0.0020480746733655976
0.002025249997908792
0.002022491399639034
0.0020717773075607277
0.002068898417403853
0.002097381522753968
0.002094926102135198
0.0020918970759000303
0.0021350866747321547
0.0021325970833473372
0.0021297216421783585
0.002127244539475571
0.002124188714139201
0.0021217892336805487
0.0020939186111631454
0.0020911128609761255
0.0021394579206223674
0.0021366631127544946
0.002199745322811043
0.0021972119756699707
0.0021946180217710417
0.002190279397718164
0.002187236975556821
0.002164752443770301
0.0021618180262033626
0.002159281291848388
0.002156944969219555
0.002154031665992527
0.0021514486619262233
0.0021487431664383074
0.0021258545776410933
0.0021233151067405216
0.0021205286870830137
0.002167780052309501
0.0021652643282709344
0.002162240305942205
0.0022288599260760484
0.002226217061398185
0.0022237779855262315
0.002220818735190631
0.002282663387865905
0.002280036385029303
0.002277549683592425
0.002275202385626414
0.0022725925178938506
0.0022652917981256463
0.0022622342756728493
0.002259648486201828
0.002256175768716376
0.0022536035383907234
0.0022513001150970963
0.0022868982933719182
0.0023476148399682443
0.002344814368381433
0.002342156698575078
0.0023397767344463436
0.002378074999746791
0.0023753192491242207
0.0023724325764256323
0.002437127259381595
0.002434664448523262
0.002431645515156675
0.00251453015361101
0.0025110594425639277
0.0025642200726230715
0.0025613503359715475
0.0025583403510543866
0.002555776443360912
0.002553217669496739
0.0025456830540123393
0.002543212293148064
0.0025400943673738333
0.002537345347495723
0.002535179268148365
0.002532152962746414
0.002529708383249186
0.002526838443509837
0.0025237605122027658
0.0025216889284254127
0.0025189795815785407
0.002516062860890447
0.0025741992188636847
0.0025666742699709732
0.0025642898922182767
0.002543231702281062
0.0025364040047193056
0.00253376948256517
0.002531495386434523
0.0025650076558097405
0.0025622789242610066
0.002555252328697913
0.002552241526342607
0.0025497482681807785
0.002547899284665056
0.0025845676972826074
0.0025813308736608296
0.002624500990078041
0.0026171766015711246
0.002614708046505422
0.002612171746366081
0.002609857145494294
0.0026071138789660582
0.0026039446610780456
0.002601644610587969
0.0026971915961906856
0.0027585627982256635
0.0027553752875641283
0.0027527246503141834
0.0027498525837396266
0.002747137201425815
0.002744502382779265
0.002722634169743236
0.0027198791454226975
0.002699432006714422
0.0027544835440865578
0.0027517787978210205
0.00274461257375392
0.0027422213406040896
0.002739536178948663
0.0027372281666226657
0.0027798032766538404
0.0027765617433414035
0.0027559415757416237
0.002774683622636838
0.002769953958594931
0.0028122913265168263
0.002809331019857335
0.002804428233777671
0.0028020108186043047
0.0027974268286431896
0.0027943437260391103
0.0028543805533815195
0.0028343454169989157
0.0028321413567974577
0.0028253993771235144
0.0028226767566685656
0.0028184780906023977
0.0028156918426235507
0.0028126858728972524
0.002810585510073455
0.0028519922461738307
0.0028499422557405137
0.0028479709742845224
0.0028279782632636232
0.002821447860893234
0.0028183036859308437
0.002815539617744992
0.0028514165638708717
0.002848624830048977
0.00284621476224469
0.0028442595828788316
0.002841856892700322
0.0028393833663654822
0.0028366151340513002
0.00282552386970269
0.002805755575933413
0.002803395567037664
0.0028009659624545235
0.0029129824842011247
0.0029057114727958316
0.00290304784686807
0.002900464996500583
0.0029769428059221725
0.002972634247128681
0.003013581586688328
0.0030501113677952473
0.0030468531263195273
0.0030425002128027048
0.0030963239307410335
0.00309334692828703
0.0030900547669315175
0.0031131842070922424
0.0031103368340691154
0.00310784044731849
0.0031054284016461264
0.0031025388843946592
0.003160396765768665
0.0031579500069822634
0.003270955804021005
0.00326388191921422
0.003261445496766867
0.003258258443796025
0.003255328505829506
0.00325069254401595
0.0033676300616541682
0.0033652996412819034
0.003404351436815144
0.003401477611034552
0.0034192087523035805
0.00351890646571579
0.0035153158364300925
0.0035119115192511546
0.0035079779065727173
0.0035052773929932983
0.003501443826853766
0.003498202644674218
0.0034950064796265483
0.0034847778391992276
0.0034815984585359607
0.003563186763997095
0.0035607522157614516
0.0035802094003687525
0.003577313888937211
0.003616694328111859
0.003613773885544558
0.0036102209667804096
0.0036082198364889213
0.003605040788174834
0.0036552358331298817
0.003635356857433865
0.0036325956603252955
0.0036296782789441836
0.0036271190464609404
0.0036239379211790066
0.003691698561760151
0.0036993060331479916
0.0036966244385131545
0.0036932063734281843
0.0036904408934161324
0.003745502451173557
0.0037635629531360586
0.0038112201898005144
0.0038084693651034285
0.0038056278599440585
0.0038028850991721915
0.00379976883167765
0.0037932753611729193
0.003900680933639792
0.003938399998855897
0.003971158692858209
0.0039681129490377635
0.00398029860275818
0.003975407299599415
0.003972757224368218
0.0039875786088281176
0.00396799603530373
0.0039653563749949316
0.003993318214145395
0.003990198409769886
0.003991352774568528
0.003988313573939435
0.0039851049239856325
0.004001075357988701
0.004001849608251885
0.0039981905842733255
0.003995980219388383
0.003992364036144305
0.003988656924586944
0.003982443445394651
0.003979624876513225
0.003991116758501331
0.003984913320375647
0.0040215648511421455
0.004002592034876018
0.003999476040590261
0.004016720050121452
0.004011881010350734
0.003992487322180056
0.00399045345191914
0.004002581037831234
0.004000738184226203
0.00399398948981223
0.00399109004190674
0.003988001933936118
0.003985400057553548
0.003995641607927904
0.003992941850084709
0.003990438196775921
0.0040449533217829445
0.004042322362767548
0.004038430930683827
0.004051018609594507
0.0040483891530842045
0.004028972351416626
0.004026071166390884
0.004023656701949696
0.00402095593753271
0.004017777544653085
0.004048984413822105
0.004082548017374318
0.004075201500494354
0.004123843711058849
0.004117412867860417
0.004114564738551001
0.004112014591156428
0.0041675365201273495
0.004164659209416853
0.004157820730513616
0.004208854230252234
0.004237532484146883
0.0042355198826345836
0.00423240412561976
0.004229995073111403
0.004245108229370277
0.004274481667701766
0.004327091739199034
0.00430389834264648
0.004297312654484219
0.00429375981414532
0.0043233165034694656
0.004320155215307947
0.004318321749298103
0.004314761127802969
0.004327611993117221
0.004304599402730904
0.004373139366318085
0.004403332244828909
0.00440074649080357
0.0044422453900659666
0.004478843151515402
0.004476847700127727
0.004563524705993543
0.004556736381198365
0.004552083848629765
0.004549422247109178
0.004546338686010543
0.004543259302105503
0.0045399721565524695
0.004572142343310995
0.004624520869945106
0.004621549397147106
0.0046189662031107855
0.004616385895190422
0.004613486492571842
0.004657193323937484
0.004685806093667817
0.004683847417580176
0.004747776585363593
0.004764237447537546
0.0048095984056118505
0.004853141607832367
0.004849883636429623
0.004894869959291325
0.004909083950737135
0.0049027382684161186
0.004899908176363418
0.004896177453973589
0.0049074166542170715
0.00499746734303253
0.004993053434620853
0.004990754024809611
0.0050060232813379174
0.005002685318605489
0.0049993518043425
0.004996927822540465
0.004993787117461544
0.0049901217844701504
0.005021302195005951
0.005010445691712015
0.005007921884467357
0.005004242813975809
0.005059011175229618
0.0051021815010386445
0.005084502844435221
0.005077563069937151
0.005074782240361174
0.005070368341515741
0.0051173317073289724
0.005113834510390163
0.005114252600991965
0.005107169653865138
0.00519386856433577
0.0051820648246298125
0.005178652242484929
0.005192008210687709
0.005219584023993487
0.005215561770263613
0.005211688321495531
0.0052080711506087346
0.005246416064229646
0.0052426197294252385
0.0052381510040613284
0.005220252958100809
0.005216835713889957
0.005214481599265337
0.005210954408266758
0.0052042629415533686
0.005232702021827168
0.00525799518865237
0.005320019779491403
0.005297417512917693
0.005279455722261809
0.0052736943100040205
0.0052706152645522085
0.005268485723031177
0.005265767145156012
0.005330082940065451
0.005327813142099176
0.0053736045167496775
0.0053710778000426685
0.005437445858383065
0.005429186828618735
0.005425910239491535
0.005456267811061843
0.005454318273657265
0.005451518253116361
0.005448478011385123
0.005428970414256008
0.005426550763494206
0.005424616595255937
0.0054353027574868765
0.005438455614288596
0.005449127577284214
0.00547123068973397
0.005467328012948249
0.005465141519041851
0.005456926351139611
0.005453898694982607
0.005498429791845356
0.005495260105920386
0.005507232974268984
0.005520770291609624
0.0055034422683435166
0.00548479511330206
0.005466150623838167
0.0054592047375461375
0.005456551418111122
0.005535110226509144
0.005630149199717487
0.005658301344381202
0.005655434035659826
0.0056528120442783355
0.005668429875941716
0.005665060416062132
0.005661210660440532
0.005642692603420868
0.005638972800790504
0.005668321896883287
0.005650207561762485
0.005664298467071188
0.005662062804919949
0.005658960644715632
0.005641888840118618
0.005638317403924955
0.005630618708450962
0.005623893441363309
0.005622417515255133
0.005631495086310809
0.005628050295328663
0.005624364121438613
0.005621549963663843
0.005681153040388625
0.005711259795429005
0.005739409625719266
0.005759825108267035
0.005788032137293801
0.0057845045394564355
0.0057809812388885705
0.0058402018066285605
0.0058374460939399535
0.005858685793312652
0.005856013383528136
0.005849382146753264
0.005847223843701697
0.005829211459278576
0.0058248593100670995
0.005822208491007366
0.00591053612653327
0.0059006317250352176
0.0058947259131595054
0.0058906462533800845
0.005885016821912352
0.00588311413636517
0.005908091787433775
0.005904391224999629
0.005901844252682746
0.005929433935432554
0.005927517299099583
0.00592483608893112
0.00595073573884881
0.005947469354141528
0.005944501229775914
0.005942200676742525
0.0059863391863881
0.005981435566638133
0.005975363066047792
0.005955044505682387
0.005952830351617831
0.00601134651328227
0.006039361496169175
0.006057808254643643
0.006054565663778294
0.006051067562414731
0.006049125918813298
0.006054517481493999
0.006082567650014018
0.0061921838743624665
0.006189009955284562
0.006253301737597246
0.0062785461071916925
0.006300684536531429
0.006297595899852466
0.006322644754569513
0.00631968307623624
0.006316858606817018
0.0063632421819500564
0.006360400965633061
0.006358102791040279
0.006353883056448662
0.006351589333269361
0.006345355285609909
0.006351321264282026
0.006348492227957632
0.006357529204806163
0.006367820948644939
0.0064101846505455725
0.006407605372520151
0.0064173219950552805
0.006414334920666925
0.006411350625775104
0.006407421022728555
0.006404144850573969
0.006397505545832387
0.006394129553459916
0.006390487481438833
0.006437674693221773
0.006483875171521958
0.006507277209485109
0.006567049147104244
0.006623814676731316
0.006615864905850508
0.006613360056069151
0.006659494750247725
0.006656415862268205
0.00665403867077082
0.006681201985161915
0.006805190967931775
0.006798293325999659
0.006858073485112699
0.006854930430067935
0.006852631805172597
0.0068488998258061295
0.0068461751797280245
0.006843023033439589
0.006888828314481178
0.0069244882550853525
0.006993358963645615
0.007025553246963718
0.00703158392306819
0.00702879460234793
0.007024029808054928
0.007021831822300869
0.007062694367677867
0.00706552881462162
0.007072648310313095
0.007151622783740157
0.007148001200771059
0.007160008731670372
0.007191458025980402
0.007185000663298716
0.007229069680443216
0.007227267069767351
0.0072074046474346325
0.007264688383562118
0.007260824968965103
0.007286382244581225
0.007282640229743605
0.007290439606036146
0.007307835907430067
0.007291185883223332
0.007271362655430406
0.007264956893432244
0.007277036783545127
0.007308803120027406
0.007302938492624295
0.007309480845439827
0.007352830930545199
0.007350248644757916
0.007358682221908699
0.007401156640510433
0.007395428459286667
0.007426358615378676
0.007432689747591935
0.007456956499641131
0.007454805439723241
0.007496513821732467
0.00752010359647751
0.007516616226713464
0.007487332057943969
0.007569711067952811
0.007615501894365829
0.00765721146346916
0.007653908297126381
0.007675752568730691
0.007778000710898244
0.007776245134663098
0.00778925938021974
0.007820879264500069
0.007859081900500005
0.00785650509953261
0.0079365223484889
0.007932784378754387
0.007940973472904686
0.007977770346048694
0.007982496246983134
0.007975824334009934
0.008034203628750835
0.0080768993771182
0.008081748479061072
0.008201667691411027
0.00818471601357871
0.008153907270432232
0.008151911535602232
0.008148172851446806
0.008143659167637391
0.0081381065366149
0.00813401987089967
0.008127976440756916
0.008124998614619985
0.008121857719936815
0.008118719252677388
0.008098229989784928
0.008169449296163124
0.008163408223246264
0.008160424279049642
0.008156614634492066
0.008154462930144494
0.008166002594014999
0.008199973695412591
0.008211451703506187
0.008192065706163546
0.008188414609256298
0.00821123757519884
0.008208890135116843
0.00820639775895243
0.008227719569647312
0.008230442585264777
0.008229577223587454
0.00822658313788711
0.008222760530667193
0.00821792714069949
0.008237827269271204
0.008235832356203756
0.008281248796083733
0.00830681619534178
0.008304303952047088
0.008294910464219263
0.00836778262724528
0.008368215998849059
0.008376471831509451
0.008368070284169507
0.008427339902985864
0.008441258365128806
0.008435024332510848
0.008431804404792654
0.00845572430409408
0.00845064114144471
0.00847217105798887
0.0084835998706875
0.008583830693131457
0.008581249089915479
0.008559103417701195
0.008549850649023883
0.00854642591413543
0.008537398867002088
0.00857549659537089
0.008558232036714707
0.008612691494296743
0.008607270501069735
0.00860417398931734
0.008600907865292865
0.008598159367702647
0.00868690960491752
0.008699205274481904
0.008693450665286886
0.008675878481838685
0.008670073042972471
0.00868206329181101
0.008757526740594638
0.008753975275174034
0.008761695271591059
0.0087651375650967
0.008761185217637964
0.008743745572584071
0.00878318289858754
0.00876215572778407
0.008798650932224959
0.008880109423343947
0.008906717282267048
0.008904065526496455
0.008901238726853137
0.00889783799816755
0.008924580607400036
0.008922327478942173
0.008918730690585058
0.008915019217575457
0.008912018121997264
0.008906954038689272
0.008912096020760497
0.00894451437614892
0.008960354757505598
0.008957233149137505
0.00899446493346368
0.008984679253291857
0.008993566194213093
0.009014956636198224
0.009069028626211048
0.009095593962729366
0.009089373444099052
0.009085248261956889
0.009069052362883535
0.009065476167626183
0.009081710854621622
0.00907960721878457
0.009107030845082818
0.009112914587926332
0.009104856101862804
0.00908886947683237
0.00908271976541335
0.009096787738907893
0.009145974773151268
0.00919055647882121
0.0092166004840659
0.009199463813333138
0.00918186063171663
0.009199009020456391
0.009193598039785233
0.009226089418920799
0.009218695202878782
0.00923184647141985
0.009237443316398405
0.009231464074970483
0.009227848713462309
0.009232278546503866
0.009211078058974143
0.00923464052368213
0.009249417629244186
0.00933323523347024
0.009322311860269689
0.009383762997869742
0.009377330137252666
0.009374765622837882
0.009371917592980696
0.00940515056746294
0.009416389500342173
0.009454262976514765
0.00944871929111102
0.009491463084997992
0.009489242210336394
0.0094856276905116
0.009504384629641724
0.009497618789593602
0.00949274018018423
0.00949172984304944
0.009471717655508102
0.009487949607467653
0.0095103808942317
0.009542892758259867
0.009569833049286176
0.009566856660809607
0.009562682176202764
0.009558596752654476
0.009596499382494477
0.009618377370140707
0.00963931238589744
0.009624130487325756
0.009620935983716107
0.009604102021317819
0.00959852772908999
0.009583375323046935
0.009599299218054965
0.009609422342830217
0.009627744224532482
0.009625880333212442
0.009631013833160862
0.00962739532818146
0.009651035723847854
0.009710118947603869
0.009707678653250349
0.009703845164595628
0.009687771433487405
0.009701621630036475
0.009757194277019538
0.00975493401040195
0.009770209399329594
0.009792953042258426
0.009878924231388544
0.009880233342755042
0.009912180643935814
0.009904449268362949
0.00992632421966969
0.009961082283982495
0.009972032598891156
0.010019725135563297
0.010013817276482082
0.009998932682813242
0.010006504932644137
0.010011761160846419
0.010007060645293957
0.010001546407487521
0.010043203163670553
0.010028264734486017
0.010070154873601392
0.010075679911262597
0.010067305375797992
0.010064105643832475
0.010048988518635355
0.010061602786955663
0.01005883913837308
0.010128506029258825
0.010154583341911834
0.010152385904340989
0.010205606515182026
0.010274517503063843
0.010262009283675488
0.010259010884749752
0.010288429494840235
0.010285680041578862
0.010279140958570257
0.010316872515161918
0.010315455297756414
0.010364398443673534
0.010362415737463243
0.010414118138543496
0.010395920892426042
0.010391508088635745
0.010412893761998094
0.01047801620856062
0.010457783896034604
0.010452004113435671
0.010449808691616507
0.010442760834598363
0.010437956949156503
0.01043075461987864
0.010426313797967589
0.010448428690207106
0.010507687396184488
0.010504813317818306
0.010501446501470016
0.010514056846657687
0.010509520472654436
0.010502964276253413
0.010542831444162539
0.010533006042443269
0.010543725689890263
0.010541919432634115
0.010552833206075701
0.010545848396259995
0.010542206065057734
0.01050929990529927
0.01048255380376947
0.010519088163390023
0.010541268362315137
0.01057962564322082
0.010596811165352925
0.010614265909326326
