0.01101844599837591
0.010992539083647654
0.010984939721994035
0.010997605324750071
0.011000877272128715
0.011001510552266515
0.010974279506341039
0.010977672078507835
0.010963059223991179
0.010906633094576743
0.010909799555423457
0.010885734452988448
0.010866942146389159
0.010845149498057332
0.010858021875010285
0.010848522131503358
0.01080735657630668
0.010738986261133027
0.010720823780505167
0.010689466020110519
0.010664132408107452
0.010633323388066891
0.010633549585329
0.010634816289996806
0.010590481626623571
0.010504556826657345
0.010504756423017274
0.010520590532221959
0.010495617879990574
0.010495817310291554
0.010484814985102875
0.010458996375314365
0.010474888969020204
0.010349672339831965
0.010315664086417929
0.010317126989155384
0.010318026108610849
0.0102770472476892
0.010251270173964022
0.010251283248735896
0.01025147806967983
0.010252863247636008
0.010256184369606996
0.010249849281454245
0.010262909556380206
0.01026329968465863
0.010263494759920637
0.010263689842598402
0.010264353594188768
0.01024027751377466
0.010242372938171424
0.010216695416489337
0.010121501432251854
0.010122248317054201
0.01013511380350955
0.010141835921277364
0.01010206102457268
0.010070376551231998
0.010070759455283376
0.010077288174323447
0.010077479765033632
0.010033499645370475
0.00999230513121224
0.00999268511011216
0.009864552603485484
0.00982055936849544
0.009836405220051504
0.00979748010678942
0.00979885929539737
0.009799232003141289
0.00978990922936375
0.009783121919408685
0.00972788118465971
0.00972164713536008
0.0097375130474247
0.0097387810772234
0.00973001113037645
0.009730920874512375
0.009675227935996532
0.009675672899851204
0.009688539191242504
0.009688907822049743
0.009632974240839335
0.009527701737256266
0.00952788927330964
0.009528070549741781
0.009497264226577136
0.009444800676658193
0.009403573240751
0.009383727040169867
0.00933950513412836
0.009332464405999333
0.009328156146163984
0.009316178032615165
0.00929485809092638
0.009273004527578425
0.009238810597989743
0.009239535793361908
0.009208050389542217
0.009209289662804251
0.00917046414017052
0.009151485363524815
0.009110505803687299
0.009110679297475454
0.009039466083954456
0.009039982565847036
0.009009561374214908
0.009025949534321884
0.008971121799944352
0.008940918856319473
0.0089123441620687
0.00882615505127583
0.008827929616076464
0.008788556287061496
0.008749214650882553
0.008701958004571039
0.008662300219535578
0.008656113181020567
0.008628441561853158
0.008628934916368016
0.008637711008024953
0.008612187154868053
0.008613479325105066
0.008564930204696846
0.008577967316747868
0.008501261029412947
0.008474902396856518
0.008475387231089747
0.008450937159628235
0.008456506649217524
0.008439551983014887
0.008444807802739599
0.008430723715441988
0.008431527928250618
0.008432171408974747
0.008435995163979757
0.008436800079267429
0.00843746684154357
0.008447492652684204
0.008406461777367159
0.008385648779877443
0.008357657609713662
0.008348751234545466
0.008352433791798024
0.008354344412501625
0.008351307445102155
0.008365309838238438
0.00835383256068452
0.008285630754650455
0.008290512882747434
0.00827809202160166
0.008270288643174785
0.00827192131309462
0.008272759328130094
0.008274340150443043
0.008287712800406131
0.008288452545203112
0.008289450278942187
0.008261096345316243
0.008266346260539226
0.00825678255356163
0.008236891315127401
0.008237048793213915
0.008238953438666957
0.008242612919468952
0.008243085772299211
0.008202281535937744
0.008198881633325805
0.008209709589485751
0.008213368582149149
0.00817111958204228
0.008175258044035624
0.008177471899305013
0.008190696287204922
0.00816391074374538
0.008123234016621505
0.008124976039406411
0.008126559110910153
0.008082372838668252
0.008085385767819633
0.008085850000495299
0.008093668690813455
0.008094361294419036
0.008107586984952694
0.008112387422610967
0.008098019948805229
0.008113014624430714
0.008129930102928114
0.008103588014310678
0.008107072738267763
0.008108004425073286
0.008121084714603748
0.008110524122053559
0.008111145653875086
0.008112389003340126
0.008109276173930336
0.008112179348075938
0.008038868351985914
0.008024972138936224
0.008029455128537847
0.008045892167467357
0.00803659238641117
0.008041968736872629
0.008055834225601743
0.008056606804455664
0.00807001302508569
0.008056718892137162
0.008058128955196435
0.008072817760606248
0.008032679474750318
0.008036031535424213
0.008047676585016317
0.008056125322862002
0.008057559376368116
0.008061376828753287
0.008075312778421367
0.007979950661651625
0.007915656231382167
0.007917082329867434
0.007874617960801746
0.007875846666809412
0.007876300475318015
0.007880258373301943
0.007841908301380943
0.007822495182097232
0.00782437744348986
0.007838920506685996
0.007840642549807422
0.007842639803152833
0.007833630643824394
0.007807957597776456
0.007808858394699691
0.007817111198288687
0.007752979165682293
0.007767662301392863
0.0077684095368766816
0.007770290170772128
0.007775099937985283
0.007775883412811032
0.00777663178471325
0.007776781476380104
0.0077818720583047365
0.007673377378012234
0.007647308106861957
0.007618720345549042
0.0076203343568694544
0.007594046187282215
0.007595362921680658
0.007609315592318451
0.00756815193029638
0.007521352214110624
0.007522093026918089
0.00752296298505455
0.007523688103898775
0.007526424174153781
0.007530861229624214
0.007482798807696094
0.007469522111256405
0.007430187565536618
0.007426940463240149
0.007428230036758355
0.007428803324302916
0.007446174851961196
0.007434601033795188
0.007364826026856918
0.007339217814713979
0.007342861002142506
0.00735112873825435
0.007323579177377984
0.007340098492714537
0.007312257370553006
0.0073166861053780225
0.007317534285690868
0.007332823219989072
0.007334962267171571
0.007307690289535065
0.0072801263310370585
0.007281956852918291
0.00730228713046874
0.007317243556342876
0.007271242891883569
0.007243337763917769
0.007245840082699831
0.0072092546271315125
0.00721124322250822
0.00719622389002263
0.0071969206853952266
0.007175300181785595
0.007175717124153019
0.007153702617222984
0.007126641067079491
0.007106017001146601
0.007061762215109019
0.007062446547442447
0.007042236301726666
0.007043465075024757
0.007048672067922643
0.007049902298086148
0.007040005338384804
0.007042054114747759
0.007043010618527704
0.007011623135899726
0.006967430206548839
0.006971883024116116
0.006973642951091659
0.006978986885044622
0.006979664614504403
0.006982451159513362
0.0069504793035630175
0.006951667087719761
0.006911548343280296
0.00678088527559142
0.006749409652674066
0.006670062005870218
0.0066710995825997625
0.0066433346600320775
0.00664436834042263
0.006612595439723066
0.006613521672712228
0.006595350976069179
0.006568091261821438
0.006546074025736741
0.006520629744942737
0.00652177228967649
0.006524213388250606
0.0065253569616641974
0.006514305887178081
0.0065162389983691085
0.006477910915826237
0.006439176835144243
0.006398329816028611
0.006425940513666989
0.006447863158250948
0.006449366100387476
0.006439727163327969
0.006418847731346636
0.0064201241676490675
0.006433883385078095
0.0064232579747104624
0.006429191438904539
0.006398960761139996
0.006338938423486391
0.006300102152850062
0.006246242301525913
0.006226204877386364
0.00623328293464929
0.006236577171746831
0.006237838116126622
0.006251112207616544
0.006186686485621753
0.006187775094724173
0.006174041163240691
0.006134763172496243
0.0061491222137566885
0.006154187529818612
0.006158532676077907
0.006159738009908901
0.006160965925159143
0.0061751025975029334
0.00614669252168286
0.0061030302899662305
0.006104161112535371
0.0061054763037493385
0.0061066724240188604
0.006107749333038478
0.006112626398017104
0.006054664586664421
0.00601432942998096
0.0060154021646721895
0.006017535123117184
0.006031435680334844
0.006012767355934912
0.005984753881504291
0.005969575588833209
0.005971333241867511
0.005972622845386978
0.005987961067829275
0.005989490019057484
0.005990431300270576
0.0059921970002018805
0.006006595491399995
0.006007540091740685
0.005987098022670695
0.0059883420271427965
0.005897164834463147
0.005897860692491128
0.00590033217590101
0.005901609128188867
0.005907013390235909
0.0058527582254109785
0.005801384836035712
0.00581040209920899
0.005811546262038915
0.005825362280004508
0.005826936788692356
0.005830908742426352
0.005805244203679111
0.005806159424269317
0.00579467794929391
0.005795820185392014
0.005797504423214087
0.005801940373283246
0.005802970262900214
0.005777899429455326
0.005779381614521193
0.005780631922842206
0.0057832032592647015
0.005735959465497431
0.00573686560233762
0.00563310639845628
0.0056299431837300495
0.005630833187790237
0.005602631674368248
0.005606923354578117
0.005541572465570814
0.005542010803087125
0.005542558822508361
0.005514202094898574
0.005516066452370654
0.005517788292084236
0.0055241541910194866
0.005511342593567976
0.005513416455475127
0.005494114818732352
0.005495638996032704
0.00547755995034174
0.005478480484375508
0.005493446277389024
0.005507647718800291
0.005509510642953108
0.00551136912026188
0.00551588485382279
0.005510472920753948
0.005498550091402212
0.0055018398089512555
0.005502604803362956
0.005520144423439714
0.005521464819232874
0.005488894686839375
0.005463268202702347
0.005467558581387044
0.005468319474231372
0.005470963733196801
0.005426522082405139
0.0054291439376425955
0.005400698312106573
0.005401450738031753
0.005416012851336481
0.005418742392620338
0.005420037528930244
0.005438368582979699
0.005439777542913908
0.005412149003096958
0.00541355212085861
0.005414847952372419
0.005419253505745995
0.005391732337198024
0.005393476698542301
0.005316768081912079
0.005318842692353427
0.005321768226364334
0.005323469728904585
0.005302580650195612
0.005307397164826318
0.005308883176591998
0.0053118099358357125
0.005312872786734293
0.005314999765050338
0.005329197980525864
0.005204068984358102
0.005205528488069736
0.005207343711013996
0.0051660943873604506
0.005171227450292831
0.005171953192947951
0.0051759173088010224
0.0051511386788163855
0.005153922571301543
0.005146060645472187
0.005120437977833873
0.005121877429485239
0.005127386403693848
0.005116622502509914
0.005118575882745159
0.0051076434919949025
0.005109492375533814
0.005111108852332181
0.005112240015388248
0.005066493203955254
0.005067716920688291
0.005068839180434779
0.005045166816447611
0.005049133495217458
0.005063377244907797
0.005064499515146851
0.005069287777968148
0.0050380312638575375
0.005040304026448958
0.005042400511167946
0.005043927185121229
0.0050457202993175005
0.0050476334488123685
0.005017455222319199
0.004978159027201814
0.0049633700135109995
0.0049265561208963375
0.0048328203753952
0.004837851912673998
0.004804732824454478
0.0047586991127231155
0.004735865498023359
0.004751855859640472
0.0047535874102502965
0.004755803514432667
0.004756670324850656
0.0047587905255749045
0.004760333677282596
0.004775393626709929
0.00478051560347958
0.004782843446003643
0.004784008217619108
0.0047519203008001875
0.004753174767616661
0.004758263457578398
0.004772969661543808
0.004774521878348716
0.004784791709394199
0.00472687836905338
0.004727839976663652
0.004743525228142328
0.004721225281679175
0.004726545376374863
0.004727700657860075
0.00472885650424058
0.004731853635191519
0.004661281146078256
0.004662421613675061
0.004651515958237621
0.004623651069674502
0.004577543667604819
0.004531313643755241
0.004533071831944086
0.00455120505760216
0.004512287622355602
0.004514778661977006
0.004516348505859389
0.00451860146771913
0.004519803690741179
0.004520728913088877
0.0045224878795319615
0.0044468323949073815
0.004447925766257425
0.0044543662727569025
0.0044600631585034805
0.004461618143607963
0.0044629910900056274
0.004431072126758162
0.004445759524570906
0.004447768412149533
0.00446210286255117
0.0044631113716943225
0.004459141677263824
0.004460241613543366
0.004415372871105533
0.004417007824339984
0.004418553058998868
0.0044196444639782425
0.004424167881730649
0.004424896709683655
0.0044266286388492185
0.004428270664928544
0.004443337194766017
0.0044451695743259025
0.004405696203551077
0.0043959627576818806
0.004363008622495908
0.0043639996011217074
0.0042895289576928616
0.004290415114152328
0.00424653209664003
0.004261011697438572
0.004261980569602447
0.0041840391357331015
0.004184904464806507
0.0041999951868959785
0.004201994605062527
0.004203125553280282
0.004204170045952306
0.004204953756192852
0.004206173441946523
0.004147025094835083
0.004117290622192073
0.004119698649786475
0.0041212376053887615
0.004122349788583772
0.0040891097132027335
0.004090421861839645
0.004091866820106856
0.0040469280461344044
0.004048491438193497
0.004050007506304414
0.003990808148032072
0.003991805164620176
0.0039622264276800235
0.0039637126066241115
0.003947337306383331
0.003950455493984463
0.00395475484798218
0.003955992281443865
0.003957313064293501
0.0039591305814103556
0.003960701599351269
0.003962108304191736
0.00390024687034035
0.003915650660509733
0.003917206504805809
0.003883489121833685
0.003884951952039038
0.003851847569581082
0.0038530575993941407
0.0038409458292503903
0.0037985364659959783
0.003757331976880365
0.0037590661543546937
0.0037432325318530273
0.003700787711660874
0.0037032762160639394
0.003704910392040265
0.003709815797722789
0.0037250044995402786
0.0037268069337121046
0.0037208062364604056
0.0036603051747014594
0.0036265917428004854
0.0036419360749672244
0.0036439724147106834
0.0036457399530521717
0.0036158596310477027
0.0036172334378984047
0.0036324553539946684
0.003635014250141684
0.003636627251710685
0.00363816477512331
0.003630606817793744
0.0036460188273273802
0.003648025739352584
0.003664552047070072
0.0036663381182097756
0.003668048163973866
0.00367039737431574
0.003671955168757654
0.003701428138547598
0.0036564435732887473
0.0036118944561425548
0.00361390546470508
0.003615826651185562
0.003617134225171313
0.00361844274520255
0.0036200604599613264
0.0036222396120119925
0.003624246692333206
0.003625714812049101
0.0035808953819409708
0.003501753663559157
0.0035036972549529863
0.003505193794016267
0.0035065417726577296
0.003508040743192786
0.0034633591554262045
0.0034648409965846107
0.003466324106334026
0.003467511508614178
0.003469145515665318
0.003485067594098614
0.003486711423417043
0.003438380507468722
0.0034543109544466605
0.0034549041092178634
0.0034345456165317777
0.0034375493818121815
0.00343917501510467
0.0034447569050705686
0.003445720349053399
0.003447648854684125
0.00344935664077255
0.0034502483314164376
0.003453657230329647
0.003455593596059459
0.0034575321343358854
0.00345895013447732
0.003413803290359751
0.0034152045966124103
0.0033882288234418152
0.0033894743611215324
0.0033816395919161464
0.0033969439791266035
0.0033130127735848335
0.00326773221879734
0.003269148446165878
0.003270565901645821
0.0031939746094915354
0.003195707414014816
0.0031968867954414886
0.003198344880768341
0.0032141504435052016
0.0032167871558360693
0.003219401044190592
0.003221288469228222
0.003222754912687723
0.0031326463050112847
0.0031345576206336222
0.0031367876969577396
0.0031385666970476294
0.003046893153935465
0.0030482901400110214
0.0029807138434645064
0.002967641824050956
0.0029686799374593125
0.002941522672751338
0.0029430035750491004
0.0029451309543090808
0.002949000971510063
0.002950553009212713
0.002951847622441274
0.00293650983690273
0.002925998484323943
0.0029275416985558686
0.0029290865414741277
0.002909082178059072
0.0029158840772745276
0.0028716512126564066
0.002872726808545431
0.0028739250884327887
0.0028753193670387717
0.0028763976910899445
0.002779271604749027
0.0027806835867005475
0.002782404458869843
0.002732342024453744
0.002686328088545537
0.002687755626001532
0.0026891846814751587
0.0026904363521678084
0.002691748876554621
0.002633926462155487
0.002616710179212952
0.0026185549742270215
0.002619951692070814
0.0026214081917884428
0.002622341201777957
0.0026238587603438007
0.002625202680875766
0.002626606501297348
0.0026278360763425383
0.002629301357973152
0.0026307682745977745
0.002599439983577743
0.002600659777992632
0.00260205523128077
0.002550857575348191
0.0025526845509387624
0.002537058281481822
0.002538138291952732
0.002543696173883836
0.0025470754738390693
0.0025482189934017156
0.002479855808248206
0.0024814162370906476
0.002497970010900074
0.0024992064071437704
0.002527899854777457
0.0025292668721162877
0.0025310347925905966
0.0025320624616844032
0.0025328051862946585
0.0025376537182406236
0.0024722198072692565
0.002473336790871691
0.0024746225704569374
0.0024794544376671706
0.0024809130062761428
0.002448359700527312
0.0024494687348853524
0.0024509119824912854
0.0024520233307954056
0.002453469591238696
0.00245475039837017
0.0023544827261066485
0.0023561418678712718
0.002358447133072265
0.0023602754511224443
0.0023614583309785812
0.002328773599573689
0.0023306861754185735
0.002332016202453782
0.0023348170487601785
0.0023403874370687304
0.002341457768833602
0.0023428506645913855
0.002315110126537127
0.002316170498509159
0.0023172318422742277
0.002319463833315772
0.002320900956649171
0.0023220199510492453
0.0023233534949323683
0.0023248488837068924
0.002327879647028582
0.002329701610335112
0.0023352046607056963
0.0023363887323968446
0.002337789638882761
0.0023135189040188343
0.0023144804663230815
0.002316352460784323
0.002321921017140831
0.00232346524520357
0.002341276205070506
0.0023434475718268895
0.002344969926520666
0.002346770639708374
0.0023151607741436512
0.002317206492302411
0.002334065422711304
0.0023518747620941472
0.00235417751153484
0.002316944241779775
0.0022639898812922762
0.002265788209858857
0.0021815024865729686
0.0021828802776171197
0.00218441319916039
0.0021940134754940897
0.002194990512386097
0.002199979642821711
0.0022031711413737845
0.002169238476833235
0.002170359793715057
0.0021721460980720243
0.002138632921169989
0.0021401943715234186
0.002139048257818141
0.0021407130045873503
0.002141622140914327
0.0021434875918302115
0.0021447535007337514
0.0021461730950419694
0.002147848602781179
0.00214952672868718
0.002095126174946165
0.002098289252523768
0.0021001809037680067
0.0020848672672121073
0.002087393315442646
0.0021046353480071224
0.0021059874264880447
0.0020676596484315345
0.002069532037599144
0.0020709632492434036
0.002072050317182976
0.0020738811437318897
0.0020752191955116825
0.0020479631960059514
0.0020494334129501275
0.0020508566305980093
0.0019813256572149846
0.0019305794078085543
0.0018801781467904387
0.0018813967264482158
0.0018830691996325555
0.0018844727519681235
0.0018860599246103144
0.00188710438030256
0.0018890146351523518
0.0017654683023159922
0.0017144595032041337
0.0017153287996178597
0.001688131561258676
0.0016893563241809919
0.00169078746229902
0.001691852164132917
0.0016931926156133037
0.0016953291881098916
0.001700652950106542
0.0016495982039626761
0.0016674246862329303
0.0016729907864340165
0.0016747442745590265
0.0016918601457072376
0.0016770334051271327
0.0016785493027156237
0.0016394745168099372
0.0016040085152441684
0.0016056195968003912
0.001608011899821611
0.0016096302136705686
0.0016278325987612603
0.001577428359190201
0.0015789038977302077
0.0015800707479280672
0.001581785251329025
0.001563046159742701
0.0015646299888304736
0.0015657521976617768
0.0014928683781873222
0.001494014804062367
0.0014955708379306063
0.0014970557913515769
0.0014988043840649526
0.0014995124219390758
0.0015174461546151774
0.0015189203207636392
0.0015202457311657017
0.0015211559216947636
0.0015266079104896706
0.001528286759478962
0.00152939529393345
0.0015305820587422595
0.0015314115261524546
0.0015321021634754006
0.001533600683422623
0.0015355417529330578
0.0015368534563549893
0.001538902645848733
0.0015404916205762386
0.0015588118666088875
0.001560385271808725
0.0015637248238859884
0.0015651877270082078
0.0015663758755864023
0.0015670896309851303
0.0015683601368932003
0.0014936018105630405
0.0014955358402268478
0.0015011014019933747
0.001443456671666106
0.0014450007115043796
0.0014634706965932754
0.0014651889990090008
0.00146638672158521
0.001484744477764345
0.0014819608569608576
0.0014834795706900653
0.001428762782547378
0.001403797336357386
0.001405420306841061
0.0013723281375634167
0.0013741655407034678
0.0013930525376774415
0.0014133423118765814
0.0014149123271032908
0.0014164858343206248
0.0014179527072397163
0.0014192754928696884
0.0014206375968106575
0.0014228484511883222
0.0013637254841259525
0.0013654653828064237
0.001367031528389122
0.0013684941283386004
0.0013702820279601657
0.001371608084219896
0.0013734041350320423
0.0013745921074693587
0.0013762515022192232
0.001395211615886777
0.0013664648924566847
0.0013680844810510047
0.0013692746215021748
0.001309041089234772
0.0013102857863957677
0.0013116022039164044
0.0013129560173282383
0.0011984995568746265
0.001200153317706721
0.0012014604658850754
0.0012029944083885994
0.001204403967239502
0.0012060419129563953
0.0011528300376270916
0.0011543394613082515
0.0011556673176212515
0.0011568742970381877
0.0011579596322405983
0.0011464341605186676
0.001147850689874381
0.001149270724076415
0.0011549333692286985
0.0011562407352505189
0.0011578009877742693
0.0011588017611625836
0.001159804266133175
0.0011608713299959411
0.0011617830255104807
0.0011632636459773856
0.001164558336500353
0.001165792548710563
0.001171021743662253
0.0011334041143749038
0.0011347015162664778
0.0011358779181331225
0.0011375849317813362
0.001140996525022574
0.0011424344538505796
0.0011440015363090178
0.0011451010544815468
0.0011463602375192438
0.0011475274498472718
0.001149425287356322
0.0011506622516556295
0.0011567614363735162
0.0011580412874911258
0.0011598699763593382
0.001161801161801162
0.0011633184213694927
0.0011644832605531299
0.0011661374482387242
0.0011674706970432134
0.0011267736682949525
0.0011284115580652077
0.0011480745735523163
0.001149071221879959
0.0011505210523856256
0.001151586588834007
0.0011059916465321873
0.0011068623591819905
0.0010659760343064118
0.001067659138541931
0.0010687137803868443
0.0010704660673564387
0.0010720419757280638
0.0010737443051853533
0.001074811009243753
0.0010764609451251292
0.0009924192829153977
0.000993720371267611
0.0009947126174445586
0.000996019729951056
0.0009990657591183816
0.0009334555033787651
0.0009349546862452677
0.0009357598025144955
0.000936916223595344
0.0008949640287769785
0.0008964602790268651
0.0008976764323856257
0.0008747338708900513
0.0008757969462850969
0.0008771167202789771
0.0008783385085657351
0.0008796148294535344
0.0008811513193009015
0.0007949233744400066
0.0007961535466791248
0.0007973875322902958
0.000798508409718765
0.0007996793461790382
0.0008005480524564493
0.0008013715405339211
0.000802550895266127
0.0008038996009984865
0.0008049438113794257
0.0008058716319393133
0.0008073032321736984
0.0007194173510025396
0.0006712406070866374
0.0006721589388216397
0.0006732803050615185
0.0006742042301840635
0.0006054992879408043
0.0006064051544438126
0.0006072955371768747
0.0006083711063748885
0.0006093588702807259
0.0006103682287274624
0.0006112702960840496
0.0006123970105356458
0.0006136207662185618
0.0006146629463383071
0.0006159332198719505
0.0006169081537400055
0.0006180180729627256
0.0006391272046326543
0.0006399282628189449
0.0006408882629682922
0.0006420086282688255
0.000648273319405186
0.000649410606013973
0.0006504516168809148
0.0006517777159978993
0.0006527455529775713
0.0006542027098254425
0.0006552388050431649
0.0006565845158078166
0.0006582025766603236
0.0006593337916380224
0.0006607377716540362
0.0006621685234583397
0.0006638142578493675
0.0006653003310736243
0.0006666456036144196
0.0006683560342096925
0.0006249603451557642
0.0006260725862836077
0.0006272886483044101
0.0006288705867330651
0.0006296746148437
0.0006305008801408225
0.000631572197999487
0.0006328910592090467
0.0006337054074050246
0.0006349104035065102
0.000636099451081692
0.0006371692864997736
0.0006605048375763472
0.0006622444776831197
0.0006637120076473527
0.0006649905856488282
0.0006662087163215683
0.0006680662161866649
0.0006692956512213824
0.0006707725411410817
0.0006723447334829877
0.0006019314724169864
0.0006031083275342148
0.0006038286719086957
0.000605073306958343
0.0006063836876124475
0.0006079230409512993
0.0005588648684826986
0.0005600080480198517
0.0005611747706576162
0.0005846575096507766
0.0005862561748191158
0.0005875851490955024
0.0005888003616432164
0.0005900206110846867
0.00059148757421977
0.0005925167747071534
0.000596011396011396
0.0005977279480673844
0.0005993101630627843
0.000600817939527617
0.0006020421084136248
0.0006041284032759238
0.0006054712372220099
0.0006072850988725166
0.0006087482831668878
0.0006098983114096464
0.0006114384586606809
0.0006132451573565968
0.0006151059675863854
0.0006169126060134234
0.0006183129396465095
0.0006198077766321802
0.0006212212996947344
0.0006228414910086936
0.0005403857853487457
0.000541684603242933
0.0005431459300025179
0.000460225907233838
0.000461323504613235
0.00046284547245283925
0.00046425930639902054
0.0004655629300075365
0.00046670322305489547
0.00046802062712320057
0.00046955263770887733
0.0004706952279123499
0.00047878182109848343
0.0004802574576061394
0.0004817422182490905
0.0004832361879141135
0.00048463046926718376
0.00048612416212491386
0.00048736983582670735
0.0004888620098780365
0.0004898618791505694
0.0004912947135169357
0.0004950495049504951
0.0004961832061068703
0.0004976076555023923
0.0004992319508448541
0.000501175835614326
0.00047050027714399883
0.00047199699990948
0.0004732822447841703
0.00047527898225191087
0.0004772739159997908
0.0004789460562400766
0.00048074390179653334
0.00048192452929837065
0.0005109828123963104
0.0005127590432049439
0.0005411906193625977
0.0005434563825932933
0.0005455868089233753
0.0005480008118530545
0.0005507057191808762
0.000552282768777614
0.000553959786622897
0.0005564027531632526
0.0005579665220086794
0.0005598639737900717
0.0005616575137294058
0.0005639568886289581
0.0005663464362126105
0.0005683492611459604
0.0005700532049657968
0.0005722521300495951
0.0005740284037758312
0.0005761843790012803
0.0005782575173477254
0.0005807950438822922
0.0005824991370383154
0.0005845674201091192
0.0005868034425801963
0.0005891594658287509
0.0005915344842695643
0.0005938242280285035
0.0005954743946010321
0.000597662475650788
0.0006296576144124924
0.0005350693360681322
0.0005368647100930566
0.000539713951605649
0.0005419809403369314
0.0005449096358187268
0.0005470708912696604
0.0005490985631920929
0.0005821078431372549
0.0005850654349499615
0.000588490367341882
0.0005906858173226388
0.0005933142848220837
0.000596078431372549
0.0005982744505321493
0.00060057212397073
0.0004602078870110291
0.0004626084737110771
0.0003208058643312
0.00032229473853839335
0.00032368744740078983
0.0003254413798714507
0.0003268134058859095
0.00032884460448215195
0.0003309012094439205
0.0003323860331388875
0.00033401807037760744
0.0003364454537808058
0.00033798056611744826
0.00034036180459828797
0.00034228406154267427
0.00034499413509970334
0.00034745747989089836
0.00034964423698886384
0.0003518772652098948
0.0003546853940554728
0.0003576921701183961
0.0003602045962106477
0.0003623976226715953
0.00036507675738824087
0.00036759300102926043
0.0003698977232795132
0.0003726476616359232
0.0003742374911118596
0.0003014374799826673
0.00034193879295606086
0.00034415509923138696
0.00034656038814763474
0.00034916201117318437
0.0003520506953001232
0.0003551767004084532
0.000358530026889752
0.0003615982643283312
0.00036357025995273584
0.0003667257502597641
0.00037027894347074796
0.00037373863211660643
0.0001890240060487682
0.00019071837253655435
0.00019241870309794111
0.00019389865563598758
0.00019605280355509085
0.00019855715136673507
0.0002010454362685967
0.0002034174125305126
0.00020586015233651272
0.00020818875780707842
0.00021082220660576247
0.00021375133594584965
0.00021677866897897247
0.00021917007597895967
0.00022251891410769915
0.00022483699317994455
0.00022798084960863287
0.00023020257826887662
0.00023432008123096148
0.01177000738634349
0.01178926305725184
0.011703631956035878
0.011638026752564602
0.011618997618961053
0.011599968485357506
0.011612654574426538
0.011613017034114223
0.011613741953489597
0.011594503708527769
0.011571819773073382
0.01156062228153719
0.011552376166725898
0.011545353376639358
0.011492584282956847
0.011492802985202047
0.011497046531093734
0.011491971709188266
0.011491971709188266
0.011447784875525868
0.011396854443595929
0.011377235819326143
0.011355667415768622
0.011288459601063377
0.011278264452322955
0.011279533181943984
0.011281436276375532
0.011281650976847059
0.011259133414547508
0.01120578612602437
0.011212130136327044
0.011186468252725488
0.011187465168630194
0.01120078759026581
0.011209837236299
0.011211082402768021
0.01122757745742375
0.011195856198470426
0.01116434742781058
0.011132988100676606
0.011133411907753413
0.011135527243838607
0.011112051724997915
0.011116101253676404
0.01112033150841633
0.011097791052631785
0.011114923141033363
0.011046394787427055
0.011033704351574034
0.011037087058705273
0.01099435733297618
0.01099435733297618
0.010882292099670076
0.010841045042488963
0.010809522318958192
0.010810931145006603
0.010817277208543393
0.010818752390720932
0.010819654704458169
0.01076378912814579
0.010711948434589193
0.010648680894842085
0.010633015485206194
0.01063385704036275
0.010646754563379603
0.01064736282191001
0.010654954212843435
0.010610553882436265
0.010601233421428826
0.010492041631127845
0.010495438233281784
0.010487584240846082
0.010488219149387506
0.010473144374510164
0.010473543389440138
0.010488339143562795
0.01049020871021671
0.010458456025527222
0.010446987101142495
0.010466602126504958
0.01042782184259262
0.01039392046385186
0.01032728613273582
0.010324065328543474
0.010296947993609317
0.010256050162861144
0.010244335323812328
0.010249926935082457
0.010196342911208614
0.010183829657353339
0.010185435782019641
0.01010124948811747
0.010050267930835336
0.010052184655498463
0.010036486963611993
0.010025697151147627
0.010018433833606021
0.009967052171263003
0.009973326886075985
0.009974087758604533
0.009948590993452501
0.009954560510073656
0.009941396477194551
0.009919283725419007
0.00992135048645588
0.009878294331303054
0.009878294331303054
0.009852788705128847
0.009811289009296894
0.009798755036514057
0.009803244777767174
0.009774092116491185
0.009774651787363635
0.009774651787363635
0.009758932318723107
0.009732131208996124
0.009758777444756242
0.009749071751400691
0.00972698600612235
0.009740642533609031
0.009714277411211223
0.009701098234805762
0.00969384119025147
0.009697764235458995
0.009672488096495568
0.009674315384918074
0.009615028694687206
0.009605123592632173
0.009606580412234108
0.009538365630396485
0.009512350813783465
0.009513806028161589
0.009463227407522196
0.009465090009172526
0.009466544459666867
0.009471183090960317
0.009488921217618185
0.009479895356763156
0.009480952819828001
0.009481315193089217
0.00948540811854013
0.009439263809891832
0.009428156748110863
0.009428697384428779
0.009431027264918106
0.0094229085068838
0.00940351511894781
0.009412702843535592
0.009413962645832006
0.009414502664340123
0.009346430157788785
0.009317184571626051
0.009307875245793606
0.00921497367189247
0.009180898158768583
0.009145523841966064
0.009146923524219195
0.009136371990890997
0.009150002064300887
0.009153891665612122
0.009156057464002951
0.009157122913151378
0.009158637238335583
0.009158812536678773
0.009162353312494945
0.009176805897201
0.009180699412732177
0.009151582194910603
0.009153209127934834
0.009161394246412618
0.009135589653742214
0.00913628943081259
0.009150457763420288
0.009094450736633406
0.009109886202094282
0.009007195507770209
0.008995579672630066
0.008970207273333938
0.008977453433968913
0.008977969498204024
0.00897896185014841
0.0089246034649622
0.008932611307180096
0.008932953697126326
0.008933638555768342
0.008934152268667601
0.00888052455911446
0.008862656132899967
0.008865463736617016
0.008825575329343366
0.008827700109630904
0.008739742897922297
0.008733243342969018
0.008708029099883127
0.008721488401169894
0.008711589894770357
0.008662592474167752
0.008663364077319964
0.008640026458949773
0.008613653576514873
0.008604428932982248
0.008604759300766198
0.008623195898410447
0.008530722886342003
0.008474299605626881
0.008502365498678211
0.008487176670924208
0.00848782875318543
0.00848854655890902
0.00849179987826086
0.008495189560840484
0.008499044902953121
0.008499534846165375
0.008504521907393094
0.00850951031059435
0.008510328186715087
0.00851108940145426
0.008516393628865497
0.008501745053392925
0.00850528653885378
0.008505940791664461
0.008508054365176383
0.008509905392986697
0.008512170140380498
0.008454629834425334
0.00845609403679044
0.008457111510333562
0.008464503557802584
0.008478476690015077
0.008479456011607918
0.008457321984796923
0.008471929325946093
0.008475954093699946
0.008435372230581576
0.008410343499274067
0.008410829449669819
0.008412929750147173
0.008369588567192707
0.00835791780127838
0.008358561944381695
0.008347209782012087
0.008349781657757427
0.008350578381757418
0.00831089939917237
0.0082957929082841
0.008284862947653028
0.00828534224780813
0.008288875964612278
0.008281473412590433
0.008210459900418186
0.008233442846869702
0.008238456166142953
0.00823044634829122
0.008219827690104015
0.00818975355142992
0.008190544037661285
0.008151249834052838
0.008111034912865038
0.008112131527918445
0.008113228439537502
0.008087765990327086
0.008066118424583647
0.008068832686723298
0.008053506559089511
0.008070548298196265
0.008077615927403628
0.008078552915234743
0.008056776544351324
0.008060778295282164
0.008035594462526361
0.008036860843803723
0.008038772178840027
0.008009063142014093
0.007964693525142535
0.007967216537156697
0.007943106487193962
0.007902853806086104
0.007889233843334053
0.007840411122439233
0.007857010168301861
0.007858067831286123
0.007861070727018684
0.007850511699953062
0.007852716283467894
0.007858455945152476
0.007860814415782676
0.007862832186770141
0.007864762502139723
0.007865219995159451
0.007842739500757721
0.007844260708667714
0.007845021533938675
0.00782422896566043
0.007818632513072772
0.007795868155413424
0.007797425635899536
0.007788326233763389
0.0077932081489757435
0.007794267255464888
0.007795406441621494
0.007801148791892715
0.00777538803015851
0.007744000652733171
0.007752779395595109
0.007741527571454658
0.00772698660144227
0.007674409076437797
0.007646811100110623
0.007612056721103163
0.007602164359926424
0.0075871380811445704
0.0075737869851685655
0.007574671256853933
0.007578946783107064
0.007580569620734842
0.007582045530866989
0.007585263378508966
0.007588335038855477
0.007567020475461468
0.007569308628965806
0.007570400356799774
0.007572525882383146
0.007573815304749928
0.007575151557121562
0.007590429421592002
0.007571397398306641
0.007586474989342877
0.007587807586390013
0.007556753872707721
0.007558081741520528
0.007558672055242676
0.007561162220239452
0.007550919659585554
0.00755413997496226
0.007559168434791193
0.007560054863486201
0.007560941500100371
0.007562983751574659
0.007506522130999008
0.00751111053074972
0.007482218773770414
0.0074518052032596285
0.0074409440138690965
0.007455296091706048
0.007458214187129148
0.007460258213490556
0.007461659815597511
0.007463998023495229
0.007469017606290467
0.0074574186390587785
0.007471066599030227
0.007500688036039279
0.007476090402284868
0.007453516175313306
0.007455699692528889
0.007456284350114219
0.007457453940412467
0.007458623897691374
0.0074119231891828915
0.007390147059051453
0.0073513437515590144
0.007353305125730879
0.007354604525823781
0.007368996303589756
0.00738666672764777
0.007390821998101165
0.007333044524151948
0.007267393998134182
0.0072766608460297965
0.007277662273875074
0.0072820843276122475
0.007285769816793496
0.007287919899369425
0.007302847258914239
0.00730442833511972
0.007305291028911514
0.0072926663477806955
0.007257094168679576
0.007228829503251141
0.00723125136485603
0.007161107301611724
0.007162754004589442
0.0071442575076376
0.007171398793080439
0.007152007194956695
0.007137540417153847
0.007138432043750035
0.007139700171506415
0.007140827774486872
0.007142660889177899
0.007157331689322761
0.007159311157204678
0.007136028489645146
0.007106200818458632
0.007110617961520453
0.007111507255340125
0.007119221048954738
0.00709209322571727
0.007077433809189408
0.007078279577975933
0.007059094962861147
0.007060212482940755
0.007074244859871651
0.007078903554412738
0.007080865673040344
0.00708184714030325
0.0070851313370753725
0.007053656997832573
0.007055054674928068
0.007056592759624124
0.007061715420301359
0.007063115637504442
0.007037515172683843
0.007045758686716113
0.0070267960634613534
0.0070274931524142974
0.007042676663454851
0.007014960842742381
0.007017537901872212
0.007022241068115617
0.0070232173285171345
0.0070270176746824705
0.007031027007625869
0.00703434462988763
0.0070119223518327
0.007012758880457181
0.007027691355412573
0.0070346952959622405
0.006965795226716231
0.0069669041428369344
0.006981142788613046
0.006955714145135512
0.006970371782471619
0.006975773217227633
0.0069803435428116845
0.006982347672925056
0.0069677904193388256
0.006987140504516869
0.006989058947669438
0.006991428734495741
0.0069977575220897025
0.007000344450104018
0.0069723616315000006
0.0069740319916433025
0.006975981756957685
0.006977806972333042
0.006992799686771007
0.0070087800565486556
0.007009900923341642
0.006999851404930068
0.007000271379215393
0.007015568459834254
0.007020587938947921
0.007022660132293854
0.007023784702554039
0.007027657833753013
0.006982333244227764
0.006997366992887514
0.006961249646039702
0.0069035886594848534
0.006904557487083417
0.006913873784903113
0.006883993595928462
0.00683375129515872
0.0068353973542033
0.0068279783018542865
0.006828938096386456
0.006830309699603373
0.006832093607711758
0.006846964408480171
0.006841366160599117
0.006814751398933649
0.0068172269231330405
0.006743211405260269
0.006745637529851104
0.006726893762382372
0.006700961545189359
0.0067028077518382434
0.006708834262120215
0.006718116187476517
0.006658865060662122
0.006573941675350394
0.006577264836290818
0.006580997563840284
0.0065866340438943535
0.006591591997709951
0.00660996415153025
0.006612239002667176
0.0065846247160782035
0.00658662021815395
0.006567876211331675
0.006540075088297981
0.0065419266019119135
0.006544982960130301
0.0065468370629518675
0.006488908205497826
0.006494288433323507
0.0064982689196706024
0.006495867986454234
0.006496751296167568
0.006498594906548563
0.006501923081533659
0.006488052275958105
0.0064591690305708035
0.006463144631879658
0.006441031193957906
0.006444085746786781
0.006385084789480799
0.006358162604228154
0.006359842777291575
0.006360877171383882
0.006363594057455539
0.006365277102696865
0.006369834203473987
0.006371908730164583
0.006388266087685709
0.006404316511783079
0.006422597486735229
0.0064240178119106695
0.006427340552287428
0.006406354499504974
0.0063413098336674405
0.0063436382490116945
0.0062971966806708015
0.006299895919940357
0.006276219178010236
0.006296323389210938
0.006301658837779665
0.006304106334057625
0.006305782032471814
0.006325925479112008
0.006329422681890336
0.006283981275591134
0.00628881007880019
0.006295006646616003
0.006298055629474484
0.006195468575864139
0.00619699292637079
0.006199290083967507
0.006171284890876592
0.006136931042334525
0.006139450773418812
0.00614058532758416
0.006142477183313898
0.006159816720239517
0.006188611395673279
0.006193691437091933
0.0060876827921672655
0.006089311084171837
0.00609056420933064
0.00606792886166352
0.006042096461084418
0.006000826499883344
0.006001815633521599
0.006002557697769067
0.005975607368503597
0.005980522802158379
0.005971248942004854
0.005927902894381486
0.005931996606393777
0.005882744833003964
0.005838524917023915
0.005796591852903696
0.0057744923689797435
0.005779607893943211
0.005780922174364797
0.005734393722151947
0.0057358170312438415
0.005708569719746373
0.005621207426777363
0.005624101722026416
0.005626548959675088
0.005596975612313037
0.0055994061343318064
0.005601380455157368
0.005604280331949178
0.005575586220747512
0.005566365341660242
0.005569025409454258
0.005574341458613902
0.005575848037386501
0.0055780486187872805
0.005581175956862428
0.005597023353760427
0.0056007883665155
0.00560358794415528
0.005529527879527882
0.005531948106824618
0.005533793512026736
0.005536794922864141
0.005539683966800349
0.005520929710133012
0.005536933290918295
0.005539830578489836
0.005541605886512764
0.005544274288524521
0.005502207618831064
0.005526179629006642
0.005506752308493772
0.005509226640764816
0.005511188410583064
0.005480199625089507
0.005437578577320692
0.005440345131639727
0.005442856358699504
0.005448982819989164
0.005418519044671183
0.005423612522215908
0.00542903520714918
0.005430632720556639
0.005433144999130368
0.005453089128232693
0.005455269354095166
0.00545607303473241
0.005458600430491029
0.005460324997794989
0.00539861603803456
0.005401574869733983
0.0054033973018432074
0.00538492215707406
0.005386285773725636
0.005388901303606259
0.005390608452910463
0.005392038965489474
0.00540794994326122
0.005381802915577418
0.0053847564410944735
0.005352957456917857
0.005251998442474637
0.0052536662730375055
0.0052546765820371145
0.005256680653960088
0.005273487806558275
0.0052748296609619804
0.0052809742021289905
0.005282655041821571
0.00528787454582883
0.005226083605351487
0.005227970718953963
0.005231637832709128
0.005212043832315572
0.005217323800237094
0.005219962866533667
0.005197134449102957
0.005168281307717182
0.0051705687324897255
0.0051097247817686
0.005112339399058804
0.005129724826145021
0.005107398855398092
0.005124197014675242
0.005094021915882972
0.0050958720712598465
0.00506221085536295
0.005060898375771798
0.0050628469569646084
0.0050606891450334585
0.005037251263363532
0.005012397182903311
0.004864612911648557
0.004852516359577028
0.004854388753293343
0.004859211519159634
0.004861400540995535
0.004863800305175624
0.004834304284558761
0.004786561410401222
0.004789236731710616
0.0047918074756784475
0.00479376621886465
0.0047854800701519215
0.004791637190552063
0.004773597717206906
0.0047755521283221886
0.0047422949257752344
0.004747730897893748
0.004620809003820792
0.004623403170216096
0.004608452576432877
0.004610743802503605
0.0046135361981186436
0.004600609121574984
0.004619739124251432
0.004600287662970356
0.004591398215588379
0.00452816029843321
0.004530517231942121
0.004532308743451681
0.0045048471313202144
0.004507194781444021
0.004538684549112762
0.004509406167741316
0.004511367205431136
0.004514289166817719
0.004498022262840788
0.0044982183631608955
0.004501157990897897
0.004503218017438354
0.004520407025967673
0.004524722164208082
0.004534073205484316
0.004537806968734131
0.004539889259319382
0.004542072757279791
0.004548003209391257
0.004553640679157652
0.004556232903396439
0.004456399017068476
0.004458352335798699
0.004460307367628293
0.004462166236678194
0.0044450573828782635
0.004448278085340334
0.004391849366916917
0.004393586610925366
0.0043961950554148995
0.004310420387859615
0.00427949197125787
0.004280905339956819
0.004299891867090247
0.004301787428660997
0.004303969391630657
0.00430596355272024
0.004308625310479781
0.004324966512735679
0.004250390248180305
0.004223247600870135
0.0042251157571972404
0.004227910249020649
0.004203306910528385
0.004172029647260065
0.0041905979360258834
0.004197072905634453
0.004214098539969907
0.004164363280698104
0.004166728353936885
0.004168487209299458
0.004170340240887686
0.004173122879334933
0.00417432984288017
0.004205584365162387
0.004174429623691434
0.00417684791139037
0.0041938512144495494
0.004197781546273159
0.004199843232972672
0.0041820880776668205
0.0041841445817842274
0.00418676128217934
0.004189478133313446
0.004139772509632153
0.004143119850494828
0.0041609392898052724
0.004177471869106964
0.004179345889190451
0.004213613442863344
0.004216452549935618
0.004220159892938647
0.004188712522045858
0.004194723134526079
0.004196611203632856
0.004198973681511007
0.00417095403688766
0.004173493058373793
0.0041446426915490615
0.004146513313123565
0.004168234898554219
0.004185652991491619
0.004188957708556246
0.004226591350734435
0.004232756322220716
0.004235249111574203
0.004237648794909184
0.004209311583795691
0.004151625783917666
0.004153416333922079
0.004123314023831878
0.004131791725588626
0.004134706271370892
0.004136871334758596
0.004139321529635441
0.004176060188004299
0.004177488519425771
0.004179489825662977
0.004141549186059574
0.004145152473461601
0.004167228947830467
0.004115784171116165
0.00411851503209867
0.004124498744954748
0.004130677977994684
0.004148418318885627
0.00410158176825608
0.00403625204230959
0.004038383261965072
0.0040404239269572215
0.004043953573827825
0.0040457207108541065
0.004048980009389723
0.003997940924419643
0.003931739885086741
0.003933734679548987
0.003886211561290644
0.0039037681223195835
0.00390728860876389
0.00391059133944043
0.003911949089367324
0.003914939460457181
0.003916935582366193
0.003938165646608154
0.003957386076868043
0.00396281787769865
0.003965211606407619
0.003975819225051996
0.00397859421404161
0.003981836601111521
0.003984248654689697
0.003987407291438815
0.00398963993439415
0.00399140921734517
0.003978727719180386
0.003982576044287123
0.0039854640617231546
0.003992444747665274
0.003994221370149422
0.003964348389525312
0.0039669512539183775
0.003970023306845403
0.0039730068146498
0.003904661947803072
0.003923461335746162
0.0038905659052489486
0.0038971470133023264
0.003793937612582039
0.0037967999491045575
0.00379492836324314
0.0037269736349056456
0.0037450103897876366
0.0037503058854614696
0.003752524108830446
0.003756412091915512
0.0037594380831284654
0.0036966878535301317
0.0036987057920270985
0.003702220502714633
0.0037196486478737623
0.0036818753974859056
0.0036852929798474334
0.0036883654472563724
0.0036906511700934277
0.0036939969425595766
0.003696377890696342
0.0037149530938350795
0.003737360629213755
0.0037555418113697815
0.0037579688010516143
0.00370921595953928
0.0036919104074697963
0.0036984755128417423
0.003692781321201867
0.003695264936617741
0.0035503823429966614
0.003552773978121617
0.0035550832512723737
0.003560981521816841
0.0035656491892024286
0.0035482931911503326
0.003550949548196522
0.003554705598973914
0.0035201609251507685
0.003496609279934145
0.00350016506768159
0.003502200195273817
0.003505342324449984
0.0035078090184736442
0.003453536268047109
0.0034558019274706993
0.0034226817814715462
0.003384286139214345
0.0033503901178897517
0.0033526765162153896
0.00335521152858161
0.0033580782506668645
0.003362989544692212
0.003314347512337289
0.0032918243112287195
0.0032943232473059084
0.0032977149611948834
0.0032998180957364617
0.003303058930637008
0.0032738070866064955
0.003236758431563625
0.0031823407715869177
0.00318840647715084
0.0031913940112682543
0.0031939929945951346
0.003201186937570109
0.0032111659159927844
0.0032181484426382374
0.003147688436564122
0.0031205513950038756
0.0031270045910299776
0.0031307303573103093
0.003133686224771495
0.003136413676537516
0.0031397710523924103
0.0031421176675287274
0.003144781408632203
0.003148156732511373
0.003093003269151982
0.0030774615562988573
0.003080158312876571
0.0030992550699391074
0.0031198967722625586
0.0031226117497036012
0.0031266124832421355
0.003000207988764613
0.0029442638331471263
0.002951580141489923
0.0029588373108970457
0.002906893323265406
0.0029088764478005695
0.0029127034326275306
0.002877154947194448
0.0028221890746600556
0.0028410287128047256
0.0028432640399645467
0.002733518034585107
0.0027359509177690986
0.0027383184403876157
0.002740969348617171
0.0026874835111298854
0.0026466835830915108
0.0026071625170149097
0.002608428162223609
0.0026120001152600673
0.0026178679145138577
0.0025609893925128014
0.0025637472396612946
0.0024996476012850936
0.0025025379613348876
0.0025086254855598367
0.0025103683934932963
0.0025126960415169344
0.0024565303766664903
0.002458939174806333
0.0024612891270087258
0.0024635798821424464
0.00246619399677191
0.0024684938953260065
0.002461227006186558
0.0024632707902896814
0.0024654460333126374
0.0024717649616924392
0.002397698420957865
0.0024010717656176464
0.0024041409883895468
0.0023498255696600212
0.0023520980094424945
0.0023548677179450438
0.002357396915211134
0.0023590036133288726
0.0023609221565514035
0.002323642303423308
0.0023441640770872512
0.002347744272907534
0.0023677307951235783
0.002370229917265303
0.002357134260814286
0.0023768811930846884
0.002379649764163331
0.0023824247923794712
0.0023875454245962237
0.0023953382903549015
0.0023982065772911966
0.002378500035728133
0.0023802119166516458
0.002383833992078112
0.00240509949757871
0.0024078676795486215
0.0024114176788081086
0.002413876526362103
0.0024202971016624103
0.002422443908574432
0.0024254427895635707
0.002428579983147485
0.002430872641256997
0.002434286880441973
0.002437051544701419
0.0024398885476908105
0.002446984195812077
0.0024498390992313285
0.0024070998743713173
0.0023704230171891867
0.0023721642681812454
0.0023744899194245604
0.0023783761549719
0.002380649005904979
0.0023883297292816943
0.0023902902155563117
0.002393192160627651
0.002395817282286871
0.0023973293366592496
0.0023996998658464865
0.0024022071823771077
0.0023417845744413456
0.002343979372123927
0.0023466315178976628
0.0023535042222371304
0.002361043063830983
0.0023563858472133155
0.002359723763719325
0.0023630020684758117
0.0023661578221702874
0.002369524516857758
0.002373424587897612
0.0023772055031657797
0.002362013113167121
0.0023647254853842357
0.002366448756380928
0.0023689719060089437
0.0023760483484110044
0.00238088540431785
0.002359833354117138
0.002362028238578408
0.0023538044705351097
0.002357730472394199
0.002362137819695811
0.002368712545087904
0.002372216059390733
0.002375053395984622
0.002416120140671039
0.0024201226246239383
0.002423999694854484
0.002429451367998854
0.002432587492828457
0.0024075616973597267
0.002411372007366483
0.0024155424881817135
0.002418679827979335
0.0024216153735009396
0.0024260320768919002
0.0023672127978348074
0.0022537691846174694
0.002259114961911962
0.00226253567060742
0.0022664294256628656
0.0022696734240813233
0.002273658336747235
0.0022779243623570807
0.0022814693014651913
0.002285159696488442
0.0022002945508100154
0.002203864876825491
0.002207120697296499
0.0022108440866579855
0.002214251837799384
0.0022168803418803422
0.002221363149756156
0.0021549884359211074
0.002158330599381631
0.002162329060467526
0.0021649813518418806
0.002171783801071401
0.002175828577150296
0.002179363742127012
0.002117613967412052
0.002119786010216807
0.0021224111718569096
0.002124850060983601
0.0021274233754175636
0.0021304549956541966
0.002134208075163003
0.002137389100126744
0.0021418193271761123
0.002146005762045833
0.0021501427988576106
0.002152975661570203
0.00215594828996891
0.0021602566073313464
0.0021637823078976015
0.0020742750830018406
0.0020785052889616754
0.0021026133069217048
0.002093986632369501
0.0021194425462301475
0.002070760488604078
0.0020747620828658114
0.002078779172652136
0.002081639460462402
0.0021061094926333166
0.00210974436216058
0.0019461124909611097
0.0019495448962237416
0.0019021453083222812
0.0019066008272136414
0.0019099259071355347
0.0019132626050865052
0.0019584141828630818
0.001966781360180112
0.001969542283477966
0.001973572037510657
0.001976731775002669
0.002001090337683995
0.0020048192771084344
0.0020111611933891402
0.0019394721281513739
0.0018903673082719722
0.0018944052473730774
0.0018971682926565761
0.0018305026034055364
0.0018330623306233066
0.0018385786581525169
0.0018643680412707747
0.0018672334859385223
0.0018708430261131686
0.0018971613736630654
0.0018244251360365106
0.0018281555746102942
0.001831659177020002
0.0018355408388520972
0.0018394389877002036
0.0018434150288761044
0.0018463007371880276
0.0018548790658882404
0.00185978057265186
0.0018650833584918322
0.0018685307164941528
0.0018163040793875308
0.0018196131354026091
0.0018292476754015218
0.0018338983050847461
0.0018600912497594225
0.0018633188169116315
0.001867193981339425
0.0017676853907005864
0.001771072108750442
0.001781222847212695
0.0017046430903529574
0.001730647845297527
0.0017340508716250404
0.0017371070486459092
0.0017416813924211452
0.0017473725681046571
0.0017515738611285341
0.0017553662057084325
0.0017594828893789307
0.0017651672109655749
0.0017693923287221188
0.0016684904750138261
0.001672801057002643
0.001677431565997114
0.0016814295708678696
0.0016862885004162212
0.001691902017634917
0.0016966999306004264
0.0016184027277529657
0.001623020889771838
0.0016334661354581676
0.001636726546906188
0.0016407756393931679
0.001474592754680282
0.0014807490417246517
0.0014865196078431373
0.0014906847564272723
0.0014388311960284318
0.0014428303192015022
0.0014463679817718008
0.0014512742137895902
0.0014565952086996647
0.0014614614614614615
0.0014657530808423061
0.0014696815270595046
0.0013947265452434142
0.001399549104541885
0.0014033884528436077
0.0014073026910684037
0.0014622123464357777
0.0014669331488456712
0.0013553268842897703
0.001359203287854778
0.0013633661575043294
0.0013677673628667369
0.0013708063719757805
0.0013424043373996453
0.0013725490196078432
0.0013799085317773223
0.0013845484394161161
0.0013891093824416575
0.0013925360070024667
0.0013970382788488405
0.0014016258860277922
0.0014058483290488432
0.0014107214832728737
0.0014143699991917885
0.0014204545454545455
0.0014249073810202336
0.0013338233092428512
0.0013375370211139775
0.0013414367060884803
0.0013464682686891171
0.0013519292582322836
0.0013561949045820016
0.0013598079618143725
0.0013660059658219734
0.0013730105357543153
0.0013775266368671111
0.0012562104787714543
0.001133449511908304
0.0011374138053600626
0.001147753682079359
0.0011520902208292188
0.0011569083958495013
0.0011610130379600785
0.0011667173935098628
0.001171965991148381
0.0011770554605138102
0.0011813045711350795
0.0011868954942203349
0.0010589298144281039
0.0010623755609045795
0.0010650817059182792
0.0010999371464487744
0.0010598953635215587
0.0010715202004195528
0.0010777170613236187
0.001082201594342067
0.0010879725401860278
0.001093199070010932
0.0009596780434950857
0.0009641102195683276
0.0009698562422763467
0.0009737863010256171
0.0008676447389178105
0.0008737231727271285
0.000876647699198266
0.000880521268591006
0.0007718282682103232
0.0007748559252264032
0.0007779830788680346
0.0007825108817919499
0.0007865886632908903
0.0007913348830308126
0.0007942023230417948
0.00079772647953333
0.0008018844284067559
0.0008075505980921617
0.0006594298468093741
0.0006643839116880463
0.0006687586810021093
0.0006734355573974306
0.000677330276663367
0.0006823788777491996
0.0006861606671592949
0.0006910850034554251
0.0006958569746279842
0.0006996770721205599
0.0007030067056024228
0.0007076755579749593
0.0005487871803314674
0.0005518459246178467
0.000555000555000555
0.0005594092638174089
0.000564748404585757
0.0005685694791903571
0.0004011461318051576
0.0004040870518963228
0.00040648045990360605
0.0004091653027823241
0.0004128332153809861
0.00041584981880829323
0.0004196642685851319
0.00042354934349851756
0.00042735042735042735
0.0004316990440949738
0.0004357027262542014
0.0004390090937597993
0.00044250584739869775
0.000446684959479293
0.0004505374267876681
0.00045430944963655245
0.00045922718624942597
0.00046397560813945783
0.00046885465505693236
0.0004726536124240378
0.0004784688995215311
0.00048422800221361375
0.0004896817068905211
0.0004971590909090909
0.0004308797127468582
0.0004365858982754857
0.0004431314623338257
0.00022431583669807088
0.00022667170381564036
0.00022990267453444708
0.00023386342376052386
0.00023666771852319345
0.00024003840614498319
0.000244299674267101
0.00024744308808973936
0.0002514668901927913
0.0002557980900409277
0.00026096033402922753
0.00026583961010190517
0.0002709048221058335
0.0002754567991919934
0.0002811094452773613
0.0
0.0
0.0
0.0
0.0
0.0
0.0
0.0
0.0
0.0
0.0
0.0
0.0
0.0
0.0
0.0
0.0
0.0
0.0
0.0
0.0
0.0
0.0
0.0
0.0
