0.0
0.0
0.0
0.0
0.0
0.0
0.0
0.0
0.0
0.0
0.0
0.0
0.0
0.0
0.0
0.0
0.0
0.0
0.0
0.0
0.0
0.0
0.0
0.0
0.0
0.0
0.0
0.0
0.0
0.0
0.0
0.0
0.0
0.0
0.0
0.0
0.0
0.0
0.0
0.0
0.0
0.0
0.0
0.0
0.0
0.0
0.0
0.0
0.0
0.0
0.0
0.0
0.0
0.0
0.0
0.0
0.0
0.0
0.0
0.0
0.0
0.0
0.0
0.0
0.0
0.0
0.0
0.0
0.0
0.0
0.0
0.0
0.0
0.0
0.0
0.0
0.0
0.0
0.0
0.0
0.0
0.0
0.0
0.0
0.0
0.0
0.0
0.0
0.0
0.0
0.0
0.0
0.0
0.0
0.0
0.0
0.0
0.0
0.0
0.0
0.0
0.0
0.0
0.0
0.0
0.0
0.0
0.0
0.0
0.0
0.0
0.0
0.0
0.0
0.0
0.0
0.0
0.0
0.0
0.0
0.0
0.0
0.0
0.0
0.0
0.0
0.0
0.0
0.0
0.0
0.0
0.0
0.0
0.0
0.0
0.0
0.0
0.0
0.0
0.0
0.0
0.0
0.0
0.0
0.0
0.0
0.0
0.0
0.0
0.0
0.0
0.0
0.0
0.0
0.0
0.0
0.0
0.0
0.0
0.0
0.0
0.0
0.0
0.0
0.0
0.0
0.0
0.0
0.0
0.0
0.0
0.0
0.0
0.0
0.0
0.0
0.0
0.0
0.0
0.0
0.0
0.0001414180971651111
0.00014069264069264072
0.00014011942486365304
0.00013956883964613934
0.00013888888888888892
0.00013826845352052757
0.00013763604793969424
0.00013703539729724033
0.00013641419547104873
0.00013590933801697823
0.00013522228463250745
0.00013464247245007874
0.00013404272869751714
0.00013346474477434194
0.00013288357354594707
0.00013230744178472563
0.00013180039337348177
0.0001313370107696349
0.00013075839871253271
0.00013023181262647514
0.00012965511738774861
0.00012913736241904083
0.00012861609086232143
0.00012806115412652443
0.00012754851749376977
0.0001271070436857132
0.00012661679912731808
0.00012613032172934376
0.00012562571268433158
0.00012514680683109033
0.00012469306322897484
0.0001242141069005714
0.00012371761929233524
0.00012320406383865956
0.00012267391386403957
0.0001221896383186706
0.00012180496214676562
0.00012136148919882748
0.00012090773809523811
0.00012039043544294421
0.00011995054346823157
0.00011952044719035012
0.0001191196144189712
0.00011872146118721463
0.00011831949905344403
0.00011790741546945293
0.00011745997325526764
0.0001170664937684605
0.00011664423508299688
0.00011628739086875627
0.00011586452762923353
0.00011544472861608413
0.00011502185415228895
0.00011463238276634395
0.00011425156436757366
0.00011390319980373604
0.00011353315168029065
0.0001131123292438876
0.00011272393042332173
0.00011234984011753524
0.0002670526007477473
0.00026617210172926007
0.0002652701476955726
0.0002643878142803534
0.0002636054421768708
0.0002627207701955999
0.00026189510678561773
0.0002611273964756225
0.00026040354148816424
0.00025954019524120493
0.00036393382414316955
0.00036286161323612634
0.00036174166998539757
0.0003607181269132125
0.00035984285761447296
0.0003587414428646656
0.00035757635403339566
0.0003565237300886403
0.00035540774071538033
0.0003543159913533896
0.0003532824476963716
0.0003523232323232323
0.00035121636861607864
0.00035025144197554665
0.00034910721434862677
0.00034798710212942564
0.00034685759745425616
0.0003458505862008789
0.0003448166777387618
0.0003438702757271752
0.0003429128718166517
0.00034189642733916753
0.0004192675333614931
0.0004181097694155824
0.0004170167740329257
0.00041592947822578145
0.0004148863706731067
0.00041377180793577276
0.0004127013458991654
0.00041171229299167357
0.0004105769525385299
0.000409598043710836
0.00040851167611730994
0.00040735674114607083
0.00040323191898979793
0.000500468716925217
0.000498997482399409
0.0004975797480532756
0.0004963709435546758
0.0004948348806266911
0.0004935289556867656
0.0004922957939199239
0.0006244808354099917
0.0006228455609308656
0.0006211638338054769
0.0006196005710333054
0.0006179090895748023
0.0006161997599601885
0.0006147152014250879
0.0006132913789587157
0.000611447576721421
0.0006100918760687476
0.0006086893660088195
0.0006071093806330665
0.0006058774429381458
0.000604416113934591
0.0006028841059128467
0.0006015145020717245
0.0006001511069295357
0.0005984619102449287
0.0005970360916117138
0.0005957687681313238
0.0005942802292425398
0.0006913934887912583
0.0006900234692300125
0.0006881955540604939
0.0006866364602561952
0.0006850270662425359
0.0006835393696402718
0.0006818876204760715
0.0006805832778886672
0.0006790302728567675
0.0006775404316387923
0.0006759733465499201
0.0006746358889804892
0.0006728331620417952
0.0006712877513911106
0.0006699961792478576
0.0006684364576951875
0.0006668296392872664
0.0006382113821138211
0.0006369426751592356
0.000635601797498077
0.0006336777526638682
0.0006321468835561282
0.0006306740580059452
0.0006292332972626347
0.0006276485168305748
0.0006264464128960178
0.0006252489048187973
0.0006236593310558513
0.000622398414271556
0.0006209706126646362
0.0006184536028212011
0.0006762257412221958
0.0006749495426070089
0.0006733346407792377
0.000671990396409092
0.0006702063975430102
0.000668874602246899
0.000758312269103636
0.0007565470417070805
0.0007549945795260957
0.0007535067042775996
0.0007521116982296448
0.0007505195904857209
0.0007490205116386264
0.0007474128018397854
0.0008351502632954647
0.0009471824457701243
0.0009453421354827123
0.0009432220508699147
0.0009415042386661753
0.0009401131166617055
0.0009381937205295367
0.0009363528060935707
0.0009345894962255928
0.000932797748826619
0.0009310477905705282
0.0009297222073542794
0.0009277755819294742
0.0009258025487552034
0.00096099641554187
0.0009591040577479365
0.0009569352652092865
0.000955129526558098
0.0009532249811412323
0.0009513981393242808
0.0009495433574003426
0.0009478001804334599
0.0009463061591072149
0.0009444020529116014
0.0009427121102248005
0.0010499685061504105
0.0010478684164043099
0.0010460804397998081
0.00104410934935992
0.0010424850113706842
0.001040715343456702
0.0010392514504178646
0.0010374180275170373
0.0010357399609736057
0.0010336963484945548
0.0010322521213113748
0.0010308119240970814
0.001029302197409649
0.0010275769663808606
0.001026003621787698
0.0010242166037850821
0.001022689821270123
0.001020552727714306
0.0010190368409352707
0.0010173458219216083
0.001015875254346556
0.0010141233137748817
0.0010123774054629229
0.0010106729468356967
0.0010090802211271481
0.0010077744024302503
0.0010058746671188197
0.0010037722327835893
0.0010020269061860381
0.0009771782345988213
0.0009752483905349265
0.0009735954843353412
0.0010065480712624852
0.001004778484181428
0.00100332584240195
0.0009958405738764477
0.0009945078199427742
0.0010671743943405985
0.0010652400495081754
0.0011203238550456032
0.0011186052740509874
0.0011168539435106265
0.0011149944177467114
0.0011135188066878996
0.0011684497587581286
0.0012381435904874726
0.0012362606414651025
0.0012342168217872526
0.0012325118726735978
0.0012306460010412914
0.0012288683277664734
0.0012268077128228716
0.0014032234922760534
0.0014011126763926363
0.0013989615071020897
0.0013966772980435092
0.0013942613836167158
0.0013922699124492845
0.0014898426282643619
0.0014877206265083048
0.0014851625459389498
0.0014830538456095663
0.0014810487935858906
0.0014791465738279506
0.001477054910361935
0.0014749691541915116
0.0014730341974446793
0.0015474786796678582
0.0015449991513560395
0.0015426282828659738
0.001540063856306237
0.0015375579761013715
0.0016002995726138638
0.0015978073793919618
0.0015932665667018396
0.001590998718327911
0.0015887373168675663
0.001586738260395302
0.0015631616740006998
0.0015610491574195803
0.0015586418336530784
0.0015565415077735407
0.0015540484885093765
0.0015516626915590649
0.0015499276609145306
0.0015480976997346901
0.001545927146589947
0.0015440083292793266
0.0015424865100561401
0.0015403316520918758
0.0015382315772309117
0.0015367697967716976
0.0015341455811999406
0.0015317237304418817
0.0015299847271842606
0.0015073914387127166
0.0015051627622013604
0.001503082306022651
0.0015952694687713827
0.0015933199338081362
0.0015914747745733662
0.001589385441598495
0.0015869052820553975
0.0015856681026481757
0.00165600524322577
0.0016537394235012245
0.0016517362605507463
0.0016496355971509515
0.0016471320463639352
0.0016452466396780219
0.0016428578783773246
0.0016210114123436756
0.0016187628530034744
0.001616719589750807
0.0016142347754299062
0.0016120049640631646
0.0016099787146448498
0.0016979825156214683
0.001696060780852167
0.00169398811706034
0.0017330722053690078
0.0017309069873289637
0.0017282212061328528
0.0017258583114020175
0.0017235018691417745
0.001721516990034386
0.0017197969845643103
0.0017176128512344532
0.0017153824546468142
0.0017131061765840703
0.0017112998102965867
0.0017089829292729589
0.0017515824852242566
0.0017496901327403698
0.0018124278045150842
0.0018105284969562342
0.001808146436319746
0.0018059324235408334
0.0018038852475938567
0.0017620078641471884
0.0017598579869805655
0.0018444621796577102
0.001842327068648638
0.0018403060148790697
0.0018379627867057908
0.0019244030778056151
0.001990760665224603
0.0019880596567713135
0.002074525579844259
0.0021211361000041578
0.002118517336483767
0.0021165264241825867
0.0021142911159633074
0.0021119367405081687
0.002109649355126786
0.002142873387646626
0.00218255127409769
0.002180131311783973
0.0022649567311940175
0.0022624511751465843
0.0022598197295065664
0.002257063291536036
0.002254705976891129
0.0023201111106510635
0.0023175586592974625
0.0023146771238374293
0.002311535723796415
0.002309268531683071
0.0023067398683339667
0.00230355367185962
0.0023010375018193583
0.002346921517489311
0.002449976384727181
0.002446536589803066
0.0024440855011915556
0.0024408715298055226
0.002438640704427698
0.0024359968897927874
0.0024284705570505345
0.002425705511299431
0.0024228089818173117
0.002420331742380082
0.0024177223683564644
0.0024150501705339313
0.00241320364504461
0.0024485343909356585
0.002462791241156177
0.0024601494326264963
0.002472170177712414
0.0025714589880739902
0.0026109332747098757
0.0026076300613116373
0.0026051398379572962
0.002601778272905092
0.0025987893990135507
0.002638452316521853
0.002657682376299516
0.0026868270734587162
0.0026842018271626593
0.0027256725218412743
0.002722787489228535
0.0027196815327692847
0.002717640013644906
0.0027149981571712484
0.00271065998792893
0.0027075038635251533
0.002704954283639266
0.0027021851911872103
0.0026997202389727813
0.0026966639800391897
0.0026945064107785502
0.002756295829614462
0.0028368747816788133
0.002833518918800899
0.0028307932581671754
0.0028283058104295435
0.0028252026414244914
0.002850599257144771
0.0028480231322820866
0.002890261751280925
0.0029451252866846862
0.003051772912243108
0.0030491918853352796
0.0030457849670276426
0.0030427997975845836
0.0030399031541391325
0.0030365994502276625
0.003034044014579888
0.0030310818041678015
0.0030276331942321374
0.003106124265591625
0.003103772159375794
0.0031640523304713093
0.0031607215692726377
0.0031572275526008434
0.0031544209013095385
0.0031517888918368014
0.0031492459645110047
0.0031422284156543685
0.003139107276020027
0.003156638220737346
0.003194212093641308
0.003253165213120242
0.0032486206603853656
0.003245843468113183
0.003241773064874001
0.003239266628410277
0.003262361519572097
0.0033041960552738126
0.0033011214039050146
0.0033556031138904053
0.0033478858793970895
0.003344424752546902
0.003341855729745433
0.003339202269938314
0.0033367295063626806
0.0033958354307191507
0.0033925182220981773
0.003384811574398533
0.003382224548184012
0.0033795524723289174
0.0033767069078212337
0.0033561628687683513
0.0033532538181624107
0.003349558675685557
0.0033469242702673895
0.003383499132025653
0.003419746116492954
0.003442356293858529
0.0034754245557005042
0.0035377949581604927
0.0035341961683285133
0.0035311567522554694
0.0035284900626949005
0.0035562781639962926
0.0035529497871887045
0.0035457262914203123
0.003543332956090295
0.003540391744329384
0.0035197070273650455
0.003511656528897908
0.0035692897131667884
0.0035667063467818253
0.003593426862543407
0.0036498194647508436
0.003646527016974708
0.0036480959204251663
0.0036835023518673347
0.003703230497211978
0.003726554471959946
0.003765619052954714
0.003757504877712238
0.0037540365895322053
0.0037464972947604367
0.0037433327804210093
0.003853355199764774
0.0038502044596177873
0.003837764661993782
0.0038501318267170426
0.003847384115773777
0.003920450962571772
0.0039169597333096285
0.003910085288142127
0.003907502669061451
0.0039044278478216777
0.003901258910516524
0.0038981939040228846
0.0038939385168237344
0.0039394114661707455
0.003974149875644148
0.004003711231181427
0.004000679800740373
0.003995770121507752
0.003991967666470653
0.003989052794320194
0.004040758037587748
0.004035932640583804
0.004040250009105968
0.004035534883821997
0.004032802153036905
0.004047492081433725
0.004044754480637144
0.004041717042042458
0.004038684161998904
0.0040357567014735595
0.0040284694284544445
0.004021394149426496
0.004018185056838424
0.0039819558297006594
0.003962085023011748
0.003942639184727164
0.003935163512302676
0.003968033506712892
0.003965472213982641
0.003962029536877608
0.004000889624340294
0.0039982135765820465
0.003994453346018747
0.003991217378709033
0.003988554199853133
0.003985796136097431
0.004057179524244359
0.004054277822404488
0.004051080757586426
0.004048686265955501
0.0041035242548902425
0.004084301338224307
0.004081189604303962
0.004072352418374031
0.004069554100230454
0.004049791300245022
0.004046714629976487
0.004043246583648153
0.004040377559426229
0.004037710056636115
0.004035637766116542
0.004031670056481409
0.004116357694323674
0.004146620727936115
0.004143488381268002
0.004191596283979649
0.0041718086431555244
0.004168359945305654
0.00416511931659766
0.004219756915174708
0.004217196755904713
0.004213924281580329
0.004210350823148539
0.004206579751242064
0.004203222057514201
0.0041996667196048535
0.004195622019640185
0.004259668578141147
0.004255457186491671
0.004253303355518295
0.00429671459083224
0.0042902196267789235
0.004254945019697602
0.004247563647352121
0.004244400904502269
0.004241446470576135
0.0042223136105827746
0.0042137755346614006
0.004242479192184612
0.004243117305792303
0.004240276045848212
0.00423683105587094
0.004233998205629414
0.004286543767072547
0.004282966792801571
0.00431301204573226
0.004434000029484779
0.004431045366098559
0.004427884021929067
0.004425568568327241
0.004421364850943823
0.004417797965075225
0.004414864848080415
0.004412562987038638
0.0044091473449467174
0.004390864080575569
0.004479683257274403
0.004459978660962069
0.004456396856481893
0.004479093032414094
0.004531067077357917
0.004507939909236318
0.004524809403375282
0.004521294698773282
0.004518674521732917
0.0045701281807821875
0.0045668000787923765
0.004624479682582369
0.004620094652471541
0.004597064990283901
0.004594156478163511
0.0046265954966189194
0.004624212998118717
0.004626413245529932
0.0046219344653009205
0.004618479378448545
0.004643591578951201
0.004625005617656968
0.004649539178483299
0.004646181250179017
0.004641478247932568
0.004634629671278889
0.004630061703986782
0.004700420842683759
0.004732483183962724
0.004759914225866046
0.004807969447462792
0.004801763728885951
0.004849079577371935
0.0048276428627118916
0.004824290488148645
0.004822169724647689
0.004819493529170951
0.004960371343866492
0.004958262306446059
0.004956086374263995
0.004952540266208735
0.00494549736834186
0.0049421914783922966
0.005000662525599753
0.005050807847769177
0.0050633572513749244
0.005107795010546928
0.005105447516459308
0.00511688356050623
0.0051096518594108496
0.00510324920254259
0.0051177283015159305
0.005114328207111716
0.005107467707064744
0.0051038451409101465
0.005095708450308166
0.0051121925256270365
0.0051085729849661915
0.005105541190909831
0.005100324952964219
0.005097534204734062
0.005094449581427505
0.005090027541517023
0.0051025379790944
0.005199657551032886
0.005229166397746598
0.0052718836597792475
0.005269848368363155
0.005304652041537159
0.00530109096773495
0.005315069536157974
0.005296469439096739
0.0052792088524980935
0.005313952274696641
0.005329922011295895
0.005327029244939697
0.005341347042104193
0.005338973930542322
0.005322108486279504
0.005319286235334005
0.005301330436154547
0.005296438443354672
0.005329848137002107
0.005325016079841426
0.0053888197461523036
0.005385910539883011
0.005381989663961968
0.0053640793039193
0.005356842684194633
0.0054045923027809814
0.005386364607427869
0.005383707775416672
0.0053774391576646065
0.005360096787084226
0.005358056445718788
0.005391930623551978
0.00541873749154
0.0054167364807304035
0.0054138312205892205
0.0054112916732421785
0.005404309386338636
0.005401390860591615
0.005398861104401053
0.005395852577828822
0.0053938086942766136
0.005409672777032903
0.005457242557086729
0.005473844334112276
0.005506142139040306
0.005501335857764245
0.005497791891265474
0.0054943744604084325
0.0054908222205501565
0.005485566452181365
0.005468836903443083
0.005465201192165698
0.0054584838061394565
0.005485592204757254
0.0054829221081046445
0.005494009055248445
0.005490552061693289
0.005519550165839634
0.005512214525196669
0.005509410707490607
0.005558576904183475
0.005606595940326183
0.0055898004281226
0.0055869680294125725
0.00558327790720297
0.005597301120006511
0.005594838819672178
0.005577301783471237
0.005559467442791045
0.005571907592763589
0.005565925877899359
0.005599311549117937
0.005661272333430164
0.005658915330749492
0.0056419580192184245
0.00562439910463781
0.005632878765416103
0.005659454506432279
0.0057230684807172425
0.00571957049316103
0.005763893051416231
0.005797546223537837
0.005795269004665937
0.005778199422875594
0.005863657451835031
0.005890301896443589
0.005886453451273101
0.005883506380542163
0.005881202034947277
0.00587736546755908
0.005874172149655684
0.0058706408121814635
0.005859809955479449
0.005940707869025915
0.005930256929233719
0.005942911809321694
0.006038784936030257
0.006098218678845347
0.006133931372898385
0.00614426456997461
0.006187768519987243
0.006199468703714372
0.006208051938183875
0.006203660895334919
0.006201115391458203
0.006198057997531788
0.006242000331089206
0.006284235194567152
0.006267966715049388
0.006275946509476425
0.006280505250400046
0.006278072046325506
0.006256784262782411
0.006250106428760078
0.006247419828678939
0.006244601383247195
0.006342401624657812
0.006375864741587389
0.006418246812334556
0.006445955342848614
0.006480166841817297
0.006477111862377877
0.006474133524679155
0.006470668604784546
0.0064644928648870765
0.0064615894632538955
0.006444574724045914
0.006440144828077993
0.006421732555954832
0.006454749496114447
0.006467504117474756
0.006493181972170708
0.006502927228973357
0.0065009870495085715
0.006484154179419159
0.006504071084797
0.0065001593105917885
0.006481924870067538
0.006480269980947058
0.006478064776138364
0.006519816527657338
0.00651889355611809
0.006512722663080009
0.0065368484815274885
0.00656209623520452
0.006622257621617467
0.006606035242788445
0.006642523507575416
0.0066538343709405005
0.006696060518449873
0.006750533837318164
0.006746676960800239
0.0067886726982387124
0.006786232330391341
0.006843684925802619
0.00685846006294849
0.00684020061665357
0.00683803444240939
0.006865062243078742
0.00685922023141354
0.006890044817993535
0.006912861448885071
0.006908544171346529
0.006891304981689431
0.006901323853207336
0.006898274474939881
0.00689470779934023
0.00687866254388228
0.006888525216454284
0.006882419167957103
0.006907672047341031
0.006905641871867897
0.006901909499924036
0.006898170465279186
0.006881301556581472
0.006878273322451375
0.006876111929347012
0.0068592720402201445
0.0068678514980019326
0.006864998248110677
0.00689001567967801
0.006944980686641986
0.006942077752063052
0.006938074408015007
0.006935321491365695
0.006963249459515729
0.006957300055256196
0.006976909979291934
0.006996423965143758
0.006992520386645396
0.006989169315262218
0.006985709189661882
0.006982945797798219
0.0069796035629509775
0.006976844998524042
0.007047305404854462
0.007025960247241486
0.007069088451386387
0.007066491430920893
0.007077400493925468
0.007108762606420804
0.007182931076732339
0.007166420478585772
0.007158610618482825
0.007156073944457823
0.007188384206522427
0.007179830113441691
0.007218260192473926
0.007284938615327405
0.007304375434853814
0.007318735436509303
0.0073020834578386064
0.007297073003292273
0.007293908879132266
0.0073008312764828755
0.007316068736022277
0.007346204765189265
0.007344235395136938
0.007327684808715763
0.007320845069889244
0.007303795092378703
0.007300466920985219
0.007326211938177946
0.007323649376905796
0.007345761969738616
0.007342439667180504
0.007337737573933902
0.0073351747251520945
0.007317402108479896
0.00730428302328053
0.007297565447700238
0.007290618846738077
0.007285556226788509
0.007282922382401012
0.0072778826574393905
0.0072757953391044015
0.0072840579366319725
0.0072804803782470515
0.007276075687251153
0.007255974188914289
0.007274339200389251
0.007330323110682892
0.00736544453198257
0.007363038506818998
0.007397727515343673
0.007414809020896308
0.0074119954192634965
0.0074523309634296495
0.007463559327755307
0.007455299638480904
0.0074494044896954836
0.007477274206830954
0.007490442894081277
0.007486625942810685
0.007488546854322661
0.007567415573586263
0.007550054416547398
0.007543142583611858
0.007540079813819295
0.007569796273755393
0.007566725051005111
0.007563809696826398
0.007561509687796164
0.007623077413690342
0.007619217314941233
0.007616841772019061
0.007614374878606804
0.007723830245536353
0.007714582085651409
0.007740604498564084
0.007780956587028786
0.007776891423219091
0.007772559639947887
0.007764591748992144
0.0077543209120181315
0.007743746163422107
0.007741089861140419
0.007737967131815043
0.007733814661402733
0.007803100870501
0.007806161595011675
0.007803487874964223
0.007794032240508925
0.007803400581778452
0.007787940968731663
0.00778239361686887
0.007827268666236049
0.007834449572088793
0.007857709747249272
0.007863742724035014
0.00785707796027341
0.007891686460570953
0.007949051969276486
0.007945702716826599
0.007986437320257106
0.007984564172900624
0.008050348008002322
0.008044345870994344
0.008039197867454178
0.008064022607844792
0.00807332445147162
0.008070254869213997
0.00810971763723155
0.008106114028733595
0.008144191109252167
0.008121986328377346
0.00817051577757478
0.008201095643218895
0.008255519898793483
0.008273704387482551
0.008304303719717495
0.008321589300111886
0.00836808861691965
0.008365754840536916
0.008363588927748598
0.008418791865708203
0.008416445631287581
0.008440467256140597
0.00843628648923545
0.008445870467063072
0.008444191067077575
0.008443893304901204
0.00844070547386035
0.008466998762739434
0.008463300061878065
0.008467060700880057
0.008558938196112684
0.008555068448878171
0.008551505604308484
0.008535131860619277
0.00855375283706903
0.008550869493294344
0.008547312559228915
0.00858737898798076
0.008583808988401482
0.008610308967312139
0.008603434374763168
0.008598904173311033
0.008582832995375708
0.008557887334350188
0.008567545229948605
0.008636222031655455
0.008616382231087355
0.00861198330189025
0.008641336632125464
0.00863245987123525
0.008700523629782478
0.008769256617360346
0.008892191714778182
0.00892504474408913
0.008948009892949636
0.008961143193097784
0.00902171514653746
0.00901821859474909
0.00901176780705775
0.009074842690217709
0.009071631303833675
0.009055544218571585
0.009051054445148693
0.009080584858067548
0.009077314815067817
0.009150599460504186
0.009127921852551667
0.009120361773861682
0.009117226656676596
0.009123633838761715
0.009154159059011485
0.009141143004260149
0.009134653579895102
0.009131340193712614
0.00914932158364394
0.009146401702955997
0.009164528016464233
0.009160582123275805
0.009195715963103777
0.009193153349609658
0.009188063047978142
0.009207658533269557
0.009199345361896646
0.00929953830724005
0.0092964053484752
0.009319399527484446
0.009453592000715971
0.009473535770813956
0.009470530975120605
0.009544461971686659
0.009552952273947436
0.009582647642028479
0.00960499622748204
0.009626693225591128
0.009622676585028047
0.009667425426951811
0.00966096341429617
0.009673922324782118
0.009671287916835278
0.009667630740698641
0.009661844082534747
0.009730661376797685
0.009756589120597238
0.009752627115520964
0.009747893749613606
0.009770690937556642
0.009856416481665594
0.009839854766807111
0.009852468040604816
0.009919057328591462
0.009910827234506042
0.009915636322491782
0.009970157830027058
0.009995060791617058
0.010019327935313876
0.010015449811052563
0.01004300625367231
0.010070084047652677
0.01006704130888961
0.010103637610475547
0.010100902885269712
0.010101508081536486
0.010141361306928451
0.01015902550608368
0.010152472821249052
0.010233771272293942
0.010236171469208676
0.010243742818385672
0.010226041921420346
0.010223084195406169
0.01022071924619666
0.010265480420420279
0.01027807838897176
0.01025587640264176
0.010311086494638863
0.010307191154954506
0.010303970110480268
0.010325508700058224
0.010360531694838266
0.010355750370721813
0.010411336357213632
0.010394000601538073
0.010436237345231292
0.010455330206369157
0.010452519417850662
0.010456021398510259
0.010453422699378776
0.010442220853318333
0.01050964370665408
0.010568023234010685
0.010591370704003782
0.010597748396406226
0.010630477385054876
0.010626092468730428
0.010600893588204222
0.010638268865700877
0.010657956328846672
0.010655100116511457
0.010703048983216435
0.010802860029974465
0.010827366869173941
0.01082860068141365
0.010856292628309876
0.01084878597117875
0.010866589978865264
0.010902175892979732
0.010915153131162264
0.010912917218483515
0.010905117779947682
0.010901579657492978
0.01091267096539715
0.010973906323521783
0.010954876157080398
0.010951090637348367
0.010946846147242426
0.010961067230787868
0.010979644770602696
0.010976507968234133
0.010971267972078865
0.010988133891108759
0.011008953507214165
0.010989928805148748
0.01099440131343037
0.010987894602686428
0.01098544380686324
0.011013974283072273
0.011006825956258624
0.0
0.0
0.0
0.0
0.0
0.0
0.0
0.0
0.0
0.0
0.0
0.0
0.0
0.0
0.0
0.0
0.0
0.0
0.0
0.0
0.0
0.0
0.0
0.0
0.0
0.0
0.0
0.0
0.0
0.0
0.0
0.0
0.0
0.0
0.0
0.0
0.0
0.0
0.0
0.0
0.0
0.0
0.0
0.0
0.0
0.0
0.0
0.0
0.0
0.0
0.0
0.0
0.0
0.0
0.0
0.0
0.0
0.0
0.0
0.0
0.0
0.0
0.0
0.0
0.0
0.0
0.0
0.0
0.0
0.0
0.0
0.0
0.0
0.0
0.0
0.0
0.0
0.0
0.0
0.0
0.0
0.0
0.0
0.0
0.0
0.0
0.0
0.0
0.0
0.0
0.0
0.0
0.0
0.0
0.0
0.0
0.0
0.0
0.0
0.0
0.0
0.0
0.0
0.0
0.0
0.0
0.0
0.0
0.0
0.0
0.0
0.0
0.0
0.0
0.0
0.0
0.0002874389192296637
0.00028519821275786673
0.0002829654782116582
0.00028071488724618694
0.000278732695345164
0.00027662517289073305
0.0002747755999267265
0.00027295059594213445
0.0002711986982462484
0.00026927564850552014
0.00026726057906458796
0.000265416261169601
0.00026371308016877635
0.00026187150837988826
0.00026025852346664354
0.00025848698948819574
0.0002566954736031488
0.0002549069589599796
0.0002533569799847986
0.0002516356316054353
0.00024995834027662057
0.0002483649308717609
0.0002468932598140071
0.00024519820187985286
0.000243605359317905
0.00024215029461619177
0.00024069319640564828
0.00023934897079942556
0.00023792529145848205
0.00023651844843897824
0.00023505445428190864
0.0002336812587630472
0.00023219814241486067
0.0002309824453341546
0.0002296211251435132
0.00022829312837683585
0.00022708349103020212
0.00022581859239744072
0.00022453409175959884
0.00022319767874414106
0.0002220412996817408
0.00022078304386223137
0.0002195389681668496
0.0002183565033845258
0.00021718670817345978
0.00021604493734696817
0.00021479200973723776
0.00021365999572680008
0.00021260009921337964
0.0002115506663845991
0.00021055586749017406
0.00020939484888671738
0.00020837674515524068
0.0002072825260830512
0.00020624226591502818
0.0002053107035313441
0.00020434575301409987
0.00020327957717847947
0.0002022653721682848
0.00020130175132523654
0.00020044097013429546
0.00019941504918904546
0.00019862288135593222
0.00019769357495881383
0.0001967729240456513
0.0001958863858961802
0.00019490644490644492
0.00019403660824008796
0.00019318694056281795
0.0001923076923076923
0.00019148528754707347
0.00019066988686920045
0.00018975332068311195
0.00018895257290420104
0.00018821757952192734
0.00018737118231216038
0.00037315753467255427
0.00037149402513776236
0.0003698680803846628
0.0003683015161745749
0.000366905155017428
0.0003653190452995616
0.00036383481899217757
0.00036229696274379567
0.0003607937462417318
0.00035932446999640676
0.0003579525116334566
0.00035648505733468005
0.00048326330946604334
0.0006191402794976119
0.0006167763157894736
0.0006142146826557473
0.0006120664529291752
0.0006096144914073386
0.0006072172102706454
0.0006048387096774194
0.0006025824964131994
0.0006001714775650186
0.0005977116183753629
0.0005954406260632869
0.0005931868256030733
0.0007223942208462331
0.0007198818271909649
0.0007175472928897586
0.0007153873311407175
0.000712883753657001
0.0007103583158050112
0.0007078116669424374
0.0007053219749015297
0.0007029267312994102
0.0007000891022493771
0.000697463768115942
0.000695234483630388
0.0006927949326999207
0.0006902610441767067
0.0006878930817610062
0.0006854314657551317
0.0006834238648063336
0.0006813194591916189
0.0006787968546140555
0.0006762928611579539
0.0006740904156599082
0.0006716561120706198
0.0006695535729813394
0.0006673253254294282
0.0006648362085340792
0.0006627760849730585
0.0006606946732564524
0.0006586939040873239
0.0006565708243800948
0.000654728500246586
0.0006526640560104426
0.000650315867707172
0.0006481481481481481
0.0006460598738085648
0.0006440819740694269
0.0006389083508490975
0.0006368050013301409
0.000634715455238474
0.0006330787794637839
0.0006310447662827674
0.0006294579758735167
0.0006274471257023967
0.0006255410194848678
0.0006236464592187321
0.0006216119713052228
0.0006197411003236246
0.0007631863433209094
0.00076090278783199
0.0007583044760805437
0.0007561225142272524
0.0007537007823828417
0.0007517243571405867
0.0007494375257470608
0.0007473062217587765
0.0007449053513496487
0.0007423800106726936
0.0008809400866857563
0.0008782192272294756
0.0008759237650719564
0.0008730306413596327
0.0008706409959019562
0.0008682242270028529
0.0009732023430653567
0.0009700257447591025
0.0009673130701875028
0.000964836069321871
0.0009618452842230021
0.0009592653209674485
0.0009566557852738483
0.00095393100953931
0.000951822446770119
0.0009492104908003058
0.0009465703647211878
0.0009440715883668903
0.0009418381466767843
0.0009390298175344904
0.0009361551089223123
0.0009335044020705216
0.0009309097326391951
0.0009285337088540749
0.0009260478384902348
0.0009238178633975481
0.0009216388573425351
0.0009197907585004358
0.0009176705953985994
0.000915520458194125
0.0009129851585824931
0.0009107782621832778
0.0009089342638063237
0.0009067468844005155
0.0009044536842556474
0.0009024807527801539
0.0009002474613874903
0.0008980251957780047
0.0008957378162676175
0.0008938784155899173
0.000891725128898656
0.0008897322369808137
0.0008875988557967355
0.0008855500062953791
0.0008833256583078661
0.0009439873021177058
0.0010392353006557738
0.0010365566364568606
0.0010340203762838852
0.001031624532803729
0.0010291547997413352
0.0010269082921471717
0.0010246294622065146
0.001022067363530778
0.0010193513218860722
0.000989587581219585
0.0009872525088147543
0.00098492843033796
0.0009825356978972655
0.0010746172181149757
0.0010723212126098522
0.0012241395492270356
0.0012148944995250136
0.0012119270708203197
0.00120931223696127
0.0012997368630890676
0.0012964804136011132
0.0012941643509329097
0.0012910891089108908
0.0012885375494071144
0.001285641045865047
0.0012826061297556751
0.001279736201617335
0.0012767290671261845
0.0012742338961851155
0.0012715004485354341
0.0012689762553522769
0.0012661177567189683
0.0012638598123594633
0.0012611706448992222
0.0012586386625998995
0.0012558264956277203
0.0012537979308488132
0.0012515356265356263
0.0012488507508427824
0.0012465109165296522
0.0012441323512574895
0.0012415736755912706
0.0012394023495418771
0.00129980148946124
0.001297390075218335
0.001294645106039998
0.0012919604368535485
0.0012891898670679709
0.0012620666341133604
0.0012594175193972785
0.0012568735271013352
0.0012542461458061142
0.001392356323980574
0.001389663679075706
0.001387238887238887
0.0013844120879799437
0.0013814946268362416
0.0014346708008809814
0.0014318167863940567
0.0014231080385379126
0.0013959747965987643
0.0015036583727264954
0.0015005790211495094
0.0014978402384863416
0.0014948391013964784
0.0014923925562223433
0.0014896294682833562
0.0014870382450291124
0.0014839191860745455
0.0014793148689801272
0.0014766487642528443
0.0014740983291953028
0.0014715566890573174
0.0015765442723274046
0.0015739481157967588
0.0015715851682394431
0.0015692853148683535
0.0015663780920826059
0.001563259259259259
0.0015603743005524599
0.001557389630784126
0.0015549661066902444
0.001552111648486132
0.001543666737153732
0.0016231557713508313
0.0016201915197490105
0.0016172947706690035
0.0016141824119430834
0.0016930995132630009
0.0016900295232117532
0.0016872055513007958
0.001684683745235033
0.0016818192333495267
0.0016798373307454133
0.0016770472895040367
0.0016744400299418436
0.0016715525665344597
0.0016692497560415588
0.0016669532817426196
0.0016644344471536338
0.001661866227769396
0.0016587380357529916
0.0016563571534351752
0.001654378299654105
0.0016520662189953527
0.0018253806185192746
0.0018227131124327384
0.0018198063698878029
0.001817216688125409
0.0018143274359234574
0.0018112638321344542
0.0018091254581843528
0.0018064443695969459
0.0018032860377020148
0.001870873895043079
0.0018686784017882087
0.001865176310475999
0.0018619983072742658
0.0018592651899297214
0.0018570968422689457
0.001853822955472769
0.0018509908114690576
0.0018479834654110989
0.0018455357241409758
0.0018427288257012175
0.0018346099665434055
0.0018814013802804519
0.001878985435667797
0.001952277657266811
0.0019490746817167604
0.0019460096972873802
0.001943208584140277
0.001940795922368163
0.0019382627422828425
0.0019354208074028214
0.0019321471554500209
0.0019297618660862217
0.0019269447868682278
0.0019242605850529654
0.001921894716407286
0.0019183568014468412
0.0019153258311030855
0.001912489133584468
0.0019100292613910413
0.0019073919465673365
0.0019043954987015483
0.0019017737081385667
0.0018995235201944292
0.0018967334035827183
0.00196297240998172
0.002029142390185403
0.0020264326518499676
0.0020238586686143127
0.002021227113197175
0.002018282770705343
0.0020154744587101807
0.002012864647485498
0.0020095643491512953
0.0020067170445004197
0.0020036258082094163
0.002000481287339004
0.0019979101358411702
0.0019953455850891745
0.001992476110086389
0.001989552766851886
0.001986637989256361
0.001984040510952692
0.001981388215299799
0.001957680169693207
0.001955191798941799
0.0019530725795629327
0.001950475247933032
0.0019273535952557448
0.001924619085805934
0.0019226029085531178
0.001920059078740884
0.0019173452143186355
0.0019862943643244343
0.001983859434058637
0.00202753033132315
0.0020968399592252796
0.002094534050179211
0.0020922332072094057
0.002089109614779155
0.002086249213979999
0.002084600105395435
0.0021240915500596587
0.0021219003697234215
0.002215693660848693
0.0022132116546285476
0.002191037939676777
0.0022589518601482702
0.0022562252216134344
0.002253369326393044
0.0022506561397624275
0.0022476116040115314
0.002244979661283519
0.002242353875331322
0.002240002624975212
0.0022367860597435484
0.002232053930691435
0.0022293894279688713
0.0022269304204018763
0.0022889955219774763
0.002286000345537608
0.002283691254279489
0.0022807099341041895
0.0023404477525576484
0.0023380917133692856
0.0023349807102024723
0.002332635659568961
0.002329745327444171
0.0023270678538101553
0.0023237125594117117
0.002320980708295545
0.0023182552729875414
0.0023158078480659127
0.0023134333563511827
0.002349946767891284
0.0023469934517720576
0.0023247909585670497
0.002317152076599243
0.002314452691607864
0.00231216315446749
0.002357225865360671
0.0023546946712051046
0.002352578122411108
0.002349104325131425
0.0024383877867810416
0.002435992167838326
0.002432969147254861
0.002429533443395514
0.002426735972606608
0.0024243631827101757
0.0024217167261032704
0.002461977588946686
0.002459366571668796
0.0024548522343797933
0.002451553079198052
0.002448892153262333
0.0024457485176355522
0.0025382305325880594
0.002535268348487066
0.0025324570702865315
0.002564825634866534
0.0025427850071122597
0.0025826262266411886
0.002560541368137881
0.002552428868887784
0.0025498342779155985
0.0026540189487373766
0.0026511765858476858
0.002648265747559122
0.0026453612941239476
0.0026429086511125105
0.0026403123279175812
0.002696605659059742
0.002693509063943748
0.0027515729555575093
0.002749111386237469
0.0027836628297457783
0.0027807892310431222
0.0027783861851266296
0.0027741304855275436
0.0028363536627539518
0.0028333578198769843
0.002876964842753074
0.0028968881386290057
0.0028940784316830426
0.0029732408978318785
0.002970609347320729
0.003027521970076749
0.0030190794202715724
0.0030117373665760764
0.0030083367102452232
0.003018864216938495
0.0030154630069444176
0.003012069452286844
0.003009343597578892
0.003006952219151485
0.0030494465387162204
0.00304611125867825
0.003042367778692437
0.003039794284882694
0.0030369767447898416
0.0030155963695355325
0.003030697561139914
0.003009858777573708
0.003000662058121462
0.0029932101971058083
0.003026835649555407
0.003023884958137172
0.0030216757121725194
0.0030004698189588044
0.0029964909032227376
0.002993903888278636
0.0030363304476416406
0.003028326715301506
0.0031185697116924583
0.0031785288647032243
0.00317473106934069
0.0031664277922124374
0.0032256459139649108
0.0032574070815193415
0.003254008593619626
0.0032510515899531003
0.0032481866918953016
0.003245413426843523
0.003242731338489916
0.0032399673770901432
0.003234573062962048
0.0032313919667064104
0.00322770286927993
0.003224278704984182
0.0032210324714895097
0.0032183890657973358
0.0032158350590262555
0.0032490643067312024
0.0032286295205151317
0.0032472899473690816
0.003282241658226688
0.0032792167896702096
0.003258573908860645
0.0032556620209059227
0.003253011596192877
0.003250194914237735
0.003247383105818025
0.003244831134811488
0.0032415300709898696
0.0032449198340286155
0.0032419534182580724
0.003270283636652824
0.003265561510471175
0.003262669450057119
0.003303414958196073
0.0033007518145218716
0.003297578839277982
0.0032954383882593673
0.0032921902192776056
0.003289545135906322
0.0032825031815087754
0.003280294572153172
0.003277410871267527
0.0032749552475686053
0.0032721653894662315
0.003300018787782784
0.003297467818584055
0.0032947511282260646
0.0033718725193308437
0.003446566287183254
0.003443468051147517
0.003423795347109176
0.0034207226314716256
0.0034181808420816317
0.0034153804891132087
0.0034124974267710825
0.0034523931236946277
0.00344961381742991
0.0034450071277266755
0.003442634896345685
0.0034398275899728435
0.003437374949979993
0.0034346636036160483
0.0034329166167115363
0.0034727415743934175
0.0035287204987867653
0.0035254981682194234
0.0035425191622910275
0.003539647964955702
0.0035374976194092298
0.0036257779030371812
0.0036237614942840066
0.003621015457636743
0.0036186389234477098
0.0035985401196871295
0.0035955476838452367
0.003558989373627944
0.00367269600128396
0.0036708494046721225
0.003692925262340752
0.0036898666704911075
0.003707896701000151
0.0037013968683516927
0.003734130660000026
0.00373114148723905
0.003769156985531257
0.003825271147997628
0.003857444739988544
0.0038505939613337255
0.003848290400461498
0.00384088084327176
0.0038359722528338485
0.0038336826896886605
0.003831300632593042
0.0038120784413907156
0.0037893106851776353
0.0037869605793197977
0.003815056012572189
0.0038122210151637233
0.0038075516158826823
0.003804914742066929
0.0038019996029980724
0.0038123302791418182
0.003844623074632949
0.0038420629635762715
0.00386033029300388
0.003853372913248288
0.0038341199326653807
0.0039053600025610474
0.003976212322653536
0.003973770711667699
0.004007562511882169
0.004004515683240394
0.003985819758265163
0.00398279354194123
0.0039785298394594245
0.003976194164790336
0.00397318130745976
0.003970076046570773
0.003991151093909212
0.003988425296781804
0.004041297147854328
0.004038640083056391
0.004101348482249877
0.004098954466208092
0.004095468198406161
0.004092584065872072
0.0040896047520653225
0.0040830834282998725
0.004090417973181442
0.004070711857071203
0.004103650768865954
0.004097438167410848
0.004166749901329886
0.004164536381473095
0.0041914275113280955
0.004216647199018726
0.004213395730058785
0.00420995487220653
0.004207421806699788
0.00424395918564489
0.004241409342346618
0.004252660664610426
0.004289697849813041
0.0042870229614761475
0.0042835300599499025
0.004280760337229912
0.004277482337498132
0.004293362735713202
0.004274658446503572
0.004271697661795349
0.0042680279060186
0.00426297820012501
0.004260090338437613
0.004404302571854309
0.004400948908979845
0.004432739239690885
0.004430527241400993
0.004499214209001182
0.004515894865002518
0.004513003012872568
0.004506378101950304
0.0045033892212686995
0.004500510838839084
0.004530901994001626
0.004598492275472446
0.0045790544869451855
0.004575056539519234
0.00457138890011662
0.004603066155391464
0.004614350940737378
0.0046112018802280975
0.004625181053920472
0.004628463840196197
0.004609870379317957
0.004606382665583155
0.004588256411173079
0.004585413856657527
0.004582834883734773
0.004631005172039463
0.004627536903796033
0.004624722758698529
0.004620646420132283
0.004742515325255022
0.004738531041301107
0.004720439590057542
0.0047149256657529805
0.0047126193267676125
0.004723404569773288
0.004774939947674626
0.004767956826636764
0.004764412696937445
0.00486991957136185
0.0048658512283695065
0.004860885610758045
0.004857730801127031
0.004855254893481197
0.004851350134434542
0.004848604411175295
0.004844469261519478
0.004840029532557741
0.004891258105213747
0.004889337616778322
0.004936415240410813
0.004933226856596564
0.004930610906541191
0.004927997729343448
0.004909694189568914
0.0049070950327682866
0.004900551739751192
0.004897735006942966
0.004894696570171047
0.004891774229057231
0.004938465881667263
0.004935973823741334
0.00493259526338407
0.004967726685939748
0.004964769434959016
0.0049622698943034005
0.004985731243366275
0.004983223272922601
0.004980604000211847
0.0049773053609808845
0.004975032981972515
0.004971968559594607
0.004969587728680196
0.0049975978479032575
0.004990387111281753
0.004987320158148468
0.005018949755612254
0.005016553040475183
0.005010370476197694
0.00499215435159466
0.005070225382193236
0.005101734630839365
0.005098726191466209
0.005130186940537634
0.005127513515224231
0.005124726823096392
0.005193365061907879
0.005223770613902784
0.005252984184902829
0.005249542717798747
0.00524531118444488
0.005289192898805055
0.005287045342363242
0.0052838272755843735
0.00527958693729396
0.00527762441027646
0.005303303797852126
0.005296212805096888
0.0053611788360214815
0.005354447373737508
0.005374206125191191
0.005393454584814302
0.005390670960017364
0.005421167541202374
0.005417155329359022
0.005414243271662821
0.005474639888070372
0.0055621903155600415
0.005589147175656549
0.00564125452095662
0.005817220658865798
0.00582245662943269
0.005864267418818929
0.005861429940027576
0.005859207324284793
0.005851131435970093
0.005879416754207386
0.005877190644832533
0.005858819304983067
0.005855691125598871
0.005819213681141753
0.005812111958796251
0.00579259625242374
0.0057898956214422126
0.00581525860762381
0.005812326204570062
0.005810108761687649
0.005872595169868551
0.005939448369290077
0.005936555695418556
0.00593219071573174
0.005928395567410829
0.005924092779099368
0.005917531201037665
0.005913060607001373
0.00592208982603671
0.005955846467279548
0.005953089070162927
0.005950334225066553
0.0059724466195559805
0.006018186197353722
0.0060159340804796565
0.005999013901229249
0.005995905536546861
0.005991029745231427
0.005988265930186725
0.005986434265658065
0.005984331456695375
0.005968254234670172
0.0061377600324522465
0.006134260816119745
0.006210203706558418
0.006204103359677387
0.006232321728317532
0.0062287268140324556
0.0062539921396340065
0.006294493551550288
0.006290916509402616
0.006290036461466389
0.00628055794411973
0.006274177028814653
0.006320212643934581
0.006348301720822087
0.006378232921432109
0.00636137586821052
0.00634436170158463
0.006334066517285769
0.006330896589745459
0.006346405350606935
0.006394790888772196
0.006438678723186108
0.006583202485584941
0.00662695716467431
0.006674140150685794
0.006670521736379537
0.006681631279431372
0.00667945909761101
0.006676565051208233
0.006671940931469086
0.006681482338334258
0.006732495825389145
0.006725543117505776
0.006735178323266452
0.006782002675675741
0.0067790727684824475
0.006824348887814366
0.006820961968011597
0.006816402304816523
0.006813904431539769
0.006809354195932133
0.006803126051182059
0.006826347337566766
0.006833597661761036
0.006892164044877573
0.006952559065419884
0.006949869660842969
0.006982951390325753
0.007040749571924481
0.007034525580539758
0.007062398306682353
0.00707366154277601
0.00706528987082814
0.007069967415985162
0.00706322264397989
0.007061106865966417
0.007058086523828997
0.007052738920719188
0.0070501770283761915
0.007036185659049288
0.007032130566885222
0.007028573443758441
0.007024864661454997
0.0070258335601898194
0.007023027120195447
0.007038235817387573
0.0070358377302673575
0.0070334412767562495
0.007059787735129681
0.007092684688765106
0.00708896237054327
0.007103356559990164
0.0071038613899338824
0.007131429174865503
0.007182681013153338
0.007181602373194157
0.0072072932144563555
0.007261160119296395
0.007255594178111088
0.007315966017910671
0.0073131780981833
0.0072935652756534654
0.007321732758767961
0.007328497859549625
0.00729680957530609
0.0073523322178278405
0.007348283625454326
0.007369814928779093
0.007363493272219321
0.0073864035869095224
0.007380396772965124
0.007435295891086467
0.007423022837166993
0.007419273637309701
0.007416930462142638
0.007406893420412358
0.0074048679457593
0.007401131337389034
0.007393740614275062
0.0073752948326473566
0.007382826426275567
0.007378718144575817
0.007373518132694638
0.007406623193297809
0.007444441806884719
0.007442257221798436
0.0074379726845074795
0.007434390296189356
0.007427167473263005
0.007423904423472454
0.007419560434792196
0.007446475830473162
0.007472541375559538
0.007466251093568964
0.0075058595408967485
0.007547650709131506
0.007544186822872438
0.007572792336990368
0.007631691930050568
0.007628511859658647
0.007628052480120721
0.0076693945974855545
0.007676640920124344
0.007679678886437886
0.007661987383975543
0.007718886886755552
0.007746355276029715
0.007742076035499947
0.00773488378220408
0.007731193551604177
0.007727085871990608
0.0077238826692911135
0.007783536902884155
0.007853613891770769
0.00789998050183542
0.007966315883231136
0.007970901566311785
0.007967769192741288
0.007976404240797555
0.007955721072672773
0.007957747393275549
0.007985271033078578
0.007968369333934622
0.007950442346088013
0.007959835676405925
0.007956307592701101
0.007983639296073349
0.00798018467067479
0.007976980730614707
0.007973039291182621
0.008046042318211905
0.008043559125100921
0.00803775357135793
0.008062063668638906
0.008093669227464205
0.0080903434264996
0.008072586997145848
0.008070067860254784
0.008067087164611401
0.008073415410921487
0.008069420954688879
0.008049926996309744
0.008046275673521409
0.00802924891511773
0.008068927073568944
0.008064942628230385
0.008048335918048025
0.00804057838492902
0.0080226745113472
0.008016646243456306
0.008040891796883123
0.008034636509822056
0.008016931959340598
0.00802114144679301
0.008026895768204782
0.008023786914838373
0.008026039078507515
0.008063821834927246
0.008046420358935614
0.008042979897406566
0.008026791125881528
0.008021965939326173
0.00804783190651635
0.00804488644029327
0.008114932650758803
0.008110151887998579
0.008134759545492757
0.008130961574002057
0.008124064242437827
0.008119727576865573
0.008113200408782717
0.008180487940924738
0.00822343830531513
0.008220605854322539
0.008260476029853829
0.008271927682936402
0.00826880166581674
0.008313094473860918
0.008352298143192393
0.008349085018306564
0.008342512464041052
0.008373086403261358
0.008371395280623764
0.008392530260206118
0.008390554736147872
0.00837473185677719
0.008372535538154272
0.008375377334213377
0.008382248561246313
0.008424883192136658
0.008458703827072594
0.008455807827454028
0.00845342437513897
0.008481063580387702
0.008538868402438775
0.008536463668015816
0.008530708587011535
0.008538703108241898
0.008534062926580672
0.008634690894207937
0.008673944859642914
0.008657077515109605
0.008711163216927803
0.008709065699850067
0.008740228163492366
0.008782386589460097
0.008823183118486257
0.008956923594363878
0.008995400285368235
0.009000242407001873
0.008988101135929287
0.008970007048733417
0.008983372861473635
0.009001023045545467
0.008998323062629755
0.008994725604083147
0.008973147565636884
0.009038496060064584
0.009037634221837586
0.00905120204265286
0.009077277007824208
0.009114159518160081
0.009110887647409062
0.009135694935426167
0.009199621233976768
0.00924261886842026
0.009336837030502898
0.009340040517231736
0.009341790751416302
0.009369413370800977
0.009351735209304558
0.009365694678350715
0.009379657408165328
0.009411892635237834
0.009418310825160706
0.009415317380985926
0.009438944606545692
0.0094534381745983
0.009448738449367918
0.009475527038558368
0.009483187095891545
0.009526161365302373
0.009567313045930321
0.00956314833380026
0.009549962835481965
0.00958305424797266
0.00959076319569886
0.00961393553032616
0.009614189659692629
0.009612097592547438
0.009609566393043178
0.009631997364800561
0.009631879711338094
0.009685037242989693
0.009702996398634452
0.009757000791069337
0.009783345149241441
0.00983057597867619
0.009872878154002358
0.00986744644149672
0.009864332085891244
0.009884653162903025
0.00991678161806917
0.009913069004509962
0.00993469964770233
0.009958472808548047
0.009988168808160147
0.009996832646155798
0.010022880636987913
0.010015330921464732
0.010056037555392831
0.0100914533473607
0.010099873552401575
0.01013946584607482
0.010132806952113315
0.010164000038621713
0.010189398595165499
0.010184691247387153
0.010203414204571331
0.010184123699086504
0.01024109181177954
0.010301495249316128
0.010317359268248782
0.010333899193018806
0.01032638727842643
0.010364661511703045
0.010345313047638688
0.010401776807644874
0.010397370204980641
0.010400232829847329
0.010459765910590701
0.010483896251264103
0.010480414930114158
0.010499235321574645
0.0105074286246898
0.010491341068899318
0.01048481407294261
0.010480492509289263
0.010476777091160492
0.010473063426728683
0.010482308592675068
0.010490372663560617
0.01051693592752037
0.010567916472024921
0.010578428011979798
0.010590216486355558
0.010585768945743113
0.010579612338447187
0.010608294003912949
0.010591794896110687
0.010578354241891418
0.010548300047344927
0.010529342311633537
0.010525798208157307
0.010606449113716962
0.010603302099941116
0.010586837326709488
0.010582935291613318
0.010610180846848593
0.01063935607901541
0.010667191007304082
0.010701631911120458
0.010685982495666302
0.010739908796559233
0.010783685788185773
0.010822956368855973
0.010844780512731285
0.01088655313251139
0.010929236398421764
0.010951268185491993
0.011043630243722126
0.011055245577448638
0.011039002533531832
0.011046144221053484
0.011040147978736375
0.011036992148105782
0.011021962575735941
0.011015549459524614
0.011007715670697589
0.011006672000853639
0.010986564530381592
0.01103271109984209
0.011075989842680656
0.011073215723769689
0.011051181480565941
0.011104473585840624
0.011121328019319148
0.011114038795999365
0.011104616755815422
0.01114878139061322
0.011150312703759744
0.011179486347358106
0.011170068623366463
0.011204208614002332
0.011218697978375927
0.011267736615913456
0.011330412506883106
0.011327067603718727
0.011308088544458266
0.011333548865339127
0.011329227772473029
0.011373272684284064
0.011391173514661219
0.01138877220175688
0.011373816473974613
0.011353379204163693
0.01135995226191606
0.011354369083818924
0.011380876706191135
0.011379402653128281
0.011420190261885383
0.011473242227715503
0.011474831220544953
0.01151221432595724
0.011504227143973304
0.011530368691074915
0.011521994007743628
0.011538277109317013
0.011563249008051358
0.01156037955118029
0.011584732069896627
0.011581222934322719
0.011602289840298468
0.011598920952939342
0.011590348809831813
0.011720767426882195
0.011740762453982713
0.011737631583994984
0.011728378207803845
0.01176213307996935
0.011744520199196914
