0.0
0.0
0.0
0.0
0.0
0.0
0.0
0.0
0.0
0.0
0.0
0.0
0.0
0.0
0.0
0.0
0.0
0.0
0.0
0.0
0.0
0.0
0.0
0.0
0.0
0.0
0.0
0.0
0.0
0.0
0.0
0.0
0.0
0.0
0.0
0.0
0.0
0.0
0.0
0.0
0.0
0.0
0.0
0.0
0.0
0.0
0.0
0.0
0.0
0.0
0.0
0.0
0.0
0.0
0.0
0.0
0.0
0.0
0.0
0.0
0.0
0.0
0.0
0.0
0.0
0.0
0.0
0.0
0.0
0.0
0.0
0.0
0.0
0.0
0.0
0.0
0.0
0.0
0.0
0.0
0.0
0.0
0.0
0.0
0.0
0.0
0.0
0.0
0.0
0.0
0.0
0.0
0.0
0.0
0.0
0.0
0.0
0.0
0.0
0.0
0.0
0.0
0.0
0.0
0.0
0.0
0.0
0.0
0.0
0.0
0.0
0.0
0.0
0.0
0.0
0.0
0.0
0.0
0.0
0.0
0.0
0.0
0.0
0.0
0.0
0.0
0.0
0.0
0.0
0.0
0.0
0.0
0.0
0.0
0.0
0.0
0.0
0.0
0.0
0.0
0.0
0.0
0.0
0.0
0.0
0.0
0.0
0.0
0.0
0.0
0.0
0.0
0.0
0.0
0.0
0.0
0.0
0.0
0.0
0.0
0.0
0.00011935453069798528
0.00011871690766198921
7.086669973779322e-05
7.0506944934076e-05
7.008690776562938e-05
6.975933031042901e-05
6.943962224845496e-05
6.909417536101706e-05
6.878525244187646e-05
6.84369011771147e-05
6.809669731018046e-05
6.778282383244086e-05
6.747638326585695e-05
6.714113065664025e-05
6.683151774376797e-05
6.651589729945457e-05
6.626027034190299e-05
6.59326168655634e-05
6.560818790185015e-05
6.532105297537396e-05
6.502373366278691e-05
6.475845097785262e-05
6.449116471043467e-05
6.41972138409193e-05
6.38895987733197e-05
6.362537379907107e-05
6.334325711028061e-05
6.304772712943698e-05
6.277857994852157e-05
6.250390649415588e-05
6.220839813374805e-05
6.195019204559534e-05
6.168650916044661e-05
6.144770800049158e-05
0.0002447081854888046
0.00024373895557857535
0.0002428068471530897
0.00024185259084587944
0.00024083328315973267
0.00023982253132681815
0.0002387917139275267
0.000237741456166419
0.0002367844669389688
0.00023594644015808411
0.0002349900129244507
0.00023417832679585503
0.0002332769580684668
0.00023235550392099912
0.0002314814814814815
0.00023056083924145483
0.00022976621287839623
0.0002289246265667029
0.00022808918287050236
0.00022723399420553314
0.00022646209590669762
0.00022561904224716565
0.00022471910112359551
0.00022396416573348266
0.00022313957380341404
0.00022233338891668056
0.00022145941756173182
0.0002206531332744925
0.00021981645326152663
0.0002190100744634253
0.0002182214948172395
0.00021747403903659
0.00021671994365281464
0.00017996616636072418
0.00017944300890037322
0.0001788556813507181
0.00017822452725944142
0.00017760727479397553
0.00017692852087756544
0.00017626425537165316
0.00017561421070193
0.00017501487626448247
0.00017440136730671968
0.0001738828029907842
0.00017337633066333782
0.000172827984307219
0.00017225638640552598
0.0001716001716001716
0.00017102787754403966
0.0001704245274979975
0.00016986003533088733
0.00016942834875131304
0.0001689817161783095
0.00016844374821028515
0.00016797688638043405
0.0001673780232655452
0.0001668752607425949
0.00024940143655227453
0.00024862015812242055
0.00024794208072994147
0.00024723101265822786
0.0002464146666009561
0.000245724395517987
0.00024495394865765234
0.00024428376001563417
0.00024355789371133517
0.00024282453499101548
0.00024213075060532688
0.0002414059482425647
0.00024070864625457347
0.00024003840614498319
0.00023932605782117557
0.00023864070255822834
0.00023793661368611403
0.00023723666729929779
0.0002365744026496333
0.00023586018208406057
0.00023513920240782543
0.00023447758394297505
0.0002337540906965872
0.00023302418791070514
0.00023243921714471665
0.00023186792802819514
0.00023123525875225453
0.0002306805074971165
0.00023012841165370276
0.00022949465277459036
0.00022891676586393189
0.00022837307024755642
0.00022770744147918755
0.0002271385090628265
0.00022655188038060717
0.00022588660492432798
0.00022531656978054166
0.00022473930240920532
0.00022410470171664202
0.00022347367480110843
0.0002229654403567447
0.00032617236727008555
0.0003252898036432458
0.00032441200324412003
0.0003234390390920184
0.0003224860744649663
0.00032156690784184756
0.000320666987333654
0.0003198836786623046
0.00031918752266956834
0.00041252334013634984
0.0004115761199202842
0.0004106332396801383
0.0005101674211396134
0.0005091138550674754
0.00050773763551589
0.0005063471687348452
0.000505136742650616
0.0005039320898276694
0.0006299992921356268
0.0006286376221958524
0.0006270696822377229
0.000625588685982596
0.0006239571502685119
0.0006225430533988053
0.0006213174722850521
0.0006199412100695171
0.000618442081856716
0.0006168732152263717
0.000615644282117263
0.0006142930108640135
0.0006129476584022039
0.0006115325417766052
0.0006099483257261127
0.0006083473458283777
0.0006070030418354681
0.000728069459187284
0.0007264678724675466
0.000724667127202785
0.000723080457905905
0.0007213256212164113
0.0007195502474714871
0.0007181304447039558
0.0007167450397224121
0.0007153936670945658
0.000713761590287506
0.00071233606284535
0.000710887879029472
0.0007093891297718022
0.0007077000410069184
0.0007062706270627064
0.0007047912632230698
0.0008218925885013941
0.0008205007023486013
0.0007924345422871889
0.0007842214641414735
0.0007822583799428952
0.0007807925043919579
0.0007793928529675382
0.0007777864198491094
0.0007762468464971861
0.0007747433662599264
0.0007732158045310446
0.0007719325330966074
0.0007701786814540973
0.000768787238131847
0.0007672830507174097
0.0007659900421294523
0.000764642911760208
0.0008522546587801311
0.0008506316257220847
0.0008488856791718931
0.0008472754403935405
0.0008456392780512433
0.0008442008442008442
0.0009309581320450885
0.0009289946771115797
0.0009271091733694154
0.0009251966042784091
0.0009233610341643581
0.0009218771411842383
0.0009201576702602553
0.0009183420203524447
0.0009165335215942728
0.0009149696452637956
0.0009072058061171591
0.0009056296898680369
0.0009041591320072332
0.0009022611769904987
0.0009006690684508493
0.0008989176297926986
0.0008976331794533597
0.0008962868117797695
0.000894715699521601
0.0008929547691074097
0.0008887757205388431
0.0010809698466305937
0.0010792062456191234
0.0010771754601819014
0.0010746864996269284
0.0010727886498240048
0.0010706278698941359
0.0010690513815064884
0.0010671733648824674
0.0010417785415100416
0.0011469610890770714
0.0011444666286366228
0.0011423894088757605
0.0011407249466950957
0.0011388632654509329
0.0011366453029283663
0.0011344760558402542
0.0011857289056710306
0.001183890631055988
0.0011818501582835032
0.0012300598059525063
0.0012862750595822236
0.0012843844054035139
0.0012819617158027108
0.0012800837111963726
0.00127763272410792
0.001273494171359707
0.0012719465759290765
0.001313964776036611
0.0013117818081129727
0.001309289390955885
0.0013069866887371545
0.0013050964187327826
0.001303077187553722
0.0013010195324568332
0.0012988348183687458
0.0012738926143880298
0.0013515513805863932
0.0013492929568499066
0.0014036879432624114
0.0014008742723834115
0.0013981666723181085
0.0013957529393180332
0.0013937714079682712
0.0013915606403203853
0.0013892632524707996
0.0013874401336967373
0.0013851097898261056
0.0013829727765666052
0.001380934838183909
0.0013785801849994428
0.0013762794837561194
0.0013738948864898486
0.0013714729197849104
0.0013683616194493343
0.00136613833808608
0.0013643287634942712
0.0013622536701494512
0.0013603196090731999
0.0013578985531129495
0.001432677329471906
0.0014301827699114075
0.0015264337652397353
0.0015236348951682436
0.0015759874444153806
0.0015739803415733273
0.0015716195506863609
0.0015695213285574733
0.0015669700910273083
0.0015643763590925319
0.0015616393973756683
0.0015594668047107546
0.0015358104469574585
0.001533283872563251
0.0015312587247385265
0.0015292881195976236
0.001526979129857475
0.0015730433201800818
0.0015710776460536153
0.0015689662528264856
0.001566410035246888
0.0015642612560879644
0.0015622179033782564
0.0015599317065928587
0.0015576027107157982
0.0015556260575296107
0.0015535559639228607
0.0016252188403045836
0.0016231645916282204
0.0016211666929672294
0.0016190206028514095
0.001616422262781379
0.0016145424066216145
0.001612464423237904
0.0016100384486793715
0.0016081230563730095
0.0016062624430615924
0.0016488149142803608
0.001677789559034491
0.0017062614814584176
0.0017039271166941325
0.001701704810110859
0.0016944246296353728
0.0016919058974120753
0.001689760402490824
0.0016879331829744285
0.0016855896992883292
0.0016782728374519834
0.0016764132553606238
0.0016745063075803692
0.001672552331234966
0.0016703467451750081
0.0016681980602348137
0.0016661058599206713
0.0016645783034340842
0.0016624444240962875
0.001660366621956672
0.0016584454864705764
0.0016572344266617984
0.0016554714648997497
0.0016533608556193022
0.0016520569828222473
0.0016498051331758244
0.0016479582060048613
0.0016464637304394265
0.001644624272802303
0.0016428384709738393
0.0016910177235527441
0.0017393397731034277
0.0017873960524997497
0.0017849817399569765
0.0017828411532503873
0.0017807056944652393
0.0018186168939937789
0.001816118047673099
0.0018136260589428472
0.001831600067542736
0.0018295284301177686
0.0018970028544243582
0.0018947493466381566
0.0018729480637633008
0.0019398105622882654
0.0019675172182424564
0.001965364637235479
0.001962695014518431
0.0019606107981082173
0.0019580694260323073
0.0019555921697854144
0.0019529490117725413
0.001985349489970563
0.0019828478774736764
0.0019811643000048804
0.00197913619966852
0.001977112247382518
0.001975092430433937
0.0020604328852863716
0.0020577929200275673
0.002055159711114343
0.0020478707953291127
0.0021089086881233617
0.0021064633639640163
0.002104206482500338
0.0021018936326121333
0.002099343232988579
0.002078102000173176
0.002075765438505449
0.002064310472295034
0.0020618754435429744
0.00205926862440856
0.0020567274118716227
0.002054545802037346
0.0020523100420007647
0.0020501377883304257
0.002060470964791953
0.0021439990864451294
0.00214155355309684
0.002139357338195077
0.002118013070407573
0.0021774972994485194
0.002241150861253076
0.002234261833172595
0.0022304727355175152
0.0022278839348903044
0.0022252382164164334
0.002223101042343437
0.0022214067968838206
0.0022175220906185374
0.002215647600262985
0.002213028631468348
0.0022106022696391256
0.002207623272223626
0.0022053942878511664
0.00220323153077426
0.0022010730114299043
0.0021987342598029625
0.002196277779329479
0.0021937655767585466
0.0021916255562678265
0.002236083651248921
0.002231989688522918
0.0022301285080282775
0.002227899184553726
0.0022257360556295312
0.0022233306546217014
0.0022211763837365964
0.0023233943685346007
0.002321211451309825
0.002318648559125537
0.002316282917413483
0.0023135397157651194
0.002352649826646854
0.0023507093368525227
0.0023479335438692833
0.0023455503127400405
0.002343749999999999
0.0023400779417535973
0.002447520563185058
0.002445446676688988
0.002443576507433606
0.002441176203079664
0.002437983123052746
0.002435925361213968
0.0024338048603554574
0.0024316219570751666
0.0024284718639404046
0.002425968624259685
0.002423404870294095
0.0024203224089560035
0.002418162809142691
0.002415941794082157
0.0024135945736852506
0.0024455349439171685
0.002443821738427546
0.002441453566621802
0.002438893221113769
0.002436730965558002
0.0024797752004581883
0.0024766196377161436
0.0025363483728074857
0.002534311363352428
0.002565336756159303
0.002562938028194098
0.002560064068339561
0.0025900840844043866
0.0026435434315449226
0.0026412215094975726
0.0026744320045386442
0.0026727261452325892
0.0026701005380911913
0.002699212876978862
0.0026964942041277913
0.002690365190365189
0.0026836756298962514
0.0026812628906869736
0.0026787837159538202
0.0026763091216216207
0.0026739801165581068
0.0026722184156432816
0.0026701777485187614
0.002670139162917948
0.0026858689653359953
0.002666596631298805
0.0026642176156739254
0.0026621918071615225
0.002659960004540968
0.002657592810714129
0.002655160390516038
0.002652663113526317
0.0026505164417295352
0.0026523054454412674
0.0026500938086303927
0.0026474722757328048
0.0026781456723974986
0.0026755012775540243
0.002705953617168569
0.002763658367911479
0.002760722951909708
0.0028187606771237763
0.0028505426116038715
0.002902445116226993
0.0028998227408057542
0.0028980272775742557
0.0028957114256008376
0.0029710536936379942
0.003046138268935395
0.0030435528120713296
0.00307920274772807
0.003113016981648862
0.0031915075617600756
0.003208217960551053
0.0032055058875767417
0.003202142723100805
0.0032002591579072984
0.0031982143161410127
0.0033265219242230725
0.003323296247150487
0.003320669403435409
0.003314053728098113
0.0034085991395769156
0.0034804357963457537
0.003613426867290227
0.003610215258555745
0.0036066433270756175
0.0036037177862272922
0.0036009793988517396
0.00359815410054584
0.0035954241588899293
0.0035924260036050613
0.00359024866575753
0.00358650853730339
0.0035840667053315517
0.0036236266505392605
0.0036017660488853083
0.003658311522716597
0.0036969041571310018
0.0037688442211055283
0.0037660055234747685
0.0037639265281541713
0.0038281511200267473
0.003975910658948723
0.003972028905689348
0.004048059766204746
0.00404502432846764
0.004115716771510163
0.004112327236859306
0.00410873837129915
0.0041054626001184044
0.004140152687322969
0.004120578366696997
0.0041563541973673465
0.004153463466908908
0.004133406620684764
0.004129613752152317
0.004158449262174446
0.004155874179653037
0.0041522744173275025
0.004149193866531948
0.0041468352046701035
0.004144274481436393
0.004198120248173313
0.0041958419816778445
0.004234030240390091
0.004230816603029931
0.004226859941426919
0.004224676538593989
0.004242461488036711
0.0042229591418979796
0.004219849451808216
0.004257832940868658
0.004254806317457985
0.004252513127056847
0.004266963782843991
0.0042636227947833345
0.0042604953666348835
0.004257476544175139
0.004253029077282155
0.004249709639953545
0.004246395380144651
0.004267854243499643
0.004284914666750108
0.004281892718176768
0.004278875029075523
0.004276484712217738
0.004273370918193988
0.004269743884652829
0.004262704451722048
0.004268073331027329
0.004264768909596165
0.004262603162320236
0.0042596159821040236
0.00425704418507568
0.004253448882086499
0.004254493386658034
0.004288388288099085
0.00428570281649595
0.00435460266270596
0.004352193564201071
0.004420533989974097
0.00444441393481542
0.004449185729950256
0.004446836691430999
0.0044435308895740605
0.004440762069099323
0.004478451260255946
0.004458957350292923
0.004451665146219217
0.004481692292108417
0.004550350486290493
0.004546875195339365
0.00454362192777133
0.004535968761596106
0.00461607546836038
0.004612670310842791
0.004609036442674954
0.004707011509473904
0.0047848626934743005
0.004852884335012792
0.004849661509687134
0.00484701738939028
0.00484380234931014
0.004838669678646962
0.004927258063789438
0.0049322260759342715
0.004929312839344507
0.0049661084798517585
0.004962358704690002
0.0050617417045112625
0.005058640000897845
0.005047809725703974
0.005044601523110075
0.005040969006056295
0.0050637369183670344
0.005076429293251467
0.005073567653720332
0.0050711854174702
0.005068448609909971
0.005103237326918767
0.0051334804235036325
0.005168301396991925
0.005219471583044122
0.005247607686147143
0.005279977466871076
0.005332409664029209
0.005330167480933701
0.0053243165115684455
0.005335513747612054
0.0053326513475328635
0.0053378371878068905
0.005333454617122247
0.005330474409192026
0.005310838250947151
0.005377513344399384
0.0053745138250216535
0.005402237699638586
0.00538387670665506
0.0053807538807886905
0.00541197480398891
0.005427001561774707
0.005440968982587406
0.005436419769413667
0.005433527454762224
0.005484963555297196
0.005479874582672713
0.0054718513436651664
0.005468947165035784
0.005464508481252802
0.005461107726867789
0.005457320495676604
0.005453551541168666
0.005450916369001972
0.005446249482123929
0.005496747691645423
0.0055587456901282
0.005554480765075948
0.00554976753261315
0.005545413431192561
0.005541475739267624
0.005538050690165888
0.005533996851249123
0.0055889494169636894
0.005570779360908467
0.005567292734115481
0.00556475076542196
0.005560815298119681
0.005576900178104098
0.005573977008001628
0.005601044149875751
0.005581036854937435
0.0056130085123918955
0.005659217651235487
0.005660147501786338
0.005668096473496852
0.00566521945145422
0.005690982997479986
0.005684236386537718
0.005680887490159889
0.005696027607825621
0.005677202753963945
0.0057115589542367845
0.00574548516924885
0.005740734580893615
0.00573658786848106
0.005733735885688603
0.005730891321713292
0.005750070443789322
0.005745822837245881
0.005772993598860333
0.005765996377426241
0.005763224389672164
0.005761151333980189
0.005758044545259472
0.00574009849578032
0.005803822287011988
0.005830606531032738
0.005822296816917466
0.005866341961709144
0.005861434395040888
0.005858548668936718
0.005919044447805021
0.005935159429783092
0.00597999295762325
0.005957908418599898
0.005951261828460692
0.0059475442813609935
0.0059452894642787885
0.0059418442255494055
0.005938932140785608
0.005935362117457591
0.0059328524506003155
0.005914590579381386
0.00591156622225987
0.005909070172164914
0.0059913861752137944
0.00602506472788445
0.0060537985389341
0.006092643692160253
0.006100287027625051
0.006171494424740033
0.006168159576822691
0.006146166670589579
0.006194890726337759
0.006191877180821354
0.006189140137090192
0.006185479305273393
0.006182474191992118
0.006179145413064451
0.00617682750066519
0.006235215691360796
0.006268926474051429
0.0062664403942406174
0.006310977929200522
0.006324480267970932
0.006353962850481654
0.006350609467119113
0.00634698062717834
0.006343495266819875
0.006339596204883032
0.006336814093940441
0.0063635904156832315
0.006390029276744232
0.0063700434260906625
0.00636655757034315
0.006363770537896133
0.00636001191243078
0.006357369614170526
0.006353896249068155
0.006350010583253848
0.006374337524963586
0.006418437924674173
0.006414938231149269
0.00641172188211353
0.006441051003294202
0.006431826459124406
0.006427631523919478
0.00640642305510182
0.006402661700317039
0.006399596933198709
0.006400298109194135
0.006441089317166628
0.006469448598411555
0.00648357385723409
0.006481465012169179
0.0065254869624758885
0.00652209408812637
0.006565619550061534
0.00656263543590364
0.006614166580426891
0.00664706068564913
0.006709032386891715
0.006705119231538707
0.00670106596315029
0.006734431253940154
0.006780555661306378
0.006777777943376994
0.0067738345726684555
0.0067700415871002305
0.006768146686772273
0.006777137119748896
0.006808821344880968
0.006849019405604032
0.006873570145563515
0.006934470521841795
0.006931939095380602
0.006946313856974558
0.006940471752164293
0.007011027021736948
0.007007765399937683
0.007001339891809404
0.007006909154923452
0.007003939351940538
0.006999422771964019
0.007041798970579366
0.007007011801632329
0.0070016932657903765
0.007042295348444454
0.007039889062928392
0.007049218024512434
0.0070411897196533185
0.007038185991342565
0.007036685088011291
0.007031971433924621
0.007013726042607492
0.0070080494791090065
0.007023101806440949
0.007020860247892603
0.007018235603568475
0.007011260539564633
0.0070088764159458835
0.007006375883149123
0.007002692202225843
0.006986457474979218
0.006983344080382525
0.006980825744976689
0.00697733940785239
0.0069556845077348595
0.006953326548666175
0.006951559128234403
0.006954648907404586
0.006975480605665812
0.007013991556367142
0.007040742477023134
0.007037022176853506
0.007032194600025419
0.007025705231019017
0.007002926417577258
0.007000012294718653
0.006994767815411906
0.007020223247551046
0.0070168208298442515
0.007032454499450633
0.007011248482492288
0.007057009392437064
0.0071293285001255875
0.007136994369631782
0.007211367500430885
0.007195236163237746
0.007283061782648389
0.007279694735873548
0.0072617301904804536
0.007303659182870996
0.007300136246788828
0.007297228557620889
0.007280047985016972
0.007275601937923848
0.007272250880818555
0.007265540531824204
0.007294035693132583
0.007291289789370581
0.007320517897235197
0.0073173050636160634
0.007410884965997461
0.007443990935631356
0.007484723283208388
0.00747780947190907
0.007475304076397886
0.007472011464405381
0.007469519392126589
0.007501428898579627
0.007542350517135701
0.0076151423077447265
0.007612368812777424
0.007605260252386364
0.007656746399459338
0.007677374013912364
0.007673865815173013
0.007689098446879813
0.00772098120750399
0.0077174057713396416
0.007714044392462175
0.007708664559205304
0.007692452501447299
0.007688309921392668
0.00767179476209696
0.00766933387882717
0.007680961995411712
0.00767714939406138
0.007672596880064401
0.007712822295170489
0.007710113693719945
0.0077701813640031
0.007801217549048178
0.007848787894693694
0.007844833091427658
0.007850856811686806
0.007847135182909033
0.00791188841837622
0.007880809878552972
0.007877775187181494
0.007875017211612191
0.00790485355879656
0.00790095273664356
0.007928175097390217
0.007935760720282707
0.007931685075647439
0.007930219501908406
0.007950085362272598
0.00800702734298958
0.008049098954269333
0.008028058273181425
0.00803760439318956
0.008075375248752199
0.008084517237580273
0.008081870047915054
0.008092161756717429
0.008089513581390024
0.00816491637217522
0.00818712016228363
0.008182914382015866
0.008216846622009964
0.008238837746612182
0.008234114797024416
0.008231427203455415
0.008228741363761002
0.008256300434488207
0.008255183703202267
0.008286447505329503
0.008331042097336528
0.008288621653424304
0.008282698191480158
0.008327991304014886
0.008412060847573946
0.008396401108334851
0.008415692859479507
0.00839906482586088
0.008487041604487414
0.00852959813141213
0.008540361069569376
0.008530336228447332
0.008524012659648
0.008507035091255624
0.008518782509606339
0.008542927386855697
0.008553490487517924
0.008546824570381877
0.008537408377326812
0.00859197605841334
0.008601787345138421
0.008599047034349024
0.00864257129276701
0.008648010348522282
0.00862987572903592
0.00862267627965676
0.008619241422449998
0.008679282877441019
0.008677006504979922
0.008673818881594965
0.008667485274294904
0.008694106573348856
0.008739379397621812
0.008722427922881807
0.008763639408593595
0.008771696055084361
0.008784265252974101
0.008786436696280564
0.008804609080033148
0.008799132189006499
0.008795711090661773
0.008834913424372804
0.00883136341295143
0.008827009215512398
0.008865377234589945
0.008882398575853956
0.008908658526367958
0.008905714985617954
0.008902368237585521
0.008906908597087641
0.008915982766315597
0.008912861304519364
0.00892094886536474
0.00891124131003959
0.008937246913076003
0.008934744133551208
0.008928947986891004
0.008969399785789195
0.0089572935349782
0.008952441020500895
0.008995985477198534
0.008994063217987739
0.009027749746903018
0.00904052108312614
0.009052924240241528
0.009061011051441296
0.009048698283256567
0.009046354434573967
0.009069593795485909
0.009093254557998217
0.009119435498913957
0.009114644464481514
0.009151893992120031
0.009149163713482764
0.00914587450085227
0.009141940027855714
0.009188280831345869
0.009184006761215611
0.009226949244107687
0.009223774901949214
0.009219339724717448
0.009257343398992448
0.009236948667400718
0.009233835253820225
0.009229772947002364
0.009228645534618033
0.00927098080822579
0.009319232851378704
0.009334748746114464
0.00935195231456857
0.009420026557083648
0.009431262655897003
0.009427347180030134
0.009423889664303173
0.009438714979443258
0.009502792377167056
0.009496125113047345
0.009490970105133568
0.009482804790346107
0.009467037953398955
0.009490525890556687
0.009473989419271907
0.009479045113838963
0.009489936403954602
0.009507950226801013
0.009510861280531966
0.009577123466713553
0.009574110631542246
0.009587401157232807
0.009584384591148569
0.009581181568914014
0.009577219141343008
0.00961920710351584
0.00963421684990738
0.00962988146545594
0.009676875641490015
0.009763408123880555
0.00978628247711464
0.009779560389402043
0.009775726695919458
0.009771130229397074
0.009826672940521579
0.00983507549492069
0.009859134843988596
0.009857205123520415
0.009850858009648675
0.009844514868698006
0.009846841884686824
0.009844724242880893
0.009838772816927237
0.009809836263611609
0.009807536634090935
0.009803132023101848
0.009849063018253982
0.0098389069987664
0.009835373579669194
0.009837888672329959
0.009923708655431145
0.00992617536906872
0.009993360787516668
0.009974593919716657
0.010008201445729486
0.010005668167846458
0.010002487310190235
0.009996129669036085
0.010023563854552334
0.010030202042171284
0.010027899137981303
0.010024195065435294
0.01002090253545591
0.01001511705779898
0.010011810005180007
0.010047082676632494
0.010077491294046342
0.010060579734867764
0.010072843941507708
0.010095187272430636
0.010092328143877689
0.010124492556228515
0.010144576859542799
0.01014143192474687
0.010145523514281727
0.010142379869681372
0.010148321182584531
0.010226324761319978
0.010223107479573326
0.010215508871356523
0.010232854680689393
0.01027523895673793
0.010297533652614679
0.010309685124839181
0.010332363629160068
0.01031496265975519
0.01033456241629308
0.010335735735945508
0.010355987650281617
0.010378709975736916
0.010368837275690112
0.010386592620278499
0.010396480858132846
0.010404911245595465
0.010402906870560193
0.01042454824151122
0.010421480394183804
0.010431304156662225
0.01044105201627628
0.010443204941508771
0.010437989398384015
0.010502307772597289
0.010499908566995947
0.010492525101595701
0.01051873753837468
0.010510957335051113
0.010516695709666367
0.010524871809057196
0.010542322432920071
0.01052415215843866
0.010539125944415204
0.01053508137914823
0.0105821282985346
0.010594659214659675
0.01058751703201451
0.010595375295569729
0.01059370060938814
0.0105916706981807
0.01062049754577187
0.010615601404074467
0.010612848728246705
0.010630563133167794
0.010715305532853894
0.010710475026797712
0.010711044625189408
0.010708995762450744
0.010702174292499592
0.010731357975665339
0.010729101420042684
0.01071822180899491
0.010708281653934405
0.010703052337553845
0.010698402231059249
0.010691520027968908
0.010674846305205524
0.010670518676902028
0.010642099913019471
0.010655535079486852
0.010691893328336219
0.010689650858288139
0.010735497281647978
0.010771979566164854
