0.011068876903243006
0.01106951178759882
0.011075860631156967
0.011016938690628258
0.011029999168805014
0.010951788836894894
0.010955806813140312
0.010924424788691356
0.01092621857654903
0.010942091290084647
0.010900822234892048
0.01082456728456727
0.010748581543263329
0.01072445409956599
0.010708580781344054
0.010708580781344054
0.010702843056736671
0.010674904420142137
0.010620932053993604
0.010562081133564117
0.010574982203168265
0.010568224061194672
0.010552550254986755
0.01052912763238538
0.010535678766165138
0.010537116816053639
0.010552994368370172
0.010539385037813143
0.010498466317271669
0.010498466317271665
0.010498666349020719
0.010499652735233758
0.010431648855519417
0.010434189360698874
0.010444351381416693
0.010448252871513714
0.010448877883759056
0.010413690730001679
0.010396104273655267
0.010396104273655267
0.010349055975878109
0.010353624562706611
0.01032560034675285
0.01030563657192971
0.010306664597360918
0.010313213489132507
0.010302777282938482
0.010319157653875853
0.010248370252944181
0.010238401033140856
0.010238596165524418
0.010217359135768073
0.01023089533610229
0.010207337269188
0.010160515461293112
0.010160936048704544
0.01016162301713195
0.010177066727896873
0.010177896160968305
0.010146662853693481
0.0101473364717047
0.0100809969805973
0.010067697937950284
0.010080963814967049
0.010055925749764019
0.010043406001052638
0.010044041575421195
0.010020462936862371
0.01003662163028197
0.010050272236712395
0.01005745628146817
0.010083075420427585
0.010083630968037395
0.010096571913734463
0.010056402407055381
0.010056786034216711
0.01002872996396821
0.01002872996396821
0.010019236381107575
0.010003894518224782
0.010012987467009356
0.010016548944338633
0.010016931124083925
0.009992130483082742
0.009980428921109924
0.009952001570712542
0.00991066480324776
0.009923936542678398
0.009923936542678398
0.009871567131116012
0.00987175547666915
0.00982922033078235
0.00982959542743868
0.009829970552724518
0.009802085953166331
0.009834713273331835
0.009749478049557569
0.009750514385094571
0.009736093495299676
0.009736836822028588
0.009738666923331016
0.00973922462960311
0.009703325852290555
0.009640513552992164
0.009599245319208036
0.009599792223835123
0.00960161489491858
0.009617998515322948
0.009577910280579222
0.009591739663115223
0.009593650778833781
0.009511345272922335
0.009468231942109146
0.009430798262861969
0.009431338730402057
0.009434522551496785
0.009393132877265358
0.00939367121709976
0.009395303794695635
0.00940047994533879
0.00937281565990447
0.009316358506111951
0.009320255620535903
0.00932507099012664
0.00929502694175439
0.009247601194533021
0.00924777794194218
0.009253688641061865
0.009267882089368873
0.009268463937068159
0.00920226765422734
0.009171109390906504
0.0091860067004868
0.009144757046356708
0.009158028574804238
0.009078707174186296
0.009103958405001835
0.00910482891411478
0.009094513886193948
0.009061491915688315
0.009061665221963717
0.009062066224682024
0.009075701902054511
0.00904915189299081
0.009009553673300533
0.00898757966072578
0.008989886893676418
0.008933002033364943
0.00887955417869816
0.008859012950515362
0.008843572934161959
0.00884446388977582
0.008844802472728494
0.008822039607417717
0.008823484699233525
0.008795780244267132
0.0087571866817007
0.00874726480239552
0.008745214222425657
0.008746416322964908
0.008715699345736063
0.008684395067743095
0.008686396510542533
0.00863167403362739
0.008613342329477037
0.008614367409726223
0.008615853129341568
0.008616348483105234
0.008559675397190821
0.008503943312794178
0.008508592223342302
0.008525547130009607
0.00851884424896498
0.008520641197778714
0.008521131406304812
0.008524654581601196
0.00852547209038381
0.008526289755978576
0.00852341979209615
0.008538617707344058
0.00853943679082998
0.008540583771748236
0.00836794042576525
0.00836938309249836
0.008334359027126986
0.008311533419442125
0.008299930887027155
0.008313525679238896
0.008314963704077232
0.00828179869837482
0.00828723321373655
0.008288872235164169
0.008260858643975598
0.008249486810163081
0.008251559848827547
0.008252898312214867
0.008266664827030791
0.008267611559133164
0.00826808817925802
0.008271926730605839
0.008276312803545067
0.008279193729966739
0.0082170375703499
0.00820293121466476
0.008204685972053077
0.008163816862887585
0.008165085703635657
0.00818013010369633
0.00820655971335576
0.008179441740033589
0.008159760297949811
0.008177545928317726
0.00819324123053689
0.00819482366679425
0.008172676115545275
0.008192378156335492
0.008192851221114598
0.008194754698698625
0.008194912460031959
0.008167450328755177
0.008168551317668698
0.008172390406951828
0.008175091325382518
0.008188248277385242
0.00813016844432143
0.008130808241417537
0.008102533703989851
0.008117931064174112
0.008122310995471572
0.008130630582901567
0.008144436432078834
0.008106025391305201
0.008127424430533475
0.00810006601868347
0.008049248379994588
0.008049714076196158
0.008043396034121585
0.008044556671841202
0.008045487898497149
0.008049324601018192
0.00799190343312245
0.007947493315506426
0.007949180648823108
0.007865355387768443
0.007865810866316136
0.00782137407764665
0.007781928490086633
0.00778430991272338
0.007734019764897244
0.007734766493720178
0.007627272833915082
0.007634594135003087
0.007635921351924047
0.007636068848956149
0.007608970192348771
0.007583988394738365
0.007585014268064674
0.007576377089367997
0.007590435110850612
0.007591462292898207
0.007592783364104288
0.00757253911207955
0.007546709556982753
0.007539730809386043
0.007525062004841791
0.0075256442935079425
0.007526226672295963
0.007526663515542043
0.007487468262183859
0.007491852541704034
0.0074611122382827145
0.007405346026846021
0.007409862816719378
0.007341952042344624
0.007327313513118895
0.007254487881265895
0.007272905311437304
0.0072024569775495
0.0071458120247295505
0.007146520240406695
0.007147905412860402
0.007148736774104071
0.0071514153718202555
0.007105105766701054
0.0071057947666978245
0.007121216335946102
0.007121907018784396
0.007099360081080282
0.007067846760174893
0.007068765005267035
0.007073329695043865
0.007090053490236379
0.0070918980634962275
0.007050661914357486
0.007051671722179082
0.007028814034733265
0.0070065438126618255
0.00699208760015315
0.006993790131903938
0.006995420829482589
0.006917479531724597
0.0068784072649136834
0.006879878324522386
0.006881329141261914
0.006820284855517873
0.006846878814124826
0.006847677858586048
0.006849276507139636
0.006804907737563108
0.006805702254802699
0.006757194010445529
0.006761212278172332
0.0067488926245753735
0.006740726738270161
0.006716075285269351
0.006687516828784704
0.006623112009539929
0.006595564576584391
0.006601654144894256
0.006605674504127437
0.0066061895263092646
0.006606704628806442
0.006609163676364999
0.006622548759770392
0.006623969436416011
0.0066251322616662205
0.006598461653942224
0.0065227436902329195
0.006523762033574746
0.0065259545387157955
0.0065263366800262295
0.006503749124047521
0.0064753469807916795
0.006476611696998865
0.006481132751572741
0.006482019138249197
0.006483539222469927
0.006486634329248437
0.006503812313289843
0.006478977880276701
0.0064803511017980054
0.006451393779208191
0.006452802962863465
0.006412202381678907
0.006396064310155911
0.0063975665859328954
0.0063397164364947444
0.006340585281866546
0.00633215984102725
0.006267498503918141
0.0062390993890381425
0.006241097026799451
0.006214642678251708
0.006218517727342576
0.006219370881356362
0.006211730035778319
0.006212641900844207
0.006214225670717939
0.0062148350280106165
0.0061992214174040475
0.00620031593418201
0.006201045826775647
0.006202384409610423
0.006204666759795773
0.006182739286736444
0.006183710384908468
0.0061845603460821946
0.006185653496699162
0.006189899261669507
0.006107170875718117
0.006081693121359557
0.006097180064161615
0.006098138777957623
0.006056029368208934
0.006056624625572772
0.006058785654959471
0.006072611555301598
0.006074081650607081
0.006032229982723309
0.0060137576545901015
0.00601864074967447
0.006024218425963048
0.005992588425128065
0.006006779330078789
0.006002408060553734
0.006003706924443439
0.0060065587858789665
0.005986178996523806
0.0059723621380066965
0.0059729509309299775
0.005949618192667661
0.005955864429436133
0.005903415748412656
0.00590399818055895
0.005905396486718122
0.005907805146440264
0.0058889834282587405
0.00588475251626559
0.00588696211860955
0.005866267213367076
0.005821183057736582
0.005794451067020247
0.005769225813407448
0.005770716767646944
0.00573053331000624
0.005731440596247409
0.0057324616367336765
0.005750436478530079
0.0057525731144543
0.005754396289516325
0.005755422333431247
0.005723536621683851
0.005691976709478491
0.005693934267133045
0.005694724605216167
0.005696757910968531
0.005656584266703312
0.005645767844374738
0.005646552227808182
0.005647561041109428
0.00564834592292502
0.005649916341221898
0.005632841287528695
0.0056106504625251285
0.005611653957242194
0.00561288093836942
0.005614331698910991
0.005616438859295152
0.005574019591679636
0.005535646940576029
0.005512988620532189
0.005499596929618225
0.00551396094776999
0.005518042631803882
0.005519361265537785
0.005535067096434265
0.0055393797499899465
0.005539931568980024
0.0055420294841896115
0.00555609201405159
0.005557358012697356
0.005558466248252076
0.005561599448493526
0.005553556548129792
0.0055250625896617655
0.005508418066808295
0.005511289163445715
0.005479212579414303
0.005480745073193382
0.005473071999867351
0.005475826441182379
0.005480463941617828
0.005481612204881138
0.005452919757925162
0.005393982051777797
0.005335020754506008
0.005281796798652986
0.005235819007968376
0.005236552932696154
0.005241569789264197
0.0052429350822426266
0.0052456678030520865
0.005151494187522822
0.005156283060741279
0.005157731193358792
0.005159697817735148
0.005160563079755407
0.005161391852884207
0.005115475161655267
0.005056255455893976
0.005057677435693147
0.005073005648746177
0.005075671345345111
0.005047346197735294
0.005049803709296874
0.005038796447969655
0.0050399116969872945
0.005041128895456992
0.0049818538414641185
0.0049970848220878454
0.004992715529685059
0.005008463305525332
0.005010280599903244
0.004977988372483788
0.004979092718081103
0.004982328625129572
0.0049970694492486286
0.004998851545704159
0.0049994569412045164
0.005000870101114405
0.005001778982998695
0.005003395589004835
0.005017876144679396
0.005023209437381681
0.0049971841561854725
0.004998295674479605
0.004999792931350485
0.004967289661105285
0.004968696910741148
0.004970406786196262
0.004924568944736606
0.004865202177443935
0.0048667793562031355
0.004868258890268985
0.004872821840528465
0.004879629307714002
0.004881114192781166
0.00490945810142239
0.004910636214295719
0.004912409537039041
0.004866818351789922
0.00486810359441233
0.004869191637722199
0.004870423127343018
0.004872007326774558
0.004843300102893785
0.004845751791128663
0.004850918777287911
0.00485190620146958
0.004853388091700523
0.004855464259428329
0.004856255647772061
0.004856948324223573
0.004858433296500196
0.004872915734858166
0.004850260497132185
0.00485464937796354
0.004856927951432372
0.004786197864298937
0.004788592090179393
0.004775755505279782
0.0047770233005379244
0.004755025773118382
0.004756874200466618
0.004771970334071464
0.0047733372691428095
0.0047751606156747695
0.004776431541233769
0.004732944722706164
0.004748833780298874
0.004750390774980939
0.004751656585136816
0.004753410359430577
0.004754873404120707
0.0046881609220044244
0.004689411637019838
0.004704540918976196
0.004708140094603606
0.0047092038188224035
0.004653067738764409
0.004654502542260791
0.004656719436994581
0.004628672320078088
0.004647439337852327
0.004662692743423893
0.004632648904715449
0.004625822220112289
0.004627824080282557
0.004631202102596804
0.004618094626962801
0.00461980961980962
0.004625558216667126
0.0046205859422054985
0.004636415300685967
0.004653196348962615
0.004654254199577226
0.004656485062099996
0.004567560698153701
0.004570167571966913
0.004571964170159982
0.004573099591725418
0.004578197429573119
0.004580810459874447
0.004582993289562995
0.004588372717439736
0.0045895623753092335
0.004591465889213804
0.004593370982732419
0.004595993583106824
0.004549366855781636
0.004542571778938435
0.004512921214903016
0.004514515522183691
0.0045192938264632596
0.004521866646765267
0.0044615208871944525
0.004463935582401827
0.004465050938909392
0.004422940516407413
0.004393073929759899
0.004408758799256818
0.004410935957624304
0.0044121317320633315
0.00430957265211985
0.004311191541193417
0.004285422636364296
0.004287282326588103
0.004288177917306197
0.004290149534564253
0.004291674299200639
0.004296950037648172
0.0042775442733588576
0.00427879787114469
0.004280500358151554
0.004283870097823584
0.004287692313602631
0.004302298999967565
0.004304645544418984
0.0043052777437939905
0.0042752419481279615
0.004210017979883408
0.004162605336605125
0.004165579813422438
0.004167682004803773
0.004152958213663707
0.004154793485601564
0.004159664499810575
0.004190728468769541
0.004193987877133658
0.004196198543538776
0.004211497783152321
0.004164219063043781
0.004166153006160603
0.004132505912564188
0.004134339206270251
0.004137757992853733
0.004147082029420041
0.004135355775688282
0.004113010574998258
0.004128164817279928
0.004130087861851469
0.004131575078408374
0.004086879279724916
0.004088352153900899
0.004044690728603282
0.004047351144741341
0.004036418931661878
0.004025220518818019
0.004026417559565379
0.004027358591162609
0.004028809916976199
0.004004384998835466
0.004005577363086347
0.003975449631462908
0.003981283347461037
0.0039843993314780755
0.004000047534309869
0.003970031881866805
0.003970962999555138
0.003977125194093649
0.003978482835345286
0.003979926345145962
0.003949935276008305
0.003951707342080987
0.003952636201877621
0.0039541570965256284
0.003926925945274568
0.003929194678970002
0.003931381864498246
0.0039340771301522
0.003938660440460542
0.003912461832255955
0.003914308600199433
0.003915148616637949
0.00391716612784161
0.003933000298667451
0.003948846718196496
0.003953872342342063
0.003969994879672298
0.00397281429626965
0.0039741827281385075
0.003976237144436682
0.0039317265367685515
0.003933675999125369
0.003935797173793807
0.003937155926540122
0.003939110778046078
0.0038910077595925158
0.0038926052950298226
0.003895046169306675
0.0038964784503492268
0.003898249193639799
0.0039000215470803676
0.003901119526119523
0.0039045926916441713
0.0038551210163078626
0.0038565419663377236
0.0038582987043974857
0.003860057043650792
0.0038606435129344406
0.003878075386054974
0.003879086113084765
0.003881530879835742
0.00388262781036851
0.0038536178215196988
0.0038565531764513227
0.003858736622275588
0.003859661132269599
0.003861259057040547
0.003826777162871862
0.0038286968949157035
0.00381168481705201
0.0037925975831261723
0.0037945047184284432
0.0037986802492145687
0.0038000920275416345
0.003801837438459558
0.0038049599831617713
0.00380637589069425
0.003808376613895666
0.0038401851788075446
0.0037941975150104753
0.0037956954545027262
0.0037971112615662363
0.003798694884587282
0.003800864089458672
0.0038029522009656483
0.0038354001995161775
0.0038373403377362195
0.0038395359023852475
0.0037895226773842533
0.003790524004554919
0.0037956147721110154
0.003765144024368993
0.003767303127691304
0.0037686330378943547
0.0037708793917814367
0.0037724617653059705
0.0037456445993031347
0.003749353931726767
0.0037510952717959073
0.0037090779572356946
0.0037108845796604557
0.0036800373035917365
0.0036511139054207133
0.0036584773229550935
0.0036609138171985033
0.0036115201367556073
0.0036149909699329462
0.003584592809200662
0.0035867474911955954
0.003588025562547854
0.003589464481987429
0.0036215105817156866
0.003617385723424014
0.003619728119002429
0.003622640144126657
0.003628878538310981
0.003603174603174602
0.0036055944652318046
0.0036068056155392388
0.00360955390425819
0.0036151525052372617
0.0036171801635198754
0.0036196976208650576
0.0035854190675213967
0.0035888525243052086
0.003556888036272609
0.003521775153890758
0.00352441634074379
0.003526321773979009
0.0035286269231223355
0.003484879722871875
0.003506676210251185
0.0035092106225451604
0.0034791623627035764
0.0034283754875647434
0.0034341622634802126
0.0034357167105837456
0.0034386740403004232
0.003444946379322441
0.003415346135279003
0.003383629284044597
0.0033855501417606854
0.0033534685345555093
0.003302253428424201
0.003304739159396272
0.003306694670858624
0.0033084264765201087
0.003272114422841172
0.003205447573025243
0.0032070558160092687
0.0032086656735845582
0.00317625200849711
0.0031782836952572403
0.0031810451453308584
0.0032021488928691264
0.003203541482055524
0.0032071963004166384
0.0032091809061075434
0.0032104317332215344
0.003212567749012101
0.0032145590100135547
0.00323744981567173
0.0032392357485448078
0.0032426314285057167
0.0032597630717611376
0.0032642265990186197
0.0032685828422173192
0.0032859921174844013
0.003288782511989378
0.0032899213659654115
0.0032921253883183266
0.0032940277791536354
0.0032649126286331265
0.003215972066078536
0.003233797920168714
0.0032347719782553747
0.0032059288314941
0.003207937465606745
0.0032146340492446085
0.00321717419886054
0.0032184457796510507
0.003220317578480699
0.0031336927683927734
0.0031350796164920807
0.0031381496408309168
0.003140712591185113
0.003142765967619446
0.003145409971611741
0.003146954362759832
0.003148868568576596
0.003118530929472708
0.003120576394721958
0.00312233178751402
0.0031253351565851554
0.003127169316516483
0.0031295201849856854
0.0031312120560898285
0.003133200501312079
0.0030997431449281197
0.0031020062107412843
0.0030495625448143282
0.0030522237196765486
0.003061890714988058
0.0030238438128515318
0.0030296383040235046
0.0030336498029242182
0.0030356593653572514
0.002998712389250817
0.003000275254610514
0.0029466740711644466
0.0029491906840549836
0.002950870815473929
0.0029529035301143892
0.0029551497780751106
0.0029014759967877155
0.00290403181556405
0.002892364113352532
0.0028849636909729906
0.002858143042404445
0.0028605326799393013
0.0028633370566848956
0.0028672449728861945
0.0028325496825472867
0.0027229802546258237
0.0027250054552662452
0.002727295595758353
0.0027295895888335385
0.002731361879111013
0.0027326761712287645
0.0027349792285138665
0.002736956369574023
0.0027388703250772212
0.0027409192398695037
0.0027432362182627855
0.0027455571171880484
0.0027484803963932817
0.002750676944225331
0.002753477633477633
0.002719751331738713
0.00272193099013897
0.0027247763986228512
0.0027264334423350695
0.002746343193784646
0.0027484842789622784
0.0027500252471609997
0.0027520378043638105
0.002734844731620973
0.0027359138133631164
0.0027377867190101304
0.002740399686292058
0.0027420101466968426
0.0027436897236475808
0.0027462466249988317
0.002749550725095204
0.002755544014663171
0.0027571016609553765
0.0027691103989805283
0.0027716327920665786
0.002759170934605208
0.0027080537030969814
0.0027096574065261603
0.0027119995484116786
0.002714681244791004
0.002717502739774454
0.0027201953359991503
0.0026475878870286956
0.002653429048587538
0.002655338985354622
0.0025843277377019707
0.002531245449476312
0.0025011223364498156
0.0025031771322350884
0.0025054225816709616
0.0025073593937213296
0.0024891234576706364
0.0024911755993275962
0.002434584674140663
0.0024361682230743848
0.00243830317945196
0.0024612024987917726
0.0024624983881828726
0.002463981076625331
0.002466208460081501
0.0024687501122159137
0.00247148357317209
0.0023563632001919158
0.0023585018920839816
0.0022897240071251884
0.002291401291123436
0.0022593769560402526
0.0022610916362497445
0.0022622362030106907
0.0022634965655630164
0.0022660215084918467
0.002267113567050156
0.0022689552047559817
0.0022705690938893026
0.0022732832896116893
0.0022206056197144677
0.00217989040484199
0.002131316812439262
0.0021335483298250482
0.002080290193787127
0.0020822063345858257
0.0020235931456267842
0.002033792431168876
0.0019967427028241315
0.002015643692361084
0.0020176629603806595
0.0020196862782550997
0.002021453510245749
0.0019847403154976584
0.0019267183896612963
0.0019283096503970925
0.0019301528252934912
0.0019326992010524535
0.0019345006916857168
0.001936456100206976
0.0019382143227738339
0.0018792437527508678
0.0018810507648575176
0.0018834001816489922
0.0018859520149288002
0.0018873781585646004
0.0018891515472399755
0.0018912741339644228
0.001832412144495228
0.001834475671684975
0.0018358699789704908
0.0018029093934952838
0.0018052777162673923
0.0018073669931951326
0.0018092705367251836
0.0018108917041582751
0.0017697669010853657
0.0017156945990653566
0.0017180091801824958
0.0017215942621090386
0.001722917337068656
0.0017246998544748974
0.0017263485319778474
0.0017284138166764784
0.0017297934206275305
0.0017317746980524676
0.0016311440860870318
0.0016331905816970287
0.0016345868813206976
0.0016365544719920927
0.0016380880982342872
0.0016401520664026698
0.0016421771628986578
0.0016446934697425305
0.0016461538067306784
0.0016479717813051148
0.0016500607470994225
0.001651396900803077
0.0016542546068827708
0.0016568529594581701
0.0016595044994426559
0.0016610814612552235
0.0015811330375017634
0.0015831551668286366
0.001580124900293769
0.0015827977440942276
0.0015852197096561393
0.001586520242685638
0.0015886490419597383
0.0015903038847117797
0.0015917437845168526
0.001593405084300193
0.0015954646530522449
0.0015973536086975337
0.0015989385032738673
0.0015546744025940586
0.0015568220989008968
0.0015590620067406082
0.0015609623538040628
0.001562780648092386
0.0015832024245886296
0.001585403640350529
0.0015870364847400341
0.0015888497858177941
0.0015907559977200894
0.0014904067454774284
0.001491740368201417
0.0014942892089190518
0.0014963429554476345
0.001498486532614788
0.0015005096348442908
0.00150190368940369
0.0015038512445063729
0.0015054214252792017
0.0015075911108240285
0.0015089129980941612
0.0015108359968173059
0.0015130642420902794
0.0015151269255217004
0.0015167638760269267
0.0015188366657447633
0.0015203516500219177
0.0014792895388632788
0.001439088735868644
0.0014413950338169783
0.0014439570730961462
0.0014461959590738988
0.001467529355379823
0.0014697270781134507
0.0014711676131722836
0.0014727384662741932
0.0014754635519062492
0.0014777279088847067
0.0014806003636222973
0.001353352888217698
0.0013598518992372036
0.0013612372414328405
0.001363499421751849
0.0013655298606244646
0.0013675263660642921
0.0013410691436887704
0.0013425246895472768
0.0013445756703292398
0.0013465536856145305
0.0013481800060879214
0.0013499695199889878
0.0013518436469256141
0.001353082623777988
0.0012664475307727994
0.0011797397254855423
0.0011815624752396796
0.0011887751051837736
0.0011910798262097211
0.0011930013244505519
0.0011956087824351294
0.001127706796232979
0.001129875593485185
0.001131065186655837
0.0010877753337150086
0.0010243406687394973
0.0010257960499798465
0.0010272244757926173
0.0009378568757642822
0.0009391381788005743
0.0009409665186266751
0.0009418260057646242
0.0009431756969641528
0.0009442409442409438
0.0009457132083932043
0.0009472190750324072
0.0009537829300456954
0.0009553064045461524
0.000956687584594561
0.000978941961992809
0.0009802408944569584
0.0009825755232498192
0.0009378033917911216
0.000939433443002876
0.0009412154948119122
0.0009429161863817147
0.000944682002143221
0.0009465728433672138
0.0009029887361289444
0.0009048590407448086
0.0009117203219315894
0.0009134433665112762
0.0009359750967524817
0.0009378095298307726
0.0009395321341102946
0.0009412610783256127
0.0008691043985161631
0.0008706824238949233
0.0008717932361602822
0.0008732694355697549
0.0008749186432359184
0.0008774745853397537
0.0006323687031082531
0.000633448212924491
0.0006344290676043315
0.0006354745594761106
0.0006364205121567107
0.0005697543677564436
0.0005706983745384058
0.0005717385408190942
0.0005784998151410366
0.0005793313731895895
0.0005804501762080893
0.000581287354814742
0.0005831031610329257
0.0005843906189926952
0.0005858385640347979
0.0005867496057086767
0.0005876634853305055
0.0005892451680788614
0.0005903829721121728
0.0005919398268687273
0.0005465395125759859
0.0005479329508984983
0.0005490749767483557
0.000549999438776083
0.000551187302444347
0.000552585876356091
0.0005540855327136622
0.0005555933510216116
0.0005569574211734753
0.0005580992733319666
0.0005598016702653918
0.0005612443589214945
0.0005630048372456426
0.0005643080891837111
0.0005655978022485399
0.0005903392714518875
0.0005916336047887521
0.0005930163602748806
0.0006179100649388502
0.000619448340345956
0.0006213874526631728
0.0006230529595015577
0.0006246169801536794
0.0006259448223733938
0.0006277240856547281
0.0006289756004936865
0.0006305695351631748
0.0006318550309966619
0.0006573678989326737
0.0006589035844354994
0.0006606368539271859
0.0006626905235255137
0.0006641790143583427
0.0006656742069399563
0.000667273278738247
0.0006691241772814094
0.0006709117080192248
0.0005932068640761261
0.0005943408943298652
0.0005959182670451054
0.0005972170914911956
0.0005983665210847088
0.0005997872919294599
0.0006258675391631965
0.0006274071313206609
0.0005171726234983301
0.0005186462707458508
0.0005205197672085088
0.0005219928807717947
0.0005233753294742285
0.0005245462359067698
0.0005513517624244267
0.0005529286150091518
0.0005547691012740559
0.0005567287387214435
0.0005585946529008398
0.0005602132673955878
0.0005616671831422373
0.000563632123143901
0.000565478511816551
0.0005675591044308751
0.000569386633157936
0.0005705741156101208
0.0005064656589973295
0.00041612174533349185
0.0003577675306089998
0.0003589948145193458
0.00036037478978137263
0.0003616345883392936
0.000362844702467344
0.00036429872495446266
0.0003656158596035099
0.0003122369742879639
0.00021812332147287772
0.00021909104602281285
0.00022007647657561001
0.00022092429200668294
0.0002217417816952159
0.0002225467695945476
0.00022340440385931106
0.0002243630193653331
0.00022514916131937407
0.00022597912517831163
0.00022666100014166312
0.00022772559066325078
0.00022878059940517042
0.00022953877053296032
0.00023021251492784275
0.0002310502678739043
0.00023211617414515965
0.000233028939281397
0.00023417489937797292
0.00010298509658530844
0.0
0.0
0.0
0.0
0.0
0.0
0.0
0.0
0.0
0.0
0.0
0.0
0.0
0.0
0.0
0.0
0.0
0.0
0.0
0.0
0.0
0.0
0.0
0.0
0.0
0.0
0.0
0.0
0.0
0.0
0.0
0.0
0.0
0.0
0.0
0.0
0.0
0.0
0.0
0.0
0.0
0.0
0.0
0.0
0.0
0.0
0.0
0.0
0.0
0.0
0.0
0.0
0.0
0.0
0.0
0.0
0.0
0.0
0.0
0.0
0.0
0.0
0.0
0.0
0.0
0.0
0.0
0.0
0.0
0.0
0.0
0.0
0.0
0.0
0.0
0.0
0.0
0.0
0.0
0.0
0.0
0.0
0.0
0.0
0.0
0.0
0.0
0.0
0.0
0.0
0.0
0.0
0.0
0.0
0.0
0.0
0.0
0.0
0.0
0.0
0.0
0.0
0.0
0.0
0.0
0.0
0.0
0.0
0.0
0.0
0.0
0.0
0.0
