0.0
0.0
0.0
0.0
0.0
0.0
0.0
0.0
0.0
0.0
0.0
0.0
0.0
0.0
0.0
0.0
0.0
0.0
0.0
0.0
0.0
0.0
0.0
0.0
0.0
0.0
0.0
0.0
0.0
0.0
0.0
0.0
0.0
0.0
0.0
0.0
0.0
0.0
0.0
0.0
0.0
0.0
0.0
0.0
0.0
0.0
0.0
0.0
0.0
0.0
0.0
0.0
0.0
0.0
0.0
0.0
0.0
0.0
0.0
0.0
0.0
0.0
0.0
0.0
0.0
0.0
0.0
0.0
0.0
0.0
0.0
0.0
0.0
0.0
0.0
0.0
0.0
0.0
0.0
0.0
0.0
0.0
0.0
0.0
0.0
0.0
0.0
0.0
0.0
0.0
0.0
0.0
0.0
0.0
0.0
0.0
0.0
0.0
0.0
0.0
0.0
0.0
0.0
0.0
0.0
0.0
0.0
0.0
0.0
0.0
0.0
0.0
0.0
0.0
0.0
0.0
0.0
0.0
0.0
0.0
0.0
0.0
0.0
0.0
0.0
0.0
0.0
0.0
0.0
0.0
0.0
0.0
0.0
0.0
0.0
0.0
0.0
0.0
0.0
0.0
0.0
0.0
0.0
0.0
0.0
0.0
0.0
0.0
0.0
0.0
0.0
0.0
0.0
0.0
0.0
0.0
0.0
0.0
0.0
0.0
0.0
0.0
0.0
0.0
0.0
0.0
0.0
0.0
0.0
0.0
0.0
0.0
0.0
0.0
0.0
0.0
0.0
0.0
0.0
0.0
0.0
0.0
0.0
0.0
0.0
0.0
0.0
0.0
0.0
0.0
0.0
0.0
0.0
0.0
0.0
0.0
0.0
0.0
0.0
0.0
0.0
0.0
0.0
0.0
0.0
0.0
0.0
0.0
0.0
0.0
0.0
0.0
0.0
0.0
0.0
0.0
0.0
0.0
0.0
0.0
0.0
0.0
0.0
0.0
0.0
0.0
0.0
0.0
0.0
0.0
0.0
0.0
0.0
0.0
0.0
0.0
0.0001574142092559555
0.00015683814303638644
0.0001562825588664305
0.0001557955961778147
0.00015534382767191384
0.00015476681799422203
0.00015425750719868367
0.00015371214838346057
0.000153154992852767
0.0001526639865655692
0.00015213753232922562
0.00015166068449522268
0.00015117919774239064
0.00023447051533269692
0.0002337423825027131
0.00023297222638244056
0.0002322071287588529
0.0002314814814814815
0.0002307603553709473
0.00023015716446373382
0.00022943297279580467
0.00022870211549456834
0.00022795362771916113
0.00022723215010306603
0.00022649323755905004
0.00022587931590835756
0.00022511657822801094
0.0003686960982334648
0.0003676705671718141
0.00036680860564885256
0.000365933209234245
0.0003649056005076948
0.0003640046845820277
0.00036302223905803623
0.00036204508248331447
0.0005022680541821664
0.0005008530152916686
0.0004993991603851616
0.0004980932368277688
0.0004965859714463067
0.0004954787563483216
0.0004942161268899906
0.0004928232612579314
0.0005681992690193187
0.000566554886918707
0.000564945872077932
0.000563397438825697
0.0005617039364819115
0.0005603768155451557
0.0006951370628947926
0.0006932200069322002
0.0008267568583239385
0.000824525897608875
0.0008220119864293295
0.0008195866303068235
0.000817467041215202
0.0008153946510110894
0.0008130802436284077
0.0008109941313515586
0.0008088473190387954
0.0008068893681322713
0.000805011562893358
0.0008031424774755043
0.0008009669855971575
0.0007986292617761516
0.000796616552243562
0.0007948551195895658
0.0007926556847824522
0.0007904683884505383
0.0007886661504488228
0.0007864333104552735
0.0007845822456170383
0.0007830742069593941
0.0007811723266152515
0.000779213419471835
0.0007770995817791343
0.0007754561091842203
0.0007736562996722512
0.0007718323299513045
0.0007697906169521891
0.0007681135132115525
0.000766603944525751
0.0007648449450702268
0.000763379968909616
0.0007614775433349948
0.000759553106572206
0.0007577949544634124
0.0007562632346066057
0.0007543650303803372
0.0007527234904472547
0.0007510275422282306
0.0007495536748572442
0.0007478719643197086
0.0007461977831142227
0.0007444706137145024
0.0007427514213561292
0.0007408904155721696
0.0007392771213893034
0.0007376411576942679
0.0007359828716713503
0.0007343908561662128
0.0007327471356248336
0.0007310232997062617
0.0007296849087893865
0.0007281199941750401
0.0007268210170208268
0.0007254405402553551
0.0007236366028550754
0.0007220406180667692
0.000720819899871563
0.0007192927390667505
0.0007178001383396631
0.0007162297665090962
0.0007145548323394526
0.000713165026387106
0.0007116977225672879
0.0007101814190715993
0.0007086441704353653
0.0007075502039031043
0.0007059427544602747
0.0007043696531939963
0.0007029921903958485
0.0007017812484050427
0.000700253364399119
0.000813473149030823
0.0008121105993122439
0.0008106293777152919
0.000809184241136904
0.0008075607878764938
0.0008057003298335726
0.0008043940022372209
0.0008799756259297094
0.0009656496944791662
0.0010514571339313608
0.0010496077781460612
0.0010476083758868655
0.001045811516000561
0.0010437100080980556
0.0010416169290161936
0.0010398405460133855
0.0010379933772850392
0.001035923141186299
0.001034013605442177
0.001032339027848616
0.0010304426704735312
0.0010288928484086224
0.0010270843360047988
0.0010251697447866898
0.0010231876202983748
0.0010214734885140595
0.0010196168041158589
0.0010179146057784367
0.0010158500198340836
0.0010139403892567077
0.0010124397735847758
0.0010109071561585528
0.0010090886507508202
0.0010073852111062082
0.0010052910052910052
0.0010033131478311232
0.001001557600614878
0.0009998794712352162
0.0010755094049864989
0.001150872632248805
0.001149279587611442
0.0011472436627441055
0.0012276943596790818
0.0012252677436921401
0.0012230230310839106
0.001221087119289659
0.001218986084496303
0.001216764308246958
0.0012148481439820022
0.0012125143455915374
0.001210400478182905
0.0012079576071503137
0.0012059433653263988
0.0012038940771383984
0.001201643729941698
0.0011998992677157967
0.0012326747563002009
0.0012074144433671771
0.001205338207092171
0.0012033517269568774
0.0012814422673529322
0.001279556116278236
0.001277937587807336
0.0012757568813676116
0.0012509978776845346
0.001249210129781753
0.001247173235759417
0.0012449740832243378
0.0012427406057030676
0.0012408505378628404
0.0012391752974985056
0.001237087597354462
0.001234882301782171
0.0012329332297093733
0.001332113028352924
0.0013299271888783646
0.001328059313613086
0.0013259310134310137
0.0013238536522645996
0.001322002786667745
0.0013198938387545523
0.0013175730115548311
0.0013156088950305007
0.001313650625637924
0.001312174906306936
0.00131009717339466
0.0013079398535860139
0.0013052746241466419
0.001303133144582154
0.0013011265509381687
0.001299381158038402
0.0012975556478676683
0.0012953971463985166
0.0013642448412310624
0.0013622923065723055
0.0013602128087350563
0.0013584920815126144
0.0014265511237367312
0.001424336913423413
0.0014228186267723707
0.0014210284559027988
0.0014621565351339494
0.0014599457077902583
0.0014578820477047156
0.0014557775119799952
0.0014536324796102498
0.001451865258372601
0.0014499170063245594
0.001447696825244916
0.0014453913552553552
0.0014431391077069384
0.0014409396196403247
0.0014815351785317852
0.0014795175053615545
0.001477785761737551
0.0016447343671233702
0.001642502494560056
0.0016403283658247415
0.001637541500365563
0.001635072224416281
0.0016324055654127164
0.001630104890463812
0.0016277088768957672
0.0016252183933682764
0.0016228367126346673
0.0016205629120907635
0.0016184464394918701
0.001616435884580858
0.00161428010196697
0.001612629559957213
0.0016104340804981296
0.0016084433711678065
0.0016062096978033283
0.0016042294121445893
0.0016739811728422212
0.0016720767574009898
0.0017416252829592718
0.0017911014689661728
0.001788248610314957
0.0017856232567962196
0.0017833323878471577
0.001852231175883515
0.001849917297814922
0.0018477216505154064
0.0018879148267312766
0.0018853934045920697
0.0018829928673200272
0.001880655374660462
0.0019492958395626117
0.0019471756313861584
0.0019445905210192225
0.0019421878385805706
0.0019347163997276869
0.0019325061594249585
0.0019102241821598023
0.0019082759093558236
0.0019061602407420889
0.0019035934440806072
0.001900749543273746
0.0018985938552583338
0.0018959343639700097
0.001893789577990704
0.001941152315817794
0.0019387310638201596
0.0019360861374029424
0.0019333911559589047
0.0019262302009905852
0.0019236125764929318
0.0019185258530487854
0.0019159828880005616
0.002001694927125138
0.0020682031260932238
0.002065532440598474
0.002063110522980372
0.002060392645597131
0.0021217096788120108
0.0021191686349132173
0.0021164484231174247
0.002264732207905748
0.002349487271184891
0.0023465501559521394
0.0023438245408800343
0.0023399181526031184
0.002400901218052525
0.0023984674963590633
0.0023959000640614994
0.0023935456433505516
0.0023902986120846775
0.002388506163886875
0.002385685066525098
0.0023832820799552703
0.0023795151450444795
0.002376987089558158
0.0023746006247942516
0.002499263116525841
0.002496615970981185
0.002493689189520379
0.002557991802999945
0.0025364120878075564
0.002549299120931338
0.0026697992310978215
0.002666837344256699
0.0026990035614154733
0.002696245410847432
0.002694180494492507
0.0026908222140381694
0.002669591470893481
0.002667477421422781
0.0026638611158184117
0.0026607799437658106
0.002723532561219602
0.0027206192821956376
0.002752865322799817
0.0028295792843902714
0.00282695923005696
0.0028656708051904376
0.0028632634202346617
0.002925980844734167
0.0029229550959567726
0.002919365043918416
0.002981003364374802
0.0029775995395512475
0.0029740380157626325
0.0029703684296882027
0.0030326767833014703
0.003028135526055082
0.0030521495460266437
0.0030486021063284726
0.0030453996161410317
0.003042287860437041
0.0030394340106024466
0.00303616706301085
0.0030334917313108735
0.00306983244980109
0.0031951271219711353
0.0031901388932467334
0.0032290156117316597
0.0033027607930331652
0.0033442180595205494
0.0033404046954886523
0.003336754578354315
0.0033332943481944673
0.0033300228488341893
0.0033263953729639993
0.003322595019183887
0.003319344477831351
0.003315740216494871
0.003312413236481032
0.003355427105393228
0.0033524289169799826
0.0033496173135812764
0.003327979842046268
0.003469112229744063
0.0034658368337893543
0.0034586351319955987
0.0034553752561508246
0.003452028645733245
0.00344878120580311
0.0034457249251276844
0.003443043571038847
0.0034392598038464864
0.0034358523165592372
0.0034956182933386327
0.00349300139284632
0.0034898034296976426
0.0035496699124568836
0.003546356445409651
0.003543615683845935
0.00357768344748482
0.0035735920566111238
0.003569510012767901
0.0036283135136547023
0.003607363941218783
0.0036042099827072256
0.0036032317396459033
0.003600563385011942
0.0036594686677934108
0.0036386768127896116
0.00365377156896498
0.00365078528093635
0.0036477077769456762
0.003622415559198376
0.0036193398244680273
0.0036123917312816693
0.0036102095905116236
0.0036641315495039295
0.003660481250665812
0.0037147514669128483
0.0038259066332777805
0.003837525245920693
0.0038334146143217084
0.003829612616218033
0.00382631699423104
0.003839160332971406
0.0038350629367393196
0.0038319707071495226
0.003837546419021545
0.0038342580330583734
0.003831472303669296
0.0038285913480375186
0.0038261112406682823
0.003822941387989929
0.003858180365513334
0.0038545910822831487
0.0038516051104167896
0.0038484251686346656
0.0038450522287812494
0.0038422789498238326
0.003839410839410837
0.003836843067988245
0.003848350625280224
0.0038454843275574704
0.00391740084965643
0.003914588212500925
0.003988753647946472
0.003984058322536399
0.003981001422112447
0.004033424689987764
0.004029922916854125
0.004024726365016189
0.00407667587615584
0.0040715512748828245
0.004069167462660997
0.004061513033459011
0.004041473079773331
0.004036598471308207
0.00403383262538192
0.004029305577187222
0.004026753186789672
0.004005801007522264
0.004071647965019067
0.004066465070179724
0.004063692480359147
0.0040968875206428505
0.004093375578134673
0.004089595866897794
0.004086918958145765
0.004142533301548169
0.004140241904554378
0.004136019333587723
0.004133112273785517
0.004129587761801652
0.00412460534255888
0.004211446775613547
0.004262499528357154
0.004259089272965315
0.004255064339507342
0.00424739874315511
0.004301349800102919
0.0042982413462614825
0.004370495292491707
0.0044425559285176984
0.004481363026139147
0.004492106893300034
0.0044890940784822605
0.0045201233022398295
0.004516759531270981
0.004514072117017305
0.004511611461734112
0.004507702306880404
0.004559873132150214
0.004579571357522246
0.0045683907187008795
0.004565344372704215
0.00456252730225333
0.004655207585718948
0.004702469479258498
0.00470026805709061
0.0046954090618558505
0.0046908939014202195
0.004688011454633062
0.004709118163618965
0.004706343946384205
0.00471782927445596
0.0047147067223549085
0.00471164293375083
0.004707375872471947
0.004738979444861799
0.004735620438069479
0.004732844169309069
0.004727866525166793
0.004848347919285132
0.004902277187072041
0.004898575101985579
0.004878769261680657
0.004859465153582803
0.004856983845239738
0.004837245375914377
0.004834308871266768
0.004826511410439205
0.00482405338352956
0.0048205462563877715
0.0048171608773633304
0.004813314328885266
0.004806025259416629
0.004837409272805453
0.004832295203676173
0.004828331152311177
0.004842429768871986
0.0048923021362827605
0.0049331116464202554
0.0049288845238888565
0.0049248551400511015
0.0049215417673777045
0.004914820936290162
0.004910811244344539
0.0048756588478903965
0.0049227378649999275
0.004915076035714075
0.00491042157668932
0.0049631823079975225
0.005071657456252615
0.0050683860445435314
0.00511745868479393
0.005192793657177383
0.005228698132170091
0.005257401089840866
0.0052537706338068296
0.005249021067168283
0.005246275241044122
0.0052430338752281645
0.005238552436899939
0.005235444831581795
0.005216160035822839
0.005213193147782556
0.005204086574870964
0.005200514792733099
0.005207566046280303
0.0051888522848029285
0.0052018023838030945
0.005198732387117658
0.005228819930122311
0.005221191994427249
0.005186943090187903
0.005184866064877374
0.005181204781054139
0.005236229658198377
0.005253729832870247
0.005249903372686073
0.00527017862010466
0.005251072825045655
0.005247625057684857
0.005239126689122005
0.005235814125119329
0.0052314925548265145
0.005228556263401915
0.005279913970840912
0.005289202340676023
0.00532576353362123
0.005318396496513846
0.005314676904605805
0.0053809772114217225
0.005395444401521097
0.005392431238853581
0.005373917203262075
0.005371293952186564
0.0053669996551368275
0.005363261496015957
0.0053606478814749335
0.0053718288103073025
0.005352765911592172
0.005350409667764814
0.005416271374457111
0.005413012863784555
0.005448930191055178
0.005444145568001751
0.005494508057781663
0.005491455694585749
0.0055389116853747054
0.005535846291276817
0.005546099772614021
0.005533819610572587
0.0056337141625233565
0.005629567247122976
0.005627237288960409
0.005618495951377482
0.005614830878858801
0.005644498912207322
0.005640955382957452
0.005637981559408171
0.005647412915454157
0.005644568001455714
0.005640951344612676
0.0056372104040699296
0.005633238253015161
0.005630921425145256
0.005637607877947701
0.005635034097871939
0.005664520044097079
0.005660158258493687
0.005656031180674018
0.0056521675074854985
0.005717744103651523
0.005715532713598922
0.005711462941035992
0.005704950172875734
0.005701452111044702
0.005731221600239237
0.005777242723558303
0.005759118244950412
0.005755492317482535
0.005751192214548873
0.005748589217325786
0.005744819053878718
0.005780288811824932
0.0057609200534112495
0.005773211624887893
0.005821814336004659
0.005818401475869014
0.005810844180867395
0.005813819171849985
0.005810809339069186
0.0058078026210759675
0.0058499413748368066
0.005913551931081997
0.005909700232986557
0.005907312046461619
0.005904395771777521
0.0058976120058946944
0.005886967186870805
0.005951280289774236
0.00594848150610233
0.005945153051176021
0.00594121557479722
0.005929912065340847
0.005926334960719113
0.005974861783596661
0.006000747365245864
0.006012610511640465
0.006009930079876365
0.006098863045535061
0.006096147128610616
0.0061400342696939884
0.006137302512405401
0.006133618493556247
0.006130619968893827
0.006128000147457738
0.006125007096301197
0.00616738462614134
0.006177406861472677
0.006200631604581338
0.0062038849419232215
0.006237763992491001
0.006234727106418708
0.006231831017824959
0.006245473772500503
0.006241563147829724
0.006233101777492239
0.00626631163977211
0.00626423766358896
0.006261612597077972
0.0062441545080434
0.006240989984902906
0.006223694590947138
0.006308477392045551
0.00630078565528371
0.006375908793880294
0.006373105703757249
0.006402982042345757
0.006396649858534647
0.006422829356645625
0.006419252242162052
0.006412499078975655
0.006454878732269238
0.006499240242667064
0.0064942222272781815
0.006491947593280754
0.006538614889085247
0.0065346120639312305
0.006568610058938986
0.006565336606187709
0.0065933196870758305
0.006642102185067868
0.006639637905869549
0.006763697441663544
0.0067601583233737085
0.0067939771703610955
0.0067908691533569
0.006816381444043333
0.006813538170189744
0.006827256292147965
0.006824732572193921
0.006890244879423734
0.006884780739655531
0.006881642054445112
0.006863742333614532
0.006881856670410377
0.0068645702636597914
0.006842816025914617
0.006852253640489443
0.006926385058962126
0.006970121942099522
0.006964427452685894
0.0069611556113231225
0.006958749040812953
0.006985411037246889
0.006998795312950877
0.006991273027909702
0.0070013908376395685
0.006998221011673925
0.00699445114967966
0.007018171017654233
0.007014696974665983
0.007011678862208077
0.007007457865301003
0.007045994446063214
0.0070420596581514125
0.007114693461937149
0.0071076064446159055
0.007139843024466656
0.007137700030676618
0.007146529512102473
0.0071290336081904545
0.007175328228297864
0.007180340346750205
0.0071746145319590395
0.007177416006352682
0.007220029755391488
0.007243843822021208
0.007226364798305704
0.007222818456735707
0.007204596974925164
0.007201065008635982
0.00719997370827206
0.0071972136289035395
0.00719460882962543
0.007227013802601131
0.007223478307174995
0.00722040677393074
0.0072168777383618595
0.007243549696500114
0.007239058260333044
0.007269325706573695
0.0072964035288225395
0.007288847647164188
0.007286001099723881
0.007353383770816705
0.007332682966485776
0.007329733375590166
0.0073266311055704475
0.007323221640211226
0.007349259524781198
0.007344589171512242
0.007340865993493564
0.007381636151665912
0.007378987835471029
0.007416187776192831
0.007448078900140617
0.0074438419549347976
0.007482282493865821
0.007514218433758654
0.007510739921732253
0.007508127317542933
0.0075524721522324395
0.007580219372374741
0.007577352421023616
0.007617515748502125
0.007675099680642045
0.007671556459721383
0.007667309678592987
0.007664737672914276
0.007668671433446339
0.007699194893129069
0.007725818505903912
0.007733306259025075
0.0077757183407338075
0.007858906389917208
0.00789935040400102
0.00789306215444952
0.007900207909606393
0.00789756878887494
0.007891617541802246
0.007870735715628041
0.007867124533443603
0.0079123702138086
0.007940991104830543
0.007938344218082549
0.007946905643506762
0.008021172992130446
0.008003627836111435
0.008031165331953636
0.008014798074475344
0.00802235899722855
0.00801949909946251
0.00805580140969932
0.008052934384080276
0.008047324510549257
0.008044652478835958
0.008042816486112873
0.00801094408374299
0.007991090509232728
0.00807530547285536
0.008067625955110397
0.008094474841580072
0.008129048615494789
0.008140300441066312
0.0081620988724531
0.008162169706597588
0.008145011460219845
0.008141140177055929
0.008153261741437478
0.008136555006973162
0.008118764258209843
0.008114853763708707
0.008096569853936877
0.00809185775483467
0.008142430513698345
0.008138484281776947
0.008160332138337351
0.008185081999655062
0.008242946321230793
0.008237828957493178
0.008267855013222412
0.008264714948035925
0.008261657339842054
0.008275213344550766
0.008272449585504119
0.00830018941031956
0.008296098429702647
0.008292184292717617
0.008276132014417169
0.00827239982410627
0.008287443054949235
0.008312336094666
0.008360065005705896
0.008367902788235645
0.008361580730809592
0.008354921223403089
0.008352529074659247
0.008432953975332034
0.0084486117698147
0.008443933693289841
0.008460914066070748
0.008457976428688986
0.008464455103899754
0.008461345585309808
0.008465869985972773
0.008508566253968133
0.008503149657560202
0.00848318331355881
0.008480430639278471
0.008507201992590424
0.008568723189463364
0.008559131099931208
0.00860772699649719
0.008614416773697627
0.008619898770335827
0.008649286382803958
0.008694587542929521
0.008697885089369585
0.008690968577664458
0.008688145918171875
0.008658444513474013
0.008714401838552472
0.008697528226338874
0.008703602151591423
0.008700427842746576
0.008724261708746815
0.008720166854922766
0.008716284558640092
0.008713286969274966
0.00871152464433478
0.008738217264149905
0.008735214561742673
0.008800786335641837
0.008885473459464468
0.008883904395352903
0.008928854261730007
0.008980094890983559
0.008975145771765489
0.009064571627066562
0.009047157665658244
0.009073402431785773
0.009118745741442322
0.009208832966784467
0.009234288125301483
0.009241908168510693
0.009253311607495006
0.009332770088560637
0.00931111753843135
0.009331959232509695
0.009315570840977524
0.009357395506715747
0.009340525531756886
0.009386199792581464
0.009379090651909082
0.009405383567705579
0.009399026016413634
0.00938246488564102
0.009374220020327922
0.00939772813208402
0.009439143355237744
0.00951007642042826
0.009505984489477858
0.009495926454443937
0.009493268179857102
0.009471671610373909
0.009469210993461081
0.009472941549949113
0.009467252189813867
0.009449399862731038
0.009446696126169203
0.009474364175862641
0.009493451915518541
0.009508176013988663
0.00954024703693421
0.009554002933615547
0.009551147696844663
0.009555124908658933
0.009599588943824521
0.009593750062958765
0.009619029468751296
0.009627053932185388
0.009656581040147869
0.00965274106359348
0.009658773716199862
0.009650390735889728
0.009645213465132542
0.009602436700598922
0.009629353020536413
0.009625348689873152
0.009635489246623085
0.009643674443818143
0.009623535173602505
0.009645972430520107
0.009657671164471112
0.00969499871169303
0.009719654195256694
0.009715236228097444
0.009744485150550021
0.009757807437268583
0.009759881048377038
0.009771401698432302
0.00975532631263414
0.009778238527599115
0.009773013294405228
0.009768696717494776
0.009819279806795022
0.009844481444979741
0.009841373479251254
0.009834246830827141
0.009839075538015335
0.009836747405616861
0.009832912280674727
0.009867681880168245
0.009864377361376133
0.009861269247201614
0.009888082300525613
0.009930360962082522
0.009968156788278126
0.009961101586143798
0.009960672119247312
0.010000321799095557
0.009987659701949682
0.009982029952447033
0.009975616528475607
0.010013601619867552
0.009989313955284827
0.010035574673538845
0.010112042491102419
0.010096383190775724
0.010136219334332515
0.010138033115231851
0.010184705325431668
0.010181538214750692
0.010183622430669245
0.010181428458192114
0.01016538498916661
0.010156242645576423
0.010153485297787533
0.010147501090777347
0.010138460203476505
0.010169061405107595
0.010163418745304067
0.010191811111532091
0.010243471570665795
0.010240020658151683
0.010223831794975892
0.01021834149029354
0.010251047690814339
0.010252769767826105
0.010294863629269247
0.01034974495234552
0.010328575380510494
0.010343339384097634
0.010341324591767715
0.010342892556406306
0.010340229999044341
0.010365349177955082
0.010408540787872293
0.010449739845400551
0.0104730345330896
0.010470590322610836
0.010467333149434302
0.010461597270499109
0.010477849364429975
0.010475610594704464
0.010517391709615714
0.010509151678119425
0.01050540989848425
0.010536257932657191
0.010538886992095663
0.010536434234315458
0.010531438096222576
0.01053592499373896
0.010530578986087797
0.01051525745367176
0.01051661000418753
0.010511178785917525
0.010482527714734997
0.010487791733417942
0.010510505133410186
0.010535549519698787
0.010532697559196143
0.010530050692360599
0.010527201707730334
0.01052813351815407
0.01050644828405028
0.010501439484978201
0.010571310086539384
0.010584331384919068
0.01063505943970581
0.01063177783688562
0.010625080191042288
0.010683505641033375
0.010699043795420207
0.010701626817784726
0.010732370422106709
0.010727597431215062
0.010711237940671914
0.010711010126972237
0.010705333336368394
0.010701834726911701
0.010754758029304071
0.010874128514743734
0.010869088351478167
0.010878105729436115
0.010871537217213019
0.010869450309466022
0.010910866940887255
0.01097771798203928
0.011033842400653193
0.011030227887834502
0.01108335884409717
0.011139595451768871
0.011124146011325955
0.011120522551554993
0.011147565804704612
0.01114542972372569
0.011129229223359984
0.011126458213249212
0.011120071410640113
0.011178387639713945
0.011167311210279664
0.011148592017215044
0.011132766562536697
0.011141457348611324
0.01112328907632835
0.01111330482703013
0.011135368161307625
0.01112064207423844
0.011112152172325267
0.01112506298483278
0.011115939189312295
0.011118739910757534
0.011115345912005777
0.011113271130280314
0.01115081404686858
0.011173165211252632
0.011170716574660828
0.0111764200608528
0.01115628706023272
