0.0
0.0
0.0
0.0
0.0
0.0
0.0
0.0
0.0
0.0
0.0
0.0
0.0
0.0
0.0
0.0
0.0
0.0
0.0
0.0
0.0
0.0
0.0
0.0
0.0
0.0
0.0
0.0
0.0
0.0
0.0
0.0
0.0
0.0
0.0
0.0
0.0
0.0
0.0
0.0
0.0
0.0
0.0
0.0
0.0
0.0
0.0
0.0
0.0
0.0
0.0
0.0
0.0
0.0
0.0
0.0
0.0
0.0
0.000539471318108254
0.0005308794903556893
0.0005223750652968832
0.0005141388174807198
0.0005060728744939271
0.0004986702127659574
0.0004911591355599214
0.00048394902403613486
0.0004772510340439071
0.0004706620646375902
0.0004641807210273867
0.0009158907037093573
0.0009037505648441031
0.0008928571428571428
0.0008819638394825813
0.0008710801393728223
0.0008594757198109154
0.0008491367110104727
0.0008384572386808273
0.0008288437629506838
0.000819672131147541
0.0008100445524503848
0.0008006405124099279
0.0007919746568109821
0.000783289817232376
0.0007746933505487411
0.0007663814024779665
0.0007584376185058779
0.0007503751875937969
0.0007422068283028204
0.0007346638912697441
0.0007272727272727272
0.0007196833393306944
0.0007124198527665638
0.0007055503292568204
0.0006989748369058714
0.0006929206605843631
0.000686027898467871
0.0006796556411418215
0.000673778775968557
0.0006677053193857111
0.0006620324395895399
0.0006559527714004591
0.0006501950585175553
0.0006440532417346501
0.0006381620931716656
0.0006327111673521037
0.0006273525721455458
0.0006222775357809583
0.0006174109899156205
0.000612369871402327
0.0006076564715414219
0.0006025911419102139
0.0005978477481068154
0.0005932370970931383
0.000588350656991567
0.0005839984426708196
0.0005794302269435056
0.0005746025665581306
0.0005701796065760715
0.0005661445555765239
0.0005616399887672002
0.0005572065378900445
0.0005534034311012728
0.0005495008700430442
0.0005457025920873125
0.000541809644211667
0.0008074645612775884
0.0008022105356983688
0.0007963192355335338
0.0007907916703277392
0.000785683107813182
0.0007799636016985874
0.0009758337638482292
0.0009687437672735562
0.0009622459953585781
0.0009559154295996401
0.0009500656663034063
0.0009442083923463579
0.0009383452006402826
0.0009324009324009324
0.0009268345872860103
0.0009209599653285661
0.0009157509157509158
0.0009098694069792336
0.0009046402724563645
0.0008991854437744632
0.0008934436999080279
0.0008359456635318706
0.0008306725852088363
0.0008251463345452672
0.0008205759417391082
0.000815556744909142
0.0008112767467802455
0.0008065532451165722
0.0008019447159361453
0.0007972693524677979
0.0007925304009708498
0.0007387161113983896
0.000734807847747814
0.0007306202966318405
0.0007267970055963369
0.0007228567297961544
0.0007191140514885661
0.0007152564194263644
0.0007116931179275497
0.0007078142695356738
0.0007045230379033394
0.0007005744710662743
0.0006969612489545581
0.0006932889628397116
0.0006895600606812854
0.0006858710562414266
0.0006821282401091405
0.0006787944610371979
0.0006753562504220977
0.0006718624025799516
0.0006687174000267487
0.0006653802648213454
0.0006622516556291391
0.000659326168655634
0.0006559958016268696
0.0006529972574115189
0.000650110518788194
0.0006471654154801967
0.0006443714156840003
0.0006414779652318943
0.0006387327542156362
0.0006360109393881574
0.0006330716637123322
0.0006302785831337451
0.0006272738677706687
0.0006245706077072013
0.0006219292244542571
0.0006191950464396285
0.0006164468006411047
0.0006138358602909582
0.0006112469437652812
0.0006089021494245874
0.0006064649160046091
0.0006037918125830214
0.0006014675808973896
0.0005990534954771461
0.0005968723886832995
0.0005941417622244668
0.0005915759583530525
0.0005892404690354134
0.0005869233478107759
0.0005844535359438924
0.0005820044232336166
0.0005797437532610586
0.0005773672055427252
0.0005754402117619979
0.0005730330640077932
0.0005710696133858717
0.0005688929343497553
0.0005670220004536176
0.000564748404585757
0.0005628729032984353
0.0005606638259699485
0.0005585656035301346
0.0005565759447876663
0.0005545696539485359
0.0005525777753218765
0.0005505698397841767
0.0005485463521667581
0.0005463286713286714
0.0005443065534509035
0.0005424170101974398
0.000540452899529806
0.0005388221348132981
0.0005370569280343716
0.0005351600128438403
0.0005332480136511492
0.0005314061005420342
0.0005293806246691371
0.0005276209571044161
0.0005259835893120135
0.0005243013684265716
0.0005224660397074191
0.0005207790855119259
0.0005191029900332226
0.0005173841059602649
0.0005155968032998196
0.0005140066820868671
0.0005123738279448686
0.0005107252298263534
0.0005088281687274207
0.0005071765481564133
0.0005054589567327133
0.0005038037180714394
0.0005022349455075084
0.0005006257822277847
0.000499001996007984
0.0004974629390110437
0.0004958595725690485
0.0004944620253164557
0.0004929508035098097
0.000491448791035974
0.0004900279315921007
0.0004885913910196903
0.00048718698236383125
0.00048590864917395527
0.0004843787842092516
0.0004829284782923649
0.0004815795810257645
0.0004805151122002787
0.0004791107704101188
0.0004776917932549919
0.0004762358319839985
0.0004749014579474759
0.0004735296903115825
0.0004720989519403267
0.00047089847428894333
0.0004695056105920466
0.0004681209624566988
0.00046667911144297183
0.00046533271288971617
0.000533593170007424
0.000532284193473733
0.0005308100623124856
0.0005292222733548091
0.0005278619296796109
0.000526460355246292
0.0005248744865358285
0.0005234648823341983
0.0005219680464778505
0.0005884749445475533
0.0005869074492099323
0.000585480093676815
0.0005843747190506158
0.0005827244609798736
0.0005812393812036126
0.0005795809184128399
0.0005780860903593027
0.0005764711099286063
0.0006707056412977786
0.0006689012378348182
0.0006670185006010497
0.0006653505885793669
0.0006635458138280031
0.0006618952023508191
0.0006599941978532057
0.0007888604223660024
0.0007870831708620366
0.0007851102755809097
0.000783451210396182
0.0009110604169356807
0.0009088697095910804
0.000906689512386664
0.0009044424503980973
0.0009022834164570813
0.0009002495179766363
0.000898301008643495
0.000995088075880759
0.0009923148382737946
0.0009900990099009903
0.0009877269670477472
0.0009851597216399767
0.000982893471077837
0.0011473631508678236
0.0012349276387906031
0.0012321067641276958
0.0012295534924845267
0.0012262500172226124
0.001224074379710623
0.0012207500068581458
0.0012184937227036868
0.0012157971667827818
0.0013083653610270665
0.0013051635533077735
0.001302189305770326
0.0012992285830288263
0.0012966489728108916
0.0014153423106474177
0.0014122584029374972
0.0014092446448703492
0.0014061872237846522
0.0014023559580094555
0.0014592995362226128
0.001428932222089298
0.0014259753007813017
0.0014229740820162547
0.0014197041732699417
0.0014168973243706337
0.001414213171257926
0.0014116503834436388
0.001408986054314774
0.0014059455147068438
0.0014028082263284267
0.0014001224293100976
0.0013977739636968844
0.0013951617089757564
0.0013929922769916549
0.0013900203007616017
0.0013872757775196798
0.0013844350860925444
0.0013813929581084552
0.0013790537766830869
0.0013765109608686742
0.0013740828795664288
0.0013715583454540813
0.0013688861723395855
0.0013659639893772472
0.0013636767261610279
0.00136144883485309
0.0013589704692556633
0.0013310623265203126
0.0013286986309996092
0.0013258432614487504
0.0013233984370099974
0.0013207145629123317
0.0013182391823168518
0.0013776165363852835
0.001374583271134995
0.0013714611957155798
0.001368556637190062
0.0013662722405628298
0.0013633391321513613
0.0013606196052356149
0.00146888905278167
0.0014660777818672553
0.0014631697521794494
0.0015216514501521648
0.0015185889929742386
0.0015095074623231806
0.0015070857337319817
0.0015040694783062234
0.0015011197869378365
0.001498344570917615
0.0014950386419261884
0.0014928248097852257
0.001489704221629544
0.0015952406654432488
0.0015922041852224295
0.001589122278777451
0.0015871879325982145
0.00158457835918698
0.001582090262412866
0.0015791035915701987
0.0015763523443796518
0.0015734989648033125
0.0015703220931330875
0.0015612664522134632
0.0015589519136870093
0.0015561506118901651
0.0015535779192608486
0.0015507958801498126
0.0015482408478517428
0.001545477873422446
0.0014966747032856959
0.0014710670760070704
0.0014686589344386008
0.0014927102890387781
0.0014905337221682174
0.0014881571346042751
0.0014855824682814304
0.0014832728738411933
0.001480766135522292
0.0015818897728185882
0.0015785735560290516
0.00157581163447574
0.001573274877837147
0.001570799990880697
0.0015683864285632992
0.0015658201238565993
0.0015633686169066181
0.001561136979007353
0.0015583828102912077
0.001556270822745497
0.0016552781724285686
0.0016529297842633882
0.0016504767044432456
0.001648252941704842
0.0017186291326135945
0.0017156286721504116
0.001712868300204472
0.0017102312661066304
0.0017072029934518244
0.0017044127947700213
0.0017016317016317018
0.0017764922313097062
0.001845520629335812
0.00184264598661099
0.0019093947516463155
0.0019073119132619334
0.0019811673596902297
0.0019780340472267985
0.0020299391347261067
0.0020266719222178427
0.00202334885551256
0.0020203012442698105
0.002017526649663201
0.00201462809377653
0.0020118690491717755
0.00200859430952536
0.002005916967391658
0.00200350694895441
0.002000129668049793
0.0019970869072665483
0.001993988947419449
0.0019698974706559517
0.0019672307279076017
0.0020824616176896593
0.002078982037852255
0.0020756472362131475
0.0020724558762292198
0.00206881115303447
0.0020657726692209456
0.0020620856705762373
0.002059001368424403
0.002055860951352039
0.002053381573518678
0.0020505831643002036
0.0020957325566670895
0.0021878655664105727
0.002258424364883922
0.0022552914223259142
0.0022521671599185613
0.0022494758909853254
0.002246438254352082
0.002243338455587962
0.0022401068904685855
0.002237374369239752
0.002229995627459554
0.0022269353128313895
0.0022237448610938084
0.002313648661255715
0.0023100568199459753
0.0023585100665591795
0.0024483392167791735
0.0025173960105149213
0.002513431729759772
0.0025103312156911114
0.002507392804337111
0.002499410274555654
0.0025676478420287177
0.00256465340862591
0.0025614303959131538
0.002558372112009143
0.0025499908273711237
0.002546487130163964
0.0025437686817544065
0.0025202831002934566
0.0025121449072524615
0.0026201182952519846
0.002616778944387125
0.0026132105013283225
0.0026097307548749605
0.0026064178127046494
0.0026033490319204602
0.0025803403596594394
0.0025769211464136926
0.002574285227192956
0.002549155122850245
0.0025460184073629447
0.002543194332024262
0.0025404525898641427
0.002517096317562852
0.002514314164799601
0.0024910501193317414
0.002557913140223307
0.0025542594135618767
0.0025512226053184314
0.002548722669279725
0.0025465297968709816
0.0025438128544049937
0.002535867227122925
0.0025274173046794164
0.0025249542259760194
0.002521751953989086
0.002567652488119083
0.0025453903422299378
0.002542621987066431
0.0027255823057349762
0.002722065837829383
0.0027193547757142565
0.0027157748978537074
0.002712759221920262
0.00270982933426742
0.0026879368504962703
0.0027478395960772875
0.0028713053769073315
0.002867716871088375
0.0028646362589398898
0.002861811255813053
0.002917641053234273
0.0029128775352733676
0.002956265468550835
0.002951608067705797
0.002991990217899045
0.002988282884833614
0.0029851861294908
0.0030489307690411823
0.0030436881783963573
0.0030403697601149816
0.003036449400242058
0.003033494049152594
0.0030300245223185765
0.003093204836842913
0.003090292214585999
0.003086945073320628
0.0030834295909458183
0.0030807105945777533
0.0030782588452485837
0.003134561226324662
0.003131271795121133
0.0031274576060842728
0.003124271470480825
0.0031212682975426454
0.0031181828207756004
0.0031147518959622205
0.0031111531576503665
0.0030893193965742583
0.0030861047945810855
0.0030832433560651355
0.0032275028331943453
0.003223703003654788
0.003220182593240022
0.003198291260894409
0.003195163041742517
0.003191862714209939
0.0031888359862143143
0.0031671509506561043
0.0031644176837796155
0.0032076011426346532
0.00320421487111305
0.00319978479955162
0.0031965903388532324
0.003193579199286517
0.0031856077978628613
0.003182085064480286
0.0031790090577065457
0.0031755008953121885
0.0032367486435619383
0.003375895061606986
0.0033727375024725837
0.003369308039803806
0.0034759865178293587
0.0034729352321386103
0.0034519012769156656
0.0034479319448518612
0.003440260616528463
0.003438567574886471
0.0034349050285142034
0.0034312502760693937
0.0034921457065229364
0.0034887219410218383
0.0034857790735341736
0.0034821784536365357
0.003479341109033106
0.0034764140397943195
0.003554451278396619
0.0035506007191090047
0.003546950407239351
0.003543594911813955
0.003539958983458374
0.003537380091532591
0.003529264536003079
0.003520786377121522
0.003516431311687845
0.0035236432025792562
0.0035167539032791998
0.0035396055089327986
0.0035360028570153097
0.003532218506131548
0.0035273203592814354
0.003519196019262779
0.0035163789346354638
0.0035062235134198662
0.003498331380693718
0.003494702309704303
0.003491544641987118
0.003488577927652831
0.003485338851160157
0.003477412059857598
0.0034740056304219274
0.0034669312169312155
0.003463540978407378
0.0034596092925026386
0.003451200646907849
0.003447745991605639
0.0034447515023906636
0.0034421242723893662
0.0034390491705642246
0.003436520856307653
0.0034332756238742265
0.0034306658628432615
0.003427252175582845
0.00342447235304378
0.0034206467466603918
0.003417430593643082
0.0034923161217940337
0.0034885842368640517
0.00348631260906936
0.003483862571577302
0.003480601206573745
0.003477345942013923
0.0034746378692695067
0.0035148921454199625
0.0035468069666182863
0.003543684292298927
0.0035388423195004994
0.003571120843519126
0.00360509605841355
0.0035851927226965927
0.0035976134606907394
0.0035914636466168634
0.0035840276628225634
0.003577830463202905
0.0035747032302213657
0.0035716731982015026
0.003562751453111785
0.003560010453378663
0.003556817946118209
0.0036306140909079816
0.003627271155021934
0.0036626385795820995
0.0036426224644395314
0.0036395555798540867
0.0036928561714363417
0.0037047551110528775
0.0037020199999757528
0.003699194821272609
0.0037171783187795373
0.0037143461829176098
0.003736232136211837
0.003741651817404783
0.0038125392000771933
0.003809933622371924
0.0038324324063903174
0.003884778298974098
0.0038817365701584736
0.003937587956970639
0.003970355320684393
0.00396715414730482
0.003962680493678003
0.003960088877709303
0.003956704951954896
0.003961357510003852
0.00395787853695665
0.0039551989301237055
0.00400173698099342
0.003997230633200705
0.003994331916312412
0.0039916368876560795
0.00398934398934399
0.0039659962402887996
0.003962239063954261
0.0039594751702375025
0.003956813636401358
0.003995422430092547
0.004065465092189767
0.004115952108897611
0.004112478904000795
0.004092378142022303
0.004097392568365586
0.004094247751093506
0.004090702947845806
0.004087972576551634
0.004084640401794904
0.004081817359037018
0.004094909120815858
0.004092283920176219
0.004089971991556401
0.004070535706957545
0.004059928964572518
0.004056933959557711
0.004054640779880399
0.004032852091926932
0.004061260377049853
0.004057775598594429
0.0040379669320269465
0.004033370048545671
0.0041187645744663525
0.004099349025167227
0.004091575091575093
0.004087965900401844
0.004134048693248793
0.004151536568128095
0.004206146226606588
0.0042040981943599134
0.004200416757883132
0.0041963453668814096
0.004242824248412064
0.004296172219120296
0.004292316813539227
0.0043423398673798665
0.004339815128855298
0.0043375212451196785
0.004334090435051162
0.004326602001667291
0.0043810099266292655
0.0043793164145414665
0.004375193958829009
0.004371711784344737
0.004461796288962738
0.004523023768802203
0.0045155281994853575
0.0045535628359706926
0.004550825596053905
0.004547306103160685
0.004577518741624018
0.004573282226397329
0.004566213956802985
0.004561728373933375
0.004558779263070043
0.0045557249507766386
0.00455267472842796
0.004549519872466661
0.004546043722519932
0.004543006445938994
0.004539540238498302
0.004488001933031357
0.004484369739898057
0.004477311857188169
0.004474863668216499
0.004472630702314196
0.004469550743860343
0.0044653094791874985
0.0044900684077285756
0.004484311256724072
0.004478134525021737
0.004656927380219852
0.004653513291328122
0.00466494468267099
0.004733500496652798
0.004726883316188005
0.004723537639663629
0.004720307984560356
0.004751976414284706
0.00474895566363288
0.004840001837578253
0.004820024569336708
0.004833090120365414
0.004829798752398792
0.00482594561152917
0.004821985559565568
0.004819160927694601
0.004816339603122735
0.004836699042175291
0.004833644784997782
0.004814959063241053
0.004866768957083401
0.004863701164450589
0.004861204339678266
0.00488843865117502
0.004867481582762437
0.0049449352732622055
0.004938294552900435
0.004935767454666762
0.004952847224591665
0.004948191024449218
0.004929951666053104
0.004966003140541846
0.004983102266290985
0.004980018100930864
0.004977709437400693
0.004972821428312387
0.004966429912601749
0.004934704969415947
0.004943957676318171
0.004971113794167433
0.0049681287608260545
0.004993383814903886
0.004990389143734936
0.005004342445548757
0.005000998607136718
0.0049976592343619775
0.00502711696387768
0.005093108108287505
0.0051283732638028635
0.0051389751961731876
0.005151685773887592
0.0051485562948557825
0.0051460762581048885
0.005136485030567889
0.005134013303124215
0.005182746861818017
0.005230448318148342
0.005212084632798906
0.005231851085286553
0.005213508387567485
0.005227033556218022
0.005292887724579847
0.005290351775635832
0.005317496674634652
0.0053520819944427155
0.005349156626799029
0.00537623290581871
0.005402846820791227
0.005384618463535323
0.005448957029567008
0.005442479044759003
0.005432665239257454
0.005412823535242888
0.005409509937341255
0.005422694335752598
0.005437002289642456
0.005430523298173691
0.005427084236963467
0.005424630430282198
0.0054746573523688545
0.005472678798934678
0.005522264919063805
0.005519399122738479
0.005512902044407169
0.005523319188881436
0.005521452445881274
0.005620691962726698
0.0056179082517976335
0.005614621964431856
0.005611339519553497
0.0056418963201290565
0.00563936166164479
0.005636323076042898
0.005634172724996134
0.005630887124663065
0.005628236166728753
0.005677872942085197
0.0057082871044171835
0.005704965213000494
0.005708633937110763
0.005774403352559805
0.005756148365213274
0.005764191998973641
0.005791777682269402
0.005789192182656764
0.0057869963222603885
0.005782571695615178
0.005778577584018643
0.005786813037514509
0.005769140838585289
0.005818097326628843
0.005813829204368067
0.005857908028826173
0.005864930398512492
0.0058611552230179225
0.005908318941573155
0.0059013510577050204
0.005897864952197602
0.005887343580929493
0.005869712023796664
0.005866334370417767
0.005875059973420632
0.0058722018852925715
0.005865533288951937
0.005859518657768926
0.005856284142402188
0.005931501438607101
0.005928623212138148
0.005925094658699864
0.005945410710252656
0.005940670465109042
0.005938578495581756
0.005949165182269726
0.005944493305970883
0.005938347851356932
0.00595065328149687
0.005978070090822833
0.005961340532411707
0.00597321818695865
0.0059668136560855145
0.0060376482131621785
0.006020001987054938
0.00605399267263155
0.006051210080626357
0.006175181846245708
0.006223776393690456
0.006235900438798994
0.006219016491282904
0.0062153495382732595
0.006267857993237776
0.006265259775677582
0.006262663711305054
0.006258616509744627
0.006339278521916779
0.006336241146546926
0.006317731675224331
0.006404158624181249
0.006419127126889685
0.0064161973564073075
0.006502921597527643
0.006499674090216042
0.006497416867055695
0.0065281325789083204
0.006524027191286592
0.006519047296914178
0.006516363863952582
0.006557716104676712
0.0065732003441712275
0.006599063597722069
0.00658186711933873
0.006579590198322764
0.006575315345520202
0.006557083261616445
0.006553827791361789
0.006550858227342141
0.006577526782585323
0.006575541798968755
0.006572424958437496
0.006566733270079666
0.0065593305268329466
0.006541602919692891
0.00652487372883949
0.006522348840045976
0.006517522410644307
0.006500264364310754
0.006482465217036429
0.006465378724792948
0.006432992481424551
0.006430785528302573
0.006437153844664454
0.006447688508062146
0.006462216842565495
0.006470430579867127
0.0065001863122823595
0.006495108730785422
0.006489182951468284
0.006488130170315624
0.00651615444292379
0.006579145612753672
0.0065756355369876755
0.006619189647475836
0.006642112037833847
0.006701120783105816
0.0067043727655663795
0.006751212070361003
0.006732855001340802
0.006759117511851437
0.00683180307840056
0.0068330047392647034
0.006857742767220029
0.006943921346164525
0.006936431298399957
0.006955448417465268
0.006979667479126433
0.007015030921711726
0.007020238869641055
0.007016860068224703
0.007094829469437619
0.00712635763443393
0.007119513508772696
0.007126017993513866
0.007144602030521125
0.0071901409239730285
0.007179454470328991
0.00718452103627903
0.007173496392721314
0.007201509812269302
0.007224068771047572
0.007252553971999056
0.007247719465772498
0.007242863199960296
0.007237368584774253
0.007295869376088342
0.007279074134461077
0.007307875898900698
0.007305416731878963
0.007346493353599114
0.0073743071032474445
0.007368725748330095
0.007376395494427864
0.007371662145157178
0.00737646490614316
0.007444884323775746
0.007441764152646149
0.007465911173105638
0.007473636543988298
0.007470820907967707
0.007468163643495786
0.0074512530780569365
0.007447981910195764
0.007444869181364839
0.007472934553308847
0.007469970031824081
0.007541198135939366
0.007535204189076013
0.007528429245801054
0.007572693596955722
0.0075687419062419005
0.007627210557178691
0.007637912300596252
0.007722977073788554
0.00771837794300356
0.007812235651691767
0.007814324880373591
0.007811034708940462
0.007809249997107
0.007839472478251794
0.007834927988703897
0.007844479421384937
0.007871842344626163
0.007899967495141914
0.007920866886326962
0.0079040455715684
0.00789744901968458
0.007948553815950376
0.007944936277648987
0.007941486243285242
0.007967171132163683
0.007963190536428279
0.007989666234198783
0.00799187240107496
0.007987363461239893
0.008014981532350227
0.008107732971647682
0.00814666545887565
0.008154848495687346
0.008149064770800489
0.008147219079024616
0.008191720637694942
0.008263602031734364
0.008286888495971726
0.008278683403074288
0.008271167567745503
0.008259902727456792
0.008253257864654157
0.008234825917590049
0.00823054978541469
0.008213840740755526
0.008258588988278814
0.008252589214411408
0.008263202948859278
0.008284166496674931
0.00827650673243122
0.008259308236287495
0.008252844797679989
0.008275090224476714
0.008320084334578558
0.00831634405390994
0.008318953129406762
0.0083461815525557
0.008375948658516966
0.008398383081094408
0.008394957197196675
0.008391363025919588
0.008420892565854645
0.00841458062044798
0.008520963635317414
0.008513061589209595
0.008519834310876944
0.008500947271465734
0.008498527171382352
0.008503721403160344
0.008601207153838716
0.00859825834888304
0.008642150235371588
0.008638315720490241
0.008631953489191995
0.008657377097888287
0.008736040155760674
0.00871496004136651
0.008777854484019347
0.008816052473736579
0.008799513958814757
0.008795950825530495
0.008793636335889124
0.008789440450576386
0.00878588492360461
0.008804928051677865
0.008836441364485812
0.008834495301606527
0.008842125563160528
0.008893764783510578
0.008887656969587434
0.008905997960300144
0.008890213001149252
0.00888700503662386
0.008880376117011316
0.008948354325273663
0.008973959902105404
0.009003241903781574
0.009075070026065595
0.009068838911362537
0.009064337313115229
0.009079031871434216
0.009073855399957196
0.009102756267476787
0.009122719990909458
0.009181924667917216
0.009165959408385453
0.009191852274588448
0.00918515423390925
0.009182390728744202
0.00920692152319749
0.009212816815041684
0.009243518395590348
0.009239322547050267
0.009236177466188855
0.009268979674804308
0.009262417543064163
0.009261771141696708
0.009256718946343072
0.009277331698688296
0.009297194905374537
0.009279020748463504
0.009298421583562602
0.009296565648235252
0.009293783133973868
0.00929042117354969
0.009294273902779681
0.009278391537500907
0.00927580301011011
0.009319700374266451
0.009316701789065076
0.009326822507798949
0.009304132013987276
0.009295091475688468
0.009291654497563159
0.009304793423230154
0.009353422543627915
0.009371933413452648
0.00946129946020669
0.009457729229431852
0.009454724808527869
0.00945086732551994
0.009475737468772052
0.009438294769201166
0.009492667923851826
0.00948815128004674
0.009496560386975397
0.009599983971342886
0.009634387637378722
0.009645621094857693
0.009643138653571796
0.009634342841171121
0.009699974762200213
0.009696980685666698
0.009681496289398338
0.009695456941898196
0.009691439840751067
0.009688376262020413
0.009671298082283205
0.0096543356929377
0.009650905614922722
0.009653966238054295
0.009676647763455896
0.009678901236132798
0.00975632367133429
0.00972754456454712
0.009730395766862179
0.009753508995709394
0.009836739025313464
0.009823410784551725
0.009815241718715078
0.00980679009743628
0.009800652805077558
0.009796680632307547
0.009821479279135351
0.009839118246297848
0.009834120416803897
0.009828874185907619
0.009825485307377518
0.009809126060941113
0.009847963654241215
0.009856277301410348
0.009882789121348367
0.009952857279257031
0.009949472987476175
0.009976055536542221
0.010018432770416285
0.01003741875080088
0.010050660129462692
0.010064019822396839
0.010074110541267655
0.01007115463856199
0.010114620710028735
0.010120522310625124
0.010125990278941774
0.010208602744800618
0.010219033587367218
0.010210978874188549
0.010205889548431496
0.010222737929647915
0.010243390510066256
0.010239403161401261
0.01025990314316105
0.010258102914508243
0.01026634844096396
0.010327097071543653
0.010323878403296327
0.01036094841930574
0.010357116633029014
0.010368074996371166
0.010411023469919078
0.010465690784591383
0.010483018521927262
0.010476074034284067
0.010478048427730638
0.010474587638469486
0.01048193156499944
0.010472825392626521
0.0104680751364177
0.010464049036683493
0.010496498274868765
0.010476526871805766
0.010512992254892061
0.010507688048886162
0.010537318023459261
0.010531433868804254
0.010586049932511481
0.010569704818276501
0.010586097489268934
0.010634379246694838
0.01065690477702784
0.010740831581662814
0.010736468936828671
0.010707780641166805
0.010761379385125282
0.010793738456365989
0.010807545860680803
0.010868801803223267
0.010890715627999818
0.010891667086173708
0.01088120257569096
0.01089708195501912
0.010932524994874316
0.01094184926364689
0.010935684263138859
0.010925058682981797
0.010937952701723874
0.010935214685720132
0.010929921736193258
0.010982972134767802
0.010986004531334878
0.010954175153801935
0.010959550955800437
0.010967973999433712
0.010966497825274972
0.010966758642484697
0.010977236160296574
0.010983031381636397
0.011020359117193406
0.011046465640419112
0.011042647810855018
0.01104052793452113
0.011044644242513918
0.0110546808189657
0.011050645263973216
0.011067712142975795
0.011094289838059003
0.011118766701059988
0.011125577459795238
0.011149825140740772
0.011220476619442721
0.011246586458855174
0.011230026760295653
0.011228788510429969
0.01121169554451507
0.01120379809977635
0.011200342027977627
0.011196965341089566
0.011179519214121882
0.011284851603577442
0.011352573563944382
0.011358669685803223
0.01136113105476787
0.011397202915126237
0.011443397528066503
0.011448370544303844
0.011444877258608733
0.011464502947663864
0.011471444602902815
0.011458649481685667
0.011511553252524885
0.01152130748399553
0.011583772409801385
0.011587471149107721
0.011686288923111155
0.011704101120723218
0.011696323462036359
0.011744789942759326
0.011769324997657331
