0.011741121494268873
0.011741121494268873
0.011701425283218691
0.011693187946539731
0.011693187946539731
0.011683155292892282
0.011667536051792757
0.0116738725850754
0.0116738725850754
0.0116738725850754
0.011675773545060192
0.011624447625470798
0.011624447625470798
0.01163712069203608
0.011584527465790157
0.011588374646711759
0.011578862702043901
0.011585833021157784
0.011585833021157784
0.011586053271581166
0.01154552269160299
0.011570976852988711
0.01157103446331248
0.011528161107693486
0.011529428558912456
0.011543182583599019
0.011502208317308485
0.011472766459814612
0.011489879003308995
0.011356147644889934
0.011357847155489783
0.011362499963637505
0.011330959173397343
0.011330959173397343
0.011337513097079229
0.011324836174782424
0.011283636177317808
0.011285421669612421
0.011270257375451115
0.011270257375451115
0.011283036731033824
0.011243316711194534
0.011243316711194534
0.011205496863646967
0.011207617185704767
0.011221926174738467
0.011235238968333111
0.01111204283447618
0.01111720513447102
0.011118262017587253
0.011083074995959638
0.01109626582833535
0.011068549792706656
0.011061303770320071
0.011034040611090541
0.011013327203839882
0.011013327203839882
0.011016706949595615
0.011016706949595615
0.011016916508229646
0.011001002448288407
0.010938853248359645
0.010897636008139228
0.010870474903686287
0.010873858388960414
0.01087781426195213
0.010880984999846254
0.010884984060094844
0.010858710232451156
0.010799774368720767
0.010760863696360153
0.01075191738060286
0.010751556380589259
0.010742860184998732
0.010715562512658934
0.010718791883323793
0.010722167631864147
0.010722167631864147
0.010738463052362047
0.010697160260075585
0.010670084604458788
0.01070835246796997
0.010638135082546548
0.01058764025520445
0.010562231424363308
0.010486294204769587
0.010490735603683351
0.010462382900449384
0.010467222869595146
0.010460568563249367
0.010477901095156757
0.010481473019478665
0.010486314452688992
0.010486913419662033
0.010500006346042576
0.010506318588155377
0.010482761715411246
0.0104842308085919
0.010488003648306488
0.010438634101888451
0.01038741216683288
0.01038859925442956
0.010369947391544015
0.010349343919838463
0.010347833303559885
0.010322827823567388
0.010310279838825296
0.010267558262753235
0.010268370249007112
0.010268565915278364
0.010284398023246691
0.010284790003961836
0.01027394314321994
0.010278538332054306
0.010221359533952642
0.010177380975700288
0.010179208736959246
0.010194210549397594
0.010195182222439265
0.010195570943522953
0.010197658043787977
0.01019863030491375
0.010159531210900824
0.010108872214057717
0.010110199444101542
0.01011497830689161
0.010115750074430524
0.010085230284254077
0.010098483505839485
0.01007738203559831
0.010077958830845892
0.010079339774879051
0.010064378460215163
0.010067750932643352
0.010044942786409513
0.010010995041623618
0.010016630728217246
0.009958408928273016
0.009947783711024455
0.009911437222293401
0.009912004768468638
0.00991492823222764
0.009890610347342468
0.009890987988485147
0.00986628689103055
0.00986831335150123
0.00988307029906065
0.009908909080620249
0.009851809224016357
0.009794293825559916
0.009770287553636143
0.009770474169767432
0.009771034060937002
0.009726835564944424
0.009701389714476445
0.009717867312918875
0.00969668213295924
0.009655674703253691
0.009636666282949461
0.009637034600725144
0.009638224174296774
0.009628314473497934
0.009612686414613032
0.009575008420485878
0.00956599966597479
0.009545824078973858
0.009550650006811798
0.009551608045929461
0.009478130170126017
0.009446622781294626
0.009439029853808099
0.009440485252272883
0.009428109821125404
0.009389940956959525
0.009419895572079026
0.009422806472178066
0.009435920049980286
0.009417515126963576
0.009431806769515053
0.009420049958651295
0.00939224858570436
0.009379899140514514
0.009381621143343608
0.009386805460189045
0.009394190902967512
0.009384880037303629
0.009387510670273757
0.009388589177962061
0.009363222532758503
0.009355875222355465
0.009357673659805454
0.009371878905987426
0.009376688332275373
0.009378684450540027
0.009379223610324477
0.009360957916918032
0.009362186541432886
0.009340643384114122
0.009333361752561975
0.009273191390784296
0.009263413490709723
0.009264489113790238
0.009260264075036254
0.009277844108981533
0.009278839276346013
0.009279423530751686
0.009257833715940038
0.00921993114798868
0.009102528449970771
0.009111367381539096
0.009081919832802526
0.009065345174004091
0.00906191073267191
0.00903789974622106
0.009043785986134634
0.009039762058253175
0.009054649488129405
0.008990708054342472
0.008993355151043592
0.008953106134337375
0.008960716201717771
0.008963375341741226
0.008932966645308288
0.00893818519493751
0.008934752858620948
0.008949519111042015
0.008956148872495
0.008924955759266726
0.008887516103465607
0.008902820361594527
0.008858444269860394
0.008885121275208411
0.008838982368394109
0.008839662748062608
0.008854025355488107
0.008854912761478538
0.00881101625831626
0.008812373443561202
0.008827288797055183
0.00882966926595933
0.008834070790801904
0.008834921808160324
0.008839495390222796
0.0088429166816139
0.00885798356257324
0.008780562105991496
0.008757325250789153
0.008684254027575576
0.008674163673585126
0.008675655145142855
0.008663632530885562
0.00866496964017942
0.00868093246826748
0.008694131027515794
0.008696256369014497
0.00865239834726844
0.008656450320060871
0.008657845696705932
0.008620401300055296
0.008624618282260962
0.008626094759574841
0.008627094364970238
0.00858219506338324
0.008531899174163016
0.008481863827587428
0.008410880906533066
0.008424577323021605
0.008396158735367814
0.008400516659587609
0.008401653532540534
0.008324802173053219
0.008253086971903438
0.008253725434516822
0.00825500265614002
0.008231172450140092
0.008216003797637624
0.0081701197259978
0.008159126783200165
0.008163458578673434
0.008149722252484908
0.00812370299706188
0.008112104948614349
0.008114653246171015
0.00812998221600371
0.008106034508569233
0.008083166217360056
0.008056486757103192
0.00806081142555288
0.0080746758805045
0.00807884743832151
0.008058540025101295
0.008027926151543881
0.007956949022937875
0.007958029878390033
0.007962191172609203
0.007935759633257537
0.007935050748927926
0.007939704275911163
0.00794355719792612
0.007899630272472119
0.00787198278845844
0.007847683590690572
0.007842878089993129
0.007814792812072454
0.007811650986976032
0.007782218386393955
0.007786215076686907
0.0077875776794653585
0.007756723028396624
0.007761020679429697
0.00776307226025179
0.007706845822046375
0.007652790966019356
0.007666806070191935
0.007668231456717689
0.007669873444337628
0.007671660383676573
0.007672556640584981
0.007675199723730359
0.0076771433421737225
0.0076509152840271615
0.007651362479324907
0.007624476261823046
0.007593554563989746
0.007597246918600306
0.0075985797949188975
0.007599468638986694
0.007596959878195248
0.0076042004478328335
0.007553085104423904
0.007562092825456064
0.007577492730740085
0.007582519495876888
0.007584116430202717
0.007585359034450539
0.007527838295717738
0.0075325837495599
0.0074883383765502265
0.0074190931970098874
0.007420107902708859
0.007424234669960114
0.007393995517712895
0.007364307398517813
0.007359593725096393
0.007269488716749061
0.007271131777752535
0.007264457959880485
0.007265114803555266
0.007281986771950374
0.007283269188170852
0.007243821777658709
0.0072458070079634476
0.007223077727639727
0.007244955421860263
0.007218283068230182
0.007219414150310839
0.007213082663656647
0.007190842284009974
0.007198501851542268
0.007203038370227696
0.00720388555394631
0.007188818435754999
0.007189523221876152
0.007194310777366267
0.007195016309461723
0.007156912068931203
0.007164434763022156
0.007144114908876185
0.00714523658805643
0.007102284425514756
0.007074366755111282
0.007077540529344081
0.007078930544570694
0.007079625756951328
0.0070839692149138695
0.007098459388378234
0.0070576539951060875
0.007051973102132297
0.007067159903209675
0.007068132652134531
0.007069244693143363
0.007066740519418887
0.007067435681585353
0.007069243743454104
0.007070356856803596
0.007099508841772001
0.007100736525994451
0.007101855192638956
0.0071058533530961344
0.00707453617989574
0.007077322925743885
0.0070787174996124825
0.0070674516580517075
0.007073583153726638
0.007074977677650959
0.007047730341033693
0.007019120423123965
0.007019951104647047
0.007021613057677524
0.007023414395044809
0.0070283677652119405
0.007030267966102113
0.0070237832103092444
0.0070287408757153235
0.00702999079999672
0.0070225738229770015
0.006994410155176323
0.006995101521038569
0.007001098364249383
0.007005153358918258
0.006961589646326013
0.006963242805167877
0.00696583230085476
0.006961271892274281
0.006963339842493795
0.006980150969692824
0.006961446978087555
0.006962688369464666
0.006971226719125872
0.006980600140248005
0.006985923917025415
0.00694116209579104
0.006942263801974528
0.006822728258670464
0.0068138601232454726
0.006815347983761506
0.006816836494191792
0.006818300577609477
0.00679449516176102
0.006762394856923397
0.006730352423433526
0.006681871257462004
0.006687841873837054
0.0066890387911307326
0.006703362159806064
0.00669607551346162
0.006660400115303706
0.006634103688419702
0.0066500196779152535
0.00665346674668083
0.006621589702251884
0.006579999434438001
0.0065809173665206085
0.00658528878381379
0.006586470331212253
0.006591501255296412
0.006563945839828535
0.006565517477764565
0.006500823719009883
0.006503176318113124
0.006504994407624348
0.006506943489085624
0.006480809108024251
0.006482363227831934
0.0065008349814554365
0.006443056820981227
0.006451431772444605
0.006437900510003575
0.006439059911796272
0.0064000177907634894
0.006375119226456502
0.0063675153433634555
0.006369045934768455
0.006370449623439939
0.006398958744791152
0.006366322138705928
0.00624722078323505
0.006207998121944704
0.0062088695247571445
0.006183435696614174
0.0061924052463969365
0.00619798760717613
0.006199854171063611
0.006142441224576333
0.00614416863964893
0.006149237987694886
0.006124051523416396
0.006128140350621653
0.006129495670481252
0.006144134832774806
0.006108439132658634
0.00609930567676196
0.006021123044069902
0.006008789247494245
0.0060093942038246615
0.005984285350963429
0.005989452412842432
0.005990297340733646
0.006005911154793276
0.006007001068903716
0.005947349325654119
0.005950613820134303
0.005905287875345578
0.005906360415673673
0.005907671827497427
0.005865040839903035
0.0058657514524722365
0.005868269100800461
0.00587024688091527
0.005854519794826142
0.0058560581846010245
0.005857508777814453
0.005873327522770358
0.005833527082186774
0.005833999193635003
0.005836011230668181
0.005837428942615386
0.005839438547362646
0.0058068633051922836
0.005779353193146295
0.0057800558215941565
0.005781574188546218
0.005748727069573579
0.00575024237710018
0.005705573887392069
0.0057076577346847615
0.005668456807034498
0.005669879045434735
0.0056723382888475785
0.005674412396333293
0.005667391737013146
0.005668082840206489
0.005621688552533776
0.005640289363985611
0.005645284802714993
0.005660339430020863
0.005662412814427464
0.005638174473665433
0.0056419431488158945
0.005634620182982306
0.005635423800294115
0.00560890150447712
0.005611074167649089
0.005612790617379174
0.005615188112128134
0.005620980077734682
0.005623266484135515
0.005629062653231835
0.005633844902057902
0.005621618283491724
0.005626516591885881
0.005628701602212616
0.005631118588893864
0.005637293043442671
0.005639138877653151
0.005640985921032594
0.005618450580055985
0.0056197164115401035
0.005601069262484165
0.005507376679904964
0.005508844440556859
0.005415506302540227
0.005394123107265615
0.005396005370347504
0.005411022385317135
0.005412467013723869
0.005414913527547335
0.0052892992259219885
0.005275638387996558
0.005277482599561114
0.005295816323171326
0.005281399234040779
0.005284476748478728
0.005275128244595627
0.005291141516682201
0.0052922315746790445
0.005231782701490915
0.005246817907589616
0.005249414699427077
0.005264385228496364
0.005269182047528313
0.0052414499819308435
0.00520845118301871
0.005213613737960167
0.00518445865178911
0.0051856369865378536
0.005187995263652618
0.005193050713201251
0.005180658121834596
0.005185606933858685
0.005160016553050354
0.005165743504252825
0.005120296603113089
0.005078826016792207
0.005080273272547492
0.005085835161093281
0.005087206262005628
0.0050752755325084884
0.005046587121784768
0.005013148198362597
0.00497024292651551
0.004911478915965739
0.004912805570426917
0.004913928684113861
0.004915461030591382
0.004883248883623278
0.0048537105648457195
0.004808652205775618
0.004802584850056171
0.004804485477261984
0.004808170766415549
0.004810074992461654
0.004766005360201008
0.004766999230443366
0.004783488682783665
0.004785884520013659
0.0048016008579682915
0.004804497186245126
0.004777503188792333
0.0047677577839990845
0.004770051029827685
0.004694994942672962
0.0046970583311959965
0.0046675223649513915
0.004676949068327188
0.004678517100200566
0.004680478619224611
0.00468374167937963
0.00466763593258244
0.0046200570539638944
0.004635893156285256
0.004638382347441947
0.004576918839975014
0.0045813825283063814
0.004571396843111297
0.004574089067400527
0.004576495520118072
0.004578808098125922
0.004580254646598371
0.004583589491933361
0.004585837842940955
0.004588560485861204
0.004541845062797084
0.004546800725487486
0.0045230959751039156
0.0044751528731844705
0.004427649113782352
0.004442861372717451
0.004424632422983411
0.004426316820834937
0.004429319276143634
0.004403545407671957
0.0044059696000241025
0.004407929550913793
0.00440951745543723
0.004425144778085956
0.004441065221241658
0.00444304384370153
0.004422788396766408
0.0044254244961236325
0.004416309210829761
0.00441715352179283
0.0043845148818052885
0.004387218725031851
0.004389272142016591
0.0043948567797112
0.004396541134819891
0.004320347857089073
0.004260138488161931
0.004261386416347518
0.004261509596491899
0.004254704175777578
0.004094943162645715
0.004097216867899821
0.0040542555714792655
0.0040550354526459
0.004070589463559616
0.004021906316651713
0.0040382120613186075
0.0040398542785049915
0.004041757462601592
0.003997158513204616
0.003998272047130934
0.004003559475742989
0.004008249665738085
0.004009625416438527
0.004025740209880138
0.004026604380795644
0.004013360936206541
0.004015085777592223
0.004016121394248812
0.004017762213655128
0.003992357790860759
0.003997404305096612
0.00399912528423991
0.004000933907898631
0.003953833906201514
0.0039554537010227184
0.003957501655650681
0.00396357686805609
0.003968545316879332
0.00398483444046993
0.003985953921122697
0.003987160219326235
0.003990697153682071
0.0039309699748736795
0.0039328430816410005
0.0038881045945886425
0.003891055941631749
0.003907378763628897
0.003908735757404115
0.003925421473472292
0.0039275539275539255
0.003928578328682657
0.003929859581806615
0.003933019346414163
0.003935073634087756
0.0039366157586967045
0.003909871614143292
0.0038499976649698764
0.0038516765040257886
0.003837528292734102
0.0038397898010260486
0.003841382831272997
0.0038460298392590615
0.0038549099664338046
0.0038570168890887714
0.0038634478907516438
0.0038654820447929926
0.0038670902993061217
0.0038692084636609407
0.0038709895157583714
0.0038728571393761412
0.003794823477634743
0.003796666976679704
0.0037993349904542994
0.0038012549426619815
0.0038036785195189058
0.003806188922237761
0.003789523145746321
0.003791776429857825
0.0037609789146775987
0.0037630401732683225
0.0037646168892585333
0.003766527314174204
0.0037699113493815475
0.0037709935329561265
0.0037745774937446757
0.003775774516949426
0.0037252369328300205
0.003726803544200622
0.003743713752793789
0.0037448748514322277
0.0037484277393398527
0.0037132958728328296
0.003715025976074964
0.0037177479693965404
0.0037195648486938442
0.0037363660449473797
0.003742316063847887
0.0037472726033603424
0.0036997288249375057
0.0037024484865971095
0.0037050069650769587
0.0037067421378304513
0.003708975463823387
0.003725681144135744
0.0036996317902849934
0.003689046540602056
0.0036906137152084603
0.0036653247347393425
0.0036668837839672194
0.003669348142790648
0.0035914837333515474
0.003593255436428744
0.0036094990997303632
0.003578340726488875
0.0035792244856211273
0.0035324021183038173
0.003534069281906118
0.003556234725810898
0.0035132182238671542
0.0035302106368724994
0.003479384393084259
0.0034817045243104765
0.003484060742125259
0.0035016271471641925
0.003435687845625735
0.0034376289122051845
0.0034395721733200546
0.003441984870459325
0.003444322963614696
0.0034464299649971547
0.0034483050204039494
0.0034504168979966297
0.003454122884192339
0.003437861455079338
0.0034083832499525566
0.00337689746811676
0.003382381523170819
0.0033849237983163524
0.003333373120767162
0.0033505497901959226
0.0033600400020710724
0.0033316553557203843
0.0032650973514996183
0.0032674860829867694
0.0032318436291719006
0.003234507175579954
0.0032368784608240273
0.0032383622805131442
0.003243371806644226
0.0032451575994671736
0.0032478399789492027
0.0032501533615912556
0.003252544828769249
0.003254041283716923
0.0032030907666944788
0.0031678537590037947
0.0031703380063468644
0.003172386784600597
0.003173925106868974
0.003176418889450111
0.0031780346027415474
0.003197873459606313
0.00319935423079524
0.003201132967395015
0.003206925376736698
0.00320960364225803
0.003211391639273354
0.0031636701265246817
0.00313325835549091
0.003135590842053412
0.0031371234245666933
0.0031389498820798317
0.0031411444403753896
0.0029709345106696105
0.0029730836943867543
0.0029752359898079393
0.002944239289071712
0.0029484850138931135
0.0029691446168891803
0.0029751354108916946
0.002840733015106653
0.002843131888896708
0.002844599862835447
0.002823896860249396
0.0028070134222932235
0.002809719772682736
0.002811835674895473
0.0028138222295488627
0.002815148159492339
0.002777974267682127
0.0027958565754955993
0.0027983654320821068
0.0027605073784546428
0.002762596100579644
0.0027565986040341685
0.0027584919619877703
0.0027611077620560342
0.002762810694066032
0.0027648438603928224
0.0027666828424602143
0.0027697093438692933
0.0027575333183766063
0.0027598974812597108
0.0027780899035815022
0.002780276749791564
0.0027861132518123975
0.0027484953036182105
0.0027509925616230765
0.0027525721166717365
0.002755472683625001
0.0027588532537248032
0.0027644576580032614
0.002767310692427698
0.0027689056458778615
0.002787526240725607
0.0027340679787626523
0.0027364382154152424
0.002739935218897436
0.0027601464140621862
0.002761946161772283
0.0026954742455733323
0.0026976909184726525
0.0026991271800332352
0.002592757900466976
0.002579350656693101
0.0025547403111785484
0.0025575932451053843
0.002560701496095984
0.002562258456414159
0.0025802294438669144
0.0025822404856430726
0.002584607848599659
0.002567672107383299
0.0025696779053384854
0.002571247116790486
0.002573573070125806
0.002574517223427635
0.0025766598711058114
0.002579627645794386
0.0025822854899981776
0.0025308102964778714
0.0025324265934911707
0.002534667954458981
0.0024792531484950846
0.0025026509766385616
0.002504810508804493
0.0025073449913035305
0.002509078806866024
0.0025117461259269464
0.002462950592543111
0.0024812247255921434
0.0024826384588071113
0.0024843001156833583
0.0024906543601958446
0.0024935002566777616
0.002495794071090558
0.0024073843600912674
0.0024087633658763366
0.002411105294210522
0.002413632469034131
0.0024154408398058655
0.0024348688211819004
0.0024375126809026296
0.002439770767262004
0.002441543545499848
0.002443318901871632
0.0024457105249214273
0.0024524172431312774
0.0024543288102162656
0.00245704712440182
0.0024596475018548846
0.0024362293501894064
0.002439366522184348
0.002440845635812918
0.0024072997171022503
0.002410163809009495
0.0024123010745423267
0.0024146870685039586
0.00243400212682536
0.0024366620356251335
0.0023788735458750462
0.002380992782642141
0.00238414720452937
0.0023503237965678977
0.0023526040913126977
0.002312235568049521
0.00231424641338699
0.002316497971677448
0.0023187539153710344
0.002320776119062683
0.0022868014730002247
0.0022888580548275283
0.0022918345535494853
0.0022943719228381548
0.0022965005569443365
0.0022051974330974506
0.002069064418057706
0.0020723901374895943
0.0020742119718228924
0.002076789433111271
0.002079265518174853
0.002081585464651968
0.0020832071002161103
0.002089651387805793
0.002092044159914872
0.002093842338157708
0.002100966914043716
0.002047433437076368
0.001988866033604319
0.001953502934510625
0.001955242018606073
0.00195688163455459
0.0019760607926474633
0.0019779803056253565
0.0019805281102302733
0.0019999457047213923
0.002002263810435355
0.0020043229921400904
0.002006969172685269
0.002009250482643911
0.002011536984807508
0.002013721989877772
0.002033755157014487
0.0020533443912618765
0.002054981130865922
0.002057835190813914
0.002078384772997146
0.002081156026594571
0.0020836564810506174
0.0020871639501893616
0.0020936875615097405
0.0020957616850411833
0.0020535017559624863
0.002056257690249531
0.002013089151456465
0.0020150919559362686
0.002017533176504774
0.0020192727572890855
0.002021669584862549
0.0020292312567999488
0.0020307126076876793
0.0020331313006317067
0.0020354454338194173
0.0019918437211160485
0.0019980981163423683
0.002000487471339489
0.0020021198560570244
0.0020038640053340728
0.0020067047383641803
0.002008456888535472
0.0020146536818209993
0.002016360642139586
0.0020378119310503653
0.0020407728113953955
0.002043984667718506
0.0020465126830562187
0.002050457604789267
0.0020589026134465636
0.0020611203393538307
0.0020039913009656913
0.0020068774569411583
0.0020088804397093837
0.0020125629780112617
0.0020145773315257305
0.002016820236593116
0.0018494040872949525
0.0018525017436301014
0.0018545207908872226
0.0018568559365470226
0.0018602393255492246
0.0018622230240021745
0.0018186166697678244
0.00182020288091978
0.0018086576917559273
0.00181095216616191
0.0018132524695315796
0.0018160262465920078
0.0018184929753213195
0.0018256891875480716
0.0018284870992329278
0.001830617173705681
0.00185308694190498
0.0018555167349420822
0.0018153988780005743
0.0018191898305177105
0.0017743051149921626
0.0017760861371048369
0.0017784323539306029
0.001801483429557643
0.0017610720356247716
0.0016772878879629369
0.0016988141988141994
0.0017012704104254627
0.00170338844012083
0.0016434171476078618
0.001645612506655051
0.001648772634253737
0.00166103275440028
0.0016648168701442845
0.0016670078671073031
0.001669400187441425
0.0016716522963223653
0.0016745005875440661
0.0016966772586403049
0.0016994273028222285
0.0017023872783452406
0.0017058115916306774
0.0017082370598574168
0.0017108216888677924
0.0017134650621502504
0.0017158613028643978
0.0017189813296767723
0.0017212902712275887
0.0017237084641060134
0.0017267019991815636
0.0017302249292408018
0.0017332932571886587
0.0017354841298503274
0.0017592006192386183
0.00169585346215781
0.0017010506786052798
0.0017033693797392948
0.0017059013873720829
0.001645752944631807
0.0016480563077453576
0.0016505169927072542
0.001653237292963822
0.001656776982524826
0.001658908081179305
0.0016876342436330162
0.0016904352102286699
0.001713927973972926
0.0016295016911862979
0.0015604721587046536
0.001563467492260062
0.0014939569699037457
0.0015017347625705558
0.0015039777618736452
0.0015273838097316173
0.0015354506938155172
0.0015384294460610995
0.001541033275871076
0.0015441307329124927
0.0015468512401027742
0.001549581350394487
0.001552615235629099
0.001555513372142074
0.0015585705530547986
0.0015611934927338355
0.0015313854534278661
0.0013621054197345914
0.0013641490561620805
0.00136689803708324
0.0013910702266098272
0.001393213701004783
0.0013965311967049586
0.001399187568508608
0.0014014466546112116
0.0014038492641112728
0.001426983150372937
0.001429668321275238
0.0013356751013681996
0.0013375457338587976
0.0013425593489566335
0.0013447978988895065
0.0013484570329574262
0.0013512921594393342
0.0013546297820956144
0.0013569983284947656
0.001359599832529032
0.0013624369293277247
0.0013658299021561075
0.0013696501509500977
0.0013726668001512825
0.0013763872622831966
0.001380498500917349
0.0014118306700308383
0.0014143524759593783
0.001417936502573459
0.0013413657336898278
0.001344961766435908
0.001348668912557707
0.0013515203182722366
0.0013548467963399769
0.001358189689638235
0.0013615491199743496
0.001364925210363789
0.0012640901771336554
0.0011866048571230888
0.001189898008742108
0.0012152596763169174
0.0012185205835888856
0.0012222688292319163
0.001224494560395947
0.001227503569004657
0.0012302243488254816
0.0012054137882419286
0.0012077124090684368
0.0012111768247335055
0.0012136697540721813
0.0012171684817424725
0.0012198601797688685
0.0012219959266802443
0.0011413562559694365
0.0011447182508321956
0.0011476884331714336
0.0011501297952119986
0.0011535401750198885
0.0011023279425629122
0.0011113130945888624
0.0011140267755181377
0.0011170802421761744
0.0011202736546331927
0.0009523109166452182
0.0009547331170746092
0.0009583009583009583
0.0009601482854494902
0.0009638136296626651
0.0009674450993558655
0.0009699055027800632
0.0009109109109109108
0.0009139643202390368
0.000916138125440451
0.0009184265637221507
0.0008323845667299178
0.0008347923168658496
0.0008378856757204162
0.0008405508290539333
0.0008459260968200869
0.0008486999459918216
0.0008513602414767231
0.0008548004817966352
0.0008572987296391551
0.0008604842179371847
0.0008659027886778632
0.0008676391564764938
0.000870136698212408
0.0008732011660269347
0.0008764265099160643
0.0008791150418974011
0.0009083523128354709
0.0009116306425525657
0.0009149327215894607
0.0009186298675933782
0.0009210863957430141
0.0008970189701897019
0.0009000190336351524
0.0009032240459525467
0.0007829931693428059
0.0007866111088191207
0.0007900661611348222
0.0007924632862288723
0.0007955383096201722
0.0007988380537400146
0.0008021315383536671
0.0008063038299431923
0.0008100032570061034
0.0008126962476734438
0.0008156513803331052
0.0008197191172255661
0.0008512718749550637
0.0008541089566020313
0.0008575981457337389
0.0007668019846639603
0.0007695228082471818
0.0007799328554045534
0.0006799417192812045
0.0006839884521430158
0.0006875306933345239
0.0006903353057199211
0.000692757534862798
0.0006963914262458172
0.0006996501749125438
0.0007028753993610224
0.0007059686439900981
0.00070856722186436
0.0007118095678299053
0.0007150817236255573
0.0007184511313272686
0.0006441828103256876
0.0006475849169299446
0.0006509305779378772
0.0006549975358102415
0.0005466315032366338
0.0005504587155963302
0.0005534249235399776
0.0005566134466090522
0.0005601415094339622
0.0005630463772410727
0.0005658691551672788
0.0005706110362496048
0.000573789688514169
0.0004250243591035849
0.00042737208398790515
0.0004297458893871449
0.00043298933785148284
0.0004701384583591651
0.0004736376411804507
0.0004761157327473447
0.000514630976218077
0.0005176586986095651
0.0005207777896271017
0.000524666487599606
0.0005286136970484231
0.000531895581454453
0.0005349253295359112
0.0005379601578995685
0.000541840036985668
0.0005459288242966275
0.0005544904326905003
0.0005591887024926546
0.0005635148042024832
0.0005683022211947831
0.0005717386669767621
0.0004402958788305741
0.000444339119616091
0.00044816253361219
0.00045104642771229254
0.0004547935237402219
0.00045832314837448057
0.0004614248800295312
0.00046569388388699164
0.00046910182636977733
0.00048403729191657716
0.0004872984597131295
0.0004922418405564473
0.0003449762828805519
0.0003483561942085782
0.00035138577766064916
0.00019990671020190577
0.00020142339196992077
0.00020333468889792598
0.00020611473720371008
0.00020868113522537563
0.0
0.0
0.0
0.0
0.0
0.0
0.0
0.0
0.0
0.0
0.0
0.0
0.0
0.0
0.0
0.0
0.0
0.0
0.0
0.0
0.0
0.0
0.0
0.0
0.0
0.0
0.0
0.0
0.0
0.0
0.0
0.0
0.0
0.0
0.0
0.0
0.0
0.0
0.0
0.0
0.0
0.0
0.0
0.0
0.0
