0.0
0.0
0.0
0.0
0.0
0.0
0.0
0.0
0.0
0.0
0.0
0.0
0.0
0.0
0.0
0.0
0.0
0.0
0.0
0.0
0.0
0.0
0.0
0.0
0.0
0.0
0.0
0.0
0.0
0.0
0.0
0.0
0.0
0.0
0.0
0.0
0.0
0.0
0.0
0.0
0.0
0.0
0.0
0.0
0.0
0.0
0.0
0.0
0.0
0.0
0.0
0.0
0.0
0.0
0.0
0.0
0.0
0.0
0.0
0.0
0.0
0.0
0.0
0.0
0.0
0.0
0.0
0.0
0.0
0.0
0.0
0.0
0.0
0.0
0.0
0.0
0.0
0.0
0.0
0.0
0.0
0.0
0.0
0.0
0.0
0.0
0.0
0.0
0.0
0.0
0.0
0.0
0.0
0.0
0.0
0.0
0.0
0.0
0.0
0.0
0.0
0.0
0.0
0.0
0.0
0.0
0.0
0.0
0.0
0.0
0.0
0.0
0.0
0.0
0.0
0.0
0.0
0.0
0.0
0.0
0.0
0.0
0.0
0.0
0.0
0.0
0.0
0.0
0.0
0.0
0.0
0.0
0.000256432173690059
0.00025464731347084286
0.000505902192242833
0.0005030602833906263
0.0004999583368052662
0.0004968532626697582
0.0004937052579609973
0.0004903964037597057
0.0004872898562494924
0.00048422241949802277
0.0004814250180534382
0.0004785452225235285
0.00047581284694686756
0.0004728877679697352
0.00046988801002427753
0.0004672169444011836
0.00046461204893913583
0.0004621072088724584
0.00045945325063174823
0.00045682960255824577
0.00045416698206040423
0.0004514333007298172
0.00044900097283544113
0.0004463621484898081
0.0004438526409232135
0.0004415335933475605
0.0004389815627743635
0.00043680838672102506
0.00043437341634691956
0.00043205875999135883
0.0004297070830050849
0.00042753313381787086
0.0004253207627419012
0.0004230714990833451
0.0004210230860992211
0.000418848167539267
0.00041660880433273156
0.00041419301394449815
0.00041186161449752884
0.0004100601421541826
0.00040835772136391476
0.00040636640704368437
0.0004045580203627537
0.00040279269602577875
0.00040085515766969537
0.00039885661104832815
0.0003968253968253968
0.00039499670836076365
0.0003932105642571597
0.0003912873353332464
0.0003894586524730624
0.00038784744667097606
0.0003861997940267765
0.00038449214995193846
0.0003827018752391887
0.0003811217684050054
0.0003792188092529389
0.00037771482530689327
0.0003761755485893417
0.0003746253746253746
0.0005592493630771143
0.000556689552792726
0.0005540848365449732
0.0005518425409283218
0.0006918162210556301
0.0006889564336372846
0.0006861201921136537
0.0006836369485663731
0.0006807215648587502
0.0006778309409888356
0.0006748040091297012
0.0006719633187082493
0.0006692649895673398
0.0006663530887425524
0.0006637384089799902
0.0006608742978210585
0.0006583788389295534
0.0006555986193864367
0.0006529170027268886
0.0006501826248255023
0.0006476930696841544
0.000645002181625026
0.0006426249338474333
0.0006026024895015347
0.0006003977635183308
0.0005978738112587112
0.0005959031657355679
0.0005936149294154747
0.0005914425653821274
0.0005893511612059598
0.0005871775111013248
0.000585051923358198
0.0005832604257801108
0.0005811947183929966
0.000578954986249819
0.0005765454119597139
0.0005743103788653781
0.0005724303244964402
0.000570470995115342
0.0005686462664818566
0.0005668030536514515
0.0005647922623460059
0.0005628847845206684
0.0005612262794205339
0.0005591375303594206
0.0005574427314693842
0.0005555555555555556
0.0005538248528902734
0.0005521048999309868
0.0005503955968352253
0.0005486121826192802
0.0005467842252751008
0.0005448848930663397
0.0005430539999321183
0.0005411529940980501
0.0005392925156310564
0.0005374177079134758
0.000535717275208009
0.0005339741022560405
0.0005324016304799934
0.0005307591514488066
0.0005291530244402552
0.0005277654082760213
0.0005259697567389875
0.0005245471682648963
0.0005229014494174551
0.0005213934239254407
0.0005198687331448809
0.0005185293212127104
0.000517121572049579
0.0006604807010761002
0.0006582538612208201
0.0006564516387274445
0.0006548160925047514
0.0006527830849573302
0.0006510416666666666
0.000648908725448301
0.000647279845915822
0.0006455371341300206
0.0006434097578582301
0.0006414769615896112
0.0006394958900690967
0.0006379138660692059
0.0006361619264845071
0.0006341252165305617
0.0006324232608360327
0.0006304103817826775
0.0006286993590333364
0.0006267963064881062
0.0006250190554590078
0.0006233371341695173
0.0006216925199775584
0.0006201409686299422
0.0005886348200135839
0.0005871725383920506
0.0005856383457969186
0.0005837449483610238
0.0005819679469961501
0.0005804867157847734
0.0005789356490759297
0.0007106057914372002
0.0007087800124036503
0.0007070260715863897
0.0008009640962332643
0.0007913479293062516
0.000789335204350114
0.0007871949619522435
0.0007852375343541421
0.000783187573423835
0.0007813178227276674
0.0009091696250757642
0.0008996171229524714
0.0008976016085020824
0.0008949410770794851
0.0008927933719020069
0.0008905798030749939
0.000888566635389121
0.0008577910109173401
0.0008558615909123059
0.0008534710172528107
0.0008512733924299985
0.0008494089237076348
0.0008471253745554341
0.0008452435838327953
0.0008434759574497747
0.0008416805787423482
0.0008395781293366638
0.0008374166043794811
0.0008353699791502698
0.0008337122934667272
0.0008317180132250037
0.0008298356788193015
0.0008277579389511417
0.0009486759486759486
0.0009465440926115082
0.0009443448013478992
0.0009423473261742053
0.00094047280748048
0.0009381496179908748
0.0009362160705866504
0.0009343658411981393
0.0009323727881300223
0.0009300893956426314
0.0009277800026698704
0.0009259629348361911
0.0009238581379273674
0.0009217995649636585
0.0009199327588717256
0.0009180371177597252
0.0009158595242801607
0.0009139806157204665
0.0009974538677586162
0.0009947513775997697
0.0009928800052256843
0.000991170755246032
0.0009892741851504738
0.000987307897164088
0.0009853494100868663
0.00098362777454216
0.000981683846133974
0.0009798991735324076
0.0009774416750263652
0.0009757475381632836
0.0009739469198928658
0.0009715191491537557
0.0009699197263805403
0.0009679185929520243
0.0009657415878824844
0.0010205892793752219
0.0010187681131908323
0.0010993176648976496
0.0010969889544560447
0.0010948353971609783
0.0010897266895157746
0.0010878010878010876
0.0010858415271835671
0.0010842139448899546
0.001135754447644338
0.0011334229123121328
0.0011312273382009634
0.0011293341763050566
0.0011269870724314962
0.0011250663801514085
0.001122612446087492
0.001120375836284927
0.001118642402809499
0.001116421568627451
0.0011142913058368805
0.001112250628769565
0.0011102985984156
0.001108596183800623
0.0011068182922680662
0.0011051265254627943
0.0011034800198650627
0.0011859857826780791
0.001183967558564756
0.0011817853270690278
0.0011797813616192226
0.001177529708318329
0.0011748643696331692
0.0011726314279566807
0.0011705745480579915
0.0011682326462077095
0.001166482360075625
0.00116403246475865
0.0011617166406138978
0.0011596978401957653
0.001157399214242735
0.0011552321062672224
0.0011531544239517578
0.0011510842016333425
0.0011489406556340254
0.001147006208565716
0.0011447976473883208
0.0011425576519916141
0.0011405650505755143
0.001138817301664693
0.001136916765176274
0.0011351407643975422
0.0012719207042351146
0.0012692813170090613
0.0012674402541787539
0.00126573547163304
0.0012632955836287907
0.0012613417651910915
0.0012591347308470854
0.0012575383771929822
0.0012555164038178645
0.0012536293766011954
0.0012514065536877279
0.001249191599441778
0.0012470692174385808
0.0012450385045968042
0.0012371599503329946
0.0012356117743881128
0.0012335674410228704
0.0012312808241492816
0.001330551068030874
0.00132773579624965
0.0013032446992813154
0.0013015426517536221
0.001299758106767437
0.00129832531623018
0.0012964630797113535
0.0012946061776919148
0.001392584708178109
0.0013906419539848093
0.0013662289428306143
0.0013638319706047867
0.001361758387043464
0.001359825731071358
0.0013580328301140486
0.0013561553653719553
0.001354505704047079
0.0013523271844022846
0.0013503769255981647
0.0013484764180276896
0.001324748613698511
0.0013176219697958829
0.0013917408167921513
0.001389657304650633
0.0013877604082030614
0.0014610301830883866
0.0014589002634875386
0.001524659808932307
0.0015708948394112647
0.001568260724689089
0.0016626950902728583
0.0017353183918025234
0.0017331449247436146
0.0017087166992594497
0.0017065283514231745
0.0017792418233764022
0.0017761743609390635
0.0017737393060205115
0.0017711417443995207
0.001842961455716996
0.0018409714061887977
0.0018908406789692861
0.001887907472483406
0.0019540884082716757
0.002024858186257486
0.002000966853731846
0.002066345538309774
0.002063357330734489
0.002060830612074019
0.0020585037427340784
0.002150099725363659
0.002147341634858061
0.0022326356346974905
0.0022301275250161227
0.00222672275016877
0.0022232591901280656
0.00222063408217589
0.002191948030453493
0.0021881295521462892
0.0021852172836449185
0.002345182895414735
0.002342069788740366
0.002338244056791798
0.002335652566549679
0.002332564693825263
0.0023288414116298824
0.002325985426822414
0.002322994172101616
0.0023197977821265495
0.0023166809169007777
0.002313501865235467
0.0023105426120501498
0.002307099704010056
0.0023548468742090618
0.0023514188376348335
0.002348285226802355
0.002368277781138468
0.002344355528713071
0.0023415271703614337
0.002339128426084948
0.0023363126586214856
0.00231339545135758
0.0023109643196717214
0.0023074309469560705
0.0023043222258814612
0.0024555528980307745
0.0024515949296559413
0.0024495476687543495
0.0024458275016626466
0.0024430629505140943
0.002440522176660526
0.00250680120690508
0.002556197816313424
0.002622022223538004
0.002618843450920095
0.0026149196128816303
0.002610678619171189
0.0027646874018221806
0.0027621653964237025
0.0027587558168013717
0.002755435527114034
0.0027522039132899393
0.0027488993664645995
0.0027456830569124718
0.002743115423205432
0.002739832652266978
0.002738581146744412
0.0027352318832139463
0.0027320497159366336
0.002729271387202061
0.0027069123978135734
0.00270416545858703
0.002696206197509412
0.0027538328030083884
0.0027509680402242383
0.0027477126446734204
0.002746206657820342
0.0027433577315428503
0.0027401203120052957
0.0027372052903967795
0.002729117607642678
0.002792916833993077
0.002789476197297426
0.0027864426828453958
0.002783893257088396
0.002780474803434424
0.0027782533432250942
0.002775085979212981
0.002772873118034592
0.002770584943421639
0.0027673563741094434
0.0027643707531277797
0.0029121533488345713
0.0029250698693254772
0.0029216768048285937
0.0029187865083851513
0.002915490306794654
0.0029782553515525843
0.0030407182029900076
0.0030378939270267473
0.0030773412821161754
0.003073452039918365
0.003069658719027582
0.003065788859317364
0.0030610055323873225
0.003057155103333892
0.003051964370479993
0.0030483893459768508
0.003044653054402629
0.0030422801792523726
0.003097800394872222
0.003159434783413893
0.0031561031561031555
0.0031527785477998924
0.0031419894959340577
0.003181059369322006
0.0031783331490287136
0.0031756115975655782
0.003255600018398417
0.0032523687427053745
0.003249054386544746
0.0032277592801518936
0.0032249195832073233
0.003222616005934228
0.003218813457000164
0.003215548671838591
0.0032489821255774027
0.0032452492978808753
0.0032417021896746444
0.0032378976864361276
0.003230879719275278
0.003228238457276252
0.003288954232350458
0.003285823087803285
0.003282519496752805
0.003277857718169394
0.003274923597171738
0.003272083401087682
0.0032683631113517406
0.0032650927152914865
0.003324149604739523
0.0033206515384546186
0.003316624445282882
0.003313588224735235
0.0033109138193883943
0.003307881199476617
0.0033042388433821212
0.0033589096957664846
0.003355938563808399
0.0034146384999152127
0.0034114416149511363
0.0035064009569621517
0.003503217915563724
0.003500507531668322
0.0034927065524895944
0.003488192230936784
0.0035067387595514826
0.003620206652039569
0.003616458926628013
0.0036136771827186124
0.0036099429570720736
0.0036067892503536063
0.0036474351708416764
0.003643676816019546
0.003640983282982385
0.00369916799807072
0.0036914612996413443
0.003670990199323883
0.0036675135170347204
0.003718165321319066
0.0037934199043267985
0.0037735377541202775
0.003770273020200922
0.0038090997863671552
0.003804715440470272
0.0038009370741632588
0.0037991499397345323
0.0037916064035467016
0.003788937024054752
0.0037848907014358148
0.003777302723301421
0.0037739633672965265
0.0037706299104475387
0.003750290480640392
0.003747663886181693
0.0038345351362228455
0.003829233006367871
0.0038264579843895006
0.003938058165614227
0.0039353099730458216
0.0039326671881687895
0.003942526786175162
0.003938968640755598
0.003989425353378032
0.0039852366851208096
0.003964905058405805
0.003961948836611389
0.003959403905447071
0.003955540886615203
0.0039955559464563625
0.003992176391253669
0.003988766100702577
0.003968843091654599
0.003964885107647273
0.0039612385842874055
0.0039576997780581425
0.0040140808293528335
0.00401080745236093
0.003990970703899478
0.003970859081546105
0.004026542994663801
0.004005725315472865
0.004002066190597021
0.004074673678415693
0.004093310071570943
0.004127012261365186
0.004124297053014887
0.004301861846240546
0.004297732128421298
0.004336221703765943
0.004333268470338395
0.004330210103803573
0.004326720109764642
0.004322256767847411
0.004315910037484384
0.004313308263122392
0.004309087063597618
0.004305305835918084
0.004333586232729478
0.004330331812308384
0.004401289756985391
0.0044557236526543455
0.004452162723684416
0.004445890687777859
0.0044428962245211924
0.004439795112860053
0.004419870825400782
0.004416350506153132
0.00448711116795271
0.004483097651702305
0.004480425960610706
0.004476979735645346
0.004510349143376668
0.00453166128075075
0.00456967188955305
0.00462435066809464
0.00462114923853087
0.0047045558014208455
0.004700723595125257
0.004771124837474148
0.004767714539231844
0.004805832474133091
0.004835935851445455
0.004833080264878319
0.004828351306099034
0.00479238553912363
0.004804634708641389
0.004800627507049527
0.004793952002689869
0.0047862281687216165
0.00479787116217524
0.00484688261174966
0.004876131355345375
0.004907803150567836
0.004937111523316738
0.004934341586372323
0.00491520189830729
0.004946045356003217
0.004942433610009008
0.004955404200113518
0.004947258409488627
0.004980810338126702
0.004977666650483083
0.005010187745597441
0.00502332592351498
0.00501943281550935
0.005017245592921009
0.0050131193689802395
0.005082488419850634
0.005080646182064641
0.005073186213462954
0.005069443247312202
0.005114255624348964
0.005137599935719741
0.005185577687323879
0.005177199146492117
0.00520855880773147
0.005204377573747379
0.0051971240071739715
0.0051937556510397945
0.00517365441811379
0.005169686511360371
0.005191289557530607
0.005236282981083003
0.005253211491998184
0.0052491493142716
0.005244886096712293
0.0052412102691432325
0.005238333850326504
0.0052357103108355224
0.005231592911215438
0.0052273575096633915
0.005280025384737429
0.005366653985162642
0.005397626969038567
0.005393585428851888
0.005405181697272537
0.005440729122911615
0.005437505712999233
0.005451411206206377
0.005448443784774935
0.005458251832433024
0.005485895445134577
0.005498270483747272
0.005495026360122772
0.005491008959595349
0.005482940454307756
0.005482991755481395
0.005478605155648782
0.005474611721525593
0.00546696497105351
0.005495195823855822
0.005488059753203979
0.005485356148652574
0.0054820125171088745
0.005474383132350005
0.005467020102351407
0.0055341514618670986
0.005548975518922664
0.005546251554222756
0.005699898673411393
0.005711445234443707
0.005707714963011634
0.005703856600915425
0.005818532855572686
0.005815010413218097
0.00580774906476681
0.005802005235376324
0.005794895236949427
0.005791126549565337
0.005772156355578444
0.005768942460057521
0.005749607704811923
0.005746277147496471
0.005760437554667578
0.005755658197835866
0.005821713717171962
0.005803476525957942
0.005831038108253522
0.005827636264354351
0.005825080755468117
0.0058218559460445326
0.0058036666199307385
0.005816819097246359
0.00581280112453292
0.0057930675223404
0.005790097497222002
0.005810560758225241
0.005806822345972706
0.005802955486847739
0.00579935993429255
0.005796167626071838
0.005792580477610933
0.00578948979031055
0.005854821835308283
0.005851739926986498
0.005864861957226851
0.005860701807297389
0.005856459007719516
0.005853917954484835
0.005865208802659123
0.005861061320442776
0.005891617527479728
0.0058885298183439655
0.0059452003099383505
0.0059731200724262145
0.00597993264334926
0.005961508878707826
0.006003712651223361
0.006000439609776177
0.005995384373640944
0.0060570940275901635
0.006049331086948695
0.006144394521181095
0.006140080321499171
0.006136188828957421
0.006133273445124658
0.006130915400739758
0.006109908764970428
0.00608953733295975
0.006136185113015629
0.006159859476281487
0.006157081010121685
0.006153195365777035
0.006195961058506927
0.006283086527438365
0.006312804210233112
0.006309679622116097
0.006305423801515721
0.0063023065133441854
0.006299050824154173
0.006306739693001173
0.006302737351876397
0.006347788437912582
0.006329574990709852
0.0063596479044079135
0.006355661556941529
0.006380018533608767
0.006469779046511676
0.00646659751986714
0.006460470761466613
0.006448989928364258
0.00644344852813771
0.006437000183457542
0.0064339864050290616
0.00643811671178585
0.00642911269185962
0.0064881606094730915
0.006537177851629556
0.006571620683224899
0.006568845505571509
0.006561495220028138
0.006557707753036136
0.006540003187833477
0.006519195863262421
0.006501378351515299
0.006546371541411021
0.006555310631436883
0.0065994974652295035
0.006595993384807266
0.006577315608030571
0.006574263084709201
0.006571068240595671
0.006553012841730471
0.006536273880698184
0.006549292238961949
0.006532281470897517
0.006514277566888672
0.006510141308739938
0.006492168432798414
0.006528485480060385
0.006524896270265529
0.006506658346105711
0.00654569822864661
0.006542392683377999
0.006562187769193393
0.006590465712293983
0.006605552930936739
0.006615084343717875
0.006612475529069373
0.006594979226295775
0.006617949082294942
0.006612870970900598
0.0066338884585369655
0.006631278289955745
0.0066279460621112805
0.006610636657397439
0.0065927659370825335
0.006574601223595795
0.006576669019631095
0.006617991597770742
0.0065960879112524655
0.006652449440016244
0.006696098627664171
0.006691880821690877
0.006688534372037693
0.006683824381371516
0.006680113156482846
0.006672144978364863
0.006653193225676983
0.00665016307846626
0.006643954792601602
0.006640355839797498
0.006704475962242759
0.006772290092633036
0.006755223740030905
0.006760222970125413
0.00676972532660469
0.006776786402172794
0.006772979794562525
0.006781852351923608
0.006777046937407802
0.006772088831749759
0.006817172579413055
0.0068135001670168015
0.006809831709149005
0.006837479348781825
0.006914997254757119
0.00691246870184729
0.006920367961967444
0.006928622324397002
0.006959537802375612
0.006986882840735102
0.0070062078173318
0.007030974374060732
0.007075023159853966
0.0071805910897950135
0.00717843697401424
0.007175976709435707
0.007217713236340788
0.007249052347804831
0.007272888523690589
0.007270866851340257
0.00726760344611075
0.007328887021260441
0.007311677268328057
0.007306041235527317
0.007318880434040219
0.00737064952406261
0.007403507456800995
0.007402303317931311
0.007395758392478582
0.00739276689929192
0.007374806325803193
0.007389236169703222
0.007384049138226253
0.007378634989528936
0.007375657901236034
0.007366479326239925
0.007360534206356842
0.007387527221948861
0.007430316115324275
0.007468937875388531
0.007465457401912888
0.007490526195402229
0.007482964588483931
0.007452854379690871
0.007432532530857828
0.007429616150128535
0.007425378278869351
0.007463380923652118
0.007487114589111463
0.007482448026951307
0.007526206888438338
0.007523986066508986
0.007520657289965846
0.007513663499386207
0.007573005178621192
0.007644702568747343
0.007637397812139169
0.007631486066877376
0.0076263973824590705
0.0076684597918294595
0.0077689044324925184
0.0077661332004779066
0.007788906797862897
0.007785404683467413
0.007795949629048944
0.0077889113611627914
0.007787093354654131
0.007781322364437643
0.007777415015619848
0.007819226447272037
0.007797721138022141
0.007795928595911878
0.0077880055822153816
0.007858323677579902
0.00785497362967149
0.007848382259999682
0.007855345170072517
0.007850843966693293
0.007847244988400129
0.007875672879447071
0.007873260971915149
0.007870638409239739
0.007901304851617526
0.007898674295769823
0.007944319839591102
0.007941892467151802
0.007979484808645784
0.0079725122183467
0.007970194868174234
0.00796375836205602
0.007995859492626498
0.007991879968180746
0.00799770738505118
0.007991437127877872
0.00802059976681365
0.008017113199194717
0.008015122235464862
0.008011640427369526
0.008019163372689625
0.008014138915550133
0.00799476632516216
0.008061463773915001
0.008057923434971172
0.00810308939392894
0.00812483867986831
0.008118552427950718
0.008115037613268266
0.00813469653097829
0.008130842574601737
0.008127938858575488
0.008124425557296644
0.008121750794257965
0.00816656999842602
0.008162484633314733
0.008164260468941632
0.008258946172478293
0.00825946567688381
0.008299869615602204
0.008297537027068513
0.008283020786429247
0.00827603279452075
0.008270836767406663
0.008266419838197458
0.008256111182230325
0.008300660771410362
0.008327446343760857
0.008352387600790377
0.008355791728486715
0.008353570624890626
0.008350497199347988
0.008345553318912588
0.008452282925077303
0.008449866408965738
0.00844607181698784
0.008428006141464679
0.008503059944010823
0.008522647401726827
0.008503226563104165
0.008499691633478232
0.00852698900171907
0.008533484451800934
0.008530320074317957
0.008555008114232664
0.008583767131561238
0.008578281982422735
0.008616588880251358
0.008612758651509633
0.008635790796413287
0.008663542410016113
0.008660551887955356
0.008653112515167066
0.008655714371260413
0.008681981576928191
0.00866297476986783
0.008689215664416177
0.008684183502992118
0.008703694087535322
0.008697852097054181
0.008695035150035724
0.008691692394423836
0.00869682387344759
0.008781000967713878
0.008798199798854683
0.008838429017808075
0.008866412540501743
0.00890484005650026
0.00891641067016412
0.008938343020434334
0.008980528240611655
0.008992370973295166
0.008988563105283407
0.008997940240635691
0.009043832108405566
0.009069896730427202
0.009089271278209264
0.009086160080953058
0.009146789724391131
0.009143382510582953
0.009135919792297114
0.009118970333760884
0.009141411945842406
0.009135857679909636
0.009132538182553114
0.009128383869434504
0.009095639890789323
0.009088635829683257
0.009085353943851644
0.009128078736934869
0.009133775799902271
0.009173511520083433
0.009253217009702717
0.009245800839983748
0.009258783987102134
0.009285099947317854
0.009255634785996012
0.009251894314333419
0.009245231498353802
0.009238942835272537
0.00922218455904294
0.009205796633555424
0.00921522576766038
0.009244066252383496
0.009280069693342302
0.009335545887291843
0.00933240844179874
0.00936247554823192
0.009340031334981224
0.00933298850695184
0.009346694860803074
0.009342628168248494
0.009340542014565027
0.009344704077783551
0.009370532809349167
0.009396053904011586
0.009439074703977021
0.00943663610282931
0.00945710098055641
0.009461431326203078
0.009459132561573916
0.00943770564965175
0.009439247841441416
0.009446491314126696
0.009468789634841929
0.009465599594735067
0.009460537475990481
0.0094869571338587
0.009495169722740164
0.009534286342443398
0.009530420312784765
0.009526651002299692
0.009523637490980485
0.009508013623445808
0.009503505497345159
0.009506239582593407
0.009490074719116118
0.00947223038277087
0.009479008482918667
0.009468127104250344
0.009462706834301145
0.00946937250052616
0.009517161280319531
0.009540056043044556
0.009533391063519994
0.009582842996561489
0.00957869400819386
0.009573341570354318
0.009620448745385816
0.00961648892416805
0.009645109415402272
0.0096293562980444
0.009655418395174259
0.009668753692369296
0.009665735221390253
0.009659615985282114
0.009690818422338621
0.009700942143318576
0.009693509681074929
0.00968957836255049
0.00969075642734811
0.009734217657180405
0.009731599481309016
0.00972804098092902
0.009711703905467996
0.00973202265868154
0.009783666547986736
0.00976601877202992
0.009756822692676664
0.009779665121268403
0.00977595402019943
0.009796708950644247
0.009794494384413786
0.00983144828616413
0.009812291563227632
0.009821592288958798
0.009825606746551852
0.009853427751797787
0.009857047321758699
0.009966583781949617
0.009972524874651978
0.009969431607202369
0.009956771954241661
0.010002399971538234
0.01011205411977233
0.010106699996778207
0.010117122715525579
0.010142859457922841
0.010169903917907576
0.010225107169796077
0.010247758084943213
0.010330892456421008
0.010376607088304882
0.010434750932402738
0.010454821730636301
0.010461127173751498
0.010486848222590058
0.010477361357916014
0.01048449456425115
0.010487838570476995
0.010485392214144705
0.0104929192760746
0.010486511444420794
0.010482788938288228
0.010516762837819469
0.010511806052425443
0.01050956737618342
0.010547161857841712
0.010531200980642466
0.01050191181379082
0.010517797246556247
0.010511728425690174
0.010506307135947364
0.010528651427368304
0.010526617691338292
0.010523166678154618
0.010518663415665123
0.010540910616517787
0.010580071587974372
0.010572101782779484
0.010569221955461021
0.010605905031945775
0.010661299345701711
0.010773074085409973
0.010766296386111698
0.010764015478977011
0.010760848362370064
0.0107638814749406
0.010756698352153525
0.010734975241867511
0.010718826368847191
0.010729401052643675
0.01074457175868727
0.010766025586518235
0.010762976995592331
0.010758595211047862
0.010789194075359951
0.01081529674903384
0.010852470154255672
0.010846773318187715
0.010843444300058907
0.010876747179298438
0.010858920574602103
0.010920464405689126
0.011008227702561083
0.01103960732343182
0.011073283882627715
0.011087601515485143
0.01109593475880998
0.011088285509414519
0.011085724173558771
0.011074253336589577
0.011110444489829488
0.011079645987694748
0.011076211622326955
0.011096601705837003
0.011152274058903129
0.011146746222177113
0.01118127096657632
0.011214613407343536
0.011208650721931486
0.01125127657245596
0.011246594932666673
0.01123480097514995
0.011268241986176337
0.011264331731004856
0.01127532411995836
0.01129679486970561
0.011290811384619742
0.011321533162314278
0.011305834874583231
0.011290992581679348
0.011338065759849485
0.011333992587083478
0.011336693866417802
0.01137258344385325
0.011369621112997587
0.011353047183496175
0.01136419382751041
0.011361602516638786
0.01136261039416558
0.011359401539379482
