0.0
0.0
0.0
0.0
0.0
0.0
0.0
0.0
0.0
0.0
0.0
0.0
0.0
0.0
0.0
0.0
0.0
0.0
0.0
0.0
0.0
0.0
0.0
0.0
0.0
0.0
0.0
0.0
0.0
0.0
0.0
0.0
0.0
0.0
0.0
0.0
0.0
0.0
0.0
0.0
0.0
0.0
0.0
0.0
0.0
0.0
0.0
0.0
0.0
0.0
0.0
0.0
0.0
0.0
0.0
0.0
0.0
0.0
0.0
0.0
0.0
0.0
0.0
0.0
0.0
0.0
0.0
0.0
0.0
0.0
0.0
0.0
0.0
0.0
0.0
0.0
0.0
0.0
0.0
0.0
0.0
0.0
0.0
0.0
0.0
0.0
0.0
0.0
0.0
0.0
0.0
0.0
0.0
0.0
0.0
0.0
0.0
0.0
0.0
0.0
0.0
0.0
0.0
0.0
0.0
0.0
0.0
0.0
0.0
0.0
0.0
0.0
0.0
0.0
0.0
0.0002886280546469117
0.0002865603209475595
0.0002842524161455372
0.0002820078962210942
0.0002800074668657831
0.00027800945232137893
0.00027611596870685687
0.00027409776153494746
0.0002722323049001815
0.00027053837135900444
0.0002686486970538193
0.00026669037247755356
0.0005301289980561937
0.0005264081417792595
0.0005229213874847481
0.0005192557334487235
0.0005158627805003869
0.0005122513446597797
0.000508646998982706
0.0005055611729019212
0.0005020920502092051
0.0004988775255674732
0.0004958267911742831
0.0004927726675427069
0.0004898758981058132
0.0004869339392955689
0.0007257479235545521
0.0007212116355477202
0.0007169600892217
0.0007127583749109052
0.0007084382871536523
0.0007042804601299006
0.0007004981320049813
0.000696217219772569
0.0006922544419660026
0.0006880207935173152
0.0006837866585625285
0.0006799637352674524
0.00067618332081142
0.000672394471423235
0.0006686975258191545
0.0006651884700665188
0.0006616187605675218
0.0006579428320783683
0.0006542124009595115
0.0006506651243493349
0.0006471561084346013
0.0006436387041407423
0.0006406605922551253
0.0006370779358674878
0.0006337135614702154
0.0006300756090730887
0.0006266973052015876
0.0006234845860755109
0.0006205184776613348
0.000571951498512926
0.000569489054420374
0.0005667777551066675
0.0005642067253441661
0.0005611672278338944
0.0005585718435105122
0.0005560745584768004
0.0005535259603675412
0.0005505637773079632
0.0005483899271738176
0.0005458038599248973
0.0005431004518595758
0.0005405288534301961
0.0005379814934366257
0.000535698980029142
0.0005330604064052538
0.0005306503650874511
0.0005282620179609085
0.0005259614575443911
0.0005235492450419885
0.0005213546880213546
0.0005192107995846312
0.0005168920315924409
0.0007002801120448179
0.0006973500697350071
0.0006945295583609103
0.0006508430451318975
0.0006481931615621456
0.000645252354162886
0.0006428413588059223
0.0006401024163866219
0.0006377678126557051
0.000634920634920635
0.0005925925925925926
0.0005901445854234287
0.0005878549174063841
0.0005856172405715624
0.0005836348780203105
0.0005810237638719423
0.0005786702158439906
0.0006724303554274737
0.0006697282816685802
0.0006666285736053178
0.0006641618277733501
0.0006614131564525579
0.0006589103505403066
0.0006565372350403302
0.0006538145408353883
0.0006515870799590432
0.0007791629563668745
0.0007763544612654578
0.0007736943907156674
0.0007707553402334288
0.0008596250571559215
0.0008567574464982319
0.0009447502770661871
0.0009415684357289008
0.0010647897491427541
0.001060712295273538
0.0010566659502829717
0.0010529885242098124
0.0010493925973356101
0.0010104770515343298
0.001006995972016112
0.0010035387946970898
0.0010000526343491765
0.0009966428871170795
0.00099304865938431
0.0009898926747942067
0.0009863980895026478
0.0009833859531080175
0.0009798865394533265
0.0009767633148262391
0.000973610043556239
0.0009707249782864152
0.0009676597911892032
0.0009643690995837987
0.0009613438575187211
0.000958530925234588
0.0009557824840283718
0.0009196094168004282
0.0009171711107775945
0.0009059326119117672
0.0009033648267860103
0.0009832597954158612
0.0009801983460182532
0.0009767709102848233
0.000973701867216522
0.0009706520497887405
0.0009673852957435048
0.0009642342035749592
0.0009613365000888631
0.0010551072021134362
0.0010523102628365788
0.00104932634850451
0.001046158760581377
0.0010429604152733991
0.0010400292160879024
0.0010374101175203523
0.001034460974762311
0.0010317722854937543
0.0010287581083415793
0.0010258578834437503
0.0010152125698934809
0.001012271849498536
0.0010094421667287863
0.0010066750298130683
0.001003690492734825
0.0011393379522709774
0.0011365556221106141
0.0011339432108981133
0.001131083394472976
0.001097594438854843
0.0011401468509143974
0.0011369838093505545
0.0011340954454726907
0.0011309658448314859
0.0011280061363533815
0.0011251125112511247
0.0011224856321839078
0.0012539746517981098
0.0012505582849486375
0.0012474938739140118
0.001318167007316567
0.0013146621761351881
0.0013110600436037941
0.0013074775965917433
0.001303685474893068
0.0013005421361039259
0.0012969601585497356
0.0012937362813076907
0.0012904722548465202
0.0012877275226437475
0.0012848274866464552
0.001281663570513097
0.0012782397633102096
0.0012750533659976213
0.001272100967654331
0.0012692165083711242
0.001387584322431901
0.0013559370163706316
0.0013525954252531685
0.001349670708612453
0.0013463029534080489
0.0013434620524723916
0.0013408589921794919
0.0014083322823390922
0.0014054961191525062
0.0014023777628935025
0.0013999164229001248
0.001396007834312622
0.0014830831496805126
0.0014803746593062986
0.001477737266600375
0.001474255638683365
0.0014706084470649673
0.0014669792566391088
0.0014639685862441673
0.0014607309115233914
0.0015527950310559
0.0015493130019977978
0.0015459094422521453
0.001542332981573179
0.0016605240775991246
0.001656900383915942
0.0016525594518339373
0.0016415410385259624
0.0016383138073075476
0.0016350337684525231
0.0016317668371696498
0.0016283830488647837
0.0016254013746251617
0.0017409378558000366
0.0017370743177194785
0.0017275940285910213
0.0017238429855381413
0.001719972690509952
0.0017168619433304496
0.0017133589683224774
0.001709200981159647
0.0016994842944210028
0.001696501696501696
0.0016675750733213938
0.001664658712577565
0.001661365810772373
0.0016557616116251756
0.0016525625668173678
0.001732002209973146
0.0017286040368290113
0.0017249542528823879
0.0017793957974069103
0.001776332568222392
0.0017730090241449969
0.0017690236716448233
0.0017655931150740835
0.001755650843041273
0.0018408393621453735
0.0018375680580762254
0.0018343083600679377
0.0018057386827400013
0.0018030895776908417
0.0018868160604581913
0.0018832109495978823
0.0018794087589421474
0.0018751321172330612
0.0018713624461735108
0.001867399757287565
0.0019502428534351715
0.00194438275717423
0.0019403609859397705
0.001936213081723918
0.001932153934802065
0.001928607266541846
0.0019254969517037476
0.0019162275565964093
0.001913147255102538
0.0018854850474106495
0.001967209135811459
0.0019635632434527707
0.001935398080317207
0.0019314055469098717
0.0019282651635592813
0.001918707397121939
0.0019157364061937344
0.0019130497321011184
0.0019089995693985936
0.001905239408373026
0.0019023099477937495
0.0018993216708318458
0.0020037079292641187
0.002077327354047289
0.002074153044302298
0.0020701804166371094
0.0020669546946195435
0.002063593079715269
0.002060024235579242
0.002056250366977864
0.0020530678766986763
0.002048959722904819
0.0020455846446804284
0.0020421492133468624
0.0020384404940686153
0.0020348870992109146
0.002031558185404339
0.002005073496194878
0.0020017346053772768
0.0019981991965646213
0.0019948831420273823
0.0019915780753831285
0.002034930483741239
0.0020318487414240152
0.0020282883811487146
0.002025018294914014
0.0020219664794264057
0.002046723646723647
0.0020434401702108295
0.0020387290331378705
0.0020350518972264767
0.0020319401970778123
0.0020285627056548733
0.002082133622393099
0.0020793162161857406
0.0020764362768281425
0.0020731446816643624
0.002069793806332851
0.0020664537457275737
0.002063262954136037
0.0020598748882931193
0.002056842011332709
0.0020534749830176287
0.0022062094119740245
0.0022029024127555165
0.002199824812338534
0.0021971937052172284
0.002194132023931965
0.0021904982721119987
0.0021873105120996644
0.0021827427929861647
0.002180007255697372
0.002176704975796095
0.002244801771288898
0.0022412642130951997
0.0022372244434248766
0.0022344418259579303
0.002231155559913282
0.002227806241773543
0.0022245394508168233
0.0022207764042507052
0.0022176742574364643
0.0022144370918212885
0.0022059538077807655
0.0022027429162893002
0.002222294001744243
0.0022196412440314882
0.00221606648199446
0.0022131437578408984
0.0022101577307334
0.002185301601556654
0.002182152046034441
0.0022271263779611514
0.002223428486280521
0.0022199551545679648
0.0022164221069272483
0.0022131816207397056
0.0022093195422721416
0.0022067289917076013
0.0022684349908735062
0.0022652085045409536
0.002262276797457833
0.002335993346963652
0.00233268426204492
0.0024237647654075938
0.0024202649638189713
0.002417229863384675
0.0024139000329476525
0.00241050400026202
0.002407718856833556
0.0024047151218657323
0.0024015692556418307
0.0023990286241756423
0.002396344396344397
0.002393889125446503
0.0024837177437096822
0.0024746366876885117
0.002470812137911545
0.0025081491148400605
0.0025053655471683717
0.0024818296318126977
0.0024785479997657127
0.0024751230140451705
0.0024720107020910565
0.0024687549680658207
0.0024655077986168172
0.002533161706955232
0.0025093502400197537
0.002506139690469663
0.002503927672846592
0.0025255244173341728
0.002522381501620256
0.0026100330701864546
0.0026071089733053034
0.002603404013920145
0.002599788065834746
0.0025961821484209546
0.0025925081582675222
0.0025893116696953946
0.0025858123897045155
0.0025824000045702403
0.0025790738640821013
0.0025757562807341436
0.00257313911160065
0.0026401873144767823
0.0026373528058485714
0.002634288948369554
0.0026306060528798352
0.002627694563322238
0.0026253538412811532
0.00262332858612232
0.0026201412554946414
0.002617426485099665
0.0026146400126173014
0.0026118594666981764
0.0026580311390437977
0.0026548194428071834
0.002720858113014976
0.002718057312039842
0.0027147039528439523
0.0027108816598711296
0.0027715103388324005
0.002768265675456825
0.0027649477705020266
0.0028104651502321373
0.002787905303582714
0.00281395371422467
0.002810759948004579
0.0028073286052009458
0.002785360281875557
0.0027814025421680926
0.0027783410093753925
0.0027757680991655816
0.002773360319984579
0.0027700764358189415
0.0027663215374114348
0.0028017862287525214
0.002798239051619958
0.0027950221302523426
0.0027914119234191573
0.0027880508012958346
0.0027855751604033002
0.002782785360689044
0.002779603852859634
0.0027762710896685606
0.0028159575681533026
0.0028073622660135934
0.0028044074000322405
0.0029435051646852462
0.0029218996776357066
0.0029185018307745707
0.0030456034408323615
0.003042414146764187
0.003105552009866888
0.003100861227026546
0.0030975360005160196
0.0030949158550241268
0.0031469075448796605
0.0031911529209967355
0.0033643805025383956
0.0033609787022324924
0.003357677985192785
0.0033540076717945414
0.003349595121463559
0.0033735262165702764
0.0033655732493818665
0.0034087919447035445
0.00340546610861332
0.0034017678133850975
0.0033977940066275136
0.0033945839089220193
0.0033906268585702365
0.00338799394626118
0.0034300302581838213
0.003425854932245679
0.003421595213753483
0.003418100706109979
0.0034139543554519273
0.0033924882444370096
0.003371246671279694
0.00336735441881409
0.00336384059335509
0.003355854178831709
0.0033524514217854835
0.0033485055259888947
0.00334557506853418
0.0033379132138661068
0.003398231767868189
0.003412303954732621
0.003404975675551191
0.003465324126004699
0.003462308998155655
0.003459299112582686
0.0034557157929561177
0.0034484786959942614
0.0034416259879007562
0.0034377133554978805
0.0034339024524946246
0.0034260613040935427
0.0034182353906732975
0.0034693976021835243
0.0034659397929151054
0.003462954808703315
0.0034551215908129092
0.003451873162100457
0.003449186230553836
0.0034466883621359257
0.003442902213200989
0.0034398608615658034
0.0034992301561606594
0.0035767869885842923
0.0035717598224976077
0.003550830524356775
0.0035626212385975577
0.0035581640501551994
0.0035555140011219676
0.0035347724295190603
0.003530924981562963
0.0035230397968133405
0.0035194927678999285
0.003560632222515253
0.003557148053673799
0.0035546098524145376
0.0035346560199357438
0.003586177049601913
0.003583056496848067
0.003578372081984323
0.003570971777383977
0.003646474525563467
0.003643983306138272
0.0036406219528659924
0.0036373753194295596
0.003633053882051338
0.0037075061462431857
0.003764849037381338
0.0037438874164769115
0.003741247915726334
0.0037380269091722255
0.0037348114440625448
0.003726581380670904
0.003722413378814564
0.0037190276957954505
0.003698627426978892
0.0036776885535672594
0.0036742574294081273
0.003726062282440414
0.0037410479515742664
0.0037373748558927992
0.00377672971049497
0.0038813348903861795
0.0038781235426516383
0.0038756270680258714
0.0038724362666937517
0.003907409336157021
0.003903496207633021
0.003898080711831351
0.0038945837792435235
0.003892089809098004
0.0038848354103025195
0.0038811598813644475
0.0038783830198165182
0.003874422960574842
0.0038712607310051636
0.003868892444253765
0.003865936157523228
0.003863476034223882
0.003855406301687292
0.003852467356469388
0.003848451954762559
0.003846011220627521
0.0038850396170684105
0.0039410864500143425
0.003992221229063334
0.0040031404591823316
0.004000207236853859
0.0040357882136265845
0.004047029491667349
0.004044376705412884
0.00404162556737383
0.0040733893689874874
0.004108246266391183
0.004099106059717982
0.004096430604526501
0.004098789697876709
0.004095707823871438
0.004090756049134252
0.004087889581770811
0.004142903081308064
0.004137717669363557
0.004192563343958962
0.004189634553638348
0.004243296336754283
0.0042366086040897385
0.004229613007241444
0.004226772434368884
0.004224565736349747
0.004279914172085408
0.004308601668005767
0.004301686447290776
0.004298593243547374
0.004344952069183985
0.004340865030750671
0.004337751144340802
0.004332886740133944
0.004325773303172342
0.004322676906228274
0.004368768736060302
0.004401968812320016
0.004394061597095764
0.004386932791756294
0.004366766850852546
0.004363655548246415
0.0044160818376369464
0.004411472810785556
0.004408120792129388
0.0044624692683379414
0.004479809525701592
0.0044764126591483365
0.004473567643891599
0.004469852691399297
0.00446723408460374
0.004464074025367388
0.004495127526204628
0.004459687621301934
0.004457183051777649
0.00445392963349168
0.004450789173977195
0.004447977352363213
0.004445277026141526
0.004442291061147998
0.004471719453529701
0.004574771271245283
0.00457177992124229
0.004569677241120685
0.0045970006331390945
0.004593556104964791
0.004625406104498795
0.004606010165106344
0.004653559902522561
0.004691277227806141
0.004723913546465049
0.004719819738235283
0.004805078509699968
0.004801613058939312
0.004846445410143814
0.004871780504659985
0.004904150202897628
0.00498842398326873
0.00501291246678701
0.0050094315276414305
0.005036746328026125
0.0050330126391246975
0.005026503080518381
0.005078872222752996
0.005060048590555612
0.005056114848566783
0.005053221644705127
0.005034565841905297
0.005031208905187907
0.005062689251193362
0.005059076914945632
0.00506932841914301
0.005090316408175338
0.005175501462355193
0.00517230913368701
0.005169365862176946
0.005166793246040592
0.005163978555262313
0.005160105259044859
0.005156687647462561
0.0051383658490545565
0.0051907087346595914
0.005210103436229825
0.005238743330362605
0.005287334378457864
0.005284094437523622
0.005280702443109704
0.005278588769594615
0.005384788331777821
0.005381243125605803
0.005376818177071919
0.0053735085969518264
0.005370104050850273
0.005366955537687251
0.005362652357590022
0.005359637655618173
0.005355121952669234
0.005352491304911251
0.005350238520206024
0.005332156592586168
0.005329042888138474
0.005326181490066169
0.005321270996694455
0.005317667134132133
0.005310438379779921
0.005306728936932911
0.005304011970756217
0.005368653403956556
0.005364108989379199
0.005398957767378826
0.005395028464468723
0.0053915236549050205
0.005387648637903674
0.005368707006102748
0.005349789935091413
0.005345952653155509
0.005355690588576811
0.005351853690694953
0.00534789878415032
0.005344561115389647
0.0053604531324392074
0.005357487528253538
0.005351330072566773
0.005348372855856168
0.005330690383280783
0.00532737985240516
0.005320486880680905
0.005318408469977941
0.005315232863230298
0.005312304898010009
0.0053003257506480704
0.005303644849432905
0.0053002421168408115
0.005292627532534103
0.005286268535902307
0.005281916105491263
0.005279259813388652
0.005310513805864614
0.005346392163857743
0.005376669172921089
0.00537397047287308
0.005354973168798353
0.005386469627423053
0.005413891920906592
0.005427626782220249
0.005423282043320715
0.005419583930778389
0.005469636483516858
0.0054675249424999675
0.0054924141917174355
0.0054899222272920736
0.005560622988404046
0.0055715748030413905
0.005581764655578607
0.00563351528190326
0.005615115995484377
0.005596485225402964
0.005593323154965757
0.005590669775859986
0.005588271267816061
0.005584992431967366
0.005581717441479733
0.0056316749993485845
0.005626874156365443
0.005620586624279824
0.0057045989323587076
0.005702288442714172
0.005743502189260943
0.005793889683602844
0.005786760773280662
0.005813606807051203
0.0058106064041215
0.005806827698786265
0.005840534737715505
0.0058373950872719
0.005816479909251188
0.0058645147625259976
0.0058605323732783534
0.005895428369611396
0.005944262174854413
0.005941209479145448
0.005992574343204858
0.006056827516950221
0.006038856287473845
0.0060648009238224365
0.0061258892305204515
0.00616082036461933
0.006179044018175133
0.006157619092527443
0.006154196443677738
0.006164521288190706
0.006146564496926546
0.006168393836296417
0.006198394025976407
0.006241405265557499
0.006237255303059067
0.006262920135381206
0.006256318382159686
0.0062661338854554625
0.006264889220012748
0.006261150227772687
0.006282745980960898
0.006327602740634215
0.006383397222451545
0.006379281726220499
0.006374857265784798
0.006407767829915596
0.006404803166133001
0.00640141833632684
0.006398318717015754
0.006447403670787092
0.006468332327064786
0.006465772976368242
0.006493997090503733
0.006490717149946801
0.006487582914272989
0.006514417598955849
0.006511703020168671
0.006507278824108767
0.006504997719422709
0.0065022909839168395
0.006513148800464353
0.006507734948543413
0.006586211458499768
0.006610008616346718
0.006605093720679947
0.0066023537957690705
0.006628416588254188
0.006611844525347183
0.00666282364683638
0.006659337766960983
0.006689411897404745
0.006686643462944918
0.006716682663817306
0.006710423860991914
0.006707654512267213
0.006704736872200981
0.0067018217692130675
0.006699637104939718
0.006759034633977598
0.006756685861001388
0.006836081105112335
0.006833114635410188
0.006828687320511923
0.006821880017197591
0.006814721552339088
0.006856973537357322
0.006871748068466179
0.006867733849559892
0.006878631711006147
0.006925532582246734
0.006968910994755917
0.006972883722068257
0.006985974022203397
0.006968270234919631
0.006997620823713401
0.006979777052651714
0.006976556174814751
0.006968749610929698
0.00699987985683814
0.007026320685482035
0.007022541549552579
0.007014918473318998
0.00701220424678647
0.007082504449512005
0.007103907270330559
0.00714736456665708
0.007144450842822323
0.00720445145980254
0.007200899349712818
0.0072125996164560625
0.0072068627927609616
0.007235792693004665
0.007282631083645477
0.007291013439545012
0.007323843485617302
0.007361320737327912
0.0073845236880123255
0.007366347154748736
0.007349131026376872
0.007374837389770714
0.007394518063189028
0.007441255722299238
0.007447594254835993
0.00747990668365375
0.007500451539355081
0.0074819546040884284
0.007518300848799404
0.007496439665326845
0.007539115028176656
0.007536073836152382
0.007564547637125193
0.0075859887958218625
0.007653118511945275
0.007649388605906651
0.007644528971452854
0.007647569610694852
0.007695531347053863
0.007679474035859819
0.007722249633858843
0.007717190786018568
0.007714093476662118
0.0077452095820088945
0.00775382459741828
0.007750880169183569
0.007744898779919537
0.007741307964696291
0.0077383725006383896
0.007770209330570665
0.007780643168237606
0.007808599027331264
0.007790567201775263
0.00783209146918128
0.007828800052119575
0.007818838663846948
0.007816047745917971
0.007811783134959484
0.007795266456758103
0.007804831886438851
0.00782835716719493
0.007853336175182947
0.00788228155877677
0.007908570480525337
0.007997324661898958
0.008031987261308588
0.008135357569836563
0.008129493721810722
0.008126249415608168
0.008150902591054596
0.008157425711849525
0.008175738081217345
0.008176757379001507
0.008174029690615377
0.008170111825344585
0.008167218424910637
0.008160516417148777
0.008173234230231944
0.008216114867519638
0.008195305368060615
0.008192237624920717
0.008211496796588785
0.008292362097738044
0.008314246897194033
0.008295496796981999
0.008293257285033651
0.008289222985337215
0.008393337619318094
0.008396327953247948
0.008408394041817206
0.008405257101576103
0.008412626463923371
0.00842622517538128
0.008409632974377806
0.008405978579384181
0.008395780070203467
0.008391740889776683
0.008403250682204187
0.008413203276797303
0.008409555181219918
0.008439786686200261
0.008435434396195207
0.008462473285266748
0.008444493257343167
0.008484436913441208
0.008480068896084617
0.008521353100321859
0.008514416872649004
0.008509514171013408
0.008526747226778542
0.008504251104565983
0.008562379339261338
0.00858189777239859
0.008577515216444032
0.008584760606375887
0.008593295446823261
0.008576106061894332
0.00857087409320266
0.008560711261318011
0.008616273301895338
0.00859824264694958
0.008595955459161109
0.008602151693222466
0.008598458574983155
0.008595822574275502
0.008607336781091369
0.008604696159812488
0.008598481551358195
0.00857014707490876
0.008611513709833813
0.008634013412152626
0.00862743356876919
0.008650794613329014
0.008678013584234798
0.008674124634938513
0.00869573443386824
0.008693079139677982
0.008689068743370403
0.008683556322381854
0.00872547681822943
0.008736741845707847
0.008751016454546574
0.008762073766509166
0.008760293653192659
0.008756557768565055
0.008752182450888803
0.008748807961419315
0.008745968303697787
0.00876020341819711
0.008757894830229613
0.008753349382113968
0.00877571031237586
0.008769633277476341
0.008779578497953227
0.008775225957568508
0.008771645246970437
0.008769513379485932
0.008822435579587333
0.008817878686620635
0.008801380977627195
0.008831030536014941
0.008852901110522714
0.008879197866573652
0.008953982322059528
0.008933565418843473
0.008941483835854799
0.008952719599343597
0.008961010323639922
0.008957942287962282
0.008941094414509673
0.00893615421176161
0.008983423449457462
0.008979449602272677
0.008975659662735993
0.009012052927503804
0.009062349142187735
0.009059983801194533
0.009071715649447368
0.009066187081225766
0.009085413022777279
0.009143626963668728
0.009140144654696617
0.009136664997157961
0.009133316172429193
0.009128911363257549
0.009233884113487821
0.009307069827460495
0.009304090909753813
0.009315004742897284
0.009358300689477876
0.009352351077687506
0.009344139222178157
0.009422407843075872
0.009414124268067616
0.009411101772408304
0.0094370919313143
0.009413846646772063
0.009480240822044557
0.009527713354488508
0.009571262412289804
0.00960065572295374
0.009594277859715516
0.009636812276692115
0.009656381080826639
0.00969916244084766
0.009700337607187531
0.009720534530908488
0.009756217824002808
0.00973871427963747
0.009736930760114419
0.009795115709062158
0.00981745720805054
0.009864497675984126
0.009861413774350382
0.009857698021019443
0.009894359903985812
0.01003783516540182
0.010079691732861587
0.010077096086950545
0.010073504321845594
0.010069936736909887
0.010062454538600857
0.010105589413737116
0.010161316117129499
0.010164345885827627
0.010158152665571513
0.010164103823076321
0.010158403724086577
0.010153477893789467
0.010162971305372782
0.01017163592657604
0.010176114600209715
0.010173305569620308
0.010245858075923805
0.0103054337006746
0.010298090688802868
0.010282091031315997
0.010308023544595214
0.01032773814527917
0.010325096520175606
0.01038741652988942
0.010364701354886876
0.010362867363337145
0.01038392574192288
0.010379877147713617
0.010370647170287526
0.010397257484737979
0.010424262549248203
0.010447533577832274
0.010465392965538093
0.010460015356420908
0.01050349204654608
0.010500234869080116
0.010559170159917
0.010540946689642271
0.01056334140219122
0.010577118909111519
0.010611083923099566
0.010635189649011481
0.010691602825783271
0.010697928085266796
0.010729287140826473
0.010725299338485398
0.010770792793207643
0.010752286512824305
0.010749344710768813
0.010745311962631609
0.010738380467991235
0.010752842360428061
0.01075778112353428
0.010829459818511232
0.01082324913097585
0.010908954116649166
0.010894924590266971
0.010961942276146948
0.010957011560267358
0.011012034657142032
0.01106962428611021
0.011091705714802036
0.011105104871969518
0.011160525752854032
0.011144786869363843
0.011142604474270408
0.011136975646504253
0.011133866585821025
0.011268726769972547
0.011265249106789128
0.011419126420428359
0.011437549082745137
0.0114331086956488
0.011455008200210429
0.011497035136586122
0.01149031119893093
0.011486891482955475
0.011484376745314042
0.011478481080192253
0.011484031676562916
0.011478536053645969
0.011500872895732029
0.011551337967194786
0.011554409968264127
0.011577442964182491
0.011571479396542723
0.0115749885112815
0.01157877344891725
0.011574575262072846
0.011558423675970177
0.011554852610281578
0.011559541530537417
0.01157809379342719
0.011571224213729999
0.011555243502393191
0.011548112820332685
0.011563679740876512
0.01161526532754275
0.011624946509793068
0.011593286123182136
0.011647274276981267
0.011658635445970419
0.011654212489934744
0.011652194832679586
0.011651335391624974
0.011628335544858035
0.01162476007078782
0.011649394769867785
0.011684868562569513
0.01172272604866314
0.011719350400456543
0.011763088176131654
0.011757745895820848
0.0117656469886035
0.011760755608321963
0.011755079546997867
0.011803411643930914
0.011827298426758278
0.011852676544697384
0.011874126035371114
0.011857951833625043
0.011895911739512897
0.011887166642982245
0.011869374059039088
0.011866845542185298
0.011859347277811273
0.011888382414093315
0.011886791721439086
0.011892119647463941
0.011886511508770467
0.011888802587194344
0.011886258004669078
0.01190940468417958
0.011930856611471126
0.01198047364155293
0.011970406883321393
0.011954266218601845
0.01195956812903338
0.011978662170651116
0.011986588478927907
0.011979073582049504
0.011977019752734387
0.011961678861749111
0.01195563657135466
0.011953622953024998
0.012005773396317698
0.012002118462163522
0.012021650206143757
0.01210993383320204
