0.012080617678431998
0.012082519469919582
0.012066671207523067
0.012009664738678498
0.011984038091268316
0.011996867881013722
0.01200954673205624
0.01198124717988302
0.01198197169943599
0.01200986570222539
0.012017624099105126
0.011986154328996003
0.01199272208523744
0.01199272208523744
0.011949611532027605
0.011953415404369649
0.011950456836992505
0.011967216740379753
0.011943350888137609
0.011870798708990786
0.01184376031336908
0.011843985604124694
0.011844210903451384
0.011819072720826074
0.01181929755480722
0.011769203708107072
0.011773008304058983
0.011773008304058983
0.011775544701360257
0.011765127355301455
0.011757472870588688
0.011758408921973681
0.011748637802897553
0.011694738334917007
0.011669373879396752
0.011669373879396752
0.011669595874105867
0.011669817877261467
0.01166842881851485
0.01165759851731757
0.01165759851731757
0.011617647219851623
0.011551061724075044
0.011551061724075044
0.011551501245467841
0.011552387093098906
0.0115561404070151
0.011533324554564225
0.011533544007034106
0.011497391404998147
0.011473878622470998
0.011489735026872732
0.011489735026872732
0.01149756487303148
0.011480242255365414
0.011480460714429094
0.011462065885279
0.011465614969720931
0.011466051347766935
0.011461194823915999
0.011465437247500055
0.011467927872165698
0.011468146130123412
0.011471536461911255
0.011447648578709961
0.01144998770387712
0.01138641493488293
0.011343271559294465
0.011343487469444632
0.011320386457048645
0.011297864917102569
0.011224894910947705
0.011153618581221547
0.011134371572975229
0.011093577780158743
0.011045828701118575
0.011047725243559507
0.011048994577095931
0.01101122619896014
0.010972083532005295
0.010985405368415826
0.010933852487932643
0.010924539071046749
0.010931884330905719
0.010871107559028396
0.01091024514588877
0.01089458233092367
0.010821989785906502
0.010823020431969045
0.010787347401938364
0.010801933187056073
0.010779642484174554
0.01075465297989084
0.010757562456703373
0.010731072540668603
0.010735450945615028
0.01074284714151727
0.010755755835112716
0.010711904288330918
0.010717825655591953
0.010721410537107033
0.010654680928550922
0.010638798231796075
0.010651910423751439
0.010652953625277486
0.010659713551330321
0.0106471129995159
0.01064838388169877
0.01062795240630634
0.010600828457154219
0.010617120830657509
0.010533600042609458
0.010505599600218395
0.010483554832596366
0.0104871329667395
0.010490511314495582
0.010481539369692523
0.010429538683721713
0.010430334360987736
0.010431130159668643
0.010367704904608303
0.01036810046001185
0.010368298249032454
0.010357049814271184
0.01037349455435357
0.010373890375952514
0.010377862103799158
0.01037944641952212
0.010349111307244337
0.010278651807108755
0.010252688087028249
0.010254058008511943
0.010235946949601634
0.010210849359533723
0.010211044301196594
0.010225552975110724
0.010216201494470998
0.010210226910144556
0.010210616836702132
0.010217567114240343
0.010218152491624475
0.01022288561457527
0.01019697802282914
0.010165727770076762
0.010166504521004753
0.010136386768564654
0.010118248550326333
0.010133477773834838
0.010068836727695644
0.010053296373394352
0.01005387276879082
0.010054257069108797
0.010055025757888714
0.010039845689024484
0.010043415341285684
0.009996228223647733
0.009996419326886696
0.01000026107592095
0.009932635815233374
0.009924024015930906
0.009927075331632623
0.009954686762721326
0.009923022790648734
0.009917785397596541
0.009918734068529124
0.009860372074734617
0.009805228147230843
0.009775174869091572
0.009800982176230209
0.00974781722051206
0.009716667922893035
0.009693631543426503
0.009694559287961027
0.009657839010189543
0.00967134167172623
0.009656849007605944
0.009622670997950293
0.00959614590405788
0.009599618156209506
0.009601453907297367
0.009605566040928307
0.009456336203483686
0.009456336203483686
0.009459433890155277
0.009463791849232737
0.00946493076801732
0.009481806460020259
0.009419014101129265
0.009420097306706992
0.009422639333080752
0.009424086921260955
0.009426907860317314
0.009427269383887727
0.009403882540798186
0.009346047125313351
0.00935973155910245
0.009334411321819062
0.009344720353250239
0.009313459435250016
0.009272599551743815
0.009273489265767203
0.009261584473130453
0.00926585012455381
0.009177333979084757
0.009178150048103271
0.009151161645884203
0.00912557955943966
0.009068503731681093
0.009070480395178028
0.009032183817042724
0.009002320394764517
0.009003185004867742
0.008946784342953843
0.008934538483178264
0.008908622993232824
0.00891204099919542
0.008915623869360697
0.008916804516497071
0.008917318670674619
0.008930990570796105
0.00894960162296373
0.008950117817085755
0.008965374825740205
0.00894934441592397
0.008941471094022465
0.008901765884927772
0.008908118284034015
0.00892295715093936
0.00892398731724503
0.008936266647625013
0.008956545683730287
0.008946431929503852
0.008960184112703187
0.008965711643807163
0.0089683490514806
0.008970545332384864
0.008984767809837209
0.008985286990518478
0.008986671765719776
0.008987710627261388
0.008980399856512217
0.008963451812840015
0.008964315576843103
0.008978498863191112
0.008980945199499792
0.009008977855507756
0.00896631109628963
0.008935378182961196
0.008936718433418728
0.008938866393658578
0.00896180929283551
0.008966755156427217
0.008980313918292588
0.00893614337333434
0.008937350913653504
0.008938558780366422
0.008938903945109935
0.008934022673102601
0.008925573712342257
0.008844706448718868
0.008814310121458098
0.00885508945332197
0.00885611605100949
0.008790859410511461
0.00879604855609871
0.008756477972585035
0.00876207051267016
0.008762748193207897
0.008767387644503053
0.008769864017320982
0.008713052414371878
0.008703806808206312
0.00864727521618731
0.00864959380431038
0.008607371922018206
0.00860857368889569
0.008582636878887218
0.008583966335089654
0.00858771197496802
0.008602287964942962
0.008587644169095446
0.008561352165236985
0.008534409197352714
0.008536763174821141
0.0084639472166758
0.008478020232401896
0.00849273101380577
0.008467460639589534
0.008451164598891722
0.008452640097570454
0.008415258745355652
0.008408325670061613
0.008422897396607435
0.008401437955644703
0.008386958066895064
0.008404442464608971
0.008406439000199608
0.008379742650505867
0.008351419554863834
0.008353042103396963
0.008312400673065143
0.008268510862220463
0.008269957305187342
0.00827188668320395
0.008273495186039714
0.008288070447019314
0.008233925243544287
0.008238930007145633
0.00824393691336392
0.00826047490439572
0.008263702069216824
0.008265150006890784
0.00826715221532597
0.008248957997984429
0.00825008281937307
0.008254294223522439
0.00821548076661698
0.00817129163482182
0.008156006006610471
0.008169476579528134
0.008171394068513103
0.008172509290943979
0.008173624817824946
0.008175218956029814
0.00813941726066958
0.008140052445503703
0.008143259534898039
0.008146416658936959
0.008148006886285076
0.008148643151073947
0.008151189204237852
0.008152617837471648
0.008114489156968453
0.008099633977684723
0.008100741912140575
0.008102958690615359
0.008103750691269314
0.008104756783463264
0.008105623379530259
0.008106257337129894
0.008108984495305315
0.008109777472470905
0.008114306733580535
0.008116211873099277
0.008077020408511177
0.008072729189518167
0.008075412080864184
0.008065087630716906
0.00803682052829298
0.008037292680678858
0.008045944191998592
0.008048389032726373
0.008049808362623395
0.008006021891003866
0.008007434109204232
0.007969982092583585
0.00796354881507575
0.007945407135057578
0.007904937665518667
0.00789948446381454
0.007904537854565968
0.007899316379615091
0.007900900672566089
0.007863147523238266
0.007877470265529925
0.007878862345334943
0.007881028781018627
0.007896362405839767
0.00786516919884929
0.007867642376672562
0.007869343588854969
0.007858621443689632
0.007860389337527963
0.007857884376961947
0.007818120018621623
0.007824358485696391
0.007828715941244948
0.007786693038050913
0.0077899979666184865
0.007734235515650399
0.0077356063208974665
0.007710259784442895
0.007713851741640447
0.007731031072754696
0.007738736521397888
0.007739804122660177
0.007715047360678218
0.007716264173147619
0.007717329198962195
0.007629953806270668
0.007646080389290029
0.007551425797608309
0.007554318950180635
0.007556617138996419
0.0075154818429877005
0.007516965913571415
0.007519272308766249
0.007505759957752355
0.007465599347564632
0.007467074820774555
0.007468698515064165
0.0074709137819653345
0.007486235745847691
0.007445233279275436
0.0074250173021864875
0.007426128928592696
0.007427304786233199
0.007399080393943187
0.0074017916901580084
0.0074026712154509336
0.007379193266769264
0.007342350966912596
0.007345854909422612
0.00728544816072568
0.007286603755643711
0.0072433032112610655
0.007198165601508176
0.007199453905378215
0.007201972882795521
0.007203545459600625
0.0072182118507150995
0.007198606116814297
0.007199432387673232
0.007202007803686947
0.007207274195472481
0.007209280475446565
0.007211950840012081
0.0072125246401783675
0.007180230551996275
0.007089230001425384
0.007092108858957124
0.00705992430750102
0.007064929399651631
0.007066617756540066
0.00707987670704322
0.007084184594669302
0.007086443537083449
0.0070949248603295115
0.007096905497379255
0.007112521070277067
0.007089862050243407
0.007058831488409905
0.007010059796604577
0.00696821217048281
0.006970438258549412
0.006972635214077888
0.006974309570073758
0.006935584492611907
0.006921007830356867
0.006937606403729622
0.006938858231625521
0.006880382441404868
0.006868147522278337
0.0068341618763804405
0.006836627796361089
0.006850931703258396
0.006845090958993148
0.00685022490174047
0.006851871590418773
0.0068679791267912
0.006836774897473941
0.006838693953704686
0.006780708572511949
0.006795959145786149
0.006771774111492748
0.006773812574500422
0.006778653671370815
0.006784314162497275
0.006786494474765783
0.006802071138986457
0.006804158619016933
0.0068056632375600576
0.006807168521689572
0.006809085301176361
0.006825878186160537
0.006805817090754913
0.0067222495320473155
0.0067245509768574015
0.006729675687273356
0.00670146014525411
0.006690984986125369
0.006693008347107404
0.006695432194943748
0.006697322758884153
0.00669907923878783
0.00670070142279916
0.006703271488144926
0.006705437283339092
0.006663837855601828
0.0066724581514801045
0.006677174936674047
0.0066797398617437324
0.006685407214242799
0.006695660740412844
0.006653715628792024
0.006655331654284768
0.00665762236793954
0.006662615545911592
0.006664100085917365
0.0066554341234842836
0.006596782624436483
0.006598788985866491
0.006603366947110492
0.006513155107355068
0.006515269725193945
0.006478273668276014
0.006480509959874705
0.006467437379688042
0.006469408638515898
0.006458004091435831
0.006405894181061907
0.00640693614990172
0.006320371912860893
0.006213802465496576
0.006215572707540387
0.006219713775664014
0.006208372490438265
0.006209384140910278
0.006183989345462743
0.006186636385337482
0.006140827951949671
0.006142330785400407
0.00609018241114446
0.006092369702635088
0.006096093506240395
0.006098085205499151
0.006099704419692078
0.006102945429131761
0.006104567225750295
0.00605848028606071
0.006060452648816301
0.006062178163658876
0.006050519611870239
0.006080171016463615
0.006081291555813429
0.006052969449906494
0.006054829917546111
0.006056567386162281
0.006059361976777566
0.005986775147544527
0.00594355964601243
0.005903374451229747
0.005905555590441581
0.005862887103227035
0.005864452466388711
0.005866621272774209
0.005868188630848688
0.0058392819231639975
0.0058443903278934985
0.005846434157309573
0.005817971214503065
0.005820334113970651
0.005810169021837901
0.005735578237519121
0.005740548550778989
0.005716334488166058
0.005704122256059666
0.0057067908750946675
0.005715412671207745
0.005693111547283698
0.0056936988898553765
0.005695942483874373
0.0056491801165540565
0.005589435283586597
0.00553389297065772
0.0055552413538672895
0.005493628298559642
0.0054506367858533035
0.0054531692670342895
0.005455088006091302
0.0053371928359344095
0.005351994256681417
0.005367468280018761
0.005343773724882252
0.0053608618525730805
0.005341568045365885
0.005343451961815154
0.005324472927497193
0.005311047805115771
0.005264143075893751
0.0052659210218710135
0.005266427308144521
0.005268835818710557
0.0052413671669592704
0.00521288561446107
0.005213970389326216
0.005217963684406696
0.005233369023312675
0.005242385385343932
0.005243477822075061
0.00524859150756477
0.005228836402902335
0.005167473314823255
0.005124212745144116
0.005125068099272588
0.005065008010641269
0.00506648875972557
0.005071133955602999
0.005072617269966462
0.005088246850566837
0.005093433416105415
0.00509369523700677
0.005049750039011381
0.005051652454313129
0.005053725159066288
0.005056752037560608
0.004997092546105146
0.004993807133032043
0.00494655446639603
0.00494925279457777
0.0049509147679383855
0.004892020382071501
0.004878775247472731
0.004880723435398625
0.004882673179843194
0.00486359089202831
0.004771214138454579
0.004769997896787525
0.0047490571717419315
0.004733096866199795
0.004685701799586358
0.004687974924839791
0.004703623711957928
0.004693257640517209
0.004680867291178488
0.004661920414708521
0.004646082723208979
0.004647948777657484
0.004650461468979754
0.004651346821461474
0.004653039172062408
0.004671900043505219
0.004674571736248359
0.004690877619551973
0.004613625660622885
0.004614408211355101
0.0045275057608037475
0.004529330941883191
0.004530292154705899
0.004537266028773462
0.0045075243203880795
0.004482522914032967
0.004513542347903396
0.0045145982820114575
0.004422285273598098
0.004395505203278561
0.0044007388076123055
0.004406351873384959
0.004421967138797896
0.0044377215420591766
0.004439519493042184
0.004441318901501936
0.004442720268300673
0.004446087966243405
0.004406879195403998
0.0044083858851584
0.0044098936055244065
0.004411496688840859
0.004391897545322438
0.004375942929424932
0.004371691106516073
0.004337399153205538
0.004339908845620011
0.004291652369647398
0.004262659513061659
0.004183314370466948
0.004185110825224197
0.004187677803652369
0.004156525218261043
0.004157954774880466
0.004144185293664954
0.00414596819905717
0.004148562373414446
0.004150705825589037
0.004151957195866149
0.004153746177142779
0.004155088925141942
0.004115561512189806
0.004053722298276969
0.004004525090876668
0.003989688632129617
0.0039966779078437235
0.004013239797278169
0.004029732478567377
0.00404597977098572
0.004005537601468779
0.004007011883516605
0.003965908297060527
0.003969502876914701
0.0039746668880715
0.00397818325216507
0.0039801695802043156
0.003982157892802754
0.0039839750443835635
0.003990055033533296
0.004006986822613727
0.004007858626891742
0.004038889212706667
0.004060601797724743
0.004062813936424745
0.004064053787220585
0.004069372139677655
0.003944229373505223
0.003946209667667865
0.0038669083422709152
0.003823128380046145
0.0038248837190636136
0.0038268917955666002
0.0038300506703702504
0.0038323995198078034
0.003848771398512831
0.0038521478099511268
0.003784938551995104
0.003788729530368932
0.003790144353363754
0.0037919768700833273
0.003793644332758708
0.0037959447178307136
0.003699423401461164
0.0036793605664978244
0.003649810871188616
0.0036007491562557443
0.003602892695605737
0.00360758236919091
0.003609095015724313
0.003578203673155755
0.003596361078903287
0.0035619986338535966
0.003534082390530079
0.0035499276825942897
0.00353281830516829
0.0034823280682814823
0.0034849515815613755
0.003487424384138207
0.0034888942717421607
0.003456999730939501
0.0034593796330416354
0.003461839745674582
0.0034643804042225027
0.003465228119318967
0.003478130130107606
0.0034964331984111024
0.00349806941227554
0.0035005533143854734
0.0035168283874622815
0.0035196129543121147
0.00352561432643614
0.003495400629863048
0.003450329754765057
0.003452104734844227
0.003426281548064655
0.0033962579530102304
0.0033983886519119866
0.003415009316284842
0.003420360751256955
0.0034267116722115133
0.003429174606794658
0.0034191729619312394
0.0034207870483019386
0.0034527777317763576
0.0034574597125500432
0.003459249771378349
0.0034637913373972836
0.003469187746304326
0.0034765492992398523
0.0034785900804594912
0.003479611369807624
0.003481419736164854
0.003475851292314857
0.0034830165323073673
0.003485460699106116
0.003487513292043302
0.0034897264821112323
0.003459043935471971
0.003413126540154241
0.0033658792300851675
0.0033456909119691097
0.0033485054852887145
0.003349419337138236
0.0033518587157806055
0.003319608504405716
0.003248679900387305
0.0032549235877705677
0.003256556914692947
0.0032586380666902856
0.0032301893576526484
0.0032144443755401262
0.0032158403628117895
0.0032178998186957546
0.003219888222291241
0.003221436458144795
0.003223429236213618
0.0031233595227543776
0.003126392597324829
0.0031478202647225338
0.0031495550390308606
0.0031520883484569325
0.003158531649602595
0.0031297615707454925
0.0031362355281258345
0.003138332232222742
0.003155082963998819
0.0031378899379818485
0.0031412246483237026
0.0031428946628147443
0.003144421010214645
0.003148888117996039
0.0031119835081682003
0.0031142182998832027
0.0031162898934575067
0.00311867497513026
0.0031197603104888734
0.0031210637104886136
0.0030891576818613286
0.003090880220472529
0.003093883024940513
0.003085752621969669
0.003087907828326829
0.003071009171368399
0.003072942379911612
0.0030526166682253715
0.0030542560971556754
0.003072324875461161
0.0030745520308053595
0.003080538427799861
0.0030828368762481984
0.0030458081915524064
0.0029621627053916873
0.0029635525764558006
0.002965222144349393
0.0029678288980614547
0.0029144549309535546
0.002861970398546584
0.0028291501170941797
0.002831816799580778
0.0027817439738141254
0.002784237987380682
0.00280247979794572
0.0028089362813292084
0.0028110624512838523
0.002813258437858962
0.0028163700345130937
0.0027782761721954585
0.0027803186347580195
0.0027819019597208655
0.002784478712515762
0.0027881810866147608
0.002789639791137971
0.002799230861620809
0.0028014973373613103
0.002804495091012881
0.00283809841784658
0.002840130372229077
0.002841893754349575
0.0028597942391045826
0.002861914327621233
0.0028639004839737113
0.002870361816255326
0.0028724357328311777
0.0028745714240029957
0.002820028498525366
0.002837932867948475
0.0028403019465438363
0.0028421456333464976
0.00281150994096585
0.0028137433929302197
0.002816642860011128
0.002819539810331884
0.0028222609798636425
0.002825846759497192
0.002827280298533559
0.002829399135454979
0.002831315655178054
0.0027774222597341794
0.00279606971478427
0.0026917423289789244
0.0026940941655889585
0.002642920163135796
0.0026449754608397586
0.002647806720303983
0.0026500631906037305
0.002595841036943672
0.002597487059599588
0.002616489955357143
0.002618983616515446
0.002551053673303062
0.002569300983747141
0.002570810672169468
0.002572826352014356
0.0025766063064672647
0.002549747537600596
0.002551688651885115
0.0025549572067486252
0.002564471809425464
0.0025830855005519113
0.0025518453509490863
0.002554235249244491
0.002556251269962638
0.0025597237511878887
0.0025607356996959684
0.0025793111082064815
0.002581673231641055
0.0025839756702363847
0.0025857692970589
0.002475684920989282
0.002477467094570235
0.0024795598098124746
0.002481224192143047
0.002483632248469875
0.0024859211394032557
0.002446235984797229
0.002447944505814299
0.0024508177518691217
0.002456759181905381
0.002407406083398276
0.002408490934927947
0.002427125390144031
0.0023918199471191395
0.0023940414331257015
0.002396628350289706
0.0023816113437449453
0.002324658429404747
0.002326943480285551
0.0022966969217631306
0.0022607447583466163
0.002262400981612804
0.002265147655541464
0.002267384243686841
0.002270763333719538
0.002289981346709579
0.002296073822582049
0.002298349763084799
0.00230104001192324
0.0023028565607764954
0.0023054398181871156
0.0023076754817682697
0.0023098564823768528
0.0023117460804399984
0.0023136979692091756
0.002316246290529736
0.002318621866838579
0.0023215981984691385
0.0023242236982694993
0.002327214438288376
0.0023466662741244773
0.002238554743843975
0.0022398839489326137
0.0022421414296543516
0.0021842695632569645
0.0021873820257156187
0.0021888564613857576
0.0021913561936402473
0.002192892948977207
0.002195687387614986
0.0022149835518568924
0.002216887797192604
0.00221896889345845
0.002141732205163775
0.0020825635685734444
0.0020858877358772695
0.0020874718022962195
0.0020504466041233647
0.0019739664031793555
0.0019928869266617614
0.001994459348096716
0.0019964546475709074
0.001998243302591129
0.0020008795074758137
0.0020046484601975597
0.0019445619228871508
0.0019508237203231386
0.001953149143952037
0.0019549616431576346
0.001956933312100784
0.0019637542517006805
0.001965843796552458
0.0019680950225039284
0.001970666666666667
0.0019738247863247864
0.0019759886627984708
0.001977786698782283
0.001979641039378516
0.0019367062587696958
0.0019389416796406654
0.0019415475038526326
0.001944736109989321
0.001947200057508447
0.0019498807756332392
0.0019520939743624395
0.0018729428738897159
0.0018765739662595796
0.001819775374300869
0.0018214046701756296
0.001742327510482038
0.0016995420124246137
0.0017013936175041993
0.0017037138051729627
0.0017058073912251958
0.0017079995260620314
0.0017101036647685795
0.001730818437694192
0.001732813672210939
0.0017348135121272078
0.001736292547876388
0.0017383004304450383
0.0017404568929076845
0.001742763024715214
0.0017444002357795466
0.0017486580709423943
0.0017503531171241037
0.0017520028830427191
0.0017541424963224072
0.0017615552837392048
0.0017171801508446747
0.001720484077853996
0.0017237525842319942
0.0017264536347865018
0.0016629784214310392
0.0016690964823744907
0.0016709234986481052
0.0016737421162622884
0.0016755793226381464
0.0016779879177353742
0.0016324381253291205
0.0016342361169947377
0.0016552140184184978
0.0016620420182343284
0.0016637850401065733
0.0016654844658816857
0.0016677083925223026
0.0016703184133397835
0.0016726029348910103
0.0016761371748379547
0.0016975485150024785
0.0017000276815287844
0.0017018796166231884
0.0017033933968399714
0.0017106296572993891
0.0017315270227514599
0.001665994894531775
0.0016685890042291427
0.001671239470517449
0.001673559495232862
0.00169321363065933
0.0016086620262954368
0.0016099226966205167
0.0016126843829350078
0.0016147501213003394
0.001553981165631651
0.0015398841680050613
0.0015418652476048456
0.0015438966311433812
0.0015459786963744745
0.0015475666422108093
0.0015198252984321902
0.0015225090006572683
0.0014366291295717622
0.0014376038624541526
0.0014440966274880391
0.0014456762749445672
0.0013832568694193675
0.0014047774287238453
0.0014063195371606585
0.0013394759003318964
0.001341429535262134
0.001343188682244476
0.0013459968540310214
0.001347647099867428
0.0013491398235740228
0.0012857785104151054
0.0012877855491850027
0.0012898764244264709
0.0012927527497363265
0.0012046010325151707
0.0012065315996371334
0.0012089077412513255
0.0012103746397694524
0.0012121764491432737
0.0012143161482743928
0.0011450110233980513
0.001146933707842299
0.001149179157744468
0.0011506222753121585
0.0011523870875384725
0.0011536965378866981
0.0011607756278134965
0.0011110084301101763
0.0011138906904681015
0.0011160622189214833
0.0011177224081649515
0.0010942368810625586
0.0010965867828612924
0.0010990496391956243
0.0011013858497447117
0.0011025576834814534
0.0011047702663154813
0.0011071656768165581
0.0011098511098511096
0.001111426558573336
0.0011139213826535986
0.001026128266033254
0.0010279840091376355
0.0010302066772655007
0.0010317157050057316
0.0010344167039141817
0.0010362031469873351
0.0009683342941942647
0.0009699808570481354
0.0009713208678703764
0.0009731342002489164
0.0009753002785036077
0.000977634060900027
0.000979820240255812
0.0009816973514736283
0.0009832937630771567
0.000985794559109633
0.0009872108843537416
0.0009887929530786675
0.0009905747954959973
0.0009929497284988614
0.0009955982920055763
0.0009977668503789753
0.0009995812118406841
0.0009241470685657502
0.0009261718231310583
0.0008506626739865802
0.0007526738265181332
0.0007544856792600024
0.0007560782211500878
0.0007576775002238339
0.0007591558456121466
0.0007605630638221385
0.0007626192648665699
0.0007638841874844854
0.0007652830529933082
0.0007668954892498699
0.0007684885634826041
0.0007197357931898418
0.0007211154469318364
0.0007235674623618984
0.0007249618592059834
0.0007277165590060682
0.0007288747419529692
0.0007306189452267001
0.000732167888877304
0.0006815991453884652
0.0006829313694693613
0.0006845321391920889
0.0006861404308541105
0.0006882401219369212
0.0006902309392784913
0.0006920374431161728
0.0006939272499438475
0.0006951105427072603
0.0006969923651432575
0.0006983855040392144
0.0007002099436969177
0.0005942985602908117
0.000595773246544635
0.0005971261053440984
0.0005987663245144812
0.0006003285500314055
0.0004930285520466136
0.0004944120505344995
0.0004956765314821581
0.0004969110932044051
0.0004984080333088416
0.0004998035170448963
0.0005015218168151516
0.0005029721079103795
0.0005040559786983714
0.0005052574081660521
0.0005068240685395497
0.0005081148564294632
0.0005096993149741393
0.000511370775223018
0.0005141971341071496
0.0005155616209863907
0.0005171495931249524
0.0005187869540339501
0.0005208931785974185
0.0005224941411502555
0.0005234393041336309
0.0005257664205358179
0.0005274384331975955
0.0005293888672635266
0.0005311670051554445
0.0005331451644517621
0.0005356017643352237
0.0005437931216095224
0.0005451065795552036
0.0004273673904126808
0.00042883126883604844
0.0004299958731046235
0.00043128772098488495
0.0004592991336252494
0.0004602791196994096
0.00046161714039621017
0.0004635448341104129
0.0004655834724654206
0.0004671815197700868
0.0004694064676821174
0.00047054627266990425
0.00034824021692750275
0.0002808328145535035
0.0002819444444444444
0.0002828992293434787
0.0002844930278186532
0.00028548926954124825
0.00028694201792327483
0.00028788201091966246
0.0002890626112463867
0.000290452275686426
0.00029149076706585104
0.0002926379218382851
0.00029352651137234487
0.0002948053268272847
0.00029619902239731526
0.0002975797821657358
0.0003278929569181003
0.00032956476760511344
0.0003310914138939617
0.00033278118517855276
0.00033415748857421144
0.00033545436767603833
0.0002006759611322349
0.00020900540687900402
0.0002098635886673662
0.00021082542737980658
0.00021188392445877475
0.00021285456480496043
0.00021365536460752436
0.0002146223113889796
0.00021556773981911052
0.00021659289951972877
0.00021796815769522363
0.00022672501268391685
0.0002284089638538822
0.0002292658682442724
0.00023032938713054687
0.00023145900100352858
0.00023281560352967997
0.00023396979662625376
0.0002355537985109047
0.00015404492148678194
0.00015475239616613418
0.000155599056367013
0.0001600943714189417
0.00016089968328167605
0.0001617544397337011
0.00016307053229654803
0.00016387221417235907
0.00016478465247784079
0.0001658896048334992
0.00016695664399571185
0.00016812671445004865
0.00016938575376660426
0.0001704892143139155
0.00017174675489026287
0.00017299462806154967
0.00021086601756605607
0.00021247898305711064
0.0002134729260641161
0.00021489703628956906
0.00021631585877395933
0.00021776591111363593
0.0002194112147749604
0.0002214007931924069
0.00022330964309293563
0.00022527816956589874
0.00022714703326222641
0.00022912930862721656
0.00023078466787076056
0.00023278880994311854
0.0002759551113018949
0.00027932960893854746
0.00028174305033809165
0.0002838042381432896
0.0002860230089620543
0.00029933718195424415
0.00030246073411541034
0.00030603099656808093
0.0003090507726269315
0.0003123396470561988
0.00031589160405243795
0.0003195252767317128
0.00032219460554174716
0.00032622626121402767
0.0003286847912851575
0.000332739156268568
0.00033735752668739003
0.0003417301308338215
0.0003454231433506044
0.0003489096573208722
0.00035399125135907354
0.0003591954022988505
0.00023395461280511582
0.00023722916337181717
0.00024092515258592996
0.0002448379988574227
0.00025054284282612327
0.00025443134594182
0.0002581311306143521
0.0002640147848279504
0.00026949335249730504
0.0002754567991919934
0.0002803476310625175
0.00028615032430370085
0.00029308323563892143
0.0002994011976047904
0.00030721966205837174
0.00031645569620253165
0.00032605151613955004
0.00033639829558196907
0.00034594095940959407
0.00035549235691432633
0.00036886757654002215
0.0003796026825256232
0.00039318479685452164
0.0004077194889915738
0.0004261363636363636
0.0004514672686230248
0.0004734848484848485
0.000493421052631579
0.0005201109570041609
0.000554016620498615
0.0
0.0
0.0
0.0
0.0
0.0
