0.0
0.0
0.0
0.0
0.0
0.0
0.0
0.0
0.0
0.0
0.0
0.0
0.0
0.0
0.0
0.0
0.0
0.0
0.0
0.0
0.0
0.0
0.0
0.0
0.0
0.0
0.0
0.0
0.0
0.0
0.0
0.0
0.0
0.0
0.0
0.0
0.0
0.0
0.0
0.0
0.0
0.0
0.0
0.0
0.0
0.0
0.0
0.0
0.0
0.0
0.0
0.0
0.0
0.0
0.0
0.0
0.0
0.0
0.0
0.0
0.0
0.0
0.0
0.0
0.0
0.0
0.0
0.0
0.0
0.0
0.0
0.0
0.0
0.0
0.0
0.0
0.0
0.0
0.0
0.0
0.0
0.0
0.0
0.0
0.0
0.0
0.0
0.0
0.0
0.0
0.0
0.0
0.0
0.0
0.0
0.0
0.0
0.0
0.0
0.0
0.0
0.0
0.0
0.0
0.0
0.0
0.0
0.0
0.0
0.0
0.0
0.0
0.0
0.0
0.0
0.0
0.0
0.0
0.0
0.0
0.0
0.0
0.0
0.0
0.0
0.0
0.0
0.0
0.0
0.0
0.0
0.0
0.0
0.0
0.0
0.0
0.0
0.0
0.0
0.0
0.0
0.0
0.0
0.0
0.0
0.0
0.0
0.0
0.0
0.0
0.0
0.0
0.0
0.0
0.0
0.0002233971256236503
0.00022218930528810547
0.00022086431568872855
0.00021982853374367993
0.00021864295605276583
0.00021747009786154403
0.00021626297577854672
0.0002151462994836489
0.00021420921099607284
0.00021326508850501172
0.00021208907741251324
0.00021104467112205416
0.0002100546141996919
0.0002090738030524775
0.00020808767427342721
0.00020698219953084034
0.00020600151067774497
0.00020498804236419543
0.00020394289598912304
0.00020301820396562224
0.00020208824520040418
0.00020119374958084635
0.00020022692384702662
0.00019920318725099602
0.0001982422520319831
0.00019730351857941467
0.00019641220374492602
0.00019554165037152912
0.00019471668722009477
0.00019382349140715854
0.00019286403085824494
0.0001920860545524395
0.00019118021921998472
0.00019027081879875688
0.00018950161076369148
0.0001887148518588413
0.0001878522229179712
0.00018700910110958733
0.0001861966236345581
0.00018531101365124467
0.00018454724409448819
0.00018380100477882614
0.00028479596403433827
0.00028358450818343866
0.0002823320628390506
0.0002811414342229452
0.0004601012222688991
0.00045828601032139795
0.0004564035401039806
0.00045475216007276033
0.00045335383281099083
0.0004516179704681118
0.0004497633853494466
0.0004089023891582452
0.0004072608796835001
0.0004057030253854178
0.000404040404040404
0.00040225261464199515
0.0004008475061558724
0.00039931545921277807
0.00039790814006366524
0.0003963311063299739
0.0003949001466771973
0.0003934131399988759
0.00039195923623943106
0.00039047247169074576
0.0003889969435954431
0.00038759689922480614
0.0003863134657836644
0.0003848691444908731
0.00038343558282208584
0.0003821169277799006
0.0005438920918089851
0.0005419760446588261
0.0005398402072986396
0.0005378946802216126
0.0005359631257369493
0.000534159500026708
0.0005323679727427598
0.0005305884225606198
0.0005288766659614978
0.0005273427200337499
0.0005256518082422204
0.0005239991616013414
0.0005222750300308142
0.0005205351100931758
0.0005186721991701245
0.000517196793379881
0.0005154373485902788
0.0005137954066690644
0.0005121901249743905
0.0005102301137813154
0.0005084659582040983
0.0005066882853668423
0.000505050505050505
0.0005033472592741732
0.0005018065034122842
0.0005002000800320128
0.0004986287708800798
0.0004968944099378882
0.0004952701698776683
0.0004937540117513455
0.0004921017666453423
0.0004905567819475104
0.0004891171435558817
0.0004878286745694912
0.00048623942429252165
0.0004848719937936385
0.0004833720030935808
0.0004818348270212971
0.00048042277203939464
0.00047931745194842545
0.0004779429336137265
0.00044480452429744707
0.00044353625116824274
0.00044221232508923205
0.0004409379379852285
0.0004396294551734966
0.00043820523655257673
0.00043681065818005954
0.0004356891669000715
0.00043463413119741696
0.00043348350440450197
0.0004324190758586607
0.0004312402778419504
0.00043012734841851386
0.00042890185806412077
0.0004277225302842827
0.00042672518897829794
0.00042551898118598213
0.00042426170886555447
0.00042324203398028896
0.00042213176541534744
0.00042112229090526246
0.00042000420004200035
0.00041891083183722317
0.0004178418468609631
0.0004167224777127889
0.00041557207949300204
0.00041453845584425193
0.00041336344981324826
0.0004122861265718408
0.0004111962874849472
0.000410310517137791
0.0004094285547172018
0.00040837161817253696
0.000407444594810902
0.00040648636093085374
0.00040549738599006527
0.0004044956805639825
0.00040349891199400513
0.00040262858950577333
0.0004016755609112297
0.0004007614467488227
0.0003997144896502498
0.0003987411173295737
0.0003976877299132188
0.0003967916560383187
0.0003958324497787579
0.00039476095814123976
0.0003937450781865226
0.000392783996857728
0.00039186049766283196
0.0003909249563699825
0.00039009167154281253
0.00038935936478800767
0.00038840338465806625
0.00038751643484879935
0.0003866175110116951
0.0003857546324998277
0.0003848638544115019
0.0003838824222980846
0.0003830788595195096
0.000382169082521224
0.0003813259247153674
0.000380377932645936
0.00047437044265539015
0.0005952864139405254
0.0005940567324179459
0.000592544710191769
0.0005844417573559049
0.0005830083229464034
0.0005816285599679102
0.0005801160232046409
0.0006453243919314492
0.0006437056208109362
0.0006424521803634821
0.0006413307944567861
0.000639807925703129
0.00063864528192568
0.0006372104633899596
0.000635807081711042
0.0006342605306864398
0.0006331179426930356
0.000631584430467112
0.0006889469510847663
0.0006874456853055241
0.000686004219573124
0.0006846218433120196
0.0006832450271364298
0.0006818211055793549
0.0006803769031297337
0.0006788605389896505
0.0006776107190344685
0.0006763395990454678
0.0006747638326585694
0.000673452013367387
0.0007610060499980974
0.0007594744436849698
0.0007580351728320193
0.0008384713343672376
0.0009252265861027189
0.0009232392508572934
0.0009213990221887926
0.000919359075387444
0.0009175686303883749
0.0009156140219747364
0.0009137699537520512
0.0009121370067014146
0.0009106791064193583
0.000908753709198813
0.0009069035720895797
0.0010160348777063473
0.0010142735956921033
0.0010125184094256258
0.0010102494397707651
0.0010083602229392782
0.001006183454685156
0.0010046029078687804
0.0010028444314783749
0.0010009463492756786
0.000999200639488409
0.0009974971888715586
0.0009958355965960528
0.0009943952269029107
0.0009926006136076518
0.0009905269603429022
0.001024811218985976
0.0010230087224954232
0.0010211393765675383
0.00101960503720664
0.0010179662106654284
0.0011229546183736765
0.001120757133708105
0.0011188860867403117
0.0011171401212894988
0.0011151231945624469
0.0011135070168616775
0.0011118170266836084
0.0011102495418017762
0.0011082573971783413
0.001106117002598497
0.0011042944785276073
0.0011025551277563878
0.0011824875343678645
0.0011805070946731798
0.001178820714725387
0.0011766478866708401
0.0011745238260547572
0.0011720418932806781
0.0011639699442216383
0.0011620014036056558
0.0011599995405942413
0.0011582435981238746
0.0011563340775087297
0.0011544308427345151
0.0011526917063261089
0.00115083977119938
0.001149032992036405
0.0011469582893287454
0.0011452805370345172
0.0012229507082922855
0.001221374045801527
0.0012195535079101599
0.001217573646294856
0.001215559157212318
0.001213592233009709
0.0012115501110587603
0.0012099620206365747
0.0012080942313500455
0.001205666633175927
0.0012036108324974927
0.001201642244400681
0.0012001600213361783
0.0012758639818050705
0.001273871239310559
0.0012718003162912094
0.0012697361157116046
0.0012678882494322069
0.0012441919358745677
0.0012423452840353132
0.0012404224022481284
0.0012385869148224874
0.0012371630646609297
0.0012354992838477601
0.0012334763292617698
0.0012324673341622494
0.001230574885382295
0.0012286080848935568
0.0012266875094986865
0.0012253307308609845
0.0012234601184482627
0.0012217933331170867
0.0012200915608534162
0.001218276300752528
0.0012164271489315895
0.0012146227682650241
0.0012129799589948368
0.001211302632707315
0.0012096299388762216
0.0012076907456688788
0.0012060666218394116
0.0012045624133887644
0.0012026010238072433
0.0012011054421768707
0.0011941914527737088
0.001186993937852389
0.0012119480079596935
0.0012101803115817955
0.0012087622063869095
0.0012073092293254884
0.0012500526559669743
0.0012484749042870967
0.0012988103862832184
0.0012973392484451856
0.0012953422132864203
0.0013618677042801556
0.001360373632573739
0.0013584574934268185
0.0013545899760341773
0.0014048451548451552
0.001402786869914898
0.0014005602240896363
0.001398949233686698
0.0013971250271663203
0.001395608485299591
0.0013938793210258955
0.0013917669254322213
0.0013897467572575668
0.0014394406744807737
0.0014378440555418623
0.0014354999128446486
0.0015003021086157286
0.001498276726086379
0.001634387513279399
0.0016324365135237167
0.0016299918500407504
0.0016075044002889442
0.0016056910569105694
0.0016033935113303095
0.0016011998864972237
0.0015941456897337024
0.0015920186796858423
0.001589801047754596
0.0015878296636825558
0.0015805899526829764
0.0016491196315625413
0.0016470824545545852
0.0016454464276756066
0.0016231814356138035
0.0016214268556329575
0.001618802086456023
0.001616476082140933
0.0016595897374558943
0.0016370113844439145
0.001635107599025894
0.001633013679591797
0.0016311676979216254
0.001629229062673323
0.001627150162715017
0.0016248839368616535
0.0016675547135555431
0.0017541784925890892
0.0017520547271027123
0.0018189147469742113
0.0018167712537685734
0.001814419238728534
0.001812392848395788
0.00181026469005333
0.0018080885083758484
0.0018697520015621956
0.0018747744320564976
0.001960325811606065
0.001957636436167626
0.001954840464808986
0.0019527345076915618
0.0019505196215293943
0.0019482531567123719
0.001946161361152221
0.00194384866577783
0.0019225757882850283
0.001920629411084115
0.0018991486574983633
0.0018969016631556676
0.001895096965154049
0.0018927505350955498
0.001958245826021079
0.0020183732314088387
0.0020590542893775005
0.0021056255199518063
0.0021033929390187993
0.0021011049407454064
0.002098701892834678
0.0021578762005387557
0.0021559676652401338
0.002153632770937833
0.0021512416849337173
0.002149405997857232
0.0021471462938758507
0.0021444652553115015
0.0021420944713741725
0.0021397895134267785
0.0021374895105554462
0.002135194446799093
0.002132844105748425
0.0021304388685273947
0.0021282787885615584
0.0021260034511216153
0.0021234942580415526
0.00212122913391721
0.002100274802310583
0.002097980448726927
0.002095456580125336
0.0020935822898032206
0.002091769765688274
0.002089377371122518
0.0020873394086336153
0.0020848990953375095
0.0020822329098440415
0.0020796890184645294
0.002077266550184431
0.002070519569272825
0.002088982347407449
0.0020821816841717342
0.0020807439119826915
0.0020788490902735623
0.0021362809416175096
0.0021343982374001655
0.002196300677689437
0.002276391484372137
0.002272498467001638
0.0022702544550200687
0.0023071021481806224
0.0023509655751469344
0.0023485863807518018
0.0023464043357471413
0.002344162344162343
0.002341669166507585
0.00233975494336812
0.0023370802826996172
0.002335364084711342
0.0023332699292591677
0.0023314327088424284
0.002329219223292191
0.0023268838184018923
0.0023244901642302824
0.002322666738799173
0.002320469859114329
0.002318652733147912
0.002357247569453812
0.0023546428058071
0.0023891612347142154
0.002387039478995666
0.0023849856147992784
0.0023828072531900594
0.00238082456517071
0.002419008796395622
0.002416610850636302
0.0024143468950749455
0.0024440446267816702
0.0024399784758291944
0.0024375691029013672
0.0024712405029213465
0.0024690018815188655
0.0024670299927867204
0.002464864549926789
0.0025011264339884357
0.002494309991654653
0.002508709876753821
0.0025069801449445553
0.0025047217837933984
0.0025024674877760075
0.002500217245926165
0.002497773047075519
0.0024954653613946686
0.0024936222807553014
0.002491059664972707
0.0024887643618721664
0.002469133482890485
0.0024669920530630113
0.0024911781844190847
0.0024892825593410715
0.0024869985743996115
0.002484653701195526
0.0025259888082715606
0.0025236115934884644
0.0025209096538808752
0.002518410578256137
0.002516244344733852
0.002514081834619361
0.002511988401918143
0.0025101595061031317
0.002508919985594361
0.002506639859932339
0.0025046237782662024
0.002501767804849152
0.002559782715903261
0.002557531367868166
0.002555085866883255
0.002553238323968896
0.0025509326492349337
0.002581355397312486
0.002612133058959661
0.0026095105704331866
0.0026068933423954626
0.002604482094988504
0.002585559745105805
0.0025832383590893696
0.0026413995663893105
0.0026397077930395874
0.002637815577832473
0.002635656365224317
0.0026336353113440743
0.00263101257049472
0.002629266976771313
0.002627054748367309
0.0026603399488426484
0.0026585785829483293
0.002656684333868922
0.0026545227803809026
0.00270015073759802
0.0027325802766848565
0.002729032476204965
0.002709721553624361
0.002690785420727949
0.0026882672332389024
0.0026863647086577
0.0026839903364563058
0.0026822969244229065
0.002679862161707848
0.002677701635929992
0.0026756793044996033
0.002656488421617451
0.0026864558722498686
0.0026847688662262506
0.00266594715794053
0.0026640749101245697
0.002699801159623705
0.0026974348700740387
0.0026914414414414395
0.0026879569193321144
0.002686277450098302
0.0026841307894649204
0.002665352496922512
0.0027586636748940393
0.0027548724080947973
0.0027526780009790967
0.0027710763465731486
0.002768388262000628
0.0027666691505833043
0.002793705165437981
0.0028430983446610754
0.002857650422223322
0.002855314757481938
0.0028528417058483854
0.002848583743334897
0.0028462615283267436
0.0028443643485488086
0.0028726842144213907
0.0028699938385705463
0.0028723791387240357
0.00286615757714948
0.0028598045563450873
0.0028571350588594917
0.0028547507820020873
0.0028714536035557288
0.002867497699140103
0.0028661631625501787
0.0029579586930152334
0.0029544466188301784
0.0029521357493590555
0.0029504049681888236
0.002948316313384052
0.0029458713085142975
0.0029431434504904766
0.0029724163872584418
0.0029840829332041154
0.0030386662465576525
0.0030366717409381788
0.0030552219592017427
0.0030535897376596727
0.003103002970724626
0.003100820407393289
0.003098640912208859
0.003096389483805016
0.0030941413247374165
0.0030877163485806547
0.0030857761251458214
0.0030834976988823124
0.003079716808354443
0.003077933704923957
0.003075781874509001
0.0030735590069260648
0.0030711175605745203
0.003141137467503135
0.00313947608934987
0.003119445902975821
0.00316467730049755
0.0031945367825519416
0.003191550876392097
0.0032200562165351724
0.0032178210298273472
0.0032153582153582137
0.0032138208698093934
0.003211210753490515
0.0032092176410629487
0.003206696074744837
0.003204479077029498
0.0032024177296137834
0.003200892514587653
0.003183349106233789
0.0031813047119169553
0.0031797920379062487
0.003207694741514322
0.0032058667782281685
0.003203356727841874
0.0032560722603879183
0.003378874497173941
0.00341578055170288
0.003448442273711408
0.0034420814165404432
0.0034398849664022653
0.0034252317142392233
0.0034619294551779607
0.003479466038741287
0.003510507344418357
0.003547045369211045
0.003584201660445508
0.0035817558548039974
0.003577661626476524
0.0035762320754681776
0.0035743837632624714
0.0035724534785347177
0.003627628352477577
0.003625586391728475
0.0036238015608825304
0.0036216790521783142
0.0037086211330054387
0.003706451892034822
0.0037042851872389356
0.0037026401850522453
0.0036999593684010727
0.003696851029530951
0.0037357244101804375
0.0037294022028447654
0.0037271436963981167
0.0037248012178179783
0.0037869984176835403
0.0038173477559666816
0.003814686965244586
0.003866474570261693
0.0038491179365668787
0.0038464398546034988
0.0038766251155016454
0.003874739466428717
0.003872138488591431
0.003923696137256479
0.003920023276949839
0.003959968441675759
0.004005296623365966
0.004003078953478069
0.00402874385952586
0.004024077395808764
0.00400622611665161
0.004057427599156587
0.004089872496762865
0.00408742836857853
0.004081346152513828
0.004078535372582803
0.004143210734323173
0.00414074086205234
0.004138368760275271
0.004127122273336374
0.004125232651856893
0.004149281156830918
0.004145479779997548
0.004143111421614131
0.004125236851845207
0.0041518333846044045
0.00414761140922566
0.004144488150232134
0.004192722685842163
0.004176296947051988
0.00419365354022246
0.004191744818024917
0.004189266075183108
0.004186124197033042
0.004233825964066555
0.004231518754349755
0.004229022113153098
0.004226624273344769
0.004272314051965849
0.004270281137931198
0.0042678635232645855
0.004284751282985541
0.004282133960195545
0.004348955837865331
0.004346597135460668
0.004340574675308382
0.004321473359848081
0.004323576426832517
0.004320749030531201
0.004356563952182024
0.004354012236418187
0.004457233214917472
0.004492133149722891
0.004489362347870956
0.004487520644843728
0.004566894137446289
0.00458325222486761
0.0045810914297545234
0.004638771704115934
0.004676106600477485
0.004672934447384029
0.004669688845074776
0.004667283729447834
0.004664881090047281
0.004662480923050926
0.004691385628221855
0.004685668593678611
0.0047348517081362024
0.004717009880417332
0.00474402097042765
0.004809128391277864
0.004806984282674786
0.004841439591016283
0.004839067710398941
0.004882589001977375
0.004880090791729879
0.004871468775491552
0.0048690866921179705
0.004866598821812761
0.004864329507384914
0.004856991366812702
0.00485472859241606
0.004852252733580485
0.004850424373431738
0.004869351571163475
0.004866441149176417
0.004862673554055615
0.004859693940229968
0.004893519249320359
0.004890601100597351
0.004924801057336768
0.004952266070119513
0.004997979899828243
0.0049955558355029295
0.005030191925011118
0.0050241299630052715
0.005052519235386194
0.005112759892689475
0.005110622968472904
0.0051586952607091605
0.005182509859812258
0.005161135478041531
0.005158076926694828
0.005182579721952396
0.005180307159039898
0.0052437828078853764
0.0052525303094779225
0.005362003805353564
0.005372669901293856
0.005421477789409545
0.005416938643147082
0.005399294771549895
0.005397054204549951
0.005393402532019208
0.005425634442907413
0.005419990054492665
0.0054453493391777965
0.00552623663274938
0.005624454492494028
0.0056690279845701035
0.00566730161492305
0.005663975155279508
0.005661636653183628
0.005659177157254879
0.005691669535034927
0.005729953454859071
0.005745168367433007
0.005737020932780563
0.005733315311448442
0.0057485068021072405
0.0057315864253844615
0.005778969455949124
0.005772116541696619
0.005769496651766957
0.005767377529757623
0.005764637446276979
0.005758923966941588
0.005805349277934139
0.005802844975245385
0.005800217781720028
0.005793502012985308
0.005776523115528074
0.005772909647460312
0.005784893927160907
0.005783525074939883
0.005780292179793398
0.0057779319642123775
0.005800511188034821
0.005848121836269224
0.00584140746168345
0.005875327559903844
0.00587280828474577
0.0059137392885035625
0.005908015327265132
0.00590212461532449
0.005934378944307903
0.005927483335659263
0.005955138746756411
0.005996510358833229
0.006011308031984726
0.006007971410815016
0.006074561849209736
0.006102795287892004
0.006124034627850768
0.0061850913794316426
0.006231758675796075
0.006229370469614033
0.006271101354743289
0.006287486207506625
0.006306553461042286
0.006304275081901737
0.0063435418704446
0.006340040350612921
0.006337483991233828
0.006335198469100329
0.006331974654600438
0.00636189076530768
0.006400429154958232
0.006398124501572774
0.006395686088677827
0.006393790829909698
0.006393802716818768
0.006396787650356128
0.006394488885082039
0.00639259702446515
0.006436776542613408
0.0064353299941796015
0.006432477634909086
0.006450860943571754
0.006448004172592948
0.006521308582903468
0.006518835111034359
0.006534935658082552
0.006531909588108277
0.0065294357963942146
0.006540022526395619
0.006536586052328616
0.006528222452833209
0.006551117134200159
0.006534369165329288
0.006560191821162664
0.006634080400101663
0.006662611061671694
0.006720458716769989
0.006760817340399934
0.006757438101440777
0.006755739897101148
0.0067526287383107226
0.00674909680705023
0.00673345841619597
0.006765347691544635
0.006763393276571793
0.00675637916487753
0.0067386660651774935
0.006726111217291672
0.006768937534556659
0.00676653715202704
0.0067790330770979654
0.0067769133485920665
0.006792019579857948
0.00678724833517984
0.00677054047624155
0.006766877068841603
0.0067602241570911565
0.006757693659559025
0.0067518407687624325
0.0068057199419560375
0.00680219968160136
0.006814476992666432
0.006802214277462825
0.006785278625074475
0.006855757736170874
0.006904205638579663
0.006901630243252869
0.0069248660629470955
0.00692199838609479
0.006919642810470605
0.006903019290760876
0.006953745634298316
0.006937803597301951
0.006966371486401251
0.006964356087144977
0.006958006205171455
0.0069927279686952636
0.007006936187362175
0.007031192382476814
0.007048665597199073
0.007128670807303355
0.007126172921992856
0.007174110132013324
0.007170127245518101
0.007191472170162277
0.007189103876353023
0.007186293552641997
0.007183389157227617
0.00720084626893557
0.007184777375701782
0.00720207266941038
0.0072342958261401
0.007231081863691358
0.0072673937333354605
0.007263965928322095
0.007245951069872353
0.0072709495559437134
0.00731088255561394
0.007346408165373679
0.0073693834851775225
0.0073772688659729324
0.007417190648594654
0.007435205180606641
0.007453969490555007
0.007495405009514856
0.007488773410309242
0.0074855644599008085
0.007507425066027466
0.007547485136750259
0.0075410366630790145
0.007537963643391132
0.007579947942082577
0.007666062686083365
0.007664184516604425
0.007692527172324389
0.007707285650730863
0.0077359151601625745
0.007729852182846807
0.00780182679471742
0.00779490883328062
0.007788109833866404
0.0078111453496968455
0.007807413061666957
0.007804402531810001
0.007844155853939909
0.007866980268080971
0.007892686755841276
0.00791218249006564
0.007946887565736966
0.007941290617387096
0.00795404741602875
0.00800592905085566
0.008072806928491522
0.008068888565706185
0.008052311682062899
0.008049955386057168
0.008114620801642679
0.00814469096833674
0.008187656403909085
0.008225255742576239
0.00822226854237919
0.008219605898791858
0.008217616763115462
0.008278301192813593
0.008274126159897758
0.008271125932849992
0.00830084909039404
0.008421883697151886
0.008413464772951178
0.008429366910505871
0.00842479723627818
0.008435530534918242
0.008498798696464324
0.00849657590662276
0.008523761793347268
0.008614725921571935
0.00865288667442124
0.008736900849159361
0.008765239050357148
0.00880138463624571
0.008844245805696494
0.008841382853102864
0.008839257265206938
0.008836601717149135
0.008836476183803519
0.008848814492348854
0.008871949961987651
0.008896490305504663
0.008900441945095611
0.008893572147130359
0.008884644755628083
0.00889727424686294
0.008905881232868725
0.008903036244254623
0.008928576562144016
0.008981215499313687
0.0089507892699589
0.009012042542278742
0.008995659547644376
0.008978069241329918
0.008969486757295766
0.00899328265040755
0.009051751035467447
0.009074497712941594
0.009057860545922848
0.009054031999092285
0.009049013799396245
0.009046257625570596
0.009040968074477653
0.009043372872224278
0.009041397003205996
0.00904676965405334
0.009083989136240965
0.009079325822170003
0.00911839806900211
0.009143329078735371
0.009145352722227539
0.009175432233593878
0.009172341821928807
0.009168345554573971
0.009164897034054176
0.009195706674679954
0.00918956991794102
0.009186479948230885
0.009184300043952088
0.009191333971338003
0.0092015693427331
0.009195059434589247
0.009191414046881454
0.009188328766225969
0.009238539938524222
0.00926547820401754
0.009315161942410532
0.009310849056907107
0.00936649101648616
0.009363168714905836
0.009345219033250465
0.009343562569020051
0.009351585124820086
0.009403095602020997
0.009420182509962197
0.009425370952626227
0.009408556015237435
0.009401934547359141
0.009423722746428739
0.009448242399838007
0.009430126863592523
0.009424816923837084
0.00940819905525125
0.009405613827145233
0.009389027472385727
0.00943688885694267
0.009420756619999767
0.009417984576323273
0.009461315156713699
0.009491189310582623
0.009489282762516097
0.009514937815441434
0.009598566371580493
0.009627629147144028
0.009621252979734986
0.009684930868045739
0.00969251963858533
0.009780306286200205
0.009814192687009086
0.009848254286768124
0.00983924245672493
0.009835976286261672
0.009843098301597858
0.009840217001234414
0.009819204459418564
0.009815681926455294
0.009812196629150506
0.009833111532823352
0.00992776816013263
0.009912458779588127
0.009937411068147632
0.009932561274242028
0.0099155788730471
0.009924144340172348
0.00998285534777072
0.010017544753852813
0.010007910461955982
0.01001684822954169
0.010015096147408798
0.010067287531773373
0.010089821618685253
0.010120540390099318
0.010156615020474925
0.010194074080737942
0.010209017200170685
0.010269142319493682
0.010273313938817573
0.010333645526838443
0.010353249099751749
0.010400488876354993
0.010380373881681138
0.01040274823986646
0.010354127056958736
0.01035112214449009
0.010381888204297269
0.010366387562071987
0.010363582044463849
0.01040244981789123
0.010397704086763302
0.010416828851186836
0.010438270386559874
0.01047345134213228
0.010484632472320933
0.010512606919167134
0.010546205809340795
0.010540282088481451
0.010553332394196903
0.010535704809661576
0.010514201432999304
0.010558223397968892
0.010629023690466172
0.010663518639275222
0.010693328482992133
0.010686665392936126
0.010681499807622796
0.010722434920534832
0.010756090456002627
0.010753153734524326
0.010760966945458169
0.010781441131364899
0.010772478395342988
0.010768314330786335
0.010769965658308837
0.01078910436481556
0.010809454236217084
0.010830398370754805
0.010843058227658756
0.010849927962914669
0.010845560371915948
0.010856273231293213
0.010850198774419301
0.010846061524358295
0.010862813921953072
0.010834171039390949
0.010818509832164223
0.010816898795633474
0.010841401743476782
0.010911647235064959
0.010910142215313976
0.010979391703750483
0.011005542719586476
0.011001249644588264
0.011043151257503514
0.01103743704989901
0.011031345070766928
0.011049032365308319
0.011042296072744808
0.01103723229580267
0.011105065556216362
0.011103493071656369
0.011099782770112436
0.011116847918023599
0.01113166684833002
0.011124903486941918
0.011143825837191739
0.011166249589095479
0.011159254257289237
0.011176160671982587
0.011191414142024651
0.01118617592544046
0.01120729525508654
