0.011206170884740638
0.011206170884740638
0.011209340898942306
0.011197294844975982
0.0111974457980332
0.011197808085370534
0.011167800774079225
0.011168027212278806
0.01114248498336609
0.011146289145119049
0.011146289145119049
0.011136144713777829
0.011123464174601303
0.011148825252954353
0.011148902104706936
0.011161794950250685
0.011161794950250685
0.011157931222042979
0.011118559952695074
0.011107991973340057
0.011120824691759717
0.011120824691759717
0.011099205109068207
0.011124795546125695
0.011140859961612204
0.011115027545999719
0.011033678566123176
0.011016135234131072
0.010985696729422612
0.010989018391642782
0.0109934573402461
0.010961959105535525
0.010941874545910673
0.010954766150895504
0.010928018277123128
0.010928660630303596
0.010900120731525104
0.010913220413923492
0.010926426804741509
0.010899360663768995
0.010882442170860327
0.010882442170860327
0.01085410555390101
0.01083922918567341
0.010798613542337033
0.010743627218751894
0.010744624115683624
0.010760732997166983
0.010760732997166983
0.010773626061756523
0.010786930227135614
0.01078713554386307
0.010790519505318324
0.01079083064577555
0.010798789200924726
0.010796662156799705
0.01075371774399731
0.010767023811731972
0.010770792503801882
0.010729947760344104
0.010708934854930238
0.010637618517110209
0.010616194606471395
0.010608347007893511
0.010610477999493776
0.010585749917294107
0.01059844591170787
0.01058493374622465
0.010543777564333369
0.010546951562936809
0.010501445972496372
0.010502715596116449
0.010493393258864907
0.010468199666771006
0.010469583836363231
0.010470853580890635
0.010418992497147754
0.010432087574416016
0.010445382612882049
0.010433279926553296
0.010446576552828657
0.010419270804651158
0.010419866316328156
0.010352310027455975
0.010376566206791707
0.01037995341795257
0.010350757649665506
0.010350954889606998
0.010299701025149988
0.010242533123021437
0.010243118700628804
0.010244779641779665
0.010223570498001322
0.010229237629305965
0.010233634696111545
0.010220347170641395
0.010221099916850605
0.010224861735640012
0.010158913810812409
0.010132553127374284
0.010146480319414978
0.010096486601947592
0.010073160638546217
0.010098778611352699
0.010022692087555742
0.010023518893029269
0.010023710046582925
0.010026190710467802
0.010011760094711386
0.009998191724034437
0.009991198539210919
0.009953620658562293
0.00995755925940733
0.009925427462899993
0.009909462061341818
0.00988716007887272
0.009888173255008154
0.009888361903002183
0.009870672953543005
0.0098850418655682
0.009853993388309782
0.009858633925028067
0.009859458136295495
0.009861035086695594
0.009861450480355496
0.009791983535601671
0.009792321917252917
0.009795503064501863
0.009800330786194213
0.009760169441948987
0.009764137293523845
0.009711332923936446
0.009695342762649365
0.009703223969150786
0.00970378264749426
0.00972080877287082
0.009696989494594192
0.00964088051924757
0.009517014507124087
0.009531158029088943
0.009509508747534597
0.009510568756545814
0.009470187942908178
0.0094162436147337
0.009388659006701756
0.009380643009786227
0.009394460607399525
0.009395361603397873
0.009403726442180821
0.009417476450103554
0.009381971103218378
0.009347637761302301
0.009331425089158369
0.009331960352547805
0.009332317228923673
0.009306362884516963
0.009309446458578745
0.009310344815053537
0.009278649341313786
0.009280101756085686
0.009293384603730083
0.009236714498118494
0.009240255815939132
0.009242425700461236
0.009243497330592461
0.009244002840389436
0.009194594976493796
0.009194946828436872
0.009209045178749039
0.009215559408871636
0.009228670324504591
0.009242666675662325
0.009251395467763665
0.009211806878289588
0.0092061307649186
0.009182870673943652
0.009176178340117835
0.009149899879043705
0.009150425483632258
0.00914155169151672
0.009134478062384826
0.00913625752351089
0.009149903251807812
0.009150429108316536
0.009150604407251541
0.009163727151383985
0.009165166943659035
0.009166795644303909
0.009171395215622278
0.009173551915180385
0.009137200435839495
0.009094914666444555
0.009099910795524623
0.009100961506153417
0.009069181194686875
0.009058198480869795
0.009033499208766227
0.009049999684947711
0.009013103621952701
0.00895305769962923
0.008953916390807356
0.00896758586528196
0.008973537317712473
0.008974282383416902
0.008933560854681666
0.008921451059797728
0.008897822427392264
0.008910961160697214
0.008905930238508419
0.008907127272142627
0.008883018498957044
0.008883018498957044
0.008846741981944588
0.008852244816634793
0.00876968768344104
0.008770361549099825
0.008771372541785602
0.008716188679872552
0.008733101050401532
0.008734963345233155
0.00873597064448496
0.008725582600685908
0.008726588992250931
0.008699704954775407
0.00869987220533206
0.008684853283968834
0.008697838565746038
0.008696646362492606
0.00867432762469205
0.008676777750866069
0.008606331379770377
0.008612433500860705
0.008594188755026027
0.008595168253067541
0.008599057306841388
0.008574719087258296
0.008538033334937805
0.008481277347276571
0.008424646759552503
0.008427390722106475
0.008428491422867812
0.008431236739047577
0.008434695223367919
0.008401309335690707
0.008338076148631256
0.008338558155499724
0.00833983550534915
0.008343851189981308
0.008330792966504765
0.008299628614803253
0.008251910843339573
0.008240820300664512
0.008242250474457027
0.008242568358271148
0.008244489885282116
0.008218491805831958
0.00822104605056322
0.008193386608804159
0.008194774155377635
0.008183987767409527
0.008198124888335033
0.008182940051160985
0.008156864882081056
0.008158282125347117
0.008122683294923957
0.008123467595108857
0.008125298737106147
0.008087767873953981
0.008089486581266415
0.008060608990410152
0.00806169939861432
0.008063257636475503
0.008066281913060306
0.008070127863651294
0.008072350481863234
0.008073130946958648
0.008073599298460058
0.008074536164506372
0.008091904914219114
0.008092687602872723
0.008093940219702035
0.008037140318813004
0.00800971392205063
0.007985947565555034
0.00798641129864635
0.007928956559785637
0.007936945541158582
0.007895267514576991
0.007846326999276365
0.007861100786144354
0.007861709866901039
0.007863232981800855
0.007842062712724793
0.007817289534870007
0.007778601056770333
0.0077570406244966686
0.007771538484256842
0.007773088987712959
0.007758804149568424
0.00777602158652663
0.007780914549900029
0.007759633389750146
0.007760838044562163
0.007735367568660549
0.0077287011498418014
0.007729151208140834
0.007731102066614881
0.007704619360875915
0.007720231644687069
0.007723918901623487
0.007726448504762263
0.007728297307229501
0.007706825335832963
0.007707574298450634
0.007709222528728885
0.00771117134630897
0.007712671107345673
0.0077138713362761655
0.007733333936283395
0.007735337076024957
0.007752841999335461
0.007766875647249928
0.007781064605894984
0.007730193023749397
0.00775022356518038
0.0077650218382776595
0.0077467491976539364
0.007725872732022257
0.007727378485931322
0.0077193364014655095
0.007699095334112832
0.007701896551256732
0.007703699148358758
0.007708083996473718
0.007696480771539539
0.007711291293421432
0.007674354322623075
0.007649730940528361
0.007651297347574601
0.007645184591625329
0.007646188704853721
0.007663507079636812
0.007666957050745552
0.007667705864771683
0.007641626585531163
0.007637426398551705
0.007643778302273457
0.0075918556867235806
0.007573638305729105
0.0075495781147602355
0.007553897316032484
0.007554636242482776
0.007528361777717726
0.007530130036502863
0.0075326991972563895
0.0075079177481971356
0.007510859261184205
0.007512480071788245
0.007507861243542712
0.007476369088596845
0.007463389254483942
0.007464560119959014
0.007465877782822202
0.007444019418701347
0.007447803935912148
0.007344302712495279
0.00735017061706395
0.007352345688547457
0.007323754056067709
0.0073259121213037565
0.007341616037965677
0.007305801202625946
0.007307380711131004
0.0073118061345029805
0.007313531329131543
0.007328310799488995
0.00733004060258105
0.007330761594909122
0.007334538858580398
0.0073356935176682745
0.0073380879967671385
0.007323126830247488
0.007315101845154496
0.0072832870283328945
0.007285091271661696
0.007214008282078849
0.007218856172789214
0.007220369741343212
0.00722479356899829
0.00722564813591494
0.007226930365408468
0.007242788551995896
0.007244076730992672
0.007258090371003938
0.007217344507688305
0.007231500839420578
0.007232928522599806
0.007236174197694564
0.007237603452508543
0.0071800506785675774
0.007161943460390998
0.007176250448540673
0.0071779526625233275
0.007152869493756979
0.007155319212433284
0.007156969786054886
0.00711251073092441
0.007116793222254404
0.0071258349815107366
0.007058726353420661
0.007067019417346652
0.007068001529618684
0.007085623212138542
0.007043554946688007
0.0070256626506705255
0.007027431962505418
0.007032545283330991
0.007037106210294381
0.0070388830357446955
0.007040011116076356
0.006983651653354495
0.006985314064729796
0.006988596184207644
0.006943538017391961
0.006931984776430626
0.006947260576592738
0.006926859724135722
0.0069004253783190184
0.006904445516744969
0.006904857083597422
0.006921353512672902
0.006936809561081775
0.0069090143364423234
0.006915442250426115
0.0069163604404546535
0.006918011944290798
0.006920215176662236
0.006923070390725583
0.006932166066263777
0.0068482757629084005
0.006849503786057756
0.00685155147029873
0.00685412827406894
0.006858571680686193
0.006859532589557963
0.006861839914174061
0.006882954553548618
0.006853697851603628
0.006812049937718143
0.0067672189606422725
0.006775499822824875
0.006780590001344334
0.0067818095806642924
0.0067501203600250515
0.006752279966618941
0.0067537654979222235
0.0067304508335456655
0.006733663921239551
0.006735550818917687
0.006737438774379774
0.0067386530190225195
0.00666215798483285
0.00666362586140437
0.00666896789816229
0.006674313146887395
0.006655719968789347
0.006627246157052515
0.0066423442451097195
0.006643410132580351
0.006646480516368603
0.006627639755267875
0.006582930296704553
0.0065838554224238255
0.006585441957326212
0.006590112180798533
0.006604696195670143
0.0066070912924003815
0.006609089126757189
0.006579603195733365
0.006581322903834706
0.0065833082997995025
0.00658569235672328
0.006591845533148147
0.006594779569883071
0.006596638451134145
0.006597833999696545
0.0066002263973515985
0.006603298647086268
0.006605028827120776
0.006610119993634613
0.006611719538702643
0.006618016433806704
0.006542013973950946
0.006547093950708323
0.006506025540121062
0.006510525323617904
0.006474396114608869
0.006467683253921696
0.00641843784562779
0.006421033618521498
0.00639803475471116
0.0064003650789844265
0.006403787322283154
0.006412481366365189
0.006416765397717326
0.006418845133696815
0.006387283272273204
0.006363421010170137
0.006339545201234302
0.006342278515432722
0.00629809449061175
0.006313284674771913
0.006314309766661465
0.006308111708525234
0.006280080473706441
0.00629650940056289
0.006286360479993073
0.006302090405054618
0.006260067760217641
0.006219877326435357
0.0062353470334451525
0.006238891306047481
0.006208326010060986
0.006210132284942135
0.006150631881780982
0.006154907018152456
0.006112733523976761
0.006093591981663307
0.0060474718308776345
0.0060362277350574835
0.006043353015223731
0.006016666270115799
0.005970832000120875
0.00595757544045646
0.005963296827634902
0.005965492130690377
0.0059683625888742355
0.005971474094681536
0.005972574376529261
0.005975019972217759
0.005932468112693803
0.005901736414807035
0.005917463217876923
0.005886789652842389
0.005888118499265152
0.00590398015141767
0.005906682569198255
0.005911925696692907
0.0059141390579244
0.005915111318419302
0.005917543368793835
0.005920099175028557
0.005893608667947214
0.005895306799650918
0.00589700591020563
0.005898948950518719
0.005870277256729738
0.005826842741480021
0.005828403964003965
0.005829605473819464
0.005786133018471346
0.005789775823628475
0.0058080171969876965
0.005809935696412772
0.005810535487432987
0.005749900154120892
0.005768897031342062
0.005751463736867284
0.005754150018737329
0.0057311398387311285
0.005759909020983613
0.005762293187969409
0.005767227445568929
0.005710450907721375
0.005713883166966622
0.005698347681803794
0.0056996471909672615
0.0057157198631776285
0.005717498577269611
0.005735806585496749
0.005706209921853449
0.005673371458027276
0.005674078552369898
0.005675729124808096
0.005677734682802728
0.005682616371913714
0.0057027876937562755
0.005695669446425276
0.005697803544052996
0.005699464503733517
0.005700770222978359
0.0056414406025619285
0.005658840445506772
0.0056608935238344335
0.0056119181128841756
0.005548888863110104
0.005564421094204782
0.005566279501901095
0.005570510512118157
0.005534189831622903
0.005534066142480078
0.005539980341548857
0.0054986048592654815
0.005501251406617491
0.005429242110642677
0.005370308774372352
0.005323223894672716
0.005275886295938346
0.005264039926174595
0.0052247705525923956
0.005226962610722285
0.005228937036286648
0.005231352249698328
0.005187896431912471
0.005160770025749302
0.005128156696951074
0.005115051950407685
0.005070426031073782
0.005027268058232116
0.004914229420079817
0.004915782164614631
0.004917232278403472
0.004918890599261226
0.004920446291236197
0.004833634152548667
0.004836250102898977
0.004837985977986055
0.0048394164581164025
0.004798697128392985
0.004800725575418555
0.0048022480364353064
0.004803974660026089
0.004806109262930398
0.004826173623317042
0.00482780840214573
0.004829874198189355
0.004835042626627197
0.004844260254091111
0.004848345286184618
0.004800692570137136
0.004753608793621533
0.0047299641529389945
0.004735815951081931
0.004707674440014634
0.004680906912119438
0.004682699294786603
0.0045711882845831985
0.004573816467196084
0.0045265395811884684
0.004479487567205747
0.004482066596639272
0.004487534383963264
0.004488779245516974
0.004490504040616116
0.0044563526610291535
0.004457970972080304
0.004429891079427387
0.004433206653444878
0.004435816615715213
0.0044407122501025666
0.004446847530200488
0.004401693846388094
0.004407527336511916
0.004408660668303253
0.004410172684308844
0.0044120641634151705
0.0043778254119124236
0.004365056440522069
0.004367211746293349
0.004383438304301617
0.0043860756954639275
0.004395221815571806
0.004381094648565774
0.0043708802375684265
0.004387775796276541
0.004396657073555298
0.0043536735122045814
0.004355550864358353
0.004371388567243291
0.004348547600538023
0.004350143225601894
0.004366794849669641
0.00436887050187543
0.004388107791967663
0.004359297749282183
0.004360995074817271
0.004362976959224446
0.004365510540809347
0.004326431671434056
0.004283373488972867
0.004286015249938589
0.004302427912605126
0.00430429516426522
0.004295074210383659
0.004256926356769946
0.004259424715896841
0.004260443406853811
0.004276425697540146
0.004200045710588177
0.0042027892246717805
0.004203704526025238
0.004219601921227125
0.0042230783359815645
0.004192303235021133
0.004193949391479989
0.004163043889370248
0.00416458898905847
0.004166681244508293
0.004169206284868306
0.004172124236863315
0.004173676060778131
0.0041755946142602324
0.004210272082118616
0.004212486072696417
0.004184830699965614
0.004187033290741709
0.004189881737722331
0.004191353420805479
0.004162811900070252
0.004164001091946246
0.004165465645758454
0.004167756074675534
0.004169223271533505
0.004119697652605426
0.004083439447600536
0.004090427857179756
0.004055657927002701
0.004054128186999643
0.004056992662645127
0.004059412714384769
0.00402419120399008
0.003978238161065486
0.003950184925163358
0.003952809438265677
0.0039559620179053945
0.003957978800049068
0.003961986379763766
0.003978094651623805
0.003979595519576436
0.003982400789966729
0.00393073567429922
0.003932919804630334
0.003916751896426334
0.003926085360473296
0.0038969310289124217
0.0039140365565293765
0.003935314773142975
0.003915382426276963
0.00391726154341601
0.0038733516240660394
0.003876570906187633
0.003880088644281762
0.0038448989014782035
0.0038462751516442806
0.0038478246112192685
0.003839900082396276
0.003842998997455599
0.003845278577799944
0.0038467453851378833
0.003850374064191333
0.0038537496871766867
0.0038561768638022114
0.0038595773536346215
0.0038505791275687254
0.0038716994540694953
0.0038738817259356567
0.0038903156826834056
0.0038930375953871135
0.0038947077478959724
0.00389611530400291
0.003897700021214282
0.0038671463252658305
0.0038026764584668388
0.0038198358630778845
0.003788672103698716
0.003758838436970448
0.0036654585336379814
0.0036835773523842125
0.00363385498041931
0.0035831486547232964
0.0035846147548275202
0.003586245162702908
0.003519780939576161
0.0034726158419895185
0.0034896212367738553
0.003491768793890827
0.0034461812857944593
0.0033989602933872415
0.003400745339322803
0.0033024570070918
0.0033041938307984547
0.003206940959755089
0.0031894804316175
0.0031907220713925694
0.003193427808389304
0.003195918210368414
0.003197605097777214
0.0031146741234440384
0.0030396035737425163
0.003041000835659287
0.002943228790150432
0.002945667649315938
0.002947295802135624
0.0029490616666558575
0.0029508296484708186
0.0029523954003721434
0.0029548494810558977
0.0029180516196803574
0.002919535500493823
0.0028842114472104044
0.002888026316154426
0.002889230691978414
0.0028904360727283413
0.0028928498540412508
0.0028949988243810914
0.0028793787398859847
0.002881453364893224
0.002884336024953026
0.002885477272769253
0.002887762479898697
0.0028199848720140554
0.0028370463124171475
0.002838436534621342
0.002839894419984536
0.0028418184676945522
0.0028471090002539392
0.0028484405761491074
0.002851441180716894
0.002853779358476777
0.002856456261469978
0.0028584001585831953
0.0028605482212640146
0.002861825161710036
0.002811330072193501
0.0028137271760200954
0.0028164335461766388
0.0028186238253637016
0.0028219364265217625
0.0028391344552197886
0.0028414476736751152
0.0028435291727507785
0.0027614000441244127
0.0027636221832808877
0.00273189633399975
0.002678466251046129
0.002680435851676687
0.002682344676790042
0.0026998361289708264
0.002703988671987528
0.002705403733020943
0.0027075291037582114
0.0026768280037771904
0.0026804593758130344
0.002682697781953363
0.0026295351572386324
0.002631483380031453
0.002634524912013073
0.002636163925405884
0.002618103286174737
0.0025641959286819087
0.0025147802440588303
0.0025174367870997067
0.002518525173086347
0.002521007791125357
0.0025236167763243557
0.002542177088200881
0.0025443217648004673
0.002530896480739739
0.0025332541080857625
0.002534416319609731
0.0025362535632205054
0.002503912903506781
0.0025055482602652397
0.002509346110450118
0.0024720472469727055
0.0024743864968060614
0.002392939433394
0.0023375859086153306
0.0022825589019758574
0.0022837805016022827
0.002245202172157931
0.002211537829211409
0.0022128321038316404
0.00221531703600888
0.0022336927670032983
0.0021217068363348995
0.0021009386114394187
0.002103409940492722
0.0021042865976549077
0.002122973019301313
0.0021270979735314574
0.0021283526518485227
0.0020952365332024343
0.0020965260047530734
0.0020975587253110523
0.002101011808409447
0.0020282099948635075
0.002030062607246798
0.0020326217626988837
0.0020340798484118545
0.0020368189201287325
0.002040237548489519
0.002042413882854458
0.0020437827929636098
0.0020453059579606013
0.0020465769974830606
0.0020482062350858535
0.0020500422308146224
0.0020510125562190735
0.002053109549181967
0.0020566589933349827
0.002058457985281768
0.0020603632020482136
0.0020621170538550745
0.0020659585471615553
0.002068925710305021
0.002070743290622809
0.0020730848774572867
0.002074492373225023
0.0020764242706806453
0.0020784121305623842
0.0020800366269581143
0.002082136507455775
0.0020834335417668753
0.0020857580152411443
0.002087604752669261
0.002047995608266009
0.0020124637516713366
0.002014199734610746
0.002016143498480904
0.0020346756774856207
0.0020413500565667295
0.0020478839011510014
0.0020494501603488227
0.0020131595309588017
0.0020143932420826436
0.0020170199053917612
0.0020192144469379295
0.002002109516775091
0.0020037520627188624
0.0020055002234058462
0.002025309382898222
0.0019859843604828693
0.0019277615975000662
0.00192984802710103
0.001953789402508344
0.001878371109438369
0.0018800221258729098
0.0018816273609411859
0.0019010408636104792
0.0018289744979223174
0.001830825398472916
0.00183753418917626
0.0018566404655192994
0.0018579934554741322
0.0018591063161375672
0.0017843902931485047
0.0017867655679886523
0.0017881657447522197
0.0017294297189155176
0.0017319664695116534
0.0017335102735165661
0.0016914569293397341
0.001692998022803418
0.001712575330150467
0.00171442359518169
0.0017167282316600968
0.0016747845493821118
0.001681982587421565
0.0016843110501337352
0.0016241246637687418
0.001626579976357189
0.0016288263951070715
0.0015759085621116092
0.0015792761661464934
0.0015658635653840649
0.0015723138632636922
0.0015739091407262192
0.0015362790567368851
0.0015379958193127367
0.0015395205050377473
0.0015412135563951464
0.0015438054064836383
0.0015457146697904873
0.001547212173170892
0.001486218780231822
0.0014879426994017923
0.0014891478040421112
0.0014915142972988637
0.0014931287086611138
0.0014945846699144468
0.0014552559623860393
0.0014573499695537003
0.0014585775617784753
0.0014600454624934434
0.001379947486142177
0.0013602939267934367
0.0013615927315902769
0.0013628195926688722
0.0013637877687825777
0.0013654293582618805
0.0013292873642376509
0.0013307818465765162
0.001332279693110945
0.0013337076063799163
0.0013359839338477231
0.001304172064349568
0.001305863737557727
0.0013121655106345742
0.0013137629232032023
0.0013155099967677888
0.0012596334434298298
0.0012611736371636333
0.0012627176019958638
0.0012643005720228812
0.001265569808514594
0.0012670538090717891
0.0012696769621008655
0.0012713842820857614
0.0012725250486017648
0.0012743116003069955
0.001275636881505842
0.0012955408636939096
0.0012971465592518524
0.0012993059082444562
0.0013064782096584222
0.0013084385557631697
0.0013094394862350669
0.001315876573330686
0.001317334090693932
0.0013187573448576522
0.0013204091702725275
0.0013410671531182308
0.0013428277869741427
0.0013451696829345002
0.0013471662209281724
0.0013490198005476344
0.001350878487912761
0.001290797794636097
0.0011920181249254732
0.001193392090432692
0.0011951140078574932
0.001196598836009411
0.001150104717813051
0.0011709194760042216
0.0011725161226147647
0.001175141336811541
0.0011766124873147114
0.0011782247081509492
0.0011794970147760246
0.0011810481228056258
0.0011469162338549376
0.0011485973376217278
0.001082066750289814
0.0010835622845268198
0.0010848064017316523
0.0010862134554025008
0.0010883308930980014
0.0010288091927988987
0.0010306994334257629
0.0010317695752284893
0.0010333943126527134
0.001034993375418907
0.0010369373436572766
0.0010386714561593613
0.001039913663246797
0.00104175135175225
0.0010430009410427436
0.001069980042490182
0.001073563376487916
0.0010755697950489051
0.001077095794395882
0.0010787239586707493
0.001080684265104412
0.0010836381201127458
0.0010863765796173541
0.0010878670807327167
0.0010901604760449855
0.0010932163737575593
0.0010965661164864349
0.0010977099147426793
0.001099497660970174
0.0011014946552441933
0.0010401570513808803
0.0010426325441470399
0.0010441816793578074
0.001046059703960969
0.0010472612875518713
0.0010493135913068722
0.0010512101381531108
0.0010274828232354775
0.0010505012570546323
0.001052048726467331
0.0010532371090890074
0.0010552237241957454
0.0010565190477689296
0.0010579175727777953
0.0010597880423915216
0.0010610946028534697
0.0010628080507445988
0.0010646620992979783
0.0010135349812543685
0.0010155677947215943
0.0009644729426526727
0.0009663843162324862
0.0009682412596744061
0.0009705724986623862
0.0009724768674879646
0.0009741375606822185
0.0009759299310285461
0.0009778237761031512
0.0009043760129659642
0.0008651399491094148
0.0008670269331770732
0.000868440502586844
0.0008698302796738409
0.0008715381175212975
0.0008732240437158469
0.0008758371973209686
0.0008777133315757096
0.0008801498127340824
0.000881431471185244
0.0008833902727564209
0.0008851224105461393
0.0008869499578171485
0.0008159907506225542
0.0008177635170515948
0.0008196812846884876
0.0008277329749103942
0.0008297404113895625
0.0008313365506845309
0.0008325447253391014
0.0008338410850089138
0.0008355947535052012
0.0008375835883486343
0.0008396677688016271
0.000841503547068402
0.0008441855151930546
0.0008459830116537307
0.0008473215923683727
0.0008498648726352711
0.000851892839027989
0.000854404402668424
0.0008802449377218008
0.0008820863259186945
0.0008838427947598253
0.0008888110254613407
0.0008904959161225396
0.0008492569002123143
0.0008513840871139961
0.0008531297134238311
0.0008552763700369753
0.0008576776364110218
0.0008594798010375488
0.0008678571428571428
0.0008103882463866709
0.000728852506103691
0.0007308730873087309
0.0007332490518331227
0.0007355605478657874
0.0007374309793664632
0.0007387190684133916
0.0007427668368587406
0.0007443685050497667
0.0006903786104605777
0.0006919484583975159
0.0005834620381946999
0.0005846014025521044
0.0005867850098619329
0.0005883734440859816
0.0005899046981695604
0.0005918631254351935
0.0005937901525641505
0.000595260426436566
0.0005968277850918438
0.0005983131591186194
0.0005999647079583554
0.0006015113604771654
0.0006031118544422482
0.0006052514463729418
0.0006075690854553577
0.0006094126081835408
0.00061122025758568
0.0006132282084975909
0.0006153687041059055
0.0005789876802845608
0.0005805930901611601
0.0005826637925403357
0.0005287256792747406
0.0005308149260415431
0.000533111093473027
0.0005342135263395106
0.0005427191827287601
0.0005442830271741306
0.0005455274769354192
0.0004267482587865856
0.0004278679260515056
0.000429567190792673
0.0004310520108982961
0.0003374838402395046
0.00033895061981494386
0.0003400521047579871
0.0003413016253113689
0.0003424468378900856
0.00034357120097529883
0.0003446742272626195
0.000345943533087825
0.00034736812617306773
0.0003485544827198493
0.0003499710709397005
0.00035120514345597187
0.0003527637905038263
0.0003541845187089403
0.00035848461384037394
0.00035969152854511965
0.0003610316841406001
0.00036306074732424227
0.00029174507315507704
0.00019032560318575778
0.00019124115509657676
0.0001918677588369862
0.00019267822736030826
0.00019328843094399095
0.00019407619730084794
0.0001946428304062046
0.00019553870914369086
9.823925035895112e-05
9.863728792983096e-05
9.907932443143712e-05
9.948421262072028e-05
9.986479842674534e-05
0.00010042952937177468
0.00010100539213401086
0.00010144045445323597
0.00010197998054535758
0.00010265156898975065
0.00010314513313656417
0.00010362859511510747
0.00010410660516368763
0.00010467494403916454
0.0001052086368197857
0.00010570652615829961
0.00010617792152634847
0.00010685341355558844
0.00010735639018267104
0.00010810091636315257
0.0001087301985580703
0.0001093337370271316
0.00010996075246988768
0.00011061193928255396
0.00011124232000136916
0.00011197822454218135
0.00011263017449013188
0.00011366418354142624
0.0001142395163274632
0.00011511963586773642
0.00011592031815668862
0.00011666307703352719
0.00011721849527519297
0.00012701177580607114
0.00012786088735455823
0.00012874983906270115
0.0001294929426346264
0.0001303174159918086
0.00013127051101734645
0.00013212533031332576
0.0001329837759793305
0.00013380739381427533
0.00013509340744171682
0.0
0.0
0.0
0.0
0.0
0.0
0.0
0.0
0.0
0.0
0.0
0.0
0.0
0.0
0.0
0.0
0.0
0.0
0.0
0.0
0.0
0.0
0.0
0.0
0.0
0.0
0.0
0.0
0.0
0.0
0.0
0.0
0.0
0.0
0.0
0.0
0.0
0.0
0.0
0.0
0.0
0.0
0.0
0.0
0.0
0.0
0.0
0.0
0.0
0.0
0.0
0.0
0.0
0.0
0.0
0.0
0.0
0.0
0.0
0.0
0.0
0.0
0.0
