0.0
0.0
0.0
0.0
0.0
0.0
0.0
0.0
0.0
0.0
0.0
0.0
0.0
0.0
0.0
0.0
0.0
0.0
0.0
0.0
0.0
0.0
0.0
0.0
0.0
0.0
0.0
0.0
0.0
0.0
0.0
0.0
0.0
0.0
0.0
0.0
0.0
0.0
0.0
0.0
0.0
0.0
0.0
0.0
0.0
0.0
0.0
0.0
0.0
0.0
0.0
0.0
0.0
0.0
0.0
0.0
0.0
0.0
0.0
0.0
0.0
0.0
0.0
0.0
0.0
0.0
0.0
0.0
0.0
0.0
0.0
0.0
0.0
0.0
0.0
0.0
0.0
0.0
0.0
0.0
0.0
0.0
0.0
0.0
0.0
0.0
0.0
0.0
0.0
0.0
0.0
0.0
0.0
0.0
0.0
0.0
0.0
0.0
0.0
0.0
0.0
0.0
0.0
0.0
0.0
0.0
0.0
0.0
0.0
0.0
0.0
0.0
0.0
0.0
0.0
0.0
0.0
0.0
0.0
0.0
0.0
0.0
0.0
0.0
0.0
0.0
0.0
0.0
0.0
0.0
0.0
0.0
0.0
0.0
0.0
0.0
0.0
0.0
0.0
0.0
0.0
0.0
0.0
0.0
0.0
0.0
0.0
0.0
0.0
0.0
0.0
0.0
0.0
0.0
0.0
0.0
0.0
0.0
0.0
0.0
0.0
0.0
0.0
0.0
0.0
0.0
0.0
0.0
0.0
0.0
0.0
0.0
0.0
0.0
0.0
0.0
0.0
0.0
0.0
0.0
0.0
0.0
0.0
0.0
0.0
0.0
0.0
0.0
0.0
0.0
0.0
0.0
0.0
0.0
0.0
0.0
0.0
0.0
0.0
0.0
0.0
0.0
0.0
0.0
0.0
0.0
0.0
0.0
0.0
0.0
0.0
0.0
0.0
0.0
0.0
0.0
0.0
0.0
0.0
0.0
0.0
0.0
4.5895981347873176e-05
4.571470367729076e-05
4.5557256359792984e-05
4.5410785969883565e-05
4.52627957923705e-05
4.510111670364958e-05
4.496726383193035e-05
4.480768541420224e-05
4.4654020648019146e-05
4.451804761650373e-05
4.4380536471924866e-05
4.424857077116409e-05
4.4089377987055356e-05
4.393827551056276e-05
4.377670378931148e-05
4.362773327748983e-05
4.3472968508181606e-05
4.332154987176821e-05
4.318236777558987e-05
4.303740811513367e-05
4.289121073309657e-05
4.275258225596826e-05
4.260177564200875e-05
4.246933713858594e-05
0.00019476340480303493
0.00019417147874244421
0.00019353427239528114
0.0002650161861151646
0.0002642052105280759
0.00026335966930026333
0.0002624410338183509
0.00026160672892244514
0.0002608939746701672
0.00026008230452674895
0.00025923738268688056
0.00025844865377694896
0.000257765596450013
0.00025692310193993197
0.00025609854931517946
0.00025547740318538275
0.00025463746393978947
0.00025391315527271556
0.000253180783898984
0.00025248893363376317
0.00025170458166061296
0.00025097291716305294
0.00025016228882661216
0.00024951045417219376
0.000248697486266547
0.00024794815058926914
0.0002471569133542947
0.0002465206265992635
0.00024588760757582827
0.0002452121550734084
0.0002445290494320116
0.00024390620417110478
0.00024326404926866817
0.0002425247129612574
0.00024191202364001036
0.00024119191549123767
0.0002405639549932246
0.0002398518383580775
0.00023924169467914354
0.0002385805964514911
0.0002380414312617702
0.00023734414901607325
0.00023673603931616245
0.00023605695247486287
0.00023545541249403906
0.00023475224723274642
0.00023419898019684567
0.00023355506282335547
0.000232924977518317
0.00023235977528750842
0.0002317871079423759
0.0002311868077198835
0.00023054923247533995
0.00022995531880830745
0.00022940441966489528
0.00022881638209439395
0.00022824124232574932
0.00022767882875093662
0.00022709959323300702
0.00022644538080087134
0.0002802442128140236
0.0002795487284811661
0.00027894002789400274
0.0002783458304930697
0.0002776597251735373
0.00024875621890547257
0.00024817744687451524
0.0002474864655839133
0.00024685124407416753
0.00024617794749136275
0.00024555969472465217
0.00024492408744903205
0.0002443833486072926
0.00033395690431649685
0.00045773868790795436
0.00045648876017101084
0.0005519538616123659
0.0005506804542770431
0.0006451082713563709
0.000739646992876967
0.0007380426182095986
0.0007365354244949082
0.0007348247151026173
0.0008550830690842073
0.0008534177283670101
0.0009125393161354768
0.0009103273677264706
0.0009083457626207654
0.0009065186198388111
0.0009044083216268645
0.0009026331250333812
0.0009006848402483543
0.0008984940920026049
0.0008962783235882952
0.0008940379833888799
0.000892055951438374
0.0008899420747761978
0.0008882931893142007
0.000886510871560836
0.0008847009553723332
0.0008828984144398295
0.0008811032037746668
0.0008791437452043748
0.0008770905505170421
0.0008756930410902117
0.0008737236655034249
0.000872066772449914
0.0008704161516275235
0.0008688722654944601
0.0009569255240001026
0.0009547577910027517
0.000953111025935863
0.0009513243301835061
0.0009489283215671309
0.0009466884938008401
0.000944889868399387
0.0010255826599390467
0.001023602170894863
0.0009965103241493128
0.0009947808589574295
0.0009926461360841303
0.0009880531970846793
0.0009860158212424547
0.0010717271150703046
0.001069485426860394
0.0010673724496135589
0.001065426356589147
0.0010632109217382692
0.001061397980996157
0.001059434392767726
0.0010575952328186944
0.0010555678438890117
0.0010537420724002992
0.0010519226059270143
0.0010499553860633395
0.0010481873314541615
0.0010462340446263274
0.0010992351560695046
0.0010969143217696236
0.0010950010295916759
0.0010929358142009115
0.001091075868395008
0.00108886801088868
0.001086904246621459
0.001084986617698244
0.0010829589697514224
0.0010812491777004317
0.001108724191430958
0.0011067429116035261
0.0011049658043413616
0.0011328417227743934
0.0011307068695775848
0.0011292212634494512
0.0011272598369372563
0.0011254246885617214
0.0011235558068049321
0.0011217326889837384
0.0011201521716157666
0.0011182220971938954
0.0010926660349325564
0.0010909430700586351
0.0010891493207393153
0.0010869818215673952
0.0010851254167973696
0.0010835015428876358
0.0010815066986255369
0.0010797812691476201
0.0010783227117391705
0.0010767935991883696
0.0010750089200418952
0.0010737113165034257
0.001071715433161216
0.0010699475336220128
0.0011254846789966716
0.0011239805359468163
0.0011214442013129102
0.001119568556507492
0.0011179277436946147
0.0011107707319287017
0.0011088458489070107
0.0011068149957038844
0.0011052031474018127
0.0011035959869236836
0.0011015099349670331
0.0012008267619240188
0.0011990488368441123
0.0011971957174214936
0.0011951478562244955
0.0011930670416624815
0.0011912323515974102
0.001189204823566057
0.0011877381865048942
0.0012864484477151388
0.0012840113445005761
0.0012819236597316698
0.0012796731809649993
0.0013769458041187103
0.0013745364103579954
0.0013727688384770945
0.0013706447187928667
0.0013687971243205328
0.0013663712941691278
0.0013644010399597997
0.0013621690005671157
0.0013605219872988897
0.0013585242228458306
0.0013569302305369052
0.0013548988978564608
0.0013530934815344446
0.0014182785927560689
0.0014166234439834024
0.0014146057231645731
0.0014127307406329808
0.0014111796428456097
0.001409586478291723
0.0014079061825445407
0.0014053706383662966
0.0014033848228909083
0.001401404611487028
0.0014475580464371497
0.0014452438049560353
0.001443121228568692
0.0014408211405438145
0.0014387115256071555
0.001436882093015863
0.001434556303161102
0.0014322834146650613
0.001472434051619572
0.0014704333354399713
0.0014686234285413706
0.0014666792742248978
0.001464509766895365
0.0014624845475307477
0.0014605107602816399
0.0015768025078369908
0.0016892561638547174
0.001686932783178602
0.0016846157848186875
0.0016824100341885668
0.001680262365859227
0.0016568746308557925
0.0016544574124658551
0.0016525594518339375
0.0016969096426580786
0.0016944959802102657
0.001691723520513691
0.001689428738785954
0.0016876077851687606
0.0016847542041995877
0.0016827882696146166
0.0016760747740008997
0.0016974079294074392
0.0017614720071805227
0.0017592111562713278
0.001757224257224257
0.0017548137987095462
0.001778535753441345
0.0017762097387390128
0.0017739975698663427
0.0018356139445978338
0.0018331111380438738
0.0018295511850731218
0.0018271739239919824
0.0018250782248246862
0.0018932199813089749
0.0018904843613594632
0.0018886082040178035
0.0018862257463807294
0.0019537850836407996
0.00195126822448572
0.0019486995372586568
0.0019467192699304603
0.0019393613739713625
0.0019371639283974915
0.0019347409591312032
0.0019324389977889488
0.001994632122094463
0.0019925600538208874
0.0019901382424727517
0.0020766095204255873
0.002074459693958038
0.002072314314136848
0.0020702344757013123
0.002067488159110116
0.00206511390516573
0.0020626844308500735
0.0020604422508177143
0.0020582653440550966
0.0020560327558070226
0.0020533239645547886
0.0020514620567272167
0.002044493795414256
0.002042464580414137
0.0020989850100267926
0.0020970895155234476
0.0021816218802225263
0.002179022749139562
0.002171592576468502
0.0021692001919874247
0.002210380324429385
0.00229493757152593
0.002292616035787804
0.0022901008234611033
0.0022877230762328683
0.0022852185826459114
0.002283310944796265
0.0022807505167550027
0.0023188044990871608
0.002297344263654133
0.0022947760005605565
0.0022928043176639813
0.002290508298920076
0.002288740224013825
0.0022867788949827344
0.002283973511613237
0.0022811750030077953
0.002278577889097614
0.0022765044519011423
0.0023591307037310566
0.002357189032369961
0.0023545828529669324
0.0023521822587243154
0.0023494542037157526
0.002406543890223416
0.0024041658824267525
0.002401724829522664
0.002399221129675023
0.0023963854103153394
0.0023937582379140827
0.0023908011554707054
0.002387921065509643
0.002385979992774477
0.0023835747710075675
0.0023814408634238544
0.0023791112725962786
0.0023769853459055107
0.002373803570155951
0.0023716871143802695
0.0024717134037327794
0.0024326997372894456
0.0024294559574297345
0.0024272308721810546
0.002425682463958384
0.0024232628305778767
0.002420982049483877
0.002418638666875621
0.0024165001120597823
0.002413698991404399
0.0023882608828845395
0.0023857613259397996
0.0023836604904298913
0.0023811050942088084
0.0024247195674197766
0.0024301744115136
0.0024271105507744227
0.002488223415781868
0.0024855694922698898
0.0025419744072423967
0.0026214217720999747
0.002618777336591831
0.002612239102186251
0.0026086146444173498
0.002605566534914362
0.002811149830370159
0.002808862234891639
0.0028067305022907566
0.002801582340268789
0.002798930259509602
0.0027954663586350612
0.0027934285716623257
0.0027912431441081496
0.0028507533723026576
0.002906567230367522
0.00290359591984471
0.0029001630355886595
0.0029376266383675386
0.0029347904830633862
0.0029902503737609977
0.002987048906590675
0.0030467299781379202
0.0030433157216676696
0.0030408782090755606
0.003020337890970059
0.0030180837873145564
0.0030155920938631526
0.003011250388914634
0.003008288608267342
0.0030499991376485396
0.003048137061886962
0.0030851690013118916
0.0030832065816561315
0.003081246656931996
0.0031403869284621915
0.003138310612128447
0.003135574074931981
0.003167624902967932
0.0032225217849063794
0.003219549370557408
0.0033309365633342664
0.003367329829329671
0.0034036561396738013
0.0034006173205795073
0.003397940512235222
0.003395356933544186
0.0034530931175683517
0.003449298609027553
0.0034468636826930064
0.0034438023649663576
0.0034387373227113298
0.003418573893150164
0.00347166715659081
0.0034689554815570223
0.003465616910798338
0.0034451396951396948
0.003481225993689641
0.0035385972657355634
0.0035357537664552014
0.0035319661290761344
0.003554916270968847
0.0035950638755705964
0.0035746862644109104
0.003606890840356687
0.00365998772287464
0.0037328591740015296
0.003729494678969338
0.0037692114766603364
0.0037651426231887315
0.0037618552179041107
0.003757152247093742
0.0037375524567175413
0.003734583789158592
0.0037483996972515502
0.0037461939664774424
0.0037429380719258003
0.0037397833467100175
0.0037364432319520594
0.0037336802247427726
0.003728557580492463
0.0037247619348756943
0.0037178709605657024
0.003698095026142596
0.003695559382745119
0.0036886104171104275
0.003686178345727452
0.0036834694315308553
0.0036804849016830563
0.003675638955250457
0.0037310693798375395
0.0037278666643204986
0.003783623531618082
0.003778700911728434
0.0037750852941969416
0.0037557452179630773
0.003752817829303798
0.0037497065872898042
0.003747070788217575
0.0037951412098597794
0.003788205205605008
0.0038212577058470793
0.0038166246998020343
0.0038140475116841236
0.003819995578305998
0.003796510558836348
0.0037938573791915764
0.0038493084695853104
0.003846334623137692
0.003843652515017757
0.003839123940408032
0.003835973752924295
0.0038163604003749086
0.0038103023094830024
0.003865641725708714
0.003846333690881714
0.003880732925898052
0.003932366525225082
0.003962929621817493
0.003960087617785822
0.0039563697768559905
0.003973129863540822
0.004015011214942163
0.004049007855163749
0.004045518534364746
0.004043029842139073
0.0040403454914348545
0.004037565482741676
0.004034888380803265
0.004031423342690396
0.00402835927512908
0.0040257930011194905
0.004022540512037648
0.004014725151355618
0.004012172937103882
0.0040381131143673275
0.004084633969691441
0.004081546190402999
0.004151867778926945
0.004148632662317282
0.0041805820256802075
0.004210701650153065
0.00420783667041443
0.004204056778773328
0.0042004874505359655
0.0041654156584703715
0.004239406657159456
0.0042931258038387925
0.004290113739961323
0.0042873132015077324
0.004284102274052022
0.004281102854290368
0.004277694826254675
0.004275013532487013
0.004308371150108688
0.00430494851534813
0.004301841744709197
0.004353121992121054
0.004350117069025469
0.0043475060797158165
0.004345211000439679
0.0043411112419218315
0.00433796105663242
0.004335052113761249
0.004366137805567279
0.00436342280549685
0.004360398516847931
0.004397919427898167
0.0043946976990683565
0.00439249584165364
0.004485574940553956
0.004482261555676381
0.004478953062218931
0.004516164236304166
0.0045855928393572
0.004583412286876468
0.004580036525866889
0.004576852299591661
0.004572834564056182
0.004570232234851778
0.004618322647846615
0.004614252773275338
0.004645111821941523
0.00464060968056051
0.004637759183213728
0.004634474496129909
0.0046807291215558485
0.00467299319673312
0.004705138771150504
0.004687224403710146
0.004683584911820206
0.004680870295581988
0.004678229962614658
0.004675153336370925
0.004672519447167335
0.0046693407879454946
0.0047002077597098
0.004691888907223787
0.004716414519280225
0.004712993869113001
0.0047059017647252946
0.004758118468304714
0.004751447917873253
0.004760679400677534
0.004770787100816256
0.0047674512748513455
0.004763898198465123
0.004745000012077867
0.004741799449200482
0.004738272800607203
0.004770252845835861
0.004805728562140902
0.004801617611333647
0.004794636438195745
0.004791192893271062
0.004788862978238673
0.004792359844092363
0.004873205837925329
0.004870276348392461
0.004862520544716884
0.004871486060999862
0.00486867472324536
0.004877187582584071
0.005013824950183555
0.005064825169913666
0.005042831224423264
0.005039465080896776
0.0050364509774231195
0.005047234532026586
0.005043490437136053
0.005039554099536195
0.00508924952171172
0.00508661235183423
0.005083191850931125
0.005075649509279043
0.005071866029751129
0.005120816504780819
0.0051616182068358355
0.0051570290192634255
0.005138510742647917
0.005188350259881507
0.0051856288903039185
0.005182674116007448
0.005180076698631497
0.005205967248907005
0.005202283264552825
0.0051981425437864605
0.005194716651014091
0.005190420347578777
0.005191930592053183
0.005219237736141126
0.005211790439088931
0.0052371849632402954
0.005341681777305163
0.005338055545106594
0.005400378811129845
0.005397449328692688
0.005441839492395198
0.005450946257528948
0.0055005846921643035
0.0054981036544375205
0.005490506343521758
0.005487538234857812
0.005503960157164721
0.005501111829300109
0.005498087967109937
0.005480137802405226
0.00547580860628441
0.0054735952640830015
0.005538350824863516
0.005535865755056744
0.005518556638712719
0.0055164535773829845
0.005498427453663371
0.005491227934129858
0.00552135337312566
0.00551527887962898
0.005647212361577927
0.00564380722924666
0.005692640209244714
0.0056902257042894585
0.0056875594227491924
0.005729012786957294
0.005785164763896705
0.005780456852179851
0.005805091359508657
0.005772440991467833
0.005790795639081626
0.005828208045909639
0.00585804047675798
0.0058705054274084114
0.00586650764790124
0.005877522731642255
0.0058946968857178355
0.005939704168076795
0.0059217820479780066
0.0059194222499513605
0.005938641160708477
0.0059321149300133914
0.005961736279873881
0.005943055736480683
0.0059915628150142885
0.005986521350001223
0.006016571201307057
0.0060620903615699875
0.006136273709172698
0.006133569968911777
0.00616216078638733
0.006172382695987846
0.006168662130340199
0.0061943993595743
0.006191948343143086
0.006211472941130812
0.006207787516547731
0.006236716992403301
0.006232748657655956
0.006229878186981568
0.0062529039842616615
0.006239201953393762
0.006283784595216921
0.006279161568875465
0.006420122034456504
0.00641543529081523
0.006460694660755867
0.006492283370491999
0.006533459456139981
0.006539209044501146
0.006619252952789853
0.006617088053104009
0.006630334867090369
0.006627446272816254
0.006623108615400725
0.006618779945294564
0.0066781322115742935
0.006707266123648295
0.0067037676691470115
0.006699697923003949
0.0067576071224041976
0.0067545270826948065
0.006748273325987457
0.0067771410573414115
0.00677452454960475
0.006761985621765893
0.006744762774913523
0.006741550287772407
0.006737619545981005
0.0067297897491881125
0.006712324178062791
0.006708698795029723
0.00670594612200451
0.006700599453065292
0.006697852831784479
0.006695108461298531
0.00669265487753027
0.006689432093439845
0.006686982649245982
0.006667309814509188
0.006660587778656328
0.0066562886707854695
0.006724236079844665
0.006721031255750038
0.006754236869276929
0.006751626087743934
0.006781907329712882
0.00677856132884233
0.006840419685385906
0.006897921112829911
0.006890509150967984
0.00690495807879013
0.00690170715690746
0.006899197176766965
0.006879388508212824
0.00687586039050876
0.006880856191602354
0.006878359029694337
0.006918848863471139
0.006916192195534314
0.006929738030341476
0.00692663635297592
0.006959489327501086
0.006956376920918946
0.007029599639752892
0.007058456393967445
0.0071019952151887104
0.0070988239400283
0.007100767467709717
0.007097550117285838
0.007121433487376744
0.007164095862253519
0.007172979965787093
0.007169633224201426
0.007299894874621404
0.007297110426481053
0.007341266608234068
0.007366609110696677
0.007363335200781232
0.007346583347239165
0.007374728246651612
0.007394603731234251
0.007387645920972208
0.007415420012302861
0.007409083711623343
0.007401971211791431
0.007397598721869456
0.007393926563193331
0.007389875950242572
0.00738738547052221
0.007396608952101338
0.0074334842422344215
0.007430356921827078
0.00742271478115972
0.007454379082689292
0.007452092786595754
0.007448093169804354
0.0074155765465909
0.007467408151973171
0.007495716206941999
0.0074924161369123166
0.00748943286211871
0.007471148504050148
0.0075154766177906104
0.007509628762795979
0.00753739551534207
0.007533928089598442
0.007528598402487033
0.007541543829725657
0.007593166438532611
0.007643370287586526
0.00766853035989036
0.007665170828492474
0.007656789005368422
0.007649861346666946
0.007632945092505591
0.007618917937016551
0.007611363652706543
0.007593532058424961
0.007622682358673352
0.0076158882349896045
0.0076129789145592385
0.00764357420082291
0.007666914200781193
0.00766452595239037
0.0077412379814983615
0.007737704196471325
0.007779433172696319
0.007801461313681086
0.007797083644522145
0.007776103134916051
0.007795178505135495
0.0077917900687833625
0.007789165339065449
0.00778707043776191
0.007808429544438786
0.007805153811928974
0.007801284287213289
0.007826738622002267
0.00785276791104995
0.007928939969704646
0.007918760951324075
0.007912385997944067
0.007940136241534078
0.007995337498269759
0.00803716198089109
0.00803418353825632
0.008077835099689611
0.008074157740519011
0.008085947013010429
0.008117019843989645
0.00811366522330688
0.008108776337205208
0.008106844981201572
0.008138906046193483
0.008192848307633284
0.008189294058209687
0.008186773655015606
0.008206696008791715
0.008241778340822506
0.008254280602809739
0.008283987473604931
0.008266671170938374
0.008248092673134666
0.008285718007418567
0.00834954588670626
0.008365248351158226
0.008345300237398556
0.00834205921161292
0.008338650324045092
0.008363329714103359
0.008350896564032319
0.008347473924268718
0.008343048496410963
0.008397767747158346
0.008380419746550922
0.008392970322523138
0.0083790557141826
0.00839614316479385
0.008377120925687633
0.008390678590743087
0.008398122047660442
0.00839783322790541
0.008412048562493306
0.008408628335389221
0.00836423382552494
0.00837568662113313
0.008372117905158138
0.008380487388757142
0.008378106278568349
0.008382999738328296
0.008379429321046326
0.00840956589141605
0.008432513365063642
0.008451491462907688
0.008508146332163345
0.008505748397761035
0.008514182963477803
0.008510489251673019
0.00849255071774807
0.008471580731485523
0.008468007049075755
0.008459357741156531
0.008482048249411728
0.008479160249312542
0.008487849043446499
0.008545581879708275
0.008540973777056711
0.008538390039905237
0.008535291618021112
0.008532023500235807
0.00852190172318776
0.008553240614646764
0.008597777291319875
0.008593969978656904
0.008577270741307584
0.008626525656628057
0.00862201677782715
0.008644526220592441
0.008644454189260376
0.008614903092867573
0.008611662230393658
0.008607860400901782
0.008605788090242521
0.008626078936782888
0.008636642000770378
0.008671398273407155
0.008689176777874378
0.00871748593572083
0.008709063475074474
0.008706273394070105
0.008703833539244615
0.00870000224334307
0.00883793907143372
0.008848442793743071
0.00886777975264303
0.008884973127340936
0.008923912518298863
0.008921285847949404
0.008933685604664916
0.008938330286103004
0.008946119861595055
0.008942550551085322
0.008949251061336391
0.008967610407881327
0.008977988709817471
0.008971270746984995
0.008967532024976483
0.008961536133056327
0.0090007237723952
0.00902328959829469
0.009015310592185796
0.00902954672242663
0.009026259684089037
0.009018501508621312
0.009029661019427116
0.00903836673752171
0.009030185522597328
0.009026602826496317
0.009056251663732098
0.00903980511197255
0.009023906738080388
0.00903143317320759
0.009058097971133277
0.009052108421604785
0.009049402281383732
0.009031312668789537
0.00906849154218927
0.009061546793437307
0.009041784472300059
0.009022456753778881
0.009023301033626648
0.00906730272045259
0.009071337839879243
0.009122552133303694
0.009113493568404888
0.009109287586506861
0.009132142850717343
0.00921407953544029
0.00921135589383951
0.009208996706585875
0.009256463249621911
0.009318452358909005
0.009316434464624932
0.009308542520244403
0.009405898117562872
0.009403308235103517
0.009387417209870996
0.00942513728000578
0.009423285146441874
0.009420123931499616
0.009457002766896495
0.009454022018829552
0.009447038369299846
0.009444072033364748
0.00942578250994966
0.009408637384711116
0.009393435433672298
0.00942222261911746
0.00943148224125057
0.009425950178992322
0.00942147075216645
0.00941944133633482
0.009416859707574447
0.009437958272573422
0.009408563917554498
0.009449400718372703
0.009444547543882695
0.009440855382997675
0.009437707491444661
0.009439734382595426
0.009432977467541024
0.009429376760120156
0.00943552778795688
0.009478296294367158
0.009553070768324831
0.009533282477005413
0.009531423847496522
0.009548131097838693
0.009575131067179705
0.009569272077552477
0.0095540494757449
0.00961957276147846
0.009637545140572839
0.009634356136613991
0.009632293787819496
0.009616700340616208
0.009613707804967496
0.009607762584740097
0.009633101359866895
0.00961598737044696
0.00966883021141315
0.009661566473039642
0.009703864051563515
0.00971473193382705
0.009753147439171604
0.009805534419546357
0.009780516543876495
0.009825934474586254
0.00982158864094443
0.009836360862480489
0.009833312777461224
0.009891386356346992
0.009942162451649908
0.009992917404990167
0.009963535672754924
0.009953408777039067
0.00999160614760539
0.010015987943304569
0.010040930620537137
0.010022503858162859
0.010032157055030305
0.010090159390457093
0.010123767306770835
0.010108692023242785
0.010142267956297881
0.01015353608222055
0.010153813094205301
0.010165462004075733
0.010187526019546391
0.010183811543633039
0.010192730127336427
0.010212591106026696
0.010210124718224618
0.010206391223812642
0.010192383891826157
0.01019120721393516
0.01018290331181441
0.010174364329464653
0.01017700348813671
0.010185796745063657
0.010202153364395505
0.010187191392101622
0.010197494519853207
0.010189437899243347
0.010184064339665861
0.010206754003699425
0.010203614683916583
0.010248429653903492
0.010244811352837597
0.010252902647999298
0.010261008527265367
0.010271423461049752
0.010305414148949204
0.010328280700130294
0.010339263989885546
0.010362403931007014
0.010374296578597895
0.010388780083504967
0.010414204553432263
0.010445666758693106
0.010463095946317467
0.01047754292689666
0.010494519526040013
0.010500416943897856
0.01049482744656218
0.010516857901442696
0.01048501704702381
0.010488976767833816
0.010473184835672337
0.010458034166827512
0.01045520453568098
0.01045154123518534
0.01046410181724179
0.010458099271480035
0.010455670886257755
0.010522122713040991
0.010518849468438757
0.010499475599604713
0.010495009831016042
0.010491815124625565
0.010523381612785794
