0.0
0.0
0.0
0.0
0.0
0.0
0.0
0.0
0.0
0.0
0.0
0.0
0.0
0.0
0.0
0.0
0.0
0.0
0.0
0.0
0.0
0.0
0.0
0.0
0.0
0.0
0.0
0.0
0.0
0.0
0.0
0.0
0.0
0.0
0.0
0.0
0.0
0.0
0.0
0.0
0.0
0.0
0.0
0.0
0.0
0.0
0.0
0.0
0.0
0.0
0.0
0.0
0.0
0.0
0.0
0.0
0.0
0.0
0.0
0.0
0.0
0.0
0.0
0.0
0.0
0.0
0.0
0.0
0.0
0.0
0.0
0.0
0.0
0.0
0.0
0.0
0.0
0.0
0.0
0.0
0.0
0.0
0.0
0.0
0.0
0.0
0.0
0.0003728097427612775
0.00036895830771122864
0.0003655416108200317
0.00036183813773971776
0.00035855145213338117
0.00027649405537780934
0.00027367268746579087
0.0002709397739588171
0.0002683843263553408
0.00026563448694596234
0.00026320736980635454
0.0002608242044861763
0.0002585124455277347
0.00025635391489050024
0.00025403737978588274
0.00025173517459632465
0.0002494743219644321
0.0002472537176362544
0.00024520106487319597
0.0002432329128878696
0.00024134602123844983
0.000239463601532567
0.00023748939779474128
0.00023564263111829257
0.00023377751060347992
0.00023180343069077419
0.00022979449806316064
0.00022777560848626836
0.0002260324840970002
0.00022429427408760292
0.00022283767866806734
0.00022104332449160032
0.00021936009526495563
0.00021774293890755255
0.00021606938914096982
0.00021442136862096425
0.00021287595414043727
0.00021141010540303825
0.0002099076406381192
0.00020844500029777854
0.00020711284691401856
0.00020587024292688662
0.00020440940283253026
0.00020312817387771681
0.00020168842020341714
0.00020038932783694033
0.0001991238550378335
0.00019789104684363778
0.00019660712279519153
0.00019538882375928096
0.00019415321462251065
0.00019286934479528295
0.00019157088122605362
0.00019039847681218548
0.00018924033522573665
0.00018795983029912461
0.00018690590622663674
0.0001857305845206824
0.00018452616317385
0.0001833949016217349
0.00018243419338024496
0.00018135654697134563
0.00018022193043433482
0.00017921146953405015
0.0001781986660556998
0.00017718379021439238
0.00017634018540910922
0.00017541221871397782
0.00017442874585731725
0.000173469134884643
0.00017250726994923356
0.00017156862745098037
0.00017067759003242872
0.00016982047549733137
0.00016895969104513636
0.00016798656107511398
0.000167108310057533
0.00016616816218012627
0.00016533219962682158
0.00016451620484617731
0.00016359344691392646
0.00016272636399562962
0.00016195830730431963
0.00016114180478821362
0.0001603885986619008
0.00015952234452268633
0.00015871936149468288
0.00015792442188381273
0.00015710566478139868
0.0001564210855623338
0.00015569048731122528
0.0001550181592700859
0.0001543005775250187
0.0001535390756947643
0.0001528551151872475
0.00015214745261693616
0.00015154467320473684
0.00015087832740597046
0.00015020814557315133
0.00014950556374276498
0.00014883800046777655
0.00014814814814814812
0.00014752992749957847
0.0001469168450656928
0.0001462813198754519
0.00014570584072270094
0.0002797985450475658
0.0002786895398526042
0.00027736686390532545
0.0002762939767913059
0.0002750779387493123
0.0002738892270237371
0.00027277686852154935
0.0002717063156623596
0.0002706115821757171
0.00026947721420444336
0.0002683203148291694
0.0002672209026128266
0.0002663037045804237
0.0002613069275806515
0.0002603096314563639
0.0002591986280012473
0.00025821732968334403
0.0002571837413466373
0.0002561731961939982
0.0002551265082196774
0.00025411746723222133
0.0002532465059598614
0.0003719517980833096
0.0003706855791962175
0.0003692609129787675
0.00036786786786786787
0.00036646473711764263
0.0003650722694084339
0.0003636700992670934
0.0003623590312442226
0.0003610573823339781
0.00035964622554956143
0.0003583049979891046
0.000356954233367936
0.0003555362066463503
0.0003543406732472792
0.00035313406482532475
0.0003518598305328163
0.00035067003023634444
0.0003495069455589436
0.00034831440706580653
0.00034722222222222224
0.0003460635273760969
0.0003448397199056969
0.00034369684535395513
0.00034266932410224134
0.00034152291339954694
0.0003404196192858135
0.00033921772239529246
0.000338059263858705
0.0003370999088454328
0.0003359212984386515
0.0003347509009239808
0.0003336567761265172
0.0003325190010857763
0.00033142258069970745
0.0003302999662959218
0.00032923469730565075
0.00032819276301468495
0.00032543934311320285
0.0003243836710250524
0.0003233669966668325
0.0003223087221698815
0.0003214003164556962
0.00032054443238978205
0.0003195516444619242
0.0003185962160572493
0.0003176775328674063
0.0003166715385364903
0.00031564123731365025
0.0003147090152028663
0.0003137368471860218
0.0003129363054258341
0.0003120049920798733
0.00031112387516752825
0.0003086125163055582
0.00030765815056218976
0.00030684064847765917
0.0003051405133752507
0.00030420472034060143
0.00030324612207784064
0.0003023360708815084
0.0003015583484223866
0.0003007705857918108
0.0002999032070151657
0.0002991379348436043
0.00029847324542260195
0.0002975778394618105
0.00029682437379702827
0.00029592523625936515
0.00029512606067739496
0.0002943580646283349
0.0002936475405391924
0.0002927675179412
0.00029190596919680584
0.0002911020383592509
0.00039552057929608496
0.00039438366858083907
0.00039337659622580334
0.00039249742450171563
0.0003914999501071105
0.00039045543959057233
0.00038952013400844526
0.00038852052479768074
0.00038747473219276243
0.00038651960476064715
0.00038556917453905253
0.00038455602964668396
0.00038356494915268345
0.00038269568014610513
0.0003816146189027545
0.00038086976278258
0.0003798318358401411
0.0003788812729095781
0.00037795172302123627
0.0003765155697315422
0.000375644603283397
0.0003746495607556874
0.00037369162273278867
0.00037280195642579796
0.0003718218970084642
0.0003710038762501108
0.0003701581941345555
0.00036933191336594443
0.0004945185772111273
0.0004934818071637225
0.0004925730389255271
0.0004912776598366847
0.0004902135796004506
0.0004890931147008943
0.00048787661646758774
0.0004867064066435474
0.0004855618293195651
0.0004841834705659941
0.0005789154742356713
0.0005778716994091523
0.0005768080883627531
0.0005752082617115044
0.000635043386071104
0.0006039418204324784
0.0006026933492378752
0.0006012797775505527
0.0006000907102690943
0.0005988098594115267
0.0005973184276321705
0.0005960015880650801
0.0005947856961897524
0.0005935984517963838
0.0005923923354202239
0.000591191110454758
0.0006562833102760075
0.0006552171131954782
0.0006537664288820735
0.0006525280883041034
0.0006512944300962733
0.0006235872217481774
0.0007073383906861041
0.000679859386998889
0.0006783724269273402
0.0006770238791287318
0.0006754179351006228
0.0006738980220007612
0.0006725671875720278
0.0006711637860445773
0.0006699987509276199
0.0006687090020423352
0.0006673472785587128
0.0006660166271347681
0.000754129256387543
0.0007525450117406115
0.0007509674093757032
0.0007494534197718038
0.0007478603512006434
0.0007464154020450428
0.0007197139508380009
0.0008064095859861737
0.0008045878089930952
0.0008030759374289758
0.0008018705249370564
0.000800458781055125
0.0007989026326845976
0.0007972930236194171
0.000795660260604223
0.0007942407589313368
0.0007926204606471667
0.0007909189288269901
0.0007893412979849149
0.0007877118703571076
0.0008964811690780125
0.0008946381151675029
0.0010330920895410436
0.0010313542129230554
0.001029546999320299
0.0011126959255808142
0.0011107127268192305
0.0011087768440709617
0.00110668723853705
0.0011048452958142515
0.0011028102959917037
0.001100822462443285
0.0010989208725560257
0.0012346977877226478
0.0012328818602807916
0.0012306304647324415
0.001228606835599043
0.0012266774080608048
0.001332039909426379
0.001329717383163635
0.0013272143635121335
0.0013247207493724568
0.001322470454013081
0.001320461046609457
0.0013179927210188564
0.0013157188796228305
0.0013133143888046544
0.0013111026460966822
0.0013670839211919275
0.0013645511338383717
0.0014436434819600655
0.0014411791541211509
0.001438623161046308
0.0014360762182472188
0.0014335382777409258
0.0014310587940724933
0.0014283412498376424
0.0014263221493258735
0.001424210679899736
0.00142147021334734
0.0014185943220303009
0.0014736239654059135
0.001471407080337606
0.0015717748740385232
0.0015690427500243459
0.0015666399280488109
0.001564297607316399
0.0015619622802468126
0.0015592641337797827
0.001556785847137882
0.0015541580056620068
0.001551434444974027
0.001549033086096918
0.0015462235678539047
0.0015438900759847845
0.0015412539517799158
0.0015794728243735134
0.0016492749199566322
0.0016469107228183138
0.001685329149133443
0.001682864644412054
0.0016803515724999765
0.0017776651957349297
0.0017747829087625922
0.0017720270346806627
0.0017691046337395045
0.0017665990674126115
0.0018599673709162763
0.0018567317956821358
0.0018537504135223367
0.0019187707151973002
0.0019101913691740218
0.0019074494378706042
0.0019053981496137532
0.0019024842227913848
0.0018995174821821133
0.0018971138098328238
0.0018947776142020749
0.0018920184972024603
0.0019648531572913543
0.0020369644873597125
0.002034404662167761
0.0020310668903237667
0.0020060708933541307
0.002003625877832049
0.002048582835427132
0.0020455694429217072
0.002043021545752216
0.00203948207679551
0.0020362999522369053
0.0020336449786936338
0.0021260717688154976
0.0021230378944030446
0.002120684193854926
0.0021181346494558344
0.0021159924146649817
0.002112987217926464
0.0022046772566817955
0.0022961913755114886
0.0022937366369010182
0.0022902081436599374
0.0022871923498981026
0.0022840414540217287
0.002374253649692081
0.0023709183992008487
0.002461879073248308
0.002458965334662223
0.002455218310735166
0.0024517110738463445
0.002427465451125099
0.0024244582778448795
0.002420784629022615
0.00241854094579008
0.002487861580874788
0.002484564571968645
0.0025326520771132787
0.0025805360875445706
0.00255650714716927
0.002552980606134918
0.0025495418273842312
0.0025448598416531643
0.0025409761010896426
0.002537645552642808
0.0025805371171061433
0.0026224573565629835
0.0026191126901703547
0.002616173258917737
0.0026126862958924016
0.002654987746210401
0.002703223866077813
0.002763928902076467
0.002760512014243356
0.002757435725329224
0.0027544491531494345
0.0027310229960549963
0.0027071670053125958
0.0027692729320378355
0.002765542545821536
0.002761244374610384
0.002847674775666176
0.002914028974147062
0.002910557205547375
0.0029071801868041404
0.0029480344550465764
0.0029244029956196115
0.0029440950828234047
0.0029405213056326253
0.00293730362934515
0.002934092987268761
0.0029278519717613185
0.0029244863270860245
0.0029207844456593333
0.002918121455811522
0.002914350054899326
0.0029345176991459427
0.0029120605434004585
0.002996243719205813
0.003038628281942616
0.0030353458678811928
0.003099306081987286
0.0030954252933810874
0.0030920038395532133
0.0030888722824206675
0.0031539323046291664
0.0031510045419885268
0.003146714231913685
0.0031229681180502725
0.003119538863340514
0.003114885230219889
0.0031595241527488872
0.003155837880660042
0.0031520252762881817
0.003231538447155993
0.0032284775754924987
0.003225237526312793
0.003221450301585481
0.003218040189115631
0.0032146622606208726
0.003253442657416165
0.0032310920642162773
0.0032274107470643847
0.0032236460925755047
0.0032208970268608095
0.0032173302432828787
0.003214044832017258
0.0032105841694416984
0.0032065863852144107
0.0032029606656472304
0.0031948175817831863
0.003191483169480967
0.0031700846441545406
0.003203601309160772
0.0032849973707164753
0.003281490518820554
0.0032593738905304006
0.0033260798946248885
0.003317222544437998
0.003312486571240345
0.0033744405905004916
0.0033721793431412284
0.003350197665558462
0.0033467436610548494
0.003343296771271717
0.0033402285029183053
0.0033367023143664972
0.00333355360832463
0.0033956755738329845
0.003392100782393333
0.003389190075048295
0.0033855353050176893
0.003363939314215555
0.003360226356915096
0.003414592953707566
0.003411677632945085
0.003491417022334216
0.0035294898046465155
0.0035075925322842266
0.0035047047533668984
0.003500573885969421
0.0036374104345634566
0.003633133819336753
0.0036291645911179925
0.003626391287754239
0.003623128188215168
0.003619772343211373
0.0036523141704658028
0.003648937914843295
0.003679775184012469
0.003675781505714214
0.0036720950634159073
0.003667720799593986
0.003705220817317763
0.003701716162867958
0.0036983179840322667
0.00373279210074462
0.0037700017027276983
0.003767158717333775
0.0037631047396987642
0.003795620095410449
0.0038271363456608277
0.0038232359224152366
0.003837102244336
0.0038331997235190214
0.0038285885711570036
0.003888261329357657
0.0038839036877781658
0.00388048667261656
0.0038767658703735396
0.003935663932736531
0.003957747625840875
0.003953858825592412
0.003950395456525053
0.003946834654681949
0.003925622093233471
0.00398845965457938
0.003985190166008315
0.003977417364825221
0.004052931840388285
0.004049938537699667
0.004125084920467589
0.004120632413379549
0.004112347270075893
0.004109429025324735
0.0041058679014615036
0.00410188245856434
0.004098226975140374
0.004121197306467852
0.0041157862907915226
0.004111697832615905
0.004107939326931725
0.0041042947809119545
0.004100442891860811
0.004097025055062094
0.00409177134661207
0.004070607268735193
0.004067328870529618
0.004124520127946651
0.004141421998657458
0.004137559832713058
0.004196680958501915
0.004254316389636067
0.004250798245009533
0.00424772463818017
0.0042431225529817075
0.004270613687336199
0.004267314047627224
0.004319889247958835
0.004298860172818827
0.004334530804287728
0.0043264685555196945
0.004361618264188679
0.004357258993224241
0.004351535870853789
0.004386459693715115
0.004373456429528806
0.004370663887176031
0.004367429002465497
0.004364421514820657
0.004360640195056523
0.004399523102260211
0.004396500682949209
0.004392700575586481
0.004389464494888094
0.004461933850481492
0.004458651935000629
0.004455713629920914
0.004452102566576416
0.004446922845799249
0.004443774104152415
0.0045030729654279575
0.0044988194734387615
0.004495640496902325
0.0045656350989180024
0.004584104161998421
0.004581217955434088
0.004577298541969788
0.004571594798113301
0.0045686084792159855
0.0045649383614438585
0.004557893776138087
0.004555607914518619
0.004551955301122197
0.004548422413076161
0.004542886265669935
0.004539479611968738
0.004535511634485186
0.00453222913292791
0.0045479573073089275
0.00459668704642421
0.004577113274984556
0.0045675511556898685
0.00458417643509854
0.0045795097377965156
0.004575874034032666
0.0045726975254680715
0.004623434041684332
0.0046202288087454834
0.004617028016835028
0.0046431542376853515
0.004693937044261967
0.004671892180841692
0.004667513326221363
0.004663947177625887
0.004644082507100928
0.004639512009603535
0.004636660014220317
0.004691726497374217
0.004777267265600518
0.00480857468733877
0.0048623780193821405
0.004858803267125574
0.004853926264311362
0.004888135610216457
0.004884191734146504
0.004954511218255539
0.004948770982706531
0.004998251344743002
0.0049941837040498645
0.004990290647156498
0.0049711443625016375
0.00501467224657182
0.005011258582687156
0.005008457976505603
0.0050004218564824645
0.004994922046552482
0.005043085759172254
0.005038125282275843
0.005032685777531389
0.005024154164648836
0.005005373552844738
0.005041992620772233
0.005111471400054069
0.005091328038036504
0.005072194410668928
0.005069628747247017
0.005062200086752371
0.005057695591833783
0.0050551425509360245
0.0050519852119736836
0.005040587360061148
0.005072943124087394
0.005083122542488703
0.005079494366320901
0.005076454063717041
0.005087895610005106
0.005084245931168604
0.00509187355140857
0.005088104675039397
0.005084705320925795
0.0050814316713165
0.005113785297271537
0.005106649837663628
0.0051038542707986245
0.005100940418985999
0.005153136019652127
0.005245234305083673
0.0052108316908487905
0.005206380841657376
0.005242069325240649
0.0052389640546880575
0.005233787964892342
0.0052304440079825225
0.0052563132507330015
0.005323849807415112
0.0053202040238027794
0.0053166886917122924
0.005382988592498253
0.005379689648399138
0.005376141458397132
0.005423728813559323
0.00541909781040216
0.005415148309235533
0.005411692828273336
0.005446633324723914
0.005443054805985094
0.005440118824265168
0.005435495968498033
0.005471226672913253
0.005523425975789649
0.005520453056257609
0.005518597100868183
0.005527377835951137
0.005537389944510112
0.005584742030940058
0.005561910499029893
0.005572659315313921
0.005569542324925938
0.0055939891016169125
0.005587114283980993
0.005662417821625044
0.005689331473287402
0.005685762919884559
0.005680914861105711
0.005677487620546304
0.0056734230937653795
0.005709292754699891
0.005704929065129178
0.005736747472475981
0.005731464747934032
0.005835495033618056
0.005855226878190426
0.0058513067216749565
0.005831511020473231
0.00586671625965082
0.005885568525843202
0.005969750414194861
0.006005510547930256
0.005985182174781807
0.005982704294494166
0.005979266195802987
0.005974574981605265
0.006005787647345613
0.006032667385402004
0.006056872362641374
0.006053262205115671
0.006045699321450788
0.006042792003084201
0.006035520147297509
0.006030689412426933
0.006035289725129298
0.006079529697206985
0.006113824396486682
0.006109513775146192
0.006122193774094098
0.006118148578845779
0.006111148736339456
0.006107671593128375
0.006104198404541877
0.006086126950532192
0.00613445302926522
0.0061271849516762325
0.006104931779073782
0.006101314159573197
0.00609744092411243
0.006093572603145507
0.0060884684152817834
0.0061120373510074434
0.0060937825958969774
0.006122595735450847
0.006118447354303445
0.0061104174136659434
0.006155855485759373
0.00613236727567543
0.00616038309386065
0.006154385067971989
0.006151475782756173
0.0061862079659757655
0.006178287542680223
0.00617509405517586
0.006186878410598088
0.006190419977795393
0.006253972611796504
0.006314317329271481
0.006379003066661345
0.006375573879213705
0.0063873589563696355
0.006383785968499116
0.006380787746386118
0.006429808781435024
0.00647418990023373
0.006504924738301239
0.00650231138580393
0.006498395291864096
0.006516776479770816
0.006508963053664008
0.0065057948290680985
0.006530952783012091
0.006560963932266595
0.006543359372057926
0.006535289842315188
0.006531804664192897
0.006527582921160251
0.006522770573513066
0.006519152921894957
0.0065285379345869825
0.006521805383703919
0.006548309048309047
0.006632947356423228
0.0066804766428535355
0.006678111924677264
0.0067776058854199725
0.006868909305588787
0.006914350605526423
0.00693200276230017
0.0069272995760782325
0.006972665867681305
0.0069697900143035375
0.007002521480409672
0.00702671612333118
0.007066871346454018
0.0071094360855835995
0.007090288813402953
0.007070584463809793
0.007048548139788773
0.007106989201999303
0.007148767402307078
0.00714448099412881
0.0071415036046989
0.0071602962454054234
0.007141817900243633
0.0071891684128312944
0.0071861286917993105
0.007182511803165235
0.007201558391539795
0.007233551446828217
0.007230389514998507
0.007256923657080937
0.007252393199206583
0.007249544095612316
0.007290330102686927
0.007318247508617778
0.007315101589295134
0.007311595593151948
0.0073412351847054885
0.007338198975116689
0.007334526922021207
0.0073316557038094156
0.00735632356319762
0.007352071798303212
0.007349675789939109
0.007409209919742861
0.00743300585276751
0.007430425227973232
0.007474196145706824
0.007456501823981496
0.0074742929777708396
0.007463027099619117
0.007491456812870692
0.007486757231500673
0.007481901796398744
0.007477834531903767
0.007503009486073511
0.007499769285051714
0.007559353587194306
0.007556418105897097
0.007560576917571907
0.007557480658030278
0.007538724063216755
0.007531803061518817
0.007521062391709365
0.007504129570483537
0.0075178750584708135
0.007514804163125091
0.007516518393372027
0.007556453778695083
0.0075353198125942865
0.0075170484581289975
0.007549731412465986
0.007573641996075739
0.007570395964018446
0.007567639023691797
0.007610466649500534
0.007591513614243308
0.007587488477109555
0.007583432211351114
0.0075881187899658024
0.00758228658938181
0.007628077139152167
0.0076249826506039585
0.007617033069949005
0.007613296522565803
0.00760907701136213
0.007606320628119505
0.007603474619131229
0.007599183895251505
0.007627547155329061
0.007623653480294968
0.007605790789571
0.007603365679847262
0.007599780477138958
0.0076450179483185604
0.007623755980583417
0.007620035260241502
0.007615988318412436
0.0076123945319484
0.007608200197417785
0.007605621365048523
0.007601793435885634
0.007568873735910879
0.007566631059191737
0.007563429539777664
0.007558407002334596
0.007553324265427215
0.0075484059113471134
0.0075930423808827745
0.00758600082114598
0.007611244130965696
0.007593373767332638
0.007684780020586432
0.007676302405160946
0.007672099931848931
0.00774414364379215
0.00775890659122301
0.007754215371139989
0.007744762461267588
0.00774215824969244
0.00776810467776853
0.007814333452235868
0.007875962802701947
0.007921783774229361
0.007917179706646753
0.007913990814355626
0.007919425637668781
0.008004248555347176
0.008031941559653597
0.00807741539757696
0.008074711377358082
0.008070489968231485
0.008064643634531148
0.00811263081121599
0.008109410840766584
0.00810585489857168
0.00813306678107228
0.008129163995010008
0.00813860956423111
0.008178461399963088
0.008175904245650347
0.008214757727237402
0.008205991051414542
0.008200813438452846
0.008239634761373878
0.008265325743597451
0.008259474431544246
0.008299523424474075
0.008309402117798768
0.008350056205108806
0.008344344912809632
0.008341402924226398
0.008328960268664583
0.00837318046355251
0.008365564333162573
0.008362619077940277
0.008356917495823053
0.008354150018229487
0.008349829502084353
0.008328455158479962
0.008330647012251897
0.008323589462798577
0.008319119524307025
0.008310870290724968
0.008307269468011374
0.008295932811742467
0.008299729454249598
0.008348344610246418
0.008375643963206543
0.008371456543557126
0.00838961957963995
0.008386339552231144
0.008382325468238373
0.008390953556688044
0.008387331785683369
0.008442965698826469
0.008448362656024142
0.008446627701171277
0.008428895714612921
0.008455323311868062
0.008450313189066331
0.008448060234360469
0.008440678292036558
0.00846711381020283
0.008464511587014495
0.00845832395307027
0.008486397385979649
0.008480727058384726
0.008535205428433144
0.008531672595994686
0.00852765990797154
0.008599898703522457
0.008658560007094996
0.0086509124127063
0.008646902074966007
0.00868882137095678
0.008685630861273443
0.008681437273696009
0.008664977166771169
0.008678158112547239
0.008719446488915483
0.008718641682955027
0.008716664378511428
0.008709545610066705
0.008702609998239333
0.008700485596921565
0.008696446258212923
0.008666161282788977
0.008692999870755506
0.008709781783540604
0.00870556782624276
0.008687115319985846
0.008681089196399342
0.008657951294628428
0.008652113050397323
0.008664849651671736
0.008689610406707387
0.008728664519519074
0.008699036980448376
0.008695784645427246
0.008689946552034346
0.008686605617504022
0.008669607260323262
0.008666802469879935
0.008663299032872142
0.008660323337651427
0.00865383446685079
0.008662647335634535
0.00865651098677564
0.008640609765299435
0.008634109258037417
0.008630104569142222
0.008627146968543989
0.008683451728791761
0.00872027211205021
0.008715323462862249
0.008712166308918086
0.008698136267848948
0.008709095935553135
0.008688518679772482
0.008733931553792457
0.008715081278274478
0.00877349196740639
0.008770420982034724
0.008765914162734763
0.008762572421781875
0.008746149672517595
0.00883357471272532
0.008816913526775206
0.008864514938433888
0.008935814199156598
0.008930280546178152
0.00896568958409455
0.009000669233355366
0.00899499266067211
0.008991933751385624
0.008986622298856037
0.009071110209314259
0.009065058931633634
0.009055137971035328
0.009051277226057959
0.009045598510847146
0.00907598498791645
0.009107967808718262
0.009162507462848676
0.009154380498531924
0.009138287558232904
0.0091220828003915
0.009107158830610142
0.009111680836193185
0.009147724499824539
0.009183639535769025
0.009181263006706897
0.009163950461658093
0.009194370947638354
0.009158665284493083
0.009154073121883667
0.009164776951002337
0.009163952036068382
0.009195241686748915
0.009230348805862643
0.009246351717468902
0.009243049055824373
0.009240737273294844
0.009223442965856376
0.00922899699495443
0.009200551407938096
0.009197257816351665
0.009207181492751411
0.00921595312565085
0.009209550775893357
0.009259016170466447
0.009314609313124826
0.009319865844766406
0.009313435519476092
0.009320531707609969
0.00943073143375657
0.009435369433886915
0.00946769759665015
0.009526702721451714
0.009520588773334058
0.009542639246152056
0.009581459514832316
0.009610946626221018
0.009606965289590437
0.009578018558356952
0.009587951340045954
0.009621716134693791
0.009639528227377632
0.009634423448152978
0.009631991034448052
0.009648639426336276
0.009633053676479736
0.009672556059395819
0.009670229369419062
0.009703912742453675
0.009730538284204476
0.009759001274358211
0.009763103967319067
0.009806413681229571
0.009803582006444406
0.009800311131439803
0.009853671318217684
0.009882106028899502
0.009906456826057657
0.009901017210812586
0.00989353570468011
0.009927114293911538
0.009949782639800448
0.009946081663485722
0.009982802586286277
0.010008896027387354
0.010007329475468682
0.010005176267108026
0.00999956908661147
0.009997809459633671
0.010014517723176818
0.01004649704696603
0.01004414170918028
0.010020689256603706
0.010057649050503253
0.010067953851988193
0.010136110810718621
0.010132552199550433
0.010102999101887717
0.01012981568878194
0.010126148097446384
0.010150450862565863
0.010146384938972615
0.010189842880128515
0.01018645314253388
0.010180235722740866
0.010178452879023003
0.01016880071921213
0.01019579794182072
0.010225427851127789
0.010229851257024837
0.010283190238399026
0.01030623466233278
0.010318166273251895
0.01031596277815384
0.010311958833665045
0.01036238912097434
0.010347647832371683
0.01036160208564303
0.010359191195950013
0.010355839222792745
0.010352999701209127
0.010336385292309796
0.010338112784327986
0.01032603105909592
0.010318117843277496
0.010308673998816192
0.010339175679040646
0.010381900605556046
0.010457270351985808
0.010453959907340138
0.010422180686849037
0.010403585058281173
0.010406807721994451
0.010482002090262035
0.010517775011752526
0.010487484755156146
0.010511304744114573
0.010501799259900468
0.010504416932657787
0.010523501919812332
0.010515091521913496
0.010531824671346541
0.010525348338552487
0.01050927039634945
0.010503290526486332
0.010500056568083104
0.010533415262729006
0.010566658726436362
0.01061896542543749
0.010600675069224401
0.010642233665603436
0.010637681370548461
0.010632640727438823
0.01062955017583401
0.010620060884547639
0.010706289235689692
0.010702849445724666
0.010699906904630239
0.010695573897503226
0.01069164138731605
0.010713051026341663
0.010721308288557378
0.010728421346453737
0.010735371951546743
0.010732129761537567
0.01073734262734376
0.010735082436959682
0.010821675937810388
0.010863838470376079
0.010847767337977276
0.010879992530250595
0.010877081439825102
0.010873626004601577
0.010870981878145192
0.010890783945782504
0.010891610023401986
0.010907411266742417
0.010916193274494794
0.010897378453279543
0.01089128953199678
0.010932875575242374
0.010913863308681918
0.010940247355206852
0.01092186916057588
0.010919522959505424
0.010917443367260526
0.01096974015108404
0.011011918761595118
