0.011020229228825068
0.011007539759181452
0.010957522099669532
0.010932351248991258
0.010945675445732541
0.010945911685894545
0.010909155193441851
0.010866371924238097
0.01078208948819017
0.01079604843619309
0.010765592549641264
0.010736873978046513
0.010728625508772063
0.01069002690255187
0.010690253508850616
0.010662970110481278
0.010666595811261257
0.010660250834896294
0.010640264159346659
0.01064066924811598
0.010641074367730992
0.010607035509949965
0.010607035509949965
0.01057870756572474
0.010543461422466184
0.010560160644398206
0.01056099624937789
0.010466843819690905
0.01042679091502529
0.01043313697856208
0.010379953301760452
0.010379953301760452
0.010366626060880093
0.010333489892055804
0.010311276978102288
0.010271293732985954
0.01028716010009561
0.010288987967916373
0.010266970114171159
0.010245224807772386
0.0102551355136183
0.010179076934760679
0.010134840701609533
0.010080729779387282
0.010094059304284931
0.010059974946957442
0.010059974946957442
0.010077286347899877
0.01007822480799569
0.010051120349634894
0.01005250077153404
0.00998088017961556
0.009911425748488857
0.00989629398720305
0.009896588296934924
0.009873402520125162
0.009873590599264908
0.009876318610007507
0.009852564699401396
0.00986862783088872
0.009868850728712393
0.009863913049757944
0.009797606995537923
0.00978998620602413
0.009790807806030598
0.009764022720581711
0.009752459146083844
0.009673314668741733
0.009667516014219493
0.009681038899869264
0.009681586341805836
0.009681770833799315
0.009711995325620835
0.009699290863178403
0.009667892691713533
0.009669867208649771
0.009670414510707218
0.00965897962286441
0.009605979825243775
0.009582011699056673
0.009582399662453004
0.00959883213800332
0.009572964010546187
0.009573328979913143
0.009558172369153184
0.009503068052463688
0.009515805534221643
0.009489296388997048
0.00949002008602761
0.009490201027533215
0.009506271032192412
0.009441322623201446
0.009420206950906337
0.009409663291316234
0.009399215566616423
0.009411929235717757
0.009409468591662985
0.00933321889721727
0.009349348915437008
0.009353241336417597
0.009321450494723273
0.00932434947676056
0.009321533609073642
0.009308771450851891
0.009313400258650139
0.00931711292567501
0.009318009612778164
0.009260394512536215
0.009260924606864136
0.00926318621525275
0.009265447996270049
0.009259667726901778
0.009266426957266628
0.009269325277569844
0.00922128390732862
0.009221635905034744
0.009188475792152111
0.009188475792152111
0.00916418620003545
0.00916453608496978
0.009126462502751138
0.009127159498512765
0.009126204773521917
0.009141655253859016
0.009142178970884596
0.00912676547177347
0.009130122678811615
0.009157383762998713
0.009161441705611293
0.009187549239695225
0.009189524766708645
0.009203423986788499
0.009192133549246362
0.009150801601793209
0.009152599998114448
0.009154111489292049
0.00915463631078894
0.009158749033182813
0.009160324686761178
0.009158217124840436
0.00917148714181727
0.009167565863482333
0.009167741128090578
0.009126319011229228
0.009050657703775868
0.00902232528781165
0.009022842810915673
0.00902336039339364
0.008972906338912012
0.008959610291503028
0.008963140198319551
0.008963140198319551
0.008962754484842815
0.008891740596468595
0.00889310133418326
0.008894122160814312
0.008895249519771156
0.008895784178488936
0.008900292170159538
0.008874281174862947
0.008862031297867364
0.008837189012325363
0.008806805139793858
0.008754846000681703
0.008755348892634181
0.008755851842363766
0.008730518392710293
0.008730852786428534
0.00866240739933617
0.008663236988813017
0.008635367344136427
0.008609101393722353
0.008585658578953059
0.00856876225050202
0.008517961844651992
0.00852213552777006
0.008522298859037242
0.008525819918249215
0.008526637037275308
0.008515827746007138
0.008495706689932785
0.008476699610601626
0.008448430566064065
0.008439168619383316
0.008424161173710558
0.008425123392909836
0.008407710634023673
0.008397810543832034
0.00839844594735271
0.008354966879623048
0.008348255514049352
0.008304773115715593
0.008318998711953133
0.008306789937347757
0.00831088274234106
0.008260815746420324
0.008262407066491962
0.008266717230566148
0.008224837560705283
0.008227065332889374
0.008242800173544557
0.00821525392693273
0.008215727364929173
0.008207190068334237
0.008183672875315498
0.00818815574435168
0.008204638880758511
0.008098617881289209
0.008099237281757718
0.008068800631641714
0.008071012422348162
0.00805188009705066
0.008053139989281135
0.008061604033035873
0.008006134628899453
0.00800836529089872
0.007994700013122708
0.007980877559683188
0.007923332090543665
0.007924703832177115
0.00792546611611634
0.007942475559260202
0.007948370751664869
0.007898946465371258
0.007899706622664484
0.007860195520445734
0.007860649455929233
0.007838106700321024
0.007806548903968976
0.0078076011413195584
0.007835464210760272
0.007839277713899723
0.007852570943865215
0.007855065304209983
0.007850835807141408
0.007852046001878337
0.00785408725786038
0.007858209089707673
0.007871967540060492
0.007874004116605928
0.007875593017006936
0.007864783553122258
0.007865845193496207
0.007869666188374818
0.0078711841688521
0.007871943378714446
0.007845692915050249
0.007820191823433601
0.007813594667583603
0.007824257006878768
0.007826298969387715
0.007827054374484948
0.007812857717294156
0.007817131754688447
0.007786003476757352
0.007787206505724713
0.007716490004836737
0.0076215852208820056
0.007622321477882806
0.007622763300365873
0.0075679009309294306
0.007539497089010054
0.007540371436347292
0.0075259271495570585
0.007528166173554439
0.007509414605870707
0.007509559793887525
0.007510509166669716
0.007511380623931367
0.007511961707799694
0.007487333334561447
0.00748618860017972
0.007488492140262287
0.007489796225501782
0.007490665868024337
0.0074932610497585326
0.007495937402814173
0.0074980990860245575
0.0075020524789119305
0.00750263361666036
0.007503360165468914
0.00750379616230202
0.007504668307992387
0.007460046857361779
0.007443332404583208
0.0074450633450284425
0.0074507402423438975
0.007313694360602657
0.00731511229281681
0.007316388901969927
0.0072861902668326555
0.007287886570635271
0.007281574329189662
0.007286727430723996
0.007287575990873528
0.007291943015518654
0.0072671891414974685
0.007201510248112169
0.007215665748698703
0.007177016529073379
0.007179148012481326
0.007161392315274319
0.007117810720608991
0.0071186407214704145
0.007118779073767102
0.00712645933544297
0.007099842010417419
0.007100256100003344
0.0071167338650569715
0.007130388353409917
0.007148212661309895
0.007152427383483844
0.007153910517069416
0.007168084264143072
0.007141174076328438
0.007133298434008601
0.007110036126285986
0.00711397183759969
0.007114802682599605
0.007087260484713837
0.007055772687162018
0.007015837157225315
0.006976570171988575
0.006977249738933695
0.006980372216825114
0.00698186869108715
0.00698295743907999
0.006983910372154824
0.006957431077612777
0.006854380663904462
0.006782374129671098
0.006746380089727131
0.006747169801972061
0.006748486399978182
0.006721566564654825
0.006726514219292721
0.006732250880844383
0.0067273374666826456
0.0067044673981090045
0.006714887145721264
0.006719382417706429
0.006679451304934823
0.006680625954909312
0.006696260868464405
0.0066885325451420605
0.006704409525468731
0.006666091536557847
0.006641060646966341
0.006643271425667503
0.006630620573737028
0.0066346594341742515
0.006639613894128391
0.006594995629336679
0.006598637590672336
0.006585437783683762
0.006547311175798682
0.006552044792292313
0.00653256319132956
0.006533564232351612
0.0065344602932768964
0.00650778028249661
0.006489328107321039
0.006503265538843298
0.006480225171044427
0.0064759582113203705
0.006477073170213528
0.006480831667651309
0.0063675722833055875
0.006310282062062198
0.006311272473403873
0.006328118244652464
0.006295936337932522
0.006296430592350352
0.006289036876544718
0.006277675789751178
0.006279847900530097
0.006185577337610328
0.006186671033137695
0.006189102987829544
0.006190441172259345
0.006204642812593105
0.006164933461258153
0.006179015202517997
0.006172192060724641
0.006173406557106202
0.006187376732895676
0.0061882292067109036
0.006117144270221154
0.006121991952453693
0.006135964944897938
0.006093662726315778
0.006096000551172955
0.0061010834608012125
0.006043026958497694
0.0060473205624637025
0.006049099940859624
0.005985186777105802
0.005985895348772949
0.0059871948326655185
0.005874198044026117
0.005888984228141954
0.005890147162684134
0.005891830250424781
0.005898069635549131
0.005847080611422642
0.0058256691018686085
0.005826595585774652
0.005840589582581192
0.005841513653395618
0.0058690435910833845
0.0058838602368479626
0.005911645616363785
0.00590082206107859
0.005902340904122862
0.005903153217632445
0.005904439511467751
0.005905869733064463
0.005907391261136794
0.005899236059806971
0.005874085531657798
0.005875483513221002
0.005889639710602135
0.005893417003094929
0.005898011784042503
0.005884079391653188
0.00588548150354381
0.005887352025841978
0.005891598881566094
0.005893238006073594
0.005907777705631008
0.00590871727506453
0.005913986525825615
0.0059157080009472444
0.005917002440843217
0.005918415203319392
0.005889741680503679
0.005894466157817864
0.005849812467971838
0.00581764068573426
0.0058222023783553005
0.005828584080187468
0.005830679360266921
0.005831260278804359
0.005837917881728045
0.005873754214065212
0.005874691166404352
0.005875276913424752
0.005866966802004792
0.005855107136058467
0.005857722942819129
0.005858892195672101
0.005860646950437891
0.005875251680459967
0.005878932302410957
0.005906767343128795
0.005909009896421221
0.005910190871717798
0.005901731243580824
0.005904952744332014
0.005906370103073703
0.005907669946443125
0.005819354069444115
0.005821736554249313
0.00580955660627365
0.005810952491167935
0.005813684222888923
0.005768339381793175
0.005709500152274856
0.005710644386543218
0.005711674589583546
0.005666607857127969
0.005580333892608264
0.005551474410428454
0.0055534797191597205
0.0055544829168931
0.005569540718214603
0.0055709947895753445
0.005572673507947422
0.00557625316462914
0.005594012352806326
0.005561741247018397
0.005566882821875485
0.005581412934620349
0.005582872861544898
0.0055838840276666085
0.005543296183645653
0.005557723395523146
0.005559066516674012
0.005560970383283938
0.005563210970876621
0.005520854513054142
0.005537305320510262
0.005538645693767334
0.0055157698016282284
0.005530673454497208
0.00555253906792431
0.005553884703048615
0.005558934599762063
0.005561293888901008
0.005589709401341404
0.005564442724719363
0.005539160715445689
0.005558040867334868
0.005560194453356678
0.005575156270655272
0.005577414836261485
0.005548155210830716
0.005549729315055088
0.005551240309525507
0.005565994390907217
0.005547857364103186
0.005509086939252276
0.0055108756401396316
0.005513001231637046
0.005497981587984233
0.005498986621787943
0.0055019235050521925
0.005457069156534597
0.005458733438360964
0.005472955632579858
0.0054748481946870955
0.005493587250632733
0.005508609706484822
0.0055234152147895805
0.005539018891968456
0.00550041450232959
0.005501871684545773
0.005504227225939767
0.0055056864292747434
0.005512468201425547
0.005475271477720212
0.005476388994094887
0.00547874667413255
0.005460113799914473
0.005462456573953625
0.005464131215234882
0.005468114654104108
0.005469680423660629
0.005471135155662258
0.005489756443404253
0.005491891835707096
0.005500630402840159
0.005488550963302581
0.0054902380179019565
0.005491063201185559
0.005473485077520598
0.00547471996832076
0.005448881160734443
0.00546513613135127
0.0054680755998787614
0.005424930236520276
0.0053916497305555085
0.005363377276710202
0.005365582204777258
0.005356735929768254
0.005327756816886584
0.005330306201669522
0.005331951798084717
0.005333927855495113
0.005336564878227256
0.005320604291428871
0.005260309329765228
0.005217159568167694
0.0052194192433441715
0.005222733172678499
0.005224350051188988
0.005225536398509709
0.005227047074570153
0.005228558624340752
0.005230611412162847
0.005236219360542347
0.005241615146280547
0.005208548814655182
0.005209842034033549
0.005211675194495911
0.005165377950528783
0.005167731831567614
0.005153025379478786
0.005130523975593816
0.005147113099962069
0.005126164576625121
0.005128398755819217
0.0051302088039620755
0.005091019514695529
0.005092394408305248
0.005077825368403408
0.0050941175130162
0.005047484702154976
0.00504975388546297
0.005002447591378341
0.005017786260368868
0.0050203994729450955
0.005022806033622817
0.004994806892102725
0.004996994763796316
0.004950390001097401
0.004952146741104052
0.004953180700127146
0.004865824031202703
0.004881632274026759
0.004887259083626066
0.004792305335931322
0.004762435942892733
0.004764329238624639
0.00476572526217768
0.004767820832145135
0.00476921890293204
0.0047715175143351425
0.0047913898281845965
0.004794003075977443
0.0047952101520157935
0.004797525414285849
0.004799837336586603
0.004739731554141807
0.004742227745127272
0.004758434666784117
0.004724591827199062
0.004727176069793987
0.004700114762399084
0.004715333402822881
0.004717219814181474
0.004719505385188977
0.0047210966543372685
0.004679684125545477
0.0046810654656065705
0.004697509456752704
0.00469998767352528
0.004658326806296657
0.004600177733796877
0.004602121566690243
0.0046033859392412176
0.004605721991648326
0.0046075730486095385
0.004610108486381001
0.0045505300921094075
0.004527814430576908
0.004529349673242188
0.004531750575259258
0.004533673130283443
0.004535404825059998
0.004487891029373705
0.004489415966862449
0.004508836889334021
0.0045110411371809545
0.004528002446884576
0.00446666707200415
0.004469234941927372
0.004459157520860146
0.004460677634215505
0.004404505604599395
0.004374396422250046
0.004376636399935381
0.004379439600089058
0.004381029674695045
0.004383463788113758
0.004385900607837746
0.004351940125810762
0.004353430006031854
0.004355666740064753
0.0043757547570090405
0.004341358602831799
0.004357322490038539
0.004315801729262029
0.00432113712736795
0.004337552328623756
0.004339787796238577
0.004344672955318657
0.004346913921382005
0.004348783159791545
0.004351028369012277
0.0043675305388926975
0.00430472335347023
0.00430657787843726
0.004307969821124596
0.004313419950747765
0.004316438901964649
0.004297190859427897
0.0042487711312993014
0.004250606215794313
0.004210174876510248
0.004214959811458623
0.004216782496782497
0.004218424261900642
0.004219884682278659
0.004191278191148304
0.004207889141190714
0.00419526925116422
0.0041967239845528605
0.004202248536716566
0.004204977073152087
0.004208248980270943
0.004127387389064153
0.004129180618872796
0.0041309754075711524
0.004082483215083024
0.004052068796537174
0.004053215192497021
0.004053067652910883
0.0040553634582087125
0.004057573417369389
0.004062180415608956
0.004064307165243009
0.004068157581275842
0.004069756560148735
0.0040720684166172475
0.004074264897215717
0.003976080111946825
0.00399461695004267
0.0039455439764135795
0.00394760309012231
0.003950285238366596
0.003952797646461704
0.003954618972391484
0.0039247197188722275
0.003927692925540593
0.003930196125216234
0.0039020480556506594
0.003903764713029798
0.003920326465937066
0.00392136205969389
0.003937944740719766
0.0039359210832793
0.003938090304131618
0.003939740511792914
0.003919068840967973
0.00392097197346182
0.003923310163785461
0.003878899418520226
0.0038143596539935575
0.0038169755234994263
0.0037868584289883866
0.003788954831936298
0.003738775789682948
0.003694057154214928
0.003696186671442758
0.00369848274516154
0.0037005352228775615
0.0037030834611802227
0.003677892865730433
0.003633411408076207
0.003665177755773346
0.0036686058253812405
0.003670404041368549
0.003646280149457053
0.003647988047104789
0.003621189517967454
0.00362353427193671
0.0036165669011161135
0.003622395276579363
0.0036426547598794796
0.003651498813943995
0.0036532971791534592
0.0036549335944632702
0.0036230429763782525
0.0036248298471716327
0.0036275288411752988
0.0036294012191678267
0.0035614305865765234
0.0035644716715230408
0.0035361452522812485
0.0035392026864249724
0.003492022563224418
0.0034408914535026453
0.0034429849248002378
0.0034448479278708787
0.003463001571951339
0.0034799304205490704
0.003481502559885212
0.0034833248673422244
0.003485451679748507
0.00349504450873384
0.0035129889401246182
0.003514898432686175
0.003516092920021418
0.0035186438750498873
0.00350472100903018
0.003453446152726858
0.003455327840643525
0.003418265520588567
0.0034209440415412327
0.003424871635218423
0.0034274436793666685
0.003429472860887379
0.0034343076001199157
0.0034170347190337607
0.0034196849729390727
0.0034214020348905653
0.003423902659907501
0.0033874608905457575
0.0033449694302850742
0.0033620282590534297
0.003363875696506889
0.003366110727441402
0.003299418498868291
0.003233162825692536
0.0032512928627560747
0.00325330993284395
0.0032018294917218844
0.00320381843446378
0.00320529331923048
0.0032070649744125697
0.003208838589164417
0.003211798977188648
0.003213355368607352
0.0032155814033613863
0.003188025358392476
0.003012636620293006
0.0030308506082489133
0.002909397491351228
0.002911150018626328
0.002913309875819438
0.0029154729402995007
0.002916826487475758
0.002922119813289861
0.002869928920407678
0.0028725993669698885
0.002877748336102032
0.0028806406417060905
0.002883460389228678
0.002885477876731928
0.002889832075072581
0.0028913166356248662
0.0028928703079443693
0.0028946963160873147
0.002845969959051272
0.0028475686688868964
0.002849169175867067
0.0028513059859736514
0.0028534460036008014
0.002854785146647357
0.0028254870256936653
0.002725908468294254
0.0027291427317293836
0.0027351843945165187
0.0026661531147261566
0.002667534996847534
0.0026303143802495405
0.002632176198228624
0.00260987497779906
0.0026112310772206846
0.002613020817506648
0.002614689334252289
0.0025452453633432828
0.0025471138535929664
0.0025146002861385283
0.0025160907199362347
0.0025176426464591
0.002519196488622272
0.0024861275182062174
0.0024875461359056216
0.0024931091557313803
0.002464028192495554
0.002465436812299753
0.00246749393887449
0.0024499638466278883
0.0024669905841124325
0.002468227997881424
0.002434144455560905
0.002435832892922445
0.0024381072466973493
0.0023908763428717437
0.0023925383850594197
0.0023938007868934837
0.002395581888669446
0.002399312717135284
0.0024010431155177168
0.0024024870219424245
0.002408349955292661
0.0024098582922112335
0.0024273789151226547
0.0024286667424584323
0.0024310704342568393
0.0024329497948863076
0.002434773198499234
0.0024360099610450346
0.002402109484262459
0.002316851814028735
0.0023191559649134966
0.0023383899367577596
0.0023406639715110008
0.0023466557288154446
0.0022673141725399067
0.00226897172749595
0.0022705763359798037
0.002235255692747943
0.0022365658926899617
0.0022047773862777895
0.0021496319027696706
0.002151368872720488
0.0021571400565715405
0.0020897063478436577
0.0021261321931605997
0.0020543913419487866
0.0020146204890592228
0.002032813322222886
0.00196119842540934
0.0018888153012240599
0.0018902136640649048
0.0018922683456504292
0.001820132514597569
0.0017821044603885767
0.0017843570460800563
0.001786349356009183
0.0017880796268437836
0.00178954632236927
0.001790837224397744
0.0017771945857973789
0.0017827633781396768
0.0017844081578372425
0.0017106690476784542
0.001728424123750317
0.0017340572751752441
0.0017358790828535932
0.0017366175699509033
0.001738183501032915
0.001739316208713171
0.0017404067437924936
0.0017415860587069742
0.0017427232068116048
0.0017443001733168635
0.0016911146407549288
0.001693159004396601
0.0016951228297673081
0.0016963632365716596
0.0016558127228666448
0.0016569844760003234
0.0016585773675505274
0.001659711021262336
0.0015643724227317334
0.0015658009646290609
0.0015672321179214326
0.001568825359711578
0.001570301995130284
0.0015170369507896892
0.0015181970014759578
0.0014602477974170458
0.001461590382545561
0.0014636463280964563
0.0014647701926944316
0.0014700895982592622
0.0014119161177984713
0.0014134746441253957
0.0014148548131126444
0.0014331268690163925
0.0014344179410715667
0.001435822312848052
0.0014378969329042867
0.0014394196566941688
0.0014577686526195035
0.0014593907847537228
0.0014607516278197766
0.001462380409066438
0.0014032212412569051
0.0014045336510328332
0.001405885077284672
0.0014072024770135038
0.0014087058592882399
0.0014097711682983412
0.0014110958645308202
0.00141711060257066
0.0014189646342876586
0.001359261324163496
0.0013605085490572073
0.00130056431095583
0.0013021703255801154
0.0013030262057499415
0.0013065307734256007
0.0013078391290107635
0.001251962668475462
0.0012097859696528265
0.0011745150261611983
0.0011754475509934024
0.0011762257869249394
0.0011771610313884365
0.001182926536496733
0.0011841204914062094
0.0011851593040448846
0.0011908563723552013
0.0011919031256857214
0.0011946016344374292
0.0011958129393287895
0.0011974745007023758
0.001199012353228963
0.0012004576816663287
0.0012018098022013386
0.001203617374755881
0.0012053007104242952
0.0012065013384203564
0.0012078671153653636
0.001209235987973171
0.001210869649129579
0.0012216256473095502
0.0012232475086056964
0.0012251063455882732
0.0011811624573767354
0.0011823186964583527
0.0011839283445230185
0.0011858980603014423
0.0011875174759238669
0.0012068785961623577
0.001207968343437739
0.0012098221218278219
0.0012113158933111739
0.0012129466452624955
0.0012141809419037141
0.0012158529068471233
0.0012175966420546927
0.0011729561360949935
0.0011792837918266521
0.0011804588974650976
0.001117482140877196
0.0011188156887932095
0.0011204948918615224
0.0011414989103632875
0.001142963390906495
0.0011449752006300956
0.0011466410850854052
0.0011475401092336576
0.001148955713271066
0.001108268369103761
0.001109015516318887
0.0010714285714285715
0.0010729372007885103
0.0010742380240787212
0.0010750260997150194
0.0010759976277217656
0.0010823245465173285
0.0011022403412415302
0.0011036463796052194
0.0011054011337932861
0.0010597055952076284
0.0010613957639106452
0.001062970040978541
0.0010645185862279097
0.0010655534587598406
0.001066926240850487
0.0010684557087836998
0.0010700202901879714
0.0010717435484489436
0.0010735960666820312
0.0010753619006396383
0.0010766356580189133
0.0010781307257613454
0.001079379791075325
0.001081447088411685
0.0010829555581386339
0.0010843420235878336
0.0010857004127215342
0.0010868402889167566
0.0010250270128201381
0.0009584259584259584
0.0009593800628525697
0.0009605894481740983
0.000962056040009004
0.0009635554509988434
0.0009649174470424249
0.0009663972944808195
0.0009679388711646776
0.0009692846225903465
0.0009900892363578929
0.000991851588149203
0.0010134030728996403
0.0010195681712239777
0.0010215438429127912
0.0009732214825208226
0.0008852998355017197
0.0008863602335678993
0.0008876893087419402
0.0008890223757320919
0.0008906005536165603
0.0008921574537344022
0.00089382775697548
0.000895071061384941
0.0008962364126320888
0.0008974048023284016
0.0008985762423727269
0.0008996687030789337
0.0009016418410551645
0.0009032376186262243
0.0009045072574484338
0.0008343788569621672
0.0008359648853869658
0.0008578770103293304
0.0008593814094675526
0.0008609176272370502
0.0008626724315421041
0.0008640333240537391
0.0008652912871982321
0.0008666335732605277
0.0008681149060923433
0.000870197300103842
0.0008715820566424328
0.0008732714331863985
0.0008748029605503533
0.0008761749422330959
0.0007833034882137956
0.0008058677243680548
0.0008074181542925628
0.0008086423652789184
0.0008153750408742339
0.0008177038706060317
0.0008241961968324592
0.0008255605428750304
0.0008269030461492676
0.0008284880625306156
0.0008302120348731738
0.0007622896486839011
0.0007639312997546419
0.0007651856621592616
0.0007663700073089986
0.0007675084501280974
0.0007690980087588721
0.0006949398007046668
0.0006961360659109855
0.0006975634099242769
0.0006988826572757707
0.000699955368320216
0.0007012377992256939
0.000702432842832017
0.0007042330650019167
0.0007056009130014925
0.0007094772967265047
0.000711049376591593
0.0007122035245793031
0.0007132904253201513
0.0007150221158003259
0.0007168339279165139
0.0006406613853884637
0.0006420778756713901
0.0006433494450411744
0.0006451250981712106
0.0006463869778317371
0.0006478727239949523
0.000649431324049289
0.0006509532219354255
0.0006522602234700244
0.0006544204679959938
0.0006556068639188188
0.0006626450964262865
0.0006638738181901425
0.0006654734040111983
0.0005865912149339222
0.0005880521636860493
0.0005896839987512574
0.0005918395766606323
0.0005934510926481882
0.000594967276799776
0.0005960102373523122
0.0005974765402593751
0.0006227015849517699
0.0006243300232062291
0.0005902630212022477
0.0005915619601997112
0.0005931831393624467
0.0005946858869145317
0.0005964309571524
0.0005978644282622472
0.0005995850871197131
0.0006015544166125267
0.0006028599676867057
0.0006042807246534449
0.000605994497569962
0.0006069213308570942
0.0006083391125549025
0.0006098974152547541
0.0006115085916957132
0.0006126775233123797
0.0006143940231749424
0.0006158924898069792
0.0006176270767710455
0.0006193714618405241
0.0006216585851050602
0.0006237991865658606
0.0006255551802224473
0.0006276281930584321
0.0006293820726810417
0.0006308591039277287
0.0006327031609849922
0.0006350415952244871
0.0006363266137242923
0.0006385940712926421
0.0006402868485081316
0.0005522165716340473
0.0005539452495974235
0.0005551467265708716
0.000556655921912825
0.0005579995068841567
0.0005602459870752553
0.0005620694613283139
0.0004719392771463405
0.0004737091425864519
0.0004754169803098134
0.0004771751232702402
0.00047896543466113194
0.00048074996995312686
0.00048237327652048075
0.0004844765634462433
0.0004862630683199611
0.0004883011190233978
0.0004905567819475104
0.0004925703965191692
0.0004943357363542739
0.0004962779156327543
0.0004980699788320259
0.0004995628824778319
0.0005016932145992726
0.0005036726128016789
0.00037899524150419
0.000380420999239158
0.00038151759220008476
0.0003830276205473039
0.00038402457757296467
0.00038562063498864563
0.0003867640739149119
0.00038833275802554367
0.0002887127740966899
0.0002895780847305476
0.0002907018997369148
0.0002918216969431677
0.00029327233268813417
0.00029486782549722085
0.0002961515111130854
0.00029781847963666143
0.0002991414639983248
0.00030019212295869354
0.00030154996682950363
0.00030326464389149186
0.0003046504897256622
0.0003059788262652224
0.0003073329645337759
0.0003084420591591869
0.00030983253551455437
0.0003109452736318408
0.00031228530385360063
0.0003137254901960784
0.0003156416205040796
0.000317218627077782
0.00031855249745158
0.00032031262512211917
0.00032201452285498074
0.0003236245954692556
0.0003255208333333333
0.0003272304847919632
0.0003289419581914771
0.00033096691985636033
0.0003333333333333333
0.00033558173093056813
0.00033770663424682976
0.00034824856453640477
0.00034996073611253374
0.00035203407002902136
0.0003548861767506276
0.00035727979364913383
0.0003592331686117829
0.0003617051309196133
0.0003642307623971715
0.0002058718224131758
0.00020747636573572925
0.00020898071925711897
0.0002106111385821292
0.00021164605418138988
0.00021303397428772553
0.0002145602447852532
0.00021599894817903495
0.0002173584335072201
0.00021907265592258164
8.628127696289905e-05
0.0
0.0
0.0
0.0
0.0
0.0
0.0
0.0
0.0
0.0
0.0
0.0
0.0
0.0
0.0
0.0
0.0
0.0
0.0
0.0
0.0
0.0
0.0
0.0
0.0
0.0
0.0
0.0
0.0
0.0
0.0
0.0
0.0
0.0
0.0
0.0
0.0
0.0
0.0
0.0
0.0
0.0
0.0
0.0
0.0
0.0
0.0
0.0
0.0
0.0
0.0
0.0
0.0
0.0
0.0
0.0
0.0
0.0
0.0
0.0
0.0
0.0
0.0
0.0
0.0
