0.011462006783501465
0.011433479564797202
0.01140175166328061
0.011328958792086829
0.011290885310266913
0.011280174739876163
0.01128038948172809
0.01128038948172809
0.01126452522896612
0.01126488784045782
0.011220681541998087
0.011220908178494901
0.011182198664838692
0.011195103435058418
0.011197641812147028
0.01119786845295851
0.011171883053736488
0.011144595500033948
0.011051205983013382
0.011070244173623746
0.011078494056221572
0.011058215865224253
0.011058366964851792
0.01106154005703012
0.011050116925188138
0.011025304732716876
0.010957335898563843
0.010894079053861912
0.010865731144625992
0.010868904418047925
0.010868904418047925
0.010730414313584817
0.010732353222606744
0.010733826956301014
0.01068107897362848
0.010683972339971636
0.010697097014373937
0.010688845560848663
0.010683339270426901
0.010685445864088974
0.01068866413170395
0.010661368783339134
0.010661571814490385
0.010661983705230839
0.010674882992026855
0.010675086292152398
0.010675289600021676
0.01067549291563513
0.01067549291563513
0.010678870539853436
0.010634179392767442
0.010636691774211194
0.01063621113148537
0.010656460234548637
0.010657026069646214
0.010634526985936803
0.010634729575367508
0.010635134777385962
0.010594261520187082
0.010580895088209549
0.010582568521195658
0.01053851211716588
0.010476268554293523
0.010441932829000161
0.010387068485871894
0.010400565235449967
0.01038860547819775
0.010328450375924246
0.01029025648128542
0.010282251943217679
0.010282643931778664
0.010274383984896477
0.01027477568844146
0.010287876001416481
0.0102814742658591
0.0102814742658591
0.01025534335293184
0.010199177872562202
0.010200837834857944
0.010200837834857944
0.010148872812686319
0.010157637101184716
0.0101735267633705
0.0101735267633705
0.010173914747534768
0.010142338759651056
0.010101601147370355
0.0101019864326135
0.010114892997818689
0.010115664655813641
0.010123214196168967
0.010097340775370368
0.010093529645262762
0.01009582206647453
0.009996556613707458
0.009996937979720379
0.009957860669316629
0.00993193522135718
0.009900073256566336
0.009896211566389127
0.00985252146988544
0.00983399468685197
0.009837737434848212
0.009809856323896644
0.009812832594174866
0.00981656345813282
0.009816750772107254
0.00981786358286496
0.009790173390833096
0.009790547090099865
0.009791294574226457
0.009791481463092373
0.009795865033755489
0.009730062324266146
0.009703256491225014
0.009708266955395905
0.009709725104497092
0.009695006807128377
0.009708928082245261
0.009722585754196642
0.009707683599545863
0.009679593057755988
0.009692961531076334
0.009688751035313692
0.00969413297985701
0.009655162377870187
0.009611512759504495
0.009568397224271594
0.009577770699126461
0.009547933880624646
0.009548481165611498
0.009534014952693275
0.00953456148162013
0.009538110663566739
0.009503848322504529
0.009511856573271797
0.009513312556973177
0.009514222139845584
0.00948645793421217
0.009488186088659553
0.009488700586740454
0.009491886781595385
0.00949297565452217
0.009493338667682703
0.009455506891403018
0.009463327923080226
0.009438142247723172
0.009454622074826098
0.009455526304175258
0.009453108504266134
0.009453831868794994
0.009455649893709343
0.009446987849310003
0.009402883292083235
0.009352652172290235
0.009332851390718202
0.009306954563775774
0.009270562514257214
0.009274108043129376
0.00925265957999469
0.009254821870851268
0.009238023402230119
0.009207343141335927
0.009163534430190256
0.009165513490553568
0.009139763174766861
0.009121132074225201
0.009083167366641838
0.00900148165642394
0.008990847781010213
0.009004829127804894
0.00898286640356799
0.008943819424687484
0.008883802720852341
0.008830167038041728
0.008830505611575137
0.008848608083544955
0.008848777743368242
0.008817497968182852
0.00879001367577555
0.00880330347994242
0.008805932806649482
0.008807247772595467
0.008784265643725619
0.008784939697258748
0.008794060721034601
0.008772386331383386
0.008776426101854345
0.00870320341838164
0.008706458938636266
0.008707461640345197
0.008708297401545391
0.00869861997947867
0.008698953989384575
0.00867402143077746
0.008674840060403397
0.008700943907806461
0.008701612298573514
0.00867689833572915
0.008678231807119303
0.008623903186981792
0.008626818750504866
0.00859960947189768
0.008572727556151221
0.008575206882000022
0.008579729098659757
0.008584710432132764
0.008582826354699829
0.008526127644204823
0.008543306737732608
0.008549093010497987
0.00854942188501272
0.008501411773969486
0.008443392684833469
0.008423082102563529
0.008416724076694974
0.008386002318207238
0.008386676142418842
0.00834192690447849
0.008342408614147288
0.008321165775926554
0.008322171840208297
0.008323775794894326
0.008325860775363387
0.008342388049267445
0.008346722359305028
0.00831574642351752
0.008317189426666016
0.008286202347068275
0.008242051116041938
0.008201098987738313
0.008201731093562368
0.008222909901827738
0.008228516734691662
0.008145300613540862
0.008151683927093012
0.008120662229899404
0.008121445200919295
0.008097451576676365
0.007986173316665178
0.0079874059648204
0.00799092988923716
0.007992009286196457
0.007965426457511136
0.007979216710660429
0.007983358207618725
0.00798925046458289
0.007990176074816679
0.007981016025497178
0.007985622503862694
0.007966741093392581
0.007968644646722957
0.008006433125595494
0.007971932623013094
0.007963964072490368
0.00796488768050867
0.007966917903070542
0.007911313169362966
0.007915300547937832
0.007916372003380197
0.007903476256614533
0.00790663358978125
0.007859492035684099
0.007876223284019742
0.00783566789850761
0.007780822078346177
0.007697057851266958
0.007710408950510526
0.0077142322591783035
0.007716419006515761
0.007659377123950715
0.007660267059325303
0.007674068590661683
0.007629765326506778
0.007619379699562709
0.007621852221731478
0.007622295241061204
0.0076233291531390135
0.007579641943350619
0.007570538884349407
0.007571717854678382
0.007573626382688286
0.00757524204264891
0.007576672218847909
0.007577260116054082
0.0075195029146175206
0.007497110021894028
0.00749806151326191
0.007448052004518268
0.007453022560713346
0.007447684853202294
0.007448371175700271
0.007449470214227486
0.00745062770566637
0.0074519303135639385
0.007366736005886837
0.007367762503702965
0.007368907966905826
0.007331533733819022
0.007346644099383556
0.00735088418755842
0.007351455884882076
0.007352885517312725
0.007354172661997061
0.007267859954571927
0.007269863805759375
0.0072713659952195215
0.007291248354645625
0.007247905468546067
0.007236198466610269
0.007250163075326621
0.007250586533180877
0.007251857203588795
0.007253410850153914
0.007168691717285828
0.0071692503202677145
0.007111085439408985
0.007087995107891374
0.007067526967390094
0.007030198201234257
0.007032665514594541
0.007037287249486942
0.007038532410694373
0.0069915862089096475
0.006981076213556302
0.006982165985053891
0.006996266765587598
0.00699760427522914
0.006943247916814983
0.006918296887054198
0.006827705700538061
0.006843129911697979
0.006844717064516597
0.006838505276683141
0.00684106680001348
0.006845232640067328
0.006846114711902785
0.006873260546478487
0.006874470485548986
0.006875008372993574
0.006875815362003628
0.006751007331817874
0.006766039469324117
0.006762128283450277
0.006762790341477989
0.006743737196689307
0.006736695586457617
0.006692963063545296
0.006706943458319901
0.00670916989905819
0.006723499088995639
0.006724553486751348
0.006680384966693068
0.006681826116617241
0.006593034655177882
0.006551561613851928
0.006510075551929438
0.006482586581491555
0.0064540174627902465
0.006455163348708855
0.006456044154999441
0.006457185000405874
0.006458854006814305
0.006472962570080948
0.006474234147051792
0.006432682134290918
0.006394921515471373
0.006395549885473876
0.006397184225553117
0.006410667058306726
0.006412287690253443
0.0063841746288062174
0.006385304837934413
0.006386686748202918
0.006388320686246108
0.006392481233246923
0.006374680934351401
0.006348086033286259
0.006321352992119085
0.006321726565103413
0.006276836663728925
0.00627237415188342
0.006243299451257143
0.006244900202551274
0.006246625006805367
0.00623248373756024
0.006249913003702641
0.006253819142324357
0.006230707390144838
0.006236298288317681
0.006205116397552706
0.006206832380358943
0.006076118008802976
0.006027496952814759
0.006028330845707019
0.006044196437331714
0.006004900865189223
0.006006444938438178
0.006007157855484936
0.006011881980634474
0.006013190773814236
0.006027697014588205
0.006029487348737721
0.006043286467564788
0.006044603192025891
0.006048562062128825
0.006049917895450093
0.005978681940166536
0.0059831712347380005
0.006002084042389833
0.006003988785629911
0.005945901412409018
0.005948521527634837
0.005962699157974617
0.005925073048085782
0.005927338129819958
0.005929129213233179
0.005917650835094656
0.0059180035731284985
0.005923315878888752
0.005937392608395141
0.005938336981635437
0.005925170564422476
0.005926820668615787
0.005838467237659105
0.005839861526239015
0.005840675168822584
0.005813620022533775
0.005742458734051206
0.005727119220681648
0.005728602486940616
0.005686907732117911
0.0056893859320710114
0.005680095155627143
0.00566483565914769
0.005622748087637835
0.005624318687662315
0.00554905422778879
0.0055499401805263774
0.005532522414855746
0.005548050682142514
0.005523417601204352
0.005537948939430843
0.005555934395129899
0.005556822651792922
0.005572038609806338
0.005546984255972626
0.005548537504759226
0.0055498770843374215
0.0055345341029610536
0.005536085044281765
0.005509275100650131
0.005514267906873998
0.005515261986097655
0.00549176012838425
0.005492750665903899
0.005494343623515553
0.005467475175716605
0.0054690104904723015
0.005470436912163936
0.005343345713953899
0.005344203583180888
0.005360211447490893
0.0053609647396035695
0.0053225471612490674
0.0053235093185281
0.005324685761040633
0.005326611970769697
0.00532896812050745
0.005331219117802646
0.005345381530301466
0.005346779859306273
0.005334975008888056
0.0053359416649867856
0.005337175951944083
0.005311610739716042
0.005314559138550759
0.005315415876412131
0.005270586840463277
0.005248407795292251
0.005254556747094064
0.005259863692723604
0.005248818021730572
0.005250513171065433
0.00525138945984392
0.005223297830509915
0.005159785938804745
0.005160932557902257
0.005088194777406088
0.005089943297948152
0.005062239960422002
0.005063366267856562
0.0050480672028471755
0.0050512556554210605
0.005052278238909009
0.005041027270900692
0.005049721509726375
0.0050230215373223116
0.005025595348175996
0.005026920340865342
0.005042486098726971
0.005002281020628529
0.005004515587471589
0.005010306064498462
0.005012545989989601
0.0049978461176314335
0.004952019879214219
0.004954438054462472
0.00490816078165476
0.004828222611428719
0.004825182057188574
0.004857785993608076
0.004859163547110423
0.004845014859683891
0.004798551740799867
0.004783909592464478
0.004785568266835221
0.0047870327585114595
0.004785288829079385
0.004787144841649098
0.004740577650778565
0.004756716452043631
0.004758465745063219
0.0047614816159445884
0.004745422291307914
0.004754763658691201
0.004756514129021442
0.004757779159374905
0.0047593046661928914
0.004764080252289538
0.004765543511780996
0.004767300610107714
0.004771789771175118
0.004775987332339792
0.0047468059572438066
0.004711854698529019
0.004635869615875768
0.004609356400162366
0.004614372647327729
0.00461940407440859
0.004619973083327631
0.004624439014262214
0.004626338987151658
0.004627289559176387
0.004631856099270859
0.004632713004074622
0.004634940868210466
0.004636180004295827
0.004646221509019049
0.00464781909361264
0.0046487757893216705
0.004605599660884114
0.004606453287412142
0.00459679518368543
0.004568868713571664
0.004569622046280676
0.004507509161284751
0.0045091823617735656
0.004511637548235998
0.004513279815093796
0.00452871997082241
0.004530216357240707
0.004500633504104006
0.004505357257650837
0.004506847247649233
0.004465354257585141
0.004467201315249961
0.004443531428282418
0.0043960644068286705
0.004397156687201412
0.00435658870382042
0.004357762110631626
0.004359116827252203
0.004344758455966318
0.004338505831693164
0.0043413289497558115
0.004342770443586017
0.004347402043254578
0.004300484097813666
0.0042861461641447935
0.004287125630818501
0.00428864023286185
0.004229262302899026
0.004231703980087187
0.004233288525273298
0.00423513866177758
0.004236902200674843
0.00423875549789441
0.00425562597219783
0.004230554430654481
0.004174539956594714
0.004176281634195146
0.004177153018098623
0.0041788968772499355
0.004137917088503948
0.004139473216441292
0.004141203620762186
0.004098938756544611
0.004114513088282071
0.004116235146243936
0.0041319155752015954
0.004133738460377625
0.004143416412468321
0.004145413658145504
0.004117885115494878
0.004116765918796376
0.0041054619017306055
0.004125027787026234
0.004140242477461305
0.004142319504145021
0.0041472157497044
0.004162715851355227
0.004164204349303841
0.004181124387331647
0.0041831488465314415
0.004184646446413321
0.004185792393578036
0.004157964025178695
0.004159980666665328
0.0041613847018226215
0.004162526178435701
0.004165690461275064
0.004141833639847669
0.004059296747791538
0.003997320262227647
0.003999772969157055
0.004002821899364133
0.004019005525010482
0.003938894370692329
0.003941399603713038
0.0038937518915885382
0.003898444353520201
0.003899519854912242
0.0039023424534516795
0.0038699367385176347
0.003885910843458015
0.003888973265966676
0.003859212252114985
0.0038606085236004162
0.0038616769425301816
0.0038672008384468466
0.0038691786933699747
0.0038723322893454027
0.003874314669732858
0.003857526567633463
0.0037953808798704856
0.003796272289920204
0.0038300169329348647
0.0038317357873701783
0.0037410409316005976
0.003742481024345867
0.0037438421303385054
0.0037456852033050676
0.0037494394929446662
0.0037540542874961672
0.00375685074684239
0.003726381061286723
0.003730994474555074
0.003735931045521263
0.003737695244091742
0.003707089547151394
0.0037078458244695373
0.003686239838895849
0.003687190635862291
0.0036380538756320847
0.003653329974326126
0.003658487857803679
0.0036147060360917165
0.0035917816590483593
0.003606835450567281
0.003608001001253621
0.0036098674500191956
0.003611597934704381
0.003613389788375769
0.00361655934619809
0.0036185115838776824
0.003637604706742271
0.0036394913088592202
0.003641064972812894
0.003644160725529417
0.0036009867965820655
0.0036023896266294303
0.0035739462700767155
0.0035244125663896953
0.0035259400053107275
0.0035309288105732947
0.00350331604316381
0.0035047601140802006
0.0035056727724146687
0.0035087946019339866
0.003481887907191495
0.003418871098855449
0.0034199118510925435
0.003374634599479591
0.003311096392439856
0.0032981329626575254
0.0032667377176715346
0.003267948411833305
0.0032388311512090307
0.0032556413219384604
0.0032716890728374712
0.0032367853727776857
0.0031910627695063564
0.0031923185166446155
0.003197290318369887
0.0031985495347564325
0.0031995296112170713
0.0032049310106903465
0.003206546045378701
0.003207881432680329
0.0032094290608358296
0.0031880271432297414
0.003189636551137869
0.003080185676706957
0.0030832749125432046
0.0030479924071922303
0.003049064841517671
0.003050540671547447
0.003053754265615314
0.003055705030505127
0.0030580035186298813
0.0030598917995543857
0.003024937706521183
0.0030191145523963707
0.0030202481039532138
0.0030220920195065545
0.003023561941118483
0.003025234043240502
0.003026305159520472
0.002954336922323815
0.002959271563922726
0.0029609110495537085
0.0028750837570454438
0.0028493621395917043
0.00285094301072996
0.0027609335774685193
0.002717739251587864
0.0027188262023617295
0.0027204582597099088
0.0027218500770418183
0.0027234857678446437
0.00274088619712074
0.002745822662465182
0.0027468021983194425
0.0027483954355119983
0.002749683630854953
0.002751648918896304
0.0027682085610345733
0.002770003847917792
0.0027712433341572397
0.0027723598205714665
0.0027743478301049157
0.0027760888564615977
0.002777706623860468
0.0027797003124474845
0.0027811974580376716
0.0026987264084690292
0.0027153454848459213
0.0027174828789618267
0.0027193176110671706
0.0027206033983328904
0.0027221356837469285
0.0026893121502334504
0.002690464201523204
0.0026919208357995593
0.0027090377107309026
0.0026884039806796944
0.0026908965084533787
0.0026436947576520334
0.0026455505701899564
0.0026470490921279375
0.0026485493126467015
0.0026498108126595294
0.0026511938350729266
0.0026529999484560408
0.0026537833620334057
0.0026557741067527144
0.0026575864682368156
0.0026586750729390043
0.0026607943593458744
0.002662249538104062
0.002663341967130777
0.0026642530097411386
0.002612651181928289
0.0025843494122474646
0.002567194412884145
0.002568955740981536
0.0025704841814681613
0.002538672375908828
0.0024713535673475196
0.002473393058634788
0.002426963232815637
0.0023969415825958796
0.002295212874520368
0.002297676030013766
0.0022985738072618636
0.0023002127379154304
0.002301430229814267
0.002303179318909034
0.002305196717754631
0.002306632281722234
0.002308229451284429
0.0023099355385584417
0.002315122047493953
0.002316567593381801
0.0023179613076873343
0.0023192493024869385
0.002320861310250124
0.0023220987012451807
0.0023237146738039815
0.0023251170037605516
0.00232662909936165
0.0023280349502199874
0.0023296591984235874
0.0023313399709787713
0.0023331861898033225
0.002335579759221633
0.0023372145560666318
0.0023091156166121724
0.0022593755410160103
0.00226048421674181
0.002262479037547421
0.002263484489708936
0.002264914828399275
0.0022664000532334676
0.002268099839993809
0.0022692699231566618
0.002286350427980724
0.0022877998295339976
0.0022891972874352754
0.002291321663985022
0.002294831753801465
0.0022963448890683073
0.0022981307907778484
0.002282695844927603
0.0022849049923285717
0.0022862001369830646
0.0022876048682500282
0.002235834850957482
0.002237051761402179
0.002239012181931581
0.002240604236290519
0.002243300924828076
0.0022446848899012896
0.0022504017160995134
0.002252084068753902
0.0022534225872076225
0.0022553528513982496
0.0022245270400471527
0.0022260637181672873
0.002204343743648957
0.002206132172486241
0.002207607176684756
0.0022090313713175216
0.0021587574847742688
0.0021606689868787212
0.002161962459848046
0.002163879644466356
0.0021650212048754075
0.0021682122051816686
0.002169722718885521
0.002131579248674704
0.002132963957182613
0.0021342476997539828
0.0021365623346680388
0.00213908843143473
0.0021671267540832755
0.0021694324310631494
0.002171269998766913
0.002172742295765568
0.0021747963256665438
0.0021773297000205697
0.002178757318513019
0.0021803457585615107
0.002181883453770613
0.002187798814304838
0.0021905713519780245
0.0021927088597007848
0.0022103737386770066
0.0022120476097415706
0.0022138322605281015
0.002215890883454813
0.0022173559173412245
0.002218551081741987
0.002220618494099292
0.002222471552925116
0.002223890685995897
0.00216834331127068
0.002170957958929216
0.002090420722676245
0.0020922756226298164
0.002093823889043543
0.002070587571537884
0.002072685172111936
0.0020746330881365755
0.0020433757661480435
0.00204524889013158
0.002046719416680244
0.0019758548644790465
0.0019770814635605683
0.0019946265753823336
0.0019966107355130266
0.001997604296626466
0.001999245836090301
0.0020017880740447877
0.0020036864979339217
0.0020094507818363256
0.002011259242328466
0.001975636988023446
0.0019516882639989226
0.0019531063577966769
0.0019599339560200622
0.0019611148169666024
0.0019625928956649493
0.0019643695337720687
0.0019286391526933224
0.0019308262592371258
0.0019342610675910379
0.0019357258250634665
0.0019372417401974052
0.0019430719294190172
0.001945186690434609
0.0019459254811460213
0.0019515291040147881
0.0019697189220515793
0.001989042977060849
0.00199157086453106
0.001993902202574841
0.001995984739584281
0.0019976640903671653
0.001999958673517139
0.002006107501764119
0.0020260391537640543
0.002028270645877777
0.0020299865229110514
0.0020317053055988275
0.002033479219478552
0.002035413178226257
0.0020370887601799314
0.002039502248125336
0.0019984801778609304
0.002000594807965511
0.0019334206625954012
0.0019391781941541547
0.001941536986439805
0.0019435993476099183
0.0019453633695264276
0.0018708983723258318
0.0018725021244698108
0.0018743522786789646
0.0017976559102212877
0.0017995289074448258
0.0018013588414089044
0.0018031925008669199
0.0018046055503934985
0.00174525154131931
0.001746987201056817
0.0017545172551851622
0.0016512613854266546
0.0016532117453401485
0.0016546449399914443
0.001542144478541818
0.0015459834510210889
0.0015831184232818181
0.0016026305506239018
0.0016040695956185199
0.0016060206572911832
0.0015677675066321358
0.0015692626357809547
0.001570552395092403
0.001571802569467609
0.0015736815673058804
0.0015748529905116378
0.001576613398932618
0.0015777891926513584
0.001579640415938115
0.0015854799269980227
0.0015866656491656493
0.001588022933724388
0.0015898929960593596
0.0015915115979414326
0.0015934326306902152
0.0015952726221806195
0.001601468588941034
0.0015584229170191063
0.0015610697949683743
0.0015627128489437553
0.0015648243947887232
0.001566517744420569
0.0015867425723032152
0.0015700005939146985
0.0015717051708583115
0.001591052850118941
0.001592653593958793
0.0015942141690644686
0.0015839716444555159
0.0015860025435277096
0.0015886461700211842
0.0015902974790222455
0.001592039411744763
0.0015940910651776824
0.0015959289367837508
0.0015977710511472574
0.001599529403749835
0.0016020859003581045
0.0015574028839334968
0.0015636379890148322
0.0015646747123624304
0.0015670123737852827
0.0015044537318473492
0.0015057051490257284
0.001508088586319029
0.0015101855419995527
0.0015124989389695275
0.0015142703113256906
0.0015156227157343545
0.0015174862210015625
0.001519694461990315
0.0015216106336619663
0.0015233606907754129
0.0015255003625136783
0.0015275601098385912
0.0014635304151228796
0.0014655939925954874
0.0014672076272211785
0.0014692815948046077
0.0014708201095635653
0.0014921363845592098
0.00149412702918238
0.0014965058065075127
0.0014979111362253563
0.0014994899509484744
0.001506211475405383
0.001508233466760787
0.001510606531203854
0.0014268252422151469
0.0014291589975253785
0.0014305957920595714
0.0014329831368616042
0.0014350062495969665
0.0014369936208419724
0.0014389865044281275
0.0013979094748882048
0.0014002191983524238
0.0014024144090338496
0.0011886081799489133
0.0011605619446475657
0.0011623536134910692
0.0011642187508683014
0.0011659195320739173
0.0011675228036151408
0.0011692675194784898
0.0011712580541462254
0.0011484840849920214
0.001150106810650788
0.001151259018546425
0.001152787554109361
0.0011747796144414128
0.0011769368332571744
0.001109538499785296
0.0011113186138440162
0.0011122438865525392
0.0010242560852861537
0.0010256301059699477
0.0010267932642361863
0.001027774814182581
0.0010298051993403543
0.0010308542892812553
0.001032958894669646
0.0010345741062926447
0.0010365377773186883
0.0010580573979976637
0.0010597518756097347
0.001061837432905282
0.001063769861731583
0.0010656445738940951
0.0010051638254035867
0.001007278540284608
0.0010089705664197142
0.0010105755364244197
0.001011720646976213
0.0010131168512547315
0.0010152651982456217
0.00101679637690718
0.0009558166065427187
0.00095714462146474
0.0009585356049596486
0.0009601684940841231
0.0009621651820354448
0.0009638704060692742
0.0009651007129292362
0.0009670274822971581
0.0008956653960715699
0.0009176416609314061
0.0009191656482729084
0.0009210126953227206
0.0009231285666330982
0.0009244377212610169
0.0008314651679243893
0.0008327799036505276
0.0008338082874211049
0.0008350510015326886
0.0008370683535183361
0.0008385076686302607
0.0008398180039971085
0.0008412130505153762
0.000842720600785117
0.000844125315211352
0.0008458062996509712
0.0008475212684925923
0.0008498461670862111
0.0008510546614095189
0.0007986099869416476
0.0007028926736955934
0.0007046757949285026
0.0007167291089754033
0.0007183673469387756
0.0007195185766614339
0.0007209332809018221
0.0007226857630904673
0.0007241129616220132
0.0007253544345532478
0.0007271285034373349
0.0007286457125823867
0.0007298301486199577
0.0007310427327706521
0.000732527553025006
0.0007343124165554073
0.0007358597852627355
0.0007430997876857751
0.000744547449505128
0.00074660379476816
0.0007477623352673955
0.0006649535659543776
0.0006662149954832883
0.0006903185650427206
0.0006914688612301345
0.0006929298436932025
0.0006943970129544886
0.000695941860332455
0.0005603394055828103
0.0005622296421236218
0.0005635487469666127
0.0005647959242481875
0.000485319097306479
0.0004866856705833275
0.0004876349703935911
0.0004891000558971492
0.0004899730514821685
0.0004911074472936472
0.0004923856082720782
0.0004935834155972359
0.0004949269982677555
0.0004962251444369617
0.0004976185398450273
0.00050494249596046
0.0005061331427890913
0.0004239818464110832
0.0004250326257438071
0.0004263035281120157
0.0004274584883622921
0.00042841799114200544
0.0004296156452705973
0.0004308356998956285
0.0004322678843226788
0.00043343955654860016
0.0004344101811062163
0.00043528906872662617
0.000436348439593397
0.0004376232741617357
0.0004387591150661228
0.0004404411855932308
0.00044182254912942284
0.00044274828201194794
0.00044432762591368774
0.0004456831506660138
0.0004718939937332477
0.00047348484848484844
0.0004749601033513184
0.00047649906606183045
0.00047806631735954405
0.0004794599363277204
0.0004810282459786038
0.0004825137033891762
0.0004842146039124539
0.0004855123125922473
0.00048666536889234956
0.00037139841276046757
0.00037262208276132576
0.00037385384282397386
0.0003750197378809411
0.00037632704801140863
0.0003777335984095427
0.00037892385624825495
0.0003801824875940451
0.0003813576331740998
0.00038278668708195663
0.00038410221162010267
0.000385395537525355
0.0003872019563888323
0.00038888206639649595
0.0003904965471884249
0.0003917041190780522
0.00032438849318093977
0.0003256832418648484
0.0003267428603209032
0.00032793290632282556
0.00032925616129348637
0.00033031133600393563
0.0003318365387330905
0.0003331065373929807
0.00033387321342312395
0.00033523059585455277
0.00033672928398458213
0.0003379641614174361
0.00033932568045628476
0.00034050568716945595
0.0003417982953719057
0.00034316087673953363
0.00034468596908093525
0.0003461787755583054
0.00024408645098300275
0.00024513081071444494
0.0002460960221933868
0.0002469357518071208
0.00024821734813611343
0.0002796674225245654
0.0002810055441634389
0.0002822789831853276
0.00017630195158595106
0.0001771165426850868
0.00017824483089990393
0.00017910261801305116
0.00017995180421243704
0.00018080055340691134
0.00018172624126923932
0.00018289676670324605
0.00018418860913575505
0.00018514046526603884
0.00018584957497010248
0.000187000991918305
0.0002209456473707468
0.00022223319670107165
0.00022373589220901904
0.00022469665950966195
0.00022593764121102577
0.00022735310463295106
0.0002282641777417064
0.0002292292802200601
0.00023048555623847572
0.00023204248955808798
0.00023325730872900683
0.0002346928131845207
0.00024473813020068524
0.0002462231133153942
0.00024805542266872197
0.000249554367201426
0.0002513555244353477
0.00025326531350627733
0.00025514853289593584
0.00025684774432641673
0.0002581834946980175
0.0002606348319836172
0.0002620103681245672
0.0002637727032933906
0.0002657706399377337
0.00026752273943285177
0.0002700617283950617
0.000272188198697385
0.00027459056585270173
0.00027705216496477477
0.0002790901660586488
0.00014079974253761364
0.00014206851761649616
0.00014342205011576206
0.00014468489696368409
0.0001458515647789307
0.00014746466114727504
0.00014836480786757379
0.00015001500150015
0.00015130882130428203
0.00015295531519720308
0.0001545151535218418
0.00015609669075015607
0.00015758312509848944
0.00015939157957055352
0.00016099726304652818
0.0001634444755767255
0.0001657903462649803
0.0001678898642490526
0.00017067759003242872
0.00017305743034438427
0.00017575574972381237
0.00017794046620402143
0.00018023585148565835
0.00018315018315018312
0.0
0.0
0.0
0.0
0.0
0.0
0.0
0.0
0.0
0.0
0.0
0.0
0.0
0.0
0.0
0.0
0.0
0.0
0.0
0.0
0.0
0.0
0.0
0.0
0.0
0.0
0.0
0.0
0.0
0.0
0.0
0.0
0.0
0.0
0.0
0.0
