0.0
0.0
0.0
0.0
0.0
0.0
0.0
0.0
0.0
0.0
0.0
0.0
0.0
0.0
0.0
0.0
0.0
0.0
0.0
0.0
0.0
0.0
0.0
0.0
0.0
0.0
0.0
0.0
0.0
0.0
0.0
0.0
0.0
0.0
0.0
0.0
0.0
0.0
0.0
0.0
0.0
0.0
0.0
0.0
0.0
0.0
0.0
0.0
0.0
0.0
0.0
0.0
0.0
0.0
0.0
0.0
0.0
0.0
0.0
0.0
0.0
0.0
0.0
0.0
0.0
0.0
0.0
0.0
0.0
0.0
0.0
0.0
0.0
0.0
0.0
0.0
0.0
0.0
0.0
0.0
0.0
0.0
0.0
0.0
0.0
0.0
0.0
0.0
0.0
0.0
0.0
0.0
0.0
0.0
0.0
0.0
0.0
0.0
0.0
0.0
0.0
0.0
0.0
0.0
0.0
0.0
0.0
0.0
0.0
0.0
0.0
0.0
0.0
0.0002293427691501212
0.00022757566890991253
0.00022579188439455516
0.0002240143369175627
0.000222179902240843
0.00022047938517748587
0.00021886627270737577
0.00021727659310302012
0.00021576968127735648
0.00021422450728363323
0.00021289537712895374
0.0002113335144763457
0.0002098321342925659
0.00047640315617090967
0.0004731488052992667
0.00046973166578591986
0.0004665267086540705
0.0004633249355688762
0.0004605641911341394
0.00045720817259608523
0.0004542873367404884
0.00045121263395375076
0.00044832997085855194
0.0004455955663241151
0.00044260027662517293
0.0004400440044004401
0.00043737357170192995
0.00043445204735527323
0.0004314645524903595
0.00042862117924401944
0.00042598509052183177
0.00042338122833478876
0.0004208754208754209
0.00041830065359477127
0.0004156275976724855
0.0004131164471985541
0.0004105090311986864
0.00040793432257406565
0.00040557667934093794
0.0004032766225582861
0.000400821684453129
0.0003985155296520462
0.00039650087973632696
0.00039438980502354016
0.00039241655016800336
0.0003904915312149168
0.00038835894075098915
0.000386389432249028
0.0003844675124951942
0.00038242745829150535
0.0003800023750148439
0.0003780361024477838
0.00037601052829479227
0.0003740327746218763
0.0003724134720573517
0.0003705762460626274
0.00036852773171181137
0.0003665773134465141
0.00036472224121817233
0.00036303405713248476
0.0003613859149839635
0.0003595586417672308
0.00035770176615247044
0.00035593521978999825
0.00035420955923047976
0.00035257045900266635
0.00035083103100469243
0.0003492687186203886
0.0003476522608261087
0.00034614053305642093
0.0003444860698445507
0.0003430678845576569
0.0003413551800648575
0.0003399409352624982
0.0003384739057773265
0.0003368917524687849
0.0003353243214921933
0.0003338340844600234
0.0003324813498742805
0.00033101621979477
0.0005151028145217786
0.0005126943111439236
0.0005106209150326798
0.0005084090862871902
0.0005061855878839418
0.0005040119350026209
0.0005019475565192949
0.0004999000199960008
0.0004980476531994581
0.0004961203389494156
0.0004941492726122708
0.0004919323101141283
0.0004898790978386534
0.0004881573038095796
0.0004862772558401899
0.00048466519328447914
0.00048289582971161463
0.00048088945313251396
0.00047892720306513413
0.00047719941209032436
0.0004754026660581513
0.0004735924831401076
0.000471902901259037
0.0004700927022808898
0.00046853330334720194
0.0004669318839767655
0.00046502976190476193
0.00046309159951838475
0.00046147598478975157
0.00045961796554703734
0.00045797611196599986
0.00045637093829864917
0.0004547521600727604
0.0005801515645962508
0.0005778885397478962
0.0005758606417247027
0.0005738777998959847
0.0005718165898288125
0.0005700137159550402
0.0005679196393710291
0.0005661412168497781
0.0005643141819207844
0.0005624692399634395
0.0005606068569226188
0.0005586689711761728
0.0005567153792623522
0.0005549485805455839
0.0005530782260015902
0.0005511349936275017
0.0005490640174327826
0.0005473453749315818
0.0005456374580114925
0.0005439401665816761
0.000542225837061136
0.0005406044633656007
0.0005387749604337139
0.0005368767196832428
0.0005351528530336478
0.0005336535254486025
0.0005320829384280276
0.0005305479565613861
0.0005287857756626347
0.0005272697314219806
0.000525658716078586
0.000524263573511583
0.0005227476925590133
0.0005213679391302932
0.000519919412491064
0.0005182773755729395
0.000516795865633075
0.0005151734685663689
0.0005136106831022085
0.0005121802874611864
0.0005107089278304447
0.0005092703111323308
0.0005079123216354777
0.0005065134463491461
0.0006156760596732182
0.0005823928475862177
0.0005808841999497614
0.0005791656883462472
0.000624512099921936
0.0006230820754863935
0.0006216006216006216
0.0006199243692269543
0.0006181711406802973
0.0006165418169487345
0.0006148643455537623
0.0006131395812256661
0.0006113123347546345
0.0006098304671301379
0.0006081892685003573
0.0006065292877829838
0.0006046588967998428
0.0006030999336590074
0.0005715231090857134
0.00057005700570057
0.0005687005193133689
0.0005670710778827357
0.0006996233942154542
0.0006975053054924834
0.0006958324080242801
0.0006942905679887733
0.0006922963617616734
0.0006904656970765389
0.0006886749600715051
0.0006868934876651468
0.0006854209505476076
0.0006835369400814427
0.000681989668582042
0.0006799768518518519
0.0006783868825957681
0.0006769213042977302
0.0006751709475377809
0.0006734875189866162
0.000800388760254981
0.0007986423080762703
0.0007969374831006561
0.0007949689820138269
0.0009207320528075246
0.0009183514884358356
0.0009162156066756879
0.0009140896370360995
0.0009118967452300786
0.0009096761552887173
0.001033029008571349
0.0010306550230504603
0.00102812048460598
0.0010258543009634712
0.0011091288774564714
0.0011066037475508457
0.0011039988987542155
0.001101678617544438
0.001099458496127219
0.0011923807961056188
0.0011900375298532924
0.0011874123398286968
0.0011850402261361166
0.001182388913747983
0.0013016710642040456
0.0012987188314230555
0.0012957799598604543
0.0012930107526881718
0.0012900457282321543
0.0012874043145441891
0.0012849796300006676
0.0012815901309566628
0.0012787281838603766
0.0012763360399087192
0.0012735986443191145
0.0012712256359431779
0.00126840974117585
0.0012655563448838371
0.0012628649443394244
0.001260432634985522
0.0012312276987021136
0.001228914719580447
0.0012264187790493302
0.0012237898511185596
0.0012213146635550371
0.0012187075490005823
0.0012160644436698812
0.00121394881311374
0.0012115599799359495
0.0012088081305820758
0.0012061150802796345
0.0012040338970052532
0.0012015459380859451
0.0011992056217537427
0.0011967831688074095
0.0011946885819731387
0.0011921937884425545
0.0011894840518221078
0.0011873700132350163
0.0011852634757662692
0.0011826741996233522
0.0011802736430611938
0.0011780153817295066
0.0011759859181304073
0.0011737878957795971
0.0011714232419324754
0.0011448865047434561
0.0011425880486777209
0.001140510384582081
0.00113839809361534
0.001135999605726818
0.00113423875602795
0.0011323164591162528
0.0011304006669609142
0.0011283670497240273
0.001119863222812481
0.0011179791034222107
0.0011159383252406507
0.0011141079846430481
0.0011121622277203706
0.0011099813590916795
0.0011077688785803162
0.0011816910239714467
0.0012637203928365108
0.001261852399322205
0.0012599445624392528
0.001333620906574643
0.001331084959816303
0.0013230166690547836
0.0013209346685741537
0.001369895621332762
0.0013672594229238682
0.0013648760820585794
0.0013626946072337655
0.0013603271403583416
0.0014407589649191124
0.0014970024616326864
0.0014946259319363105
0.0014923620651191188
0.001490000234461091
0.0014877503482342474
0.0014853510032838994
0.0014829074787072684
0.0014804719805243966
0.0014769846254041354
0.0014743612068865437
0.0014722589320906075
0.0014700605387135233
0.0014677669139911702
0.0014652268217268908
0.0014628471382332952
0.0014606263441787712
0.0014584122828171472
0.0014562049235779069
0.0014537545787545786
0.0014515115149437109
0.0015770314835735395
0.0015516593185002905
0.0015495409399638213
0.001626459497523965
0.001623582766439909
0.0016212666711953442
0.0016182985263538557
0.0016159427649322362
0.001613484766540472
0.0016110342344774825
0.0016028665139057373
0.0015999551519228611
0.0015972688605327958
0.0015950193369548206
0.0015866639887527614
0.001584436421981548
0.0015816871329418043
0.0015790525684589243
0.0015762170790103748
0.0015736006905251972
0.001748278796317784
0.0018227356481634721
0.0018199645261151687
0.0018174417197487263
0.001814866082218267
0.0018127153422432898
0.0018097366460716005
0.0018067677231664366
0.0018535509098455553
0.0018834178526637218
0.0019133180877708806
0.0019110081465287519
0.0019082684391732642
0.0019054125863508689
0.0019013588869037947
0.001898645215003189
0.0018959392781178802
0.0018931798089570255
0.0018905504774824236
0.0018876848985208113
0.0018637207854251877
0.0018601262228508358
0.0018570817287120235
0.0018115013244467228
0.001809008778385758
0.0018064076346284933
0.0018039290766563491
0.0018971744210749945
0.0018736605343009313
0.0018710401966393318
0.0018684271778920416
0.0018659397320485184
0.0018635768857371995
0.0018611611706556216
0.001858693020955027
0.0018562314087808363
0.001853717932569173
0.0019241047568145377
0.0019217484142435473
0.0019193376403437246
0.0019165126984624057
0.001966980590928528
0.0019644605545486747
0.001961824517605451
0.0019586461870787514
0.0019354637956249812
0.0019335384997979427
0.0019312571801161243
0.0019286821705426361
0.0019259351003220219
0.0019230174679239454
0.0019201679375173654
0.0019176815168799142
0.0019150835924751383
0.0019126103133359988
0.0019102607413777222
0.0019078584135942586
0.0019048202364182036
0.001902547946043496
0.0019381384501003193
0.0019357135591496293
0.0019339430894308948
0.0019316463148492144
0.0019295897467096596
0.0019271861866423622
0.0019249638373845584
0.0019226883284836733
0.001920069417118181
0.00191218843821153
0.0019095335828403562
0.0019453571679779744
0.0019428972853630393
0.0019409688803336544
0.001989182692307693
0.001986794717887155
0.0019842935075834785
0.001982095272313543
0.0019792507549257037
0.0019768865529907133
0.002064131245339299
0.002061855670103093
0.002059033563437277
0.0021457441749881123
0.002143069159988127
0.0021405911826618044
0.0022764516574858345
0.0023624298715256217
0.0023604050912243374
0.002337869350887033
0.0023596123985297874
0.0023571800233656327
0.002354891229722042
0.0023524685733321577
0.0023491541675227726
0.0023462617142075383
0.0024073802899399624
0.0024045634050021943
0.002412396034204017
0.002410283356686907
0.002475723908669408
0.002502622072019578
0.002499636257820457
0.0024968752725053047
0.0024889198552323446
0.002466844526930364
0.002464200534940085
0.002461918405541246
0.002521996395771296
0.0024805082298585044
0.0024775749185198008
0.0024744346824139424
0.0024719424460431655
0.0024691003161828114
0.002466973004020678
0.002459643485578762
0.0024375101483328078
0.002433489923830784
0.0024116493171122827
0.0024086884639648457
0.002406077940844925
0.0024035415471068905
0.002400668870035137
0.0024167515967533017
0.0024142127038208807
0.0024115423417729208
0.0024093556835615712
0.0024060150375939844
0.0024032948396995875
0.0024011231059689205
0.0023985492645577267
0.0023960484523507597
0.002436189296372865
0.002480669369539507
0.0024785779190972684
0.002476420455305164
0.0024668210432975705
0.0025048400934528318
0.0025022459300016267
0.00250035628045865
0.00249742249183512
0.0024944955798542876
0.002556822706783684
0.0025540462600186953
0.0025722446103016963
0.002625807490334377
0.0026240573895326877
0.0026212911626399575
0.0026186033294447
0.0026159210027319993
0.0025950218745129545
0.0025744465719593533
0.0026317784614305864
0.0026104894982445993
0.0026300373704044935
0.002627430361611758
0.002624467556121341
0.002622520086654643
0.002617450775612779
0.0026968371913670907
0.002693338516216946
0.002690832399370986
0.0027474964467445657
0.002745019737207236
0.0027424726417685304
0.002738411209451784
0.002735204027591334
0.0027317663756750523
0.002729463908093597
0.0027265727624238164
0.0027187233038470007
0.002715702909443594
0.00271335018742767
0.002751055167487447
0.0027486021203765526
0.0027458569311940785
0.002743635124420537
0.00274082599215972
0.002779145330704212
0.002786841423143916
0.0028650059816063464
0.0028623900998894277
0.0028596255443387487
0.0028574790236363334
0.0028546474876049843
0.0028521267938478676
0.0028412307932603126
0.002838498402691381
0.002836149718573313
0.0029132695839359296
0.002910475750721894
0.002970417721395972
0.0029778471689336965
0.0030372287778169965
0.003034326581771836
0.0030315907069467215
0.0030112762254673113
0.00300848630917191
0.00304561314241549
0.0030251002942243512
0.0030224647720291614
0.0030192763498845024
0.0029992425088475037
0.0029796336353281696
0.0029776733500417696
0.0030140536633872406
0.003072728531070618
0.0031317949019201
0.0031488598865880156
0.0031462198866831002
0.0031414279274506974
0.003139045194545533
0.0032324095921733367
0.0032297929399378654
0.0032268437421059367
0.003284976121376724
0.0033169881130181204
0.0033142253951728164
0.003311811789495932
0.0033042970771956074
0.0033012090292534706
0.0032987256294649274
0.0032953917700866294
0.0032923203369805295
0.0033669392916676924
0.003363893862666313
0.0033611142875996846
0.0034185403738281775
0.003415280089421753
0.0034514528732023054
0.0034478412820968464
0.003427336234773358
0.003424518136219662
0.0034215289799085233
0.0034153002127042752
0.0034123241450628805
0.0034097898300013696
0.003466617114262969
0.0035230782840456622
0.0035586055166099612
0.003554791654768689
0.003645843452300001
0.0036425924645333073
0.003639717856152865
0.0036571042586711305
0.0036542228193009742
0.0036875598089981757
0.00368409818999696
0.0036812962392883805
0.0036788713272714185
0.0036758912021550303
0.0036732875504978412
0.0036705947967323096
0.003667257555276547
0.00366429620870925
0.0036609704053733906
0.003657282141817705
0.0037256457864608497
0.0037586032065408327
0.003756052567222045
0.0038121112378911143
0.0038090497622194656
0.003801527799170787
0.0037980993100365803
0.003795056951581521
0.0037922091637792384
0.003823010815388673
0.0038788988788988786
0.003913526943799723
0.003906442665513964
0.003955079206823973
0.003946214152684726
0.003942090524331213
0.003934275879977237
0.003989609127624979
0.004040529431561757
0.0040378227129250575
0.004026255915293547
0.004080964216216515
0.004170963865030844
0.004167250565351315
0.004163235277969936
0.004214266117969823
0.0042106273042501
0.004207928250727985
0.0042629323915513405
0.004259678725406518
0.004255208632346148
0.004252174578197396
0.004306261891697855
0.004302953924882093
0.004299576161467491
0.0042965196406879015
0.0042927313794323355
0.004289684579216874
0.00428653726484439
0.0042805545371841355
0.004277522686813426
0.0043887126081414585
0.004385287438553133
0.004381867611140897
0.004408808145748945
0.004389259313335822
0.004385700814706481
0.00436556141731069
0.004361716356325522
0.00439472596680274
0.00439163574195823
0.0044457330571470895
0.004499443170097793
0.004496394102870544
0.004538128371667303
0.00453461852011701
0.004549959132849675
0.004546664766532508
0.0045275153458550306
0.004524459900454116
0.004521735306993647
0.00451847012323604
0.004514123873267796
0.004497144718453831
0.004493257817227855
0.004489269941787393
0.00448183188170245
0.004479040600199007
0.004476681460808445
0.00447400363536651
0.004471970629624947
0.00445251257634759
0.004448793163979711
0.004446160999194015
0.00444340303221372
0.004440860251680729
0.004430060162081322
0.004546279255159308
0.004538419617293729
0.004535398104839578
0.004532703723569178
0.004513000888659752
0.004549979547606618
0.004598473968494834
0.00459498763493267
0.0045722110228692305
0.004641631880481995
0.004709715339636601
0.004717629691638482
0.00474779499806061
0.004745778140392636
0.0047427560646900275
0.0047400730044988015
0.004807841157664481
0.004810952067049629
0.004913795808232932
0.004910675791140481
0.004907675072661324
0.00490502364621504
0.004901799687010955
0.004929973960166092
0.004926391298232454
0.004922813839630819
0.004939326544149207
0.004936206385600425
0.0049329748265918485
0.004929977879552607
0.004926984571793316
0.004907748790466858
0.004885225002526373
0.004882150958640193
0.004912578997220542
0.004909491554355503
0.004906636269172911
0.0048985648750852415
0.004933525362571335
0.005010602402179299
0.0050082768650020135
0.005059371956027647
0.005079383474330747
0.005067652765554477
0.005065072016460908
0.005131773209052249
0.005177007910082273
0.005172356875458047
0.005215961506809296
0.005212590856155215
0.0051954061124880645
0.005201274613568262
0.0051981584990018585
0.005180051492895511
0.005177547439644031
0.005173736391245709
0.005194149918467038
0.005243011901023348
0.005304948174393579
0.005301295886493825
0.005336604851501986
0.005334524828517862
0.005454678070588051
0.005577278246769777
0.0056038383554347995
0.005602299649619061
0.0055970601600803796
0.005593356224141282
0.005590162210765231
0.00558607919262535
0.005582638782529296
0.005624411351690301
0.005620320497869199
0.005617377117673129
0.005663487584385115
0.005660396090718838
0.005656435417041069
0.005668241273303534
0.0056651520328966105
0.005662066157980825
0.0057123016323125265
0.005709063806601562
0.0057054417966639894
0.005751276861356352
0.005746253751277972
0.005751291364659798
0.005748300911583269
0.005819746543516976
0.0058293891240151965
0.005807422828878879
0.005789370596892349
0.005785716103199967
0.005782196493998759
0.005778772751381389
0.00576064673097447
0.005809933367072763
0.005807190121261347
0.005804319021826142
0.005838100312174603
0.005890807472164804
0.0059401141409583785
0.005936651371790312
0.005932793812082002
0.005974126384656479
0.0059718529723372
0.00598029123030537
0.006008869433135476
0.006005645934847773
0.0060326173767634
0.006029788324398236
0.006026558369041894
0.006071192042562046
0.0060684168977580165
0.006097921430570607
0.00612633792331852
0.0061188100641576685
0.006175663161441074
0.00615918978871816
0.006170996067698264
0.00614960298043615
0.0061679707818936835
0.006164548770186279
0.006162223970304004
0.006170222707992224
0.0061662582356640586
0.006184977253751349
0.00622609601256418
0.006221177993164096
0.006261663496978088
0.0062552116715773355
0.006321431595401813
0.006318221542486478
0.006300859411572506
0.006297662769541709
0.006280144248228741
0.006308587563741981
0.0063056692374833115
0.006303447562423861
0.006298234865162652
0.006292074430152871
0.006319536232085026
0.00634916662721589
0.00634609852112942
0.006341847731550694
0.0063359513864342685
0.006355250118825454
0.0063379814575042475
0.006320311526361508
0.006314581903493925
0.006310118081393982
0.006336958890648773
0.0063189059710151985
0.006334090273205877
0.0064331929634572444
0.006448589853663381
0.0064461445227651775
0.006439831761317255
0.006436497611620361
0.006442420824428591
0.006439751759304321
0.006433592466417943
0.006426737878526473
0.006472883174681879
0.006469783674641765
0.006466405785497329
0.00646387468246295
0.006458329518533823
0.006450361079930378
0.006447700270974263
0.006506688825548274
0.006503866150743793
0.00650160977358011
0.006483909774324654
0.006479845015373613
0.006477178932190952
0.006473674268670374
0.006469018943058404
0.006465758266264357
0.006539940448247301
0.006586959584561501
0.006584105327275904
0.006626887494482185
0.006623028170847505
0.006651528142926409
0.006695350840504484
0.006748631977485877
0.0067416233483625024
0.006757305736063026
0.00675396240620179
0.00674648424272161
0.006744019217421757
0.00673939967480108
0.006771858243772699
0.006767230018077766
0.006763746095120242
0.0067604107000775165
0.006729836824364506
0.0067243905777313396
0.0067210779991092266
0.006744035512126631
0.006824495207836389
0.006861810270074804
0.006857849925548351
0.006855505211169036
0.0069195308332708995
0.006912600413561336
0.006909944445164732
0.006906553676411371
0.006963734687488763
0.006957565136574191
0.006953032790164812
0.006958705784552066
0.006956040067685591
0.006950717958164764
0.006989718223212446
0.007012364602741408
0.007028504485645518
0.007114657203832961
0.0071114688331038725
0.007107848383144293
0.007121392178644084
0.007118524240548867
0.007142949927143164
0.007148748220706202
0.00715565175204864
0.00715232065451071
0.007148791603506266
0.0072195175552682315
0.007266225321516675
0.007293745155822859
0.007290356513214617
0.007284706433009365
0.007282400708367658
0.007279328678371088
0.007319676982562791
0.007325021466680399
0.0073211643245554335
0.007315157373055761
0.007375679373406353
0.007372886260793349
0.007409475057379684
0.007559644648482978
0.007541509066577705
0.007583994428547037
0.0075776296771849746
0.007574449407038845
0.007617258773844344
0.007676803338708257
0.007659525109807348
0.007719324603311216
0.0077496455870805095
0.007774145697505688
0.0077715432007767395
0.007786046485567892
0.0077833556881440336
0.007780752776786072
0.0077770141402751965
0.007772467603143394
0.007768480498964459
0.007765725028916003
0.007856347338664563
0.007852827535881459
0.007849717569998898
0.007845478024057695
0.007839106127907431
0.00785098607739469
0.007846086152656365
0.007842738911617155
0.007849138577149075
0.007845876529697846
0.007873610179980874
0.007895746898284522
0.007988272356064323
0.008003243047858913
0.008028410230078319
0.008031800870523069
0.00802763940191593
0.008064493864548074
0.008096336864151161
0.008142128808344504
0.008250076090754474
0.008232521132140794
0.00822945641133548
0.00827463323825153
0.008276337437721569
0.008272063706240116
0.008254870502221444
0.008267287817513156
0.008306003678101652
0.008283788056304597
0.008329226934079772
0.008324690771470676
0.0083216041866377
0.008317268731991808
0.008295957994619735
0.0083275203678451
0.008316212654627949
0.008311937492766363
0.008294993559033794
0.008327529443886213
0.008309321200427789
0.008306819177388448
0.008355054480447646
0.008427020684114519
0.008479790610910146
0.008476661601029325
0.008515725938461038
0.00851205672282345
0.008509267770525512
0.008536488507114656
0.008531281971793465
0.008527966751981952
0.008524828393265571
0.008593883047330534
0.00857675381728573
0.008571248207015868
0.008603139471421882
0.008610733978790796
0.008608625184575698
0.008603752805082885
0.008611974905563535
0.00867684755440064
0.00868467534159461
0.008703106152842342
0.008700093348317653
0.00868315829345404
0.008652671308940369
0.008712118485386703
0.00870886438191
0.008706031539954431
0.008772415239733626
0.008768706479134938
0.008848271015804205
0.00888600252316903
0.008869946042248533
0.008939431844068126
0.008936325574358011
0.009001382652982585
0.009012160206285346
0.009051428674810015
0.009146779525317216
0.009142519523513347
0.009139923230473433
0.009131872154880876
0.009142033035405995
0.009148446254544829
0.009155476133665793
0.009233396341052255
0.009288032703339296
0.009299761543845673
0.009298071941045856
0.009294694576603542
0.00931840814327246
0.009312603965227666
0.009305755533553336
0.009359858789388968
0.009356057049798463
0.00935199343218114
0.00941954433526786
0.009418708803561108
0.009438776221062017
0.0094453088965382
0.009442377906384159
0.009469310780787816
0.009475834149181262
0.009515944701818282
0.009499815004646335
0.009509193885009738
0.00950461270482546
0.009515513061573192
0.009510451345804208
0.009505681275394872
0.009503203703436252
0.009500346570918984
0.009568006803142943
0.00960711362861101
0.009604227338264328
0.009583038569742856
0.009613908713580387
0.009662281549600677
0.009659382169284522
0.00967078408226052
0.00966503917173647
0.009688789701280936
0.00968398602040902
0.009650165861851377
0.009646460894539601
0.0096401432297154
0.00962342595479101
0.009623384241031277
0.009662175969535513
0.009679221827231927
0.009688456391857711
0.009684041207947726
0.009775093954595465
0.009804489727739183
0.009800783442576892
0.009817826386717046
0.009812608780436972
0.00980952115164956
0.009805428329107546
0.009856917916306952
0.009895250380244568
0.009892339806853976
0.009884568055673303
0.009879103831163798
0.009870531635733428
0.009866448619176769
0.00984834998065159
0.009888165538855638
0.009884639508115526
0.009933507676796372
0.009930754650814482
0.009919277867853248
0.009932429677464846
0.009947146620417095
0.009978735453621669
0.009982564348383146
0.00995383682914716
0.00997572274146559
0.010001809569816807
0.010041242281117116
0.010054335321091946
0.010049488364241544
0.01005439147616324
0.010065268715753587
0.010108513411230978
0.010130910740083987
0.01012771524720378
0.010180356526886047
0.010201649689160529
0.010230724709186033
0.01030134868309332
0.010330513887282714
0.010325181672747654
0.010321931374544652
0.010296392278989198
0.010357631046197436
0.010372019878667189
0.010368147668781847
0.010367013180905238
0.010363879920855081
0.010390685126930295
0.010388029719109198
0.010381497888683148
0.010373458915822932
0.010368155786602414
0.010364496939695935
0.010361856044748539
0.010363198631171178
0.01035688847296141
0.010353472998711631
0.010347777178085655
0.010344334062624468
0.010383404856921526
0.01041993279979029
0.010423232636915457
0.010420542550097387
0.010440429075776065
0.010442714645035744
0.010500627016035343
0.010529482218502384
0.010566391578651654
0.010558304671105509
0.010550879635015905
0.01054758666565747
0.010547452958733933
0.010526179262273528
0.010548814762362087
0.01054449905790057
0.010569128461328433
0.010595040496385846
0.010623503065214009
0.010650602623646761
0.010657222226375324
0.010651285663790526
0.010657200337348526
0.010646827590388772
0.010709373050211038
0.01076940490680905
0.010766507640451603
0.010763370972659602
0.010774037033636724
0.010780396398651415
0.010767973632239958
0.010764631227822237
0.010790344763027744
0.010825844924998433
0.010820985339218403
0.01081594085015809
0.010811925003726526
0.010798017170443834
0.01079488082558477
0.010792520460365192
0.010787888236753184
0.010781949935692014
0.010776669890105577
0.010760237436755775
0.010756285901882018
0.010765171186095861
0.010762051750805773
0.010742632926114356
0.010765263898379427
0.010757248897646688
0.010763554680721748
0.010761042907014047
0.010779786618848042
0.0107644386171881
0.010746983973846448
0.010792410212084796
0.010784173734820985
0.010779813220949465
0.01077633408065646
0.010812767784572344
0.010810063396454532
0.010924955457979469
0.010960440100017305
0.010990049325552309
0.010986725955259286
0.011027811348382672
0.01108183646235423
0.011060934802731782
0.011041534614211056
0.01102498420802617
0.011020531890552276
0.01106074703778238
0.011081064528879282
0.01109889041300514
0.01110613471547994
0.011152811662081224
0.011120454260197457
0.011136529569901568
0.011157792520047779
0.011191228413537126
0.011188444738935564
0.011248358342465967
0.011266588758372918
0.011248974921940942
0.01124423739976756
0.01124208888779665
0.0112274196713314
0.011223410699893493
0.011244453865143094
0.011241423435992583
0.01121345044651814
0.011236850851561016
0.011256947826547346
0.011292254270134272
0.01128924013172089
0.011281154474919668
0.011278574598531828
0.011286147530396038
0.011301119500268436
0.011373651558134384
0.01143182926467615
