0.0
0.0
0.0
0.0
0.0
0.0
0.0
0.0
0.0
0.0
0.0
0.0
0.0
0.0
0.0
0.0
0.0
0.0
0.0
0.0
0.0
0.0
0.0
0.0
0.0
0.0
0.0
0.0
0.0
0.0
0.0
0.0
0.0
0.0
0.0
0.0
0.0
0.0
0.0
0.0
0.0
0.0
0.0
0.0
0.0
0.0
0.0
0.0
0.0
0.0
0.0
0.0
0.0
0.0
0.0
0.0
0.0
0.0
0.0
0.0
0.0
0.0
0.0
0.0
0.0
0.0
0.0
0.0
0.0
0.0
0.0
0.0
0.0
0.0
0.0
0.0
0.0
0.0
0.0
0.0
0.0
0.0
0.0
0.0
0.0
0.0
0.0
0.0
0.0
0.0
0.0
0.0
0.0
0.0
0.0
0.0
0.0
0.0
0.0
0.0
0.0
0.0
0.0
0.0
0.0
0.0
0.0
0.0
0.0
0.0
0.0
0.0
0.0
0.0
0.0
0.0
0.0
0.0
0.0
0.0
0.0
0.0
0.0
0.0
0.0
0.0
0.0
0.0
0.0
0.0
0.0
0.0
0.0
0.0
0.0
0.0
0.0
0.0
0.0
0.0
0.0
0.0
0.0
0.0
0.0
0.0
0.0
0.0
0.0
0.0
0.0
0.0
0.0
0.0
0.0
0.0
0.0
0.0
0.0
0.0
0.0
0.0
0.0
0.0
0.0
0.0
0.0
0.0
0.0
0.0
0.0
0.0
0.0
0.0
0.0
0.0
0.0
0.00015563856278904303
0.00015485355278293956
0.00015410695022345506
0.0001533171255229209
0.0001526151699478928
0.00015197898347771334
0.00015124997299107622
0.00015054734714067572
0.0003427151608619286
0.0003414425949637217
0.0003399842757272476
0.0003384524262808309
0.00033718994330994074
0.00033580993157872644
0.00033433634236041456
0.0003328548544800183
0.00033138643801002444
0.00033001258172967845
0.00032862981904820587
0.00032721843875902406
0.00032589876769528465
0.0003244317375347243
0.000323075680478152
0.000321575721033062
0.00032003200320032
0.00031880765935401594
0.00031738474966277867
0.00031601192945033673
0.0003146694986921549
0.00031341207811796045
0.000312256049960968
0.0003109815354713314
0.00030987934073170256
0.00030876705455527896
0.0003075740099961553
0.0003063901495566917
0.00030518043793392844
0.0003040322274161061
0.0003028754235523501
0.0003016932533846212
0.000300503343099692
0.00029940680027695126
0.000298301545574883
0.00029723754853331843
0.00029621401462556697
0.0002950342055282034
0.000293928538624047
0.00029287937030935383
0.0002920454130617311
0.0002909778674959536
0.0002899180981372762
0.00028883473237656827
0.00028782155063860406
0.00028690802804525974
0.0002858929688197981
0.00028485463511901583
0.0002837936110963302
0.00028281542758157454
0.00028185885917626747
0.0002808347813876748
0.0002800091002957596
0.00027904218769075147
0.0002781979726322744
0.00036378754807192597
0.00036269430051813473
0.0003616262850648344
0.00036030471484455425
0.00035910326783973736
0.00035801963993453353
0.0003569971440228478
0.00035592617074286874
0.00035471774602209387
0.00035344609946983085
0.00035234308149192125
0.00035108837395927375
0.00034996500349965005
0.0006065440284494076
0.000604524826923714
0.000602727963274877
0.000601090196465919
0.0005994022399579598
0.0005975182529548506
0.0005957335683624672
0.0005940755208333334
0.0005924555252564603
0.0005908730351448044
0.0005892418959059796
0.0005873360688711884
0.0005854988771254412
0.0005840093441495064
0.0005823879501539738
0.0005804707379134861
0.0005787037037037038
0.0005771115959902603
0.0005753921336801451
0.0005737640493594278
0.0005720913465306187
0.00071104860134396
0.0007089215044716587
0.0007070707070707071
0.0007051639699956605
0.0007030067056024227
0.0007008626001232286
0.0006990858108627179
0.0006971897888510925
0.0006952084097298618
0.0006934918457552202
0.000691468344427221
0.0006895193065405832
0.0006877059339197726
0.0006856540084388185
0.0006837067424003366
0.0006821384666126952
0.0006803026225292306
0.0006484504270828675
0.000646830530401035
0.0006451325858693718
0.0007765697803416907
0.0007745419137824201
0.0007722859664607238
0.0007703821095263251
0.0007686901519810244
0.0007669383819791393
0.0007653953813855843
0.0007636252563599075
0.0007616311964138051
0.0007596805000868206
0.0007576413542298035
0.0007559068722733359
0.0007540178379077082
0.0007522675493272579
0.0007506541414661348
0.0007485670288305245
0.0007465233341865028
0.0007449661572517134
0.0007432260256519154
0.0007415254237288136
0.000739707498520585
0.0007376807317792859
0.0007358815861401959
0.0007343068143672374
0.0007327694497948245
0.0007312079555425563
0.0007293794023256784
0.0007276809846563267
0.0007260506990831017
0.0008489667453513894
0.0008468974634388168
0.0009407660719926387
0.000938600457653362
0.0009362144136017605
0.0009339550610820245
0.0009319727891156464
0.0009298095587137409
0.0009278825314260946
0.0009257757595415722
0.0009237906434168118
0.0009217023910440131
0.0009191793137689037
0.0009174434801242903
0.0009155673175882487
0.0009135525859539624
0.0009116558865021695
0.0009099845900419789
0.0009078499198176349
0.0009059408559487913
0.0009041471978036484
0.0009021110716025972
0.000992415578952903
0.00099026783137903
0.0009879354112690064
0.0009793935595079526
0.0009743389344796146
0.0009721355791224789
0.0009700931185640548
0.0009679089026915116
0.0009656970964535162
0.0009632348206812184
0.0009612666101215721
0.0009594540860173678
0.000957354221061793
0.0009552635275787647
0.0009533641774684869
0.0009515813042261407
0.0009500222264558331
0.0010052608227166127
0.0010034291209555985
0.001001490237680281
0.0011130860088996457
0.0011106080044273386
0.0011904313430024485
0.0011882379484094156
0.0011859190872926517
0.0011835205992509362
0.0011812642518036708
0.0011786646773591942
0.0011763829945648126
0.0012611340295586029
0.0012590751116223267
0.00125679012345679
0.0012541424893126854
0.0012517829914908266
0.001225201335690434
0.0012230841820164958
0.0012206159340524938
0.0012186484968373752
0.0012163759796214365
0.0012138461164221946
0.0012116355866355866
0.001209257239791591
0.001182702075170512
0.0011808599268301515
0.0011785972523499636
0.0011765555074346758
0.0011741823944676558
0.0011720716186093333
0.0011698844469963394
0.0011681656931952554
0.001273293036231625
0.001270793174841151
0.0012684386802536878
0.0012663180734891332
0.0012640698789191493
0.001262187555397979
0.001342440221302096
0.0013404478367904636
0.001337847687569067
0.001335257606157673
0.0013326775341952406
0.0014880013091606175
0.0014853449080556333
0.0014825943654426237
0.0015610107631866472
0.0015585651452378465
0.0015556945602817162
0.0015528883955413719
0.0016540850012697092
0.001651111879248761
0.0016483200478507422
0.0016458211303678688
0.001642764613497495
0.001640169854296146
0.0017171647929805317
0.001691821531651779
0.0016892776999396278
0.0016864537845705967
0.0016836966394187102
0.0017599329117653727
0.0017572445319483578
0.001804915514592934
0.0018022895167202394
0.0017993064000360313
0.0017960303009868053
0.001827468148397598
0.001825132568750771
0.0018559562988335913
0.0018525967641011894
0.0018488163338128217
0.0018462223706920554
0.0018436971799661956
0.0018409948922940267
0.0018381782301159675
0.0018906563056930014
0.0018879603837821115
0.001885521885521886
0.0018825292905245298
0.0018799806278342805
0.001877005582662975
0.0018745952827807235
0.0018715141952379392
0.0018691179689209899
0.0019428508987597668
0.0019397351137876117
0.0019371356975540672
0.0019341644366120583
0.0019313281411238207
0.0019288139638320267
0.0019253676390964423
0.0019226818058934855
0.0020174529116986357
0.002014515728967831
0.0020116520746508155
0.0020090558083007996
0.0020062722859475026
0.0020032386406288547
0.0020002784113420506
0.002093356426540082
0.0020899377715157923
0.0021567624043156573
0.0021539378839663123
0.0021505033432194834
0.002147284846940942
0.0021975575626510626
0.0021944170980342345
0.0021917721318235168
0.0021890641829816894
0.0021861554036952673
0.002183047420465675
0.002179879491466608
0.002176652176652177
0.0021735027679919477
0.0021707715506408647
0.002167775128623416
0.002164651337635487
0.002156997726182281
0.002154032039664188
0.0021509402562822433
0.002148392860853124
0.00214525046940321
0.002142849741469531
0.002140387919435302
0.002137666552960999
0.00213481986167028
0.0022249716465615015
0.0022217417714221
0.0022187265455517516
0.0022157877443732548
0.002191808908708801
0.002255808476433304
0.0022526253361555065
0.002249657904948635
0.002246423363618751
0.002244295028524858
0.0022417600309348642
0.0022382752174266445
0.002215254099691509
0.00221182001479275
0.00220879876962927
0.0022924373824974227
0.002289590841636634
0.0023572588044322115
0.0023546236429190085
0.0023520653507977706
0.002399831167656546
0.0023962190312772805
0.0024630492509644768
0.002459721805263684
0.0024569926330204614
0.002453975480212451
0.0024498664434078857
0.00244239998406914
0.0024394852517055513
0.0024365048620836934
0.002433749045053626
0.002431071732968623
0.0024728021461309256
0.002465143874221299
0.002462587049933323
0.0024591619318181817
0.00257471400277868
0.0025715972837319153
0.0025686395942080263
0.0026045808421445325
0.0026015925315760564
0.0025979240109674884
0.0026640446909884257
0.002660452755713183
0.0026567927252858755
0.0026532203059534245
0.002631117860063076
0.002628278054899215
0.002625520878864702
0.002621853630146951
0.0026192621878542975
0.0026164479033569514
0.0026816366396859004
0.0027154697733727455
0.002712168577052216
0.0027090320342315244
0.0027059808819707154
0.002700623960466479
0.002759613999711939
0.0027565172354261365
0.002753664846220177
0.0027505024404249198
0.0027478201009637437
0.0027443565944769094
0.002741215520201441
0.0027385512549311063
0.0027355015562091304
0.0027323807079090716
0.002710428597205997
0.002707882652093057
0.0027048030630425703
0.002702114162903209
0.002699124250505966
0.0026962173600876683
0.002674367031867809
0.0027311122423968157
0.002764121979243184
0.002742187353013112
0.002768065268065266
0.0027654140139350553
0.0028049833014372003
0.0028446368987365485
0.0028836521266934418
0.002880092761429198
0.0028763809897365484
0.0028729199313484053
0.002912368011481718
0.002909520883377091
0.0029063549194125893
0.002943718116689431
0.002940848835914001
0.002919274818008994
0.0029165161158824114
0.002934073560027757
0.002931225734886299
0.002928789138265446
0.002925028835063435
0.002903199048856691
0.0029339155106026258
0.0029725750046015074
0.0029646176332699028
0.003044580371411251
0.003042149602180435
0.0031035684160340316
0.0031006686818723073
0.0030798096284092966
0.003076768341745298
0.0031381039822402476
0.0031350108151028096
0.003132780650633394
0.0031280467247993124
0.003125312940962263
0.0031230952575894014
0.003120540299782751
0.0031591185714026178
0.00315628034448649
0.0031537903518316993
0.0031507047867521815
0.003145644422725379
0.0031253391209983706
0.003122458936412423
0.0031194995802756626
0.003116714463503056
0.003113765981025487
0.003155658764018648
0.0031533597762247807
0.0031324131981884822
0.0031374555639340712
0.00313416372978935
0.0031341558476466933
0.003131041890440385
0.0031274307325054296
0.0031622671847782373
0.003159388470909527
0.0031560928640205392
0.003153731024160785
0.0031517935842303463
0.003148681823033406
0.00314507316293078
0.003205384335348906
0.003202910123325347
0.0032003546099290767
0.0032420079190029483
0.003318730917297224
0.0033531356636432737
0.003350381146708357
0.0033868092691622088
0.0034630202685427616
0.003460000352342193
0.0035679709915333287
0.0035642676234698177
0.003560791755620568
0.003557041678734103
0.003616190852080866
0.0036136236152012335
0.003592882537347413
0.003683773023581397
0.0036807777719491505
0.0036601238676764753
0.0036571528323295793
0.003688299458526249
0.003684733183504938
0.003681269907576627
0.0036781009521325153
0.003673104155264232
0.003669852181687194
0.0036625557232311656
0.0036546059471823655
0.0036510945493261307
0.0036475898925958585
0.003644469789263588
0.0036399112469458752
0.0037144385211255447
0.003711077212124345
0.003708296732634044
0.0037652727585613488
0.0037620681058124633
0.0037595470673642785
0.003756545626234011
0.0037535489736925617
0.003808152737431125
0.003805120301395667
0.0038157815935593712
0.003794385335213434
0.003790886503931764
0.0037872972004708533
0.003784098408964158
0.003802393788851616
0.0038385629284273266
0.0038349394253057887
0.0038308345408605356
0.003827225606983722
0.0038243044323695635
0.003821582023092205
0.0038188634870629733
0.0038159550586247034
0.0037962358966925165
0.0038692965716361815
0.003866846160898242
0.003863811958579973
0.003937057192482902
0.003933674157087015
0.003930594687937045
0.00392732183709172
0.003979079844539616
0.003975771797104996
0.0040081133276511265
0.004036418089248278
0.004033171259555051
0.004025844633183944
0.004022510474851989
0.0040712094452345715
0.004067639282612222
0.004063139223848145
0.004102498120661288
0.004098191897157232
0.004094610277191179
0.004091239050446654
0.004089300558128488
0.004111572356600517
0.0041667111372004914
0.004164014975094839
0.004144535279355842
0.004135338345864661
0.00412781177026987
0.0041251487319823085
0.004175802378177721
0.004247553913031165
0.0042453447684148325
0.0042415630048322495
0.004204873522942952
0.0042008399209486165
0.0041981434849158155
0.004194415667702629
0.0041920374707259955
0.004171386822965408
0.004168102104762373
0.004184393674839536
0.004180486965922214
0.0041773053127761965
0.004172493028808806
0.004208836719190335
0.0042067749283562356
0.0043184340219981085
0.004316109670369103
0.004311707571461166
0.004345719427682637
0.004394338916288232
0.0044159509402043095
0.004412613271567315
0.004409113060428852
0.004405677834047528
0.004398086202003003
0.004346892298216183
0.004343935013079996
0.004359914525763685
0.004373554013169604
0.004352166181700616
0.004348581027604143
0.004374956762365964
0.00439565756866703
0.004391832393476138
0.0043880138699604965
0.004432300734943431
0.004429734941807113
0.0044266385690411945
0.004475254475254478
0.004467473287420822
0.004553799777120367
0.004550844470083008
0.004548439276734096
0.00454483624986998
0.004540694374495371
0.004537756047678398
0.004535256026381141
0.004528443412411529
0.004524031675398936
0.004490091985907188
0.004485172883461974
0.004482602154132737
0.00447992744283737
0.004489656378698981
0.004487301738660568
0.0044843084937424595
0.004480999198546278
0.004496788008565314
0.004493473764294718
0.004489417800897887
0.004559912647170533
0.0045574244976394436
0.004589824453244181
0.004585537918871257
0.004582714512380371
0.004580111375216821
0.004561417736118531
0.004558398786167902
0.004555041490765399
0.004562152513146333
0.004559246614968623
0.004580352371071983
0.004577438317630127
0.004607954934075168
0.00461542771968755
0.004610494982311265
0.004599626872770782
0.0046148253781841606
0.004662633200524087
0.004660226284891923
0.004673347024605208
0.00467137510199936
0.004667654896029576
0.004650405633827947
0.0046475762580035565
0.004625694416600961
0.004623531664395704
0.004636082075106469
0.0046340251066683165
0.00463034876782923
0.004627649296741227
0.004623983063259794
0.004621075778191028
0.004657158596778257
0.004636299998227803
0.004618752013604498
0.00461596168081286
0.004648007404434041
0.004695704261698651
0.0046928724404195895
0.004690152754504376
0.004791576355820877
0.004906756090866104
0.004907774039234874
0.0049392788329204575
0.004971087452889884
0.004953507249437406
0.004951105687571121
0.004946483230826367
0.004943745703788138
0.004991175967021828
0.004980852998636515
0.005008221520652464
0.00500465006227469
0.00505135430419352
0.0050803206918926536
0.005112438875272203
0.00515959557533443
0.005190931765369103
0.00518807509245702
0.005169232515077025
0.005166154674937056
0.005162962333283207
0.005160246041367807
0.005193924511379029
0.005190958113992867
0.005211541138194413
0.005200604203342684
0.005198468821353082
0.005194306734504651
0.005191702478621353
0.005184887517932348
0.005181700885190453
0.0052991228032170665
0.005349641201636205
0.005357503541924561
0.0053544617871372855
0.005347640592091094
0.005341190620228738
0.005376317382575607
0.0054577653480993365
0.0054545519898780825
0.005450972320555254
0.005478170429655292
0.0054747033115514895
0.005503699473480629
0.005513458242331487
0.005511094780774184
0.00550848489013743
0.005505132946479777
0.005498154994742607
0.0054784290563053865
0.005567715570640408
0.0055634619015850935
0.0056123837706038016
0.0056088542073314054
0.005604580874496259
0.005594582016279311
0.005697224882971532
0.005737234867201928
0.00574179913143222
0.005734212261791065
0.0058176787534585765
0.005867002076073473
0.005863854542770858
0.005861234176990729
0.005855547791175769
0.005875478591183474
0.0058573270152922135
0.005853884721094002
0.005884971141418552
0.0059307863954468154
0.005927089638494109
0.005923661059710189
0.0059037990909739085
0.005901174830365395
0.005878254934271997
0.0058749926443668575
0.005867036288121619
0.005863263943657713
0.005860665151935684
0.005868722637656918
0.00585058512176669
0.005843919558736345
0.005888996314528233
0.005917658510840635
0.005940247549473428
0.005960233327724498
0.005956155571039379
0.005938690073517573
0.00592885195650295
0.005977139358957546
0.005973453261077432
0.005969859823125363
0.0059677579910828935
0.005965001581506227
0.005977120385781634
0.005959452017721088
0.005988444896246006
0.005983226276278635
0.005980600614720202
0.006036463201722555
0.006033287439061353
0.0060568700168559956
0.006054614495831559
0.006111738358821138
0.006145535586199091
0.006139335747131706
0.006163752188678395
0.006159833891963873
0.006244255345410849
0.0062230622586931135
0.006220037188525318
0.0062616327609019435
0.006294970689554323
0.006292226647057623
0.006288799956294402
0.006285513842666031
0.0062812324279814934
0.006396509924604212
0.006429954900873003
0.006469164387170819
0.006506309460899337
0.0065035948168478295
0.00653707928792557
0.006518793676955506
0.006542277465024247
0.006583488885380586
0.006549604291840184
0.006575063030970214
0.0065898444703368685
0.006587706668808794
0.006567706097506993
0.006595614652394534
0.006592594420859798
0.006590032642448342
0.006618985285968414
0.006624033679101517
0.0066180119610625456
0.006615011109126728
0.006644354429410018
0.006625850242482098
0.006608364600745635
0.0066310480015299295
0.006628766154316739
0.006611868350269692
0.006605019184257209
0.006599615829724279
0.006581227242499564
0.006579250304307164
0.0066465254741161165
0.0066432493589495
0.006636406445767054
0.006665395656339197
0.006647296736326396
0.0066408873622325025
0.006682381851846193
0.006677814791179613
0.0067387917680602665
0.006721533631140923
0.00670472029683932
0.006700436662883584
0.006683645055192456
0.006702118658408634
0.006699404613895542
0.006696003781769192
0.006727352540726747
0.00672023315508238
0.006718088673583715
0.006740758515044651
0.006732934391107086
0.006722141633132834
0.006716592960170179
0.006714026981027572
0.006714856516490118
0.006756685793458917
0.006749295444818588
0.0067450144821386915
0.006760091528934577
0.006765288263001675
0.006791075156996942
0.006822590294101648
0.006819453924227504
0.0068159956371510256
0.006812139975437608
0.0067959051520435
0.006779394396280938
0.006775675819577845
0.006818966206949416
0.006845086008239462
0.006842201437650234
0.006864359080028832
0.006862046680136621
0.006902121008624899
0.0068961454005744575
0.006892277380667079
0.006915488932433449
0.006912763264821769
0.006910149249595896
0.006934574115773708
0.006971480461434479
0.006985083372339916
0.0069941871565636395
0.007050964716897395
0.007046134373445962
0.007042064959455985
0.007038713050940596
0.007031504691105867
0.007014326104322544
0.007012419479487596
0.007007216153124364
0.007004873973412448
0.0069996026736133185
0.007005030247906768
0.007048453195316842
0.007043505536161792
0.007041889480410217
0.0070390998573726495
0.007036586995109644
0.007032852110361792
0.007030654756081231
0.007024695738100969
0.007003989764296944
0.007002386687155719
0.007009908910064909
0.007006556839190205
0.007002224248655263
0.006995272204942581
0.007054065119083483
0.007050991261026113
0.007103672215682167
0.007116917645034086
0.007111134920350759
0.007137491152245483
0.00716950277997632
0.007200895410855028
0.007313584834697595
0.0073387655529699855
0.007337095857820597
0.007331677257857437
0.007328555700783314
0.007362230750593899
0.007345964946039297
0.007391259683085498
0.007389815094743271
0.007385242755246461
0.007367231149315464
0.007361063417984871
0.007355425797516739
0.007353759068698087
0.007351487473606951
0.007348914695135044
0.007344750856963035
0.007340660267619966
0.007322880798540687
0.007332803402470472
0.007372929613069293
0.00739355171306375
0.007408459716325755
0.007436357570793753
0.007430191770569277
0.007428210508020974
0.007425050567772968
0.00742185496868449
0.007449695600393154
0.007446114392379129
0.007444132623782529
0.007440324493731484
0.007437207476073401
0.007427502123340987
0.007424383258823722
0.007450634064179873
0.007476558041224032
0.007474421053155656
0.007514006373143473
0.007518461713773728
0.007516315027582942
0.0075380289901943835
0.007534211722960186
0.00755016068051039
0.00754800709570278
0.007586188575130178
0.007583717453625219
0.007580662547078169
0.007577362150377788
0.007616041855260723
0.007614338077415898
0.007620671131354838
0.007645505773706723
0.00767411951579701
0.007668395917669739
0.0076649706499664775
0.007661905910119607
0.007659418278330607
0.0076624506346232675
0.007673535522047394
0.007683255918967298
0.007728510533811113
0.0077187848789161155
0.007762382762888915
0.007759868987023021
0.007729753246373703
0.007748863164956687
0.00777221805447203
0.007846986836111985
0.007843272485747167
0.007868735099877166
0.007865875647960307
0.007863018273504427
0.00784240212076822
0.007839871854511595
0.007837501212294571
0.007894794767603363
0.007891737712853309
0.007888011219934842
0.007883652108111079
0.007907559326498632
0.007920824400394669
0.007917797901910828
0.007927697120010211
0.007920207380758267
0.007918457375110101
0.007915913292419302
0.007926403740333874
0.007917488080629698
0.007938700573900753
0.007972904166856188
0.007968081998507095
0.007980860604846164
0.00800167294628542
0.007993316150452128
0.008065988440680686
0.008076869840045624
0.008061356860116598
0.008057568910049549
0.008067491240568148
0.008072260047521802
0.008068025950851232
0.008065049429693275
0.008063761263194233
0.008108098534203698
0.008105510206425973
0.008150027083256694
0.008143399994476533
0.008182907917825086
0.008180625240820095
0.008174155937282365
0.00824837521175413
0.008231657138858843
0.008228217659364304
0.008258589199650985
0.008256782571673971
0.008253827975707805
0.008265710473536214
0.008248507938572094
0.008292169717421444
0.00827641354228859
0.00827329228909188
0.008270993924332533
0.008311135843371495
0.008354274151731947
0.008410934496339501
0.008421639639808109
0.008419136973301312
0.008390893190940711
0.008387736596266258
0.008414110510227037
0.0084836873901229
0.008480018686563203
0.008505515057737022
0.008575318304652597
0.00857736849673288
0.008575504183004807
0.00857279390020129
0.0085575967085535
0.008661061204889664
0.008654695194067584
0.008693051718028023
0.008676922419254897
0.008671727073217705
0.008656533740313879
0.008650153896459293
0.008655588306338786
0.00865269078155278
0.008649139028076012
0.008633296519985728
0.008635509134230338
0.00862211026907884
0.008649056920004089
0.00866191544565724
0.0086898319832769
0.008686930194915005
0.008724814175414099
0.008708844045750603
0.008714302084993743
0.00872072304554054
0.008741011600144125
0.008786950648897873
0.008817276886991417
0.008812416967882339
0.008822478027023456
0.008829065284374655
0.008830427294255557
0.008859752272509708
0.00889551441442294
0.008934474282587911
0.008928545672281346
0.008971258234928711
0.008977825964767336
0.008974295743427277
0.00897236703168358
0.008942183055935254
0.008957059847563075
0.008980607620654458
0.008977760244670247
0.00897213691417436
0.00901591470859761
0.009027776884641058
0.00902536618368584
0.009022044292251308
0.009048915343378063
0.009093503534916685
0.009099683905372007
0.009147158335005227
0.009157288825714259
0.009186406974284555
0.009191667490301543
0.009208151811011426
0.009186018285856818
0.009227402037459177
0.009218700228964186
0.009218950554732694
0.009216397534154515
0.009207884928525123
0.009208923422505823
0.009277705330745607
0.00927212941343099
0.009298325496656537
0.009282866020798631
0.009280048160316572
0.00931623415094086
0.009314058906963792
0.009312073197839508
0.009335846919889052
0.009317072865297465
0.009314727177264913
0.009304684185127147
0.009326672974298815
0.009325635910902625
0.009346505034425768
0.00933072003505976
0.009321339316699186
0.009317632395521814
0.009312611274930086
0.009319104408640186
0.009325160328307807
0.009309725299764074
0.009351700443598983
0.009376721901081762
0.009376861982756559
0.00937487286923211
0.009371540963882884
0.00937883028476703
0.009434655627637038
0.009431384060061136
0.00945452012609146
0.009508815863157001
0.009568743156837997
0.009566533115305122
0.009613614918394384
0.009650408963712002
0.009679799351287242
0.009683786198034523
0.009771264786836289
0.009808806943317705
0.009781759469499638
0.009778864010209557
0.009773264767983892
0.009787199940984037
0.009823945809397673
0.009824166028482547
0.009819656099403707
0.009844688265892226
0.009837720837145876
0.00988463634175618
0.009907160588116772
0.009907704054918857
0.009931469378434263
0.009928741679861103
0.00994709119996078
0.00994353309880046
0.009925696087588441
0.009916477429716044
0.009918981311103298
0.009957362443175514
0.00995860261122331
0.01002468708518433
0.010036261131102847
0.010061069445552673
0.010069194227449464
0.010073517018941715
0.010097025079955654
0.010143540496086853
0.010196820105141663
0.010195459829557343
0.010264141267056253
0.01028435540691047
0.010281519236103619
0.010277443341360609
0.010280320333137213
0.01026528702306977
0.010266533156087927
0.010285990210953097
0.010290271136708716
