0.0
0.0
0.0
0.0
0.0
0.0
0.0
0.0
0.0
0.0
0.0
0.0
0.0
0.0
0.0
0.0
0.0
0.0
0.0
0.0
0.0
0.0
0.0
0.0
0.0
0.0
0.0
0.0
0.0
0.0
0.0
0.0
0.0
0.0
0.0
0.0
0.0
0.0
0.0
0.0
0.0
0.0
0.0
0.0
0.0
0.0
0.0
0.0
0.0
0.0
0.0
0.0
0.0
0.0
0.0
0.0
0.0
0.0
0.0
0.0
0.0
0.0
0.0
0.0
0.0
0.0
0.0
0.0
0.0
0.0
0.0
0.0
0.0
0.0
0.0
0.0
0.0
0.0
0.0
0.0
0.0
0.0
0.0
0.0
0.0
0.0
0.0
0.0
0.0
0.0
0.0
0.0
0.0
0.0
0.0
0.0
0.0
0.0
0.0
0.0
0.0
0.0
0.0
0.0
0.0
0.0
0.0
0.0
0.0
0.0
0.0
0.0
0.0
0.0
0.0
0.0
0.0
0.0
0.0
0.0
0.0
0.0
0.0
0.0
0.0
0.0
0.0
0.0
0.0
0.0
0.0
0.0
0.0
0.0
0.0
0.0
0.0
0.0
0.0
0.0
0.0
0.0
0.0
0.0
0.0
0.0
0.0
0.0
0.0
0.0
0.0
0.0
0.0
0.0
0.000224081266806095
0.00022289917527305148
0.00022153300841825432
0.00022034520749173705
0.00021897810218978101
0.00021791239921551536
0.00021674734484502565
0.00021559468199784405
0.0002144082332761578
0.00021331058020477816
0.00021222410865874363
0.000211118930330753
0.00021002520302436292
0.00020889910173386254
0.0002077418461325393
0.00020676821283341373
0.00020569077819677752
0.00020479213598197828
0.0002037905033625433
0.00020273009866198134
0.00020173492031470649
0.00020081665439453778
0.0001998534408100726
0.00019889942319167275
0.00019792834993732268
0.0001970184540618638
0.00019603999215840032
0.00019517272786415978
0.00019418732604052042
0.00019333634078752337
0.0001923693491503687
0.00019154641808198186
0.00019068200597470284
0.00018977732793522267
0.00018882175226586103
0.00018793459875963165
0.00018713742124633524
0.0001863238308179616
0.0001855402313068217
0.00018476319517152183
0.00018400392541707556
0.00018317254854072538
0.00018240408585152307
0.00018177411536597187
0.00018101731732335727
0.0001802451333813987
0.0001795869500149656
0.00017891221374045802
0.00017817901051256162
0.00017742030871133717
0.0001767513109055559
0.00017615971814445098
0.00017551044287135084
0.0001747538882740141
0.00017413512885999536
0.00017359101955792154
0.00017292062943109114
0.0001722158438576349
0.0003048838583052269
0.00030382438950286736
0.0003025833049661485
0.0003014374799826674
0.00030021578009194113
0.0002990710106730967
0.0002979349384578143
0.00029693966557170167
0.0002959181786236106
0.0002948384837930971
0.00029365341555628974
0.00029241369227114063
0.00029137529137529143
0.00029043910762584186
0.00028946178199909544
0.000288413007426635
0.00028737180523375904
0.00028639959904056136
0.00028543394880028544
0.00028450513887407094
0.0002835672763363108
0.00028247091432304083
0.00028144239226033426
0.00028055409433631423
0.00027958342070315235
0.00027873593254590433
0.00027771991946122336
0.0002766538714251133
0.00027588109524794816
0.0002748857506099028
0.0002740242168901677
0.0002732100472994895
0.000272345061192531
0.0002714993551890315
0.000270549045469149
0.0002696326255476913
0.0002687088539567379
0.000267885545900514
0.0002670940170940171
0.0002662938552692897
0.0002654191964433828
0.00026466842009494984
0.0004123575304732214
0.00041103548058268386
0.00040976217403419047
0.0004082965866405356
0.0004070799342158826
0.0004058309795136521
0.0004045896651615931
0.00040333639868996333
0.00040228497867889605
0.0004011231448054552
0.00039996800255979515
0.0003989149513323759
0.00039788642729819197
0.00039665540165325963
0.0003956760521026225
0.0004653510639976022
0.0004640991756340066
0.0004626144774808681
0.00046148551404793186
0.0004599314000623635
0.00045834498617196474
0.000457066716246785
0.0004558378144508313
0.00045463652195354995
0.0005303204980401199
0.0005289058547578531
0.0005271843770055927
0.0005256421976414663
0.0005242762708000912
0.0005229649840836744
0.0005215182984898644
0.0005200795947901592
0.0005187891911399828
0.0005175517551755176
0.0005161811571434984
0.0005149100026864869
0.0005135304099312315
0.0005122038125779441
0.0005109067484117464
0.0005094582022770566
0.0005082872928176796
0.0005071888506659611
0.0005058502683205771
0.0005046072838964458
0.0005031941892010151
0.0005019422984592554
0.0005007620291748313
0.0004995438947048347
0.0004983100788629864
0.0004970823427706937
0.0004959889588544811
0.000494900374402892
0.0004934139957952547
0.000620772326397808
0.0006191818259458536
0.0006175994548087571
0.0006161298546783377
0.0006146672318779144
0.0006131596752368065
0.0006114789356049424
0.000581966063665685
0.0005804520532617208
0.0005792610583029744
0.0005777610714335435
0.0005762448276819684
0.0005747126436781609
0.0005737353628357734
0.0005724532726394924
0.0005712712506022437
0.0005698357774482341
0.0005684308568923953
0.0006902018669618818
0.0006884798909338787
0.0006868225277789112
0.0006852846984747328
0.0006837815148807107
0.0006822849113705146
0.0006808499164105054
0.0006792016354637402
0.0006777522781871134
0.0006763362663559538
0.0006748720415881544
0.0006732256172345759
0.0006717480080343723
0.0006702501824938617
0.0006686793252297345
0.0006672215836273072
0.0006657175248490602
0.0007564396032309839
0.0007549498450711622
0.0007531698627266059
0.0008172177983498739
0.0008156181080269873
0.0009053369286281868
0.0009034304358564393
0.0009016723102271698
0.0008998511037741958
0.001014447804398956
0.0010120544059820796
0.0010099060851666026
0.0010079221396196861
0.0010061393727329824
0.0010041316499737776
0.0010020167981414825
0.0009998726276907403
0.0009980420576194474
0.0009959148461089545
0.000993985438429883
0.0009917250963299856
0.0009896621280887545
0.0009880925408453543
0.0009857474728448548
0.0009771864546923741
0.0009752438109527382
0.0009733453129679545
0.0009717809755185946
0.0009700044769437397
0.0009684508511193057
0.000966506821307758
0.000964785335262904
0.000962784669505647
0.0009607922840988877
0.0009588434872400059
0.0009571491680164924
0.0009555661729574773
0.0010640249495505413
0.0010618043350908025
0.001136488214873013
0.001134539617685685
0.0011265690630538764
0.001124276126093383
0.0011223181675253369
0.0011200830406392199
0.0010939627233406827
0.001092107478771259
0.001174013252664938
0.0011477727457887045
0.001145878187646524
0.0012452244508118432
0.0012430428927264708
0.0012407803949559839
0.001239409171390206
0.0012371158476556477
0.0012348309950867224
0.0012322487653883415
0.0012301559219682495
0.0012281569403231123
0.001300044666995792
0.0012977108193412885
0.0012954308537428112
0.0012935672514619884
0.0012912565817893126
0.001289089362098908
0.0012870192587420726
0.0012850901654582636
0.0012833008447043536
0.001281293805535282
0.001279381824912086
0.0013811420982735724
0.0013785154449054864
0.0013763262675780801
0.0013740493095287332
0.0013716382820115833
0.0013698943944287906
0.0014148137981517064
0.0014123422960552606
0.0014104581423456707
0.0014082422586520948
0.0014057457157143508
0.001403258008893729
0.0013786931303244518
0.0013766345414234651
0.0013746286695356534
0.0013726286345897905
0.001370078917446272
0.0013680459537539766
0.001365835044835752
0.0013637229524545893
0.0013617545037484615
0.0013376693040096552
0.0013357436979009741
0.0013339574069740228
0.001331909069666522
0.0013300886725781719
0.001361699294180317
0.0013592103951347578
0.0013570006635700066
0.0013324943145437281
0.0013304673721340385
0.001328490451818832
0.0014255723722535478
0.0014235539457798268
0.0014159679982464794
0.0014140153878145145
0.0014118829841873479
0.0014098493032594583
0.0014080516140282048
0.0014060289476548048
0.0014041494136698075
0.0014018640886255874
0.001470381085503148
0.0014679474697648258
0.0014656168659343985
0.0014636250876341479
0.0014616387156536448
0.001459233929070693
0.001457635129328865
0.0014558523763544687
0.0014323209598800153
0.0014303901744926236
0.0014287851585876724
0.0014267725274256203
0.0014247200110823399
0.0014225371593943846
0.0015085359764583403
0.001506231768761602
0.001503791248358538
0.0015014538725878935
0.0014996462102250527
0.0014978428952670277
0.0014957129916366473
0.0014887058254163645
0.0014869224383426336
0.0014848627944802984
0.001483181870591072
0.0015752894136364592
0.001573313261828598
0.001570850033400134
0.0015686887638107154
0.001566435604404755
0.001564335235481826
0.001562289142869007
0.001560102832027201
0.001557971014492754
0.001555941525546389
0.0015539173171436834
0.0015518983687021802
0.00154974102334394
0.001547589667653834
0.0015454918874512223
0.0015433048257757545
0.0015410292641969245
0.0015390908626067396
0.0015885664082053797
0.0015866699318395168
0.0017431725740848344
0.0017409364405485477
0.0017390243158312232
0.0017364813404417364
0.0017324975148601221
0.0017301283414876269
0.0017995587133863688
0.0017975392516656054
0.0017949805156783172
0.0017906836055656386
0.0017879794623980674
0.0017856604228878234
0.001783723522853958
0.0017793558611420377
0.0018619791666666667
0.001859632274973491
0.001926995924238792
0.0019249767984911537
0.0019225019434312028
0.0019001831501831504
0.0018976331772681638
0.0018943794120275224
0.001871567636154563
0.001868844345459045
0.0018668486053019292
0.001864470383756987
0.001862814744652301
0.00186072181814598
0.001838673163049363
0.0018363956311872674
0.001834177762067476
0.0019184370034720183
0.0019117330040958707
0.001951286341974185
0.0019485976741913417
0.002013042799125274
0.0020103932063919197
0.002115227299287134
0.0021128815735714707
0.0021102334664373787
0.002163809080235594
0.002161732488028074
0.0021597226257578407
0.00215765386587714
0.002155026623759411
0.002153216306509859
0.002150911002440272
0.0021485485254020107
0.0021457575582626105
0.0021434681892019193
0.002141430437120689
0.0021393349834033662
0.0021372436266053293
0.002134727128265511
0.002130487583311819
0.002128411620286782
0.0021256702348922863
0.0021232393695084536
0.0021213592695211716
0.0021189382483570627
0.002117065754465983
0.002114895394312185
0.002112609281068063
0.0021099084254287536
0.002174098146623904
0.002170749225069933
0.002168167487870722
0.0021611835591638143
0.0021586189359477865
0.0021562429442312037
0.002153872177271574
0.0021518702118071206
0.002149811469413023
0.0021693091944975456
0.0021675421102403496
0.0022301391382405747
0.002227701964300726
0.0022206671331933756
0.0022178734507501633
0.00228080954774805
0.0022788365841634813
0.002276867030965392
0.002255513477389174
0.002253254701235118
0.0022835275211991737
0.002362441061280401
0.002360147365556669
0.0023579234648159067
0.0023557037511684905
0.0023536835338318126
0.002332852997493041
0.0023306630695018
0.002327087652364924
0.0023844960507768504
0.002381870098405531
0.002380035370406759
0.002377484561661098
0.0023752000251011885
0.0023709612749957224
0.0023684279191128503
0.0023662885349579567
0.0023638944229592298
0.0024250465004357377
0.002418050200951939
0.0024156771723764605
0.002394631171825062
0.0023559538057416414
0.0023839520986260114
0.0024222117712535216
0.002419781348594908
0.0024174867848668984
0.0024151311976786994
0.0024127801965669036
0.0024044552966823516
0.0024018596037056078
0.002457949729304345
0.0024556984957825423
0.0024537155351108835
0.0024514061247328245
0.0024939444460682463
0.0024918021696804606
0.0025102259056932505
0.0025078045307942672
0.0025241935135928064
0.0025528959848217453
0.0025500998974311998
0.0025481938914216945
0.0025462907324737137
0.002544119171697658
0.002557723981160357
0.0025551387035626953
0.0025535085876934403
0.002551270571561658
0.0026336254539136923
0.002626761761785096
0.00262446521553688
0.002642396734352582
0.0026405310071491786
0.002638228096761845
0.002691451669534584
0.002688682759378372
0.0026862734819406665
0.0027274674545678455
0.00272488469347769
0.002722020689805853
0.0027194482291219213
0.0027170944078041587
0.0027061511140448148
0.002703741930261266
0.0026836156162060565
0.002676665309289569
0.0026744288141750134
0.0026726841511696543
0.002670384678414711
0.0026676722157904587
0.002742724753863044
0.0027405851204478186
0.002737950832409563
0.002718230714181604
0.0027166089422898743
0.0027316349953849287
0.0027536847282004207
0.0027907258515224944
0.0027888491510041804
0.0028067911135449685
0.002804037012728621
0.0028020111312589678
0.002799988175023626
0.0028168631245078617
0.00281468743660757
0.0028132388442210603
0.0028114301991790007
0.0028858625528375734
0.0029266593167679342
0.0029231761619262233
0.002920703402618757
0.0029180853465031074
0.0029153227858547282
0.0029346175856019858
0.0029325930391418268
0.0029134000690963333
0.0029114673174685394
0.0029051392258939404
0.002908897560078118
0.002906898470429317
0.002887063860440927
0.0028670772782366624
0.0028644571482131427
0.0028455111177517986
0.0029178490482959516
0.002915557930755496
0.002955602363332245
0.0029533598162040935
0.002951419026232621
0.002949480785352571
0.002946801266128994
0.0029450918984336356
0.002983877503810972
0.0030404563078129565
0.003034272687240951
0.0030743583018425173
0.0030682374144898627
0.003066002606376835
0.003101651408671812
0.003099084460372515
0.003118341323630204
0.003174600116212718
0.003168203393479354
0.0031642377965539524
0.003161312120004673
0.00325058417252394
0.00324831296533647
0.0032803832998303042
0.0032777543654421855
0.003271155941657172
0.0032686329063717576
0.003291875404677551
0.003325039190552831
0.0033213221881692708
0.00331893251061613
0.0033165462693168146
0.003313994460292407
0.0032948621811650417
0.0032933943912511437
0.003342554247598757
0.0033728197742825122
0.0033681765389082445
0.003364446683885303
0.003361793269371826
0.003359723199624676
0.0034085089677559207
0.0034059943908708186
0.0033867685996730916
0.0033839416502122396
0.00338078769807204
0.0034082301270222525
0.0034637231261352357
0.003461009872113637
0.0034586392594171626
0.0034390499931337684
0.003487086093870472
0.003541994279345087
0.0035395752974230485
0.003645573969538575
0.003643531183364541
0.0036612468481001647
0.0036580207728578494
0.0037122730709948913
0.0037092061949308935
0.003706324348760068
0.003699762569106254
0.003725177126879068
0.003718882396920776
0.003713044842077099
0.003710887976063694
0.003707747034389678
0.0037165917548692656
0.0037140671991535406
0.003763845018551979
0.0037854248221866893
0.0037832059053129444
0.003780380644946663
0.0037782872093316544
0.003775923507035152
0.0038226816891993197
0.003820477620477619
0.0038698335722631093
0.0038676979537646075
0.0038658428092919767
0.003847800775671134
0.0038846777933246477
0.003882167290430376
0.0038788249964579863
0.003932181366607491
0.003929739426283803
0.003927113034018952
0.004086677018415619
0.00407978067851291
0.004077253354940888
0.004074632138678604
0.004072692668861536
0.004069399804057453
0.004062518433242002
0.004059334565754483
0.00405169804590322
0.004048239408157446
0.00404526586485224
0.004078005364530674
0.004075207055042922
0.0041039401738799585
0.004102194187845549
0.004099805955125557
0.004097289252142833
0.0041484544925830345
0.0041654644690494215
0.00416232353726636
0.004158400913942892
0.004155954047304896
0.004152142679956805
0.004149800695836501
0.004147169119661862
0.004144191066093831
0.0041421493052926864
0.004140303730713024
0.004183872100481898
0.004215586862556116
0.004247740343386757
0.004293908251180677
0.004362466990725562
0.004359102541668703
0.0043417972244263765
0.004338985016153971
0.004316303895983887
0.004313687283302417
0.004338967105440105
0.004336743549038529
0.0043343815441844145
0.004386360566752998
0.004384116069091264
0.004393293185980515
0.004385952327600185
0.004486695295774931
0.004526592159090501
0.004605498854224901
0.004672370957346005
0.00467020581788477
0.004721861341143069
0.004719020006323829
0.004715636726872499
0.004735033874551779
0.0047620013061410406
0.004797185831932041
0.004794197000072567
0.004843748896594857
0.0048377863295655165
0.004934971723727306
0.004928181458045495
0.005027901959430837
0.0050254736916154645
0.005022124222813165
0.005031825435004167
0.005046307112267685
0.005067782539250552
0.0051032046100865525
0.0051006319588165734
0.0050971817179172735
0.005093681947896046
0.005090652699042108
0.005087278169274525
0.0050837273146323815
0.0050782954677162095
0.005142621414535044
0.005157877236057234
0.005152837393708843
0.005237056572681096
0.005233716004428064
0.005311935127506293
0.00533773626704816
0.005334336821683043
0.005331668865012276
0.005373349956047412
0.005389098440165024
0.005439729138550749
0.005502422088367848
0.005581038833695178
0.005624819560327165
0.005621763008467185
0.005604384355542618
0.005600961714625208
0.005651182467016988
0.005632623147958742
0.00562204214367038
0.0056048342381459755
0.005610831883368253
0.005591875914148474
0.005645451290664551
0.005643034682397921
0.005640239087842599
0.0056356704484950525
0.005668369759137869
0.00566131004597349
0.005657702227999666
0.0056972770072576655
0.0057414677476480295
0.005790067742459099
0.005787341844091354
0.0057701970649860455
0.005801861723887098
0.005851643347385754
0.005903373465829948
0.0059003353921318795
0.0058969048111534045
0.005897689672746523
0.005894791221438571
0.0059296383827426545
0.005910491526672418
0.006006630434231486
0.006037410107922859
0.006034045448597015
0.006030953272550542
0.006027864264082251
0.006023160500165746
0.0060707042021520335
0.006064298991579512
0.006088472106191411
0.006112014854154842
0.006140168215581504
0.006137171150868538
0.006119528783742047
0.006097406536285001
0.006093742136047516
0.00609010603024576
0.006085997782490648
0.006082227862179384
0.006085229915015421
0.006067409776743891
0.006050938420586228
0.006063991265514022
0.006092898722248016
0.006134404633629876
0.006125806111423368
0.006124051600871285
0.00614427168951612
0.00617004865683776
0.006214324276177849
0.006211950854907229
0.006234732336686135
0.006229656906239621
0.006226920940624987
0.006223231196838022
0.006238781337438132
0.006263907825802086
0.0062610254701621045
0.00628241321746148
0.0062776486604719664
0.006270705499380638
0.006286462916692753
0.006268728621933751
0.0062949858878576384
0.00627749604961978
0.006273299364154972
0.00625437580886026
0.006273184178530702
0.006287935033898327
0.006345493727198287
0.006377667285908816
0.0064011885395562785
0.006465591799593293
0.006524708558807735
0.006598443149727641
0.0065947145675774865
0.006575489808842012
0.006623010762389545
0.006666001374634738
0.006677588459930769
0.006738863432137984
0.006735822502429257
0.006733342073911088
0.006730426260519766
0.006726930616159306
0.006721699902871368
0.006717492438514583
0.00678440622582896
0.0067816222484998875
0.006765178484397944
0.006754481513811865
0.006782485044939067
0.006808320062833871
0.006959384390429411
0.006952647071048284
0.006935151812492845
0.006934534155910872
0.00693125337159591
0.006925203007949684
0.006922376455197841
0.006982966003306708
0.006965960014108198
0.006962224354055156
0.006959387930984911
0.006963823396303108
0.006946006252457463
0.006939433996796995
0.006962175524849275
0.006984362446387653
0.007009831492817726
0.007004810918685592
0.006997509807036398
0.00705918184451504
0.007107339024981386
0.007089473652771029
0.007116717710975446
0.007127239189956192
0.007123288171215391
0.007160364610685526
0.007205873723997967
0.0072700367906744804
0.0072530728162652994
0.00725035207104501
0.007243881586518218
0.007273754082626997
0.007281188922098206
0.0072729027500230935
0.007314935015373634
0.007404990718833824
0.007396902996775601
0.007393117711895087
0.007386298050024174
0.0073799532597404755
0.007376504349442329
0.007421564652398845
0.007445058028503203
0.00743775772707525
0.007462630218910032
0.0074596354574907086
0.007485853880356958
0.007483641748595623
0.007505644059359585
0.007502152662987257
0.007530292474146917
0.007498551327143173
0.007550617354893721
0.007582204621178513
0.007674023747008505
0.007671602308239413
0.007697383156595276
0.0077575355026785475
0.007754271519773099
0.007759530586109333
0.007742923715969804
0.007774820924476765
0.007794638872430153
0.007811851307016246
0.007805409378500671
0.007802301543504307
0.007797060303008118
0.00785057313313078
0.007853455926175687
0.007915237020625321
0.007968001678835301
0.007963109258037396
0.008047378580198255
0.008156628839533622
0.008136683227721531
0.008175381678603653
0.008168647859828002
0.008164714337834509
0.008209969682802845
0.008205157065589889
0.008201230452055008
0.008198326454602708
0.008325162702754019
0.008323366472295856
0.008306029379462383
0.008391673257269808
0.008387247334487306
0.008382631126761292
0.00836599343453186
0.0084438552806842
0.008436889889857796
0.008475755934542101
0.008462220078768989
0.008530181533723301
0.008522163199645076
0.008609787901544992
0.008619158947049257
0.008616660846990075
0.00863557531053129
0.008650085556675189
0.00869440060560272
0.008701780584326847
0.008800069494613021
0.00879262885776492
0.008787554255934821
0.008782405613479137
0.008776176722339768
0.00875779968858097
0.008738029867403551
0.008798116837875852
0.008821123710091337
0.008803624757956945
0.008796390325290024
0.008828145364731104
0.008824632534325551
0.008829912433239044
0.00884374295697168
0.008865896379689459
0.00889397450387926
0.008887147792247349
0.008885708123756714
0.008882425900357831
0.008904535209197763
0.008945722640566145
0.009007754674793539
0.00900590848293955
0.009014141331020497
0.009009268801696366
0.008988634043173441
0.00896944993329158
0.00895250948722608
0.00894858290946241
0.008923005537525465
0.008951687472101975
0.008994700888357033
0.00901254751407039
0.009009215438482595
0.009036864147077347
0.009059858592686862
0.009053504357456861
0.009034314223276593
0.009030746799894032
0.00902297409266426
0.009055823011606502
0.009038751767302757
0.009100797243733078
0.009097835226729422
0.009114822924332414
0.009111858272218467
0.009091245093286075
0.00911568240168128
0.009117273733616964
0.009113757480680017
0.009181992261590432
0.009179198155248277
0.009201452838702917
0.009196976607464873
0.009224389392905503
0.009208455033275522
0.00921466385061482
0.00921037431716752
0.009205857513322127
0.009242282512440848
0.009268085475049455
0.009250940003151954
0.009325779772262666
0.009321583813039014
0.00934476903859528
0.009371287794297491
0.009364710739656534
0.009447746526881613
0.009440766933940822
0.009436391011660323
0.009432006199466733
0.009503352459821736
0.009546497364486702
0.009540213959542564
0.009534652415578647
0.009531105490406344
0.009528614098948453
0.009545744860836482
0.009542006939757177
0.009515456283098026
0.009513162987614962
0.009516895502569832
0.009514221358843195
0.009536643170181247
0.009575125456887887
0.009603260210573651
0.00959835909135497
0.009606260252235498
0.00968100398930588
0.009678290431817936
0.00968628479529641
0.00970286989189317
0.009698540077367339
0.009768179608727508
0.00975565391556831
0.009738431065577743
0.009769201636263337
0.00979365147189782
0.009786804201339965
0.009783013490379229
0.009765808930775178
0.009747821458536579
0.009734644138050752
0.009730292926681827
0.009724533760011965
0.00979564627005433
0.009789664302496283
0.009783306807869948
0.009787409873865829
0.00978352572916562
0.009826354257967882
0.009831920734471812
0.009827683685685882
0.009871117986916792
0.00986719675308482
0.00984903475360182
0.009874179994279468
0.009911054169082835
0.009928946101766626
0.009912489967027475
0.009913428855627134
0.009914315605449735
0.009907135407693592
0.009903980578194372
0.009922483218498486
0.009918749933064092
0.00991549831365432
0.009896671032726808
0.009912063671293967
0.009995479122616936
0.010014593166342031
0.010033680158449916
0.010123513040697096
0.01011782084376006
0.010114624312413795
0.01011225147192397
0.010156367117167057
0.010220949837817444
0.010247718563449137
0.010239911506564687
0.010236519986197271
0.010268818423754716
0.010251261025094747
0.010271110510957297
0.010266628469156687
0.01032306407701409
0.010362296925270627
0.010354444516524883
0.01037347612673373
0.010393627231804137
0.010398140665501385
0.010394421428516064
0.010391527208929108
0.010388016012230728
0.010397102453869295
0.010450671406017227
0.010489729504533748
0.0104847562193167
0.010475343948773596
0.010486197691341072
0.010507404283089498
0.010520434170947291
0.010550186860321512
0.010538172468546532
0.010535078647729037
0.010540445011300288
0.010533684965927529
0.010531251970295205
0.010515332219928534
0.010507334775839865
0.010500856895596596
0.010544019605401463
0.010551525110858773
0.010637164868362803
0.010679645835330705
0.010697079980152338
0.010710418794397294
0.010699435273771938
0.010736609350600931
0.010732753212078968
0.010724510433693397
0.01071843126977206
0.010714624778585712
0.01070671923698152
0.010712538777433235
0.010739141750398994
0.010752219452661022
0.010748664723451259
0.010741872197167863
0.010724217250656257
0.01072015128037466
0.010730344478693771
0.010756758471389462
0.010755088005160769
0.010751957278980342
0.010767353315080427
0.01080084487908017
0.010784831402196122
0.010812796806661753
0.010833359966004104
0.01083094375268766
0.010837362104818355
0.010854049583474423
0.0108763412294048
0.010887218485343061
0.010892430330666796
0.01087742595911327
0.010874060093459764
0.010870275983615736
0.010850838861882955
0.010861203370477095
0.010858910215476355
0.010823582527210758
0.010805387107877673
0.010802258738709209
0.010866840321891816
0.010856270456947465
0.010863093238139013
0.010851822658582986
0.010865163822197084
0.010878315620990283
0.010871438931980485
0.01088255657877676
0.010895677987883037
0.010944037532702486
0.010934043844465021
0.010931519778402394
0.010941636053018188
0.010922020950909671
0.010948761169639904
0.010958813285596182
0.010956287000716207
0.01101181437823258
0.011018665741666324
0.011013351246252584
0.011024528178815583
0.01102077872903316
0.01101739149790019
0.011001644478657695
0.010996916574379236
0.011019507820825612
0.011001435404952395
0.010998587348713274
0.010979680539900264
0.010982656691425674
0.011011246254579986
0.011045071928943696
0.011042528242288633
0.011040205144565201
0.011038139613099442
0.01103602935259643
0.011016090833468929
0.011013413283111843
0.01100324780112103
0.011001146139808621
0.011012844866549808
0.011010380609171637
0.011006282195325385
0.011000000420216306
0.01099986596466057
0.011011971486044004
0.010996096415450574
