0.10413832199546484
0.20794281300736117
0.21467291898139826
0.14907715572373365
0.14593607941524206
0.13631432728574558
0.12244146764072725
0.11594136895733415
0.09582651180062358
0.08502334596732833
0.07896814625408932
0.07235705835414635
0.07082294605400298
0.06291912245522173
0.05605950000953232
0.05709093062210401
0.05917839644569766
0.06049560994959586
0.059376494575366014
0.05769445873363744
0.05745474223880074
0.05623760365050097
0.05195142069391431
0.05069282584931159
0.04860716163348094
0.049562388790268745
0.04943444448012323
0.051299147690406
0.047145102098458985
0.04680694134218462
0.045758484818339905
0.04409407766140748
0.04332831571263731
0.04116362138719853
0.0398749197935101
0.04023363502415052
0.03902352840612323
0.03767705316513804
0.03600459860956658
0.034714781869869094
0.03252434087151041
0.03177812241251168
0.031171605516152077
0.028850795041024873
0.029613531132399503
0.028738418043432516
0.028884115441286343
0.027602602188357937
0.02520936718241456
0.025525123866335302
0.027276631522408962
0.02717623452728682
0.027595642972856018
0.026507581688040176
0.026989364487630833
0.027918450861688565
0.026267188008652905
0.025792431733440074
0.02529773074547771
0.025437400463232066
0.02550007114955414
0.024572364937361788
0.024012919275493094
0.023498387714426253
0.024404484315838984
0.023841184514052025
0.0234174435099883
0.0230595520456802
0.023310069048643137
0.023459179343812454
0.023637572961984342
0.02328298206175495
0.023936872128051515
0.02315673306861004
0.022612128660692603
0.022246119570706106
0.021920324113103143
0.02161302985161274
0.02146174880672162
0.021678834019654557
0.021055818738696875
0.02078910917829189
0.020502943903241276
0.02017734866460008
0.019933491123823664
0.02005646558814917
0.020735293584835213
0.020493052222852914
0.02022853087715764
0.020156360789950707
0.019926245955590338
0.020179132757596183
0.019952250396658412
0.01945463263696887
0.01910094327975404
0.018871644610616467
0.018668777860262293
0.01888742511410006
0.019013433600029418
0.018726985537984166
0.018820646658887958
0.018605236440175178
0.018400648041742917
0.01821088021215287
0.018010315893819483
0.017279358326125288
0.01705930739731632
0.01689998691204156
0.016737607973038884
0.016337332484568725
0.016550237331672737
0.01637692621441337
0.01622512448818841
0.016048742058478737
0.016021985860911424
0.015643978154959496
0.015486656617277501
0.01534384986656517
0.015631926453448363
0.01583764874773821
0.015693113063074575
0.015869886569732695
0.015737835442378684
0.015385053574441782
0.015239590948611069
0.01508896094589773
0.014856117579792863
0.014833936785021753
0.015327332071840475
0.01515697856585775
0.015018573301099578
0.014701413497354406
0.014904393244068056
0.014784649453369764
0.014659422277147765
0.014354155022921965
0.014229574864447458
0.01404755322861477
0.013939109257699122
0.013835856424150651
0.013730384254062424
0.013914063160741086
0.013808097621950082
0.013710059196424604
0.013598696624454999
0.013456250052987374
0.013435379891127397
0.013343150656300947
0.01324709856758942
0.013139581257084663
0.013051701431470964
0.012915712927814757
0.012822947640848008
0.012997998307648041
0.012912310248942915
0.012819077411426408
0.012714153146471705
0.01262552121031709
0.012542565907841625
0.012462069100024894
0.012637683056830681
0.01255605392063956
0.012310095053665076
0.012234598289938444
0.011991913221720942
0.011707768882422045
0.012169538750539728
0.012356443420065961
0.012278316659398762
0.01215675330268193
0.01208491633555548
0.011998177455711457
0.012161781181770526
0.012052444695341719
0.011981306270474617
0.011869583809911927
0.011643387812126312
0.011575244404549285
0.01150934620816857
0.011444098014104676
0.01137769208110468
0.011535304134794732
0.011467950108079444
0.01140414464544097
0.011342167591172124
0.011276638203128355
0.011178117329039571
0.011330829840604425
0.011270843676734183
0.011211183636002604
0.01115234548798006
0.01109347305980013
0.011312798624416694
0.01125255730771903
0.010775912669080213
0.010685830119105124
0.011125019682180682
0.010933472428691299
0.010871809943183626
0.010816809948962997
0.010625582671904278
0.010535897499249236
0.010312866328385533
0.010262170825910388
0.010211532862896673
0.01015556974475909
0.010102953786405463
0.01005258990419208
0.009967338961040429
0.009893778308525992
0.009842307723060977
0.009793442187861868
0.009684139436365063
0.009606933624273008
0.009542435312415373
0.00947890328195927
0.009427959431770348
0.009384072049659728
0.00952239680948129
0.009357733798068675
0.009281045903822161
0.009209105036239576
0.009167587004898782
0.009092807988256214
0.0089919420321702
0.008949743535748301
0.008910276308919874
0.008860692882932442
0.008807162188217787
0.008768786420615694
0.00871877988738708
0.008680868395011303
0.008528586168754246
0.00849163840931821
0.008421263059123277
0.008373454671185426
0.00833538934449344
0.008186301411360725
0.008207159034331545
0.008315979129022023
0.008281121544704156
0.008245966759612164
0.008210724944654442
0.008039608360068297
0.008146061584380743
0.008112278942428091
0.008079261845005386
0.008045204280383194
0.00801243181523641
0.007942854775142826
0.00790652568678668
0.007874834723533602
0.008001548811826206
0.007969717689356948
0.00793221515463757
0.007901115831163768
0.00786950988907823
0.007801114531417826
0.007760634786882282
0.0077265362682423224
0.007694938885620125
0.007665481202596282
0.0076322708279261
0.007603293608746695
0.007573429685572666
0.007847513080833217
0.007714561663856737
0.007678881047328324
0.007642448064890993
0.0077521298413148676
0.007713204824771136
0.0076794768621638405
0.007640835484687651
0.007607453464979339
0.0075739843737293875
0.007536881027601127
0.007485140404781236
0.007597636171707246
0.007570009752764417
0.007446519527032794
0.007420024664237782
0.007393652758888325
0.00736652141568041
0.007292566085274409
0.007408391930366917
0.00738216527492575
0.00734490359363937
0.00731834162498098
0.007292853381176623
0.007175156241682111
0.007144341857593689
0.007119216351085261
0.007091809144753069
0.007065806862125963
0.007040432340367573
0.00703566201883575
0.007007152476265211
0.006804620908544622
0.006915393890230673
0.006802495159495212
0.006779826010542962
0.006734575676141134
0.006710545872161996
0.006687842746656002
0.006665518004131786
0.006643016452600943
0.00661927185499337
0.006729990067694073
0.006686324801583276
0.006664599954054246
0.006621747586632417
0.00651295882251924
0.006661956767550541
0.006637706638510079
0.0066155834916359945
0.006499171809128952
0.0064684018111445425
0.0064480572580719216
0.006427828771339459
0.006240959382820048
0.0062213575631782005
0.006201286930333005
0.006161081278661342
0.006120234794787306
0.0061013902343178454
0.006082535183165089
0.0060628303146686244
0.006041841734412761
0.006147044177876901
0.006127461891146812
0.0061087098923632765
0.006090241295602627
0.006071688437260882
0.006049314951337924
0.006158407633353929
0.006140037218936442
0.006121581009110421
0.006099123923823324
0.006001272246145278
0.005983520435310033
0.0059630041045080975
0.005945518605058199
0.005927309370905294
0.005909686019336904
0.005892511367162465
0.0058753104395511254
0.005858314842373524
0.005840785575749958
0.005821926345515538
0.005728619911101542
0.0058272641467258445
0.0058463623320488016
0.005829603732557351
0.005812725361424777
0.005794933034421451
0.005778632578332292
0.005762336289315809
0.005858207456803588
0.0058230101351585154
0.005806769789738501
0.005790548306087202
0.0057546421587549666
0.00573740901084955
0.005706785173447737
0.005689064556136815
0.00566974908686857
0.005654258306020956
0.005693145321310231
0.0057874125123693766
0.0058717120458234955
0.0058544927545703005
0.005837767374383593
0.005822115331462402
0.005913219963395296
0.005897449982575293
0.005881752027281635
0.00586590088479573
0.005848133610284236
0.005832356954295594
0.005924735272972786
0.005908281682898254
0.005891640937631241
0.005875599432042606
0.005860120269238199
0.005844839800146921
0.005829667331166757
0.005807550809425294
0.0057925362209219
0.005775579598208049
0.005760709218297028
0.005745769830450141
0.005713620033256321
0.005698459355552386
0.0056839729825332586
0.005668739400334763
0.005654262198260157
0.0056230285552208974
0.005607614869014505
0.005693773184370935
0.00567941629116345
0.005656332030984616
0.005642200832444684
0.005627591213008374
0.005544416733793294
0.0055234591348797225
0.005509226671645576
0.005495604700106752
0.005482034337531124
0.005468511952317074
0.005448054914616102
0.0054167688261048865
0.005403609079985409
0.00539036493329034
0.005377204687809459
0.005362629887730496
0.0053336267104242985
0.005320321071773189
0.005305575552250527
0.005292754119527256
0.005359362818605243
0.005345479928918317
0.0054270856316074294
0.005407522590906212
0.005376964695984023
0.005364239633667896
0.005351558684390675
0.005433694293376486
0.005414580515987029
0.005401934066804972
0.0053892116637913184
0.0053766564569068375
0.00539329304302155
0.005380627169347515
0.005367323833776848
0.005354953612519036
0.00534148307651491
0.005329142289939978
0.005316715426791274
0.0053044426690318
0.005292146929043455
0.005370850358098695
0.005358601812043991
0.005339972409650088
0.005327938907091968
0.0053151873824661055
0.0052874031472216745
0.005273490315527219
0.0052615708794527
0.005233539829823489
0.005221876526861528
0.005308346654315316
0.005177646907830322
0.00516600701762889
0.005138660201972578
0.005127140782144225
0.005115685811922215
0.005103902263400252
0.005092749370686995
0.0050807622483810795
0.005068605862521651
0.005042947473069634
0.0050310497509027064
0.005019938717030925
0.004994387351719581
0.004983625837015783
0.004971911301554339
0.0049547150022358774
0.0049431008050299504
0.004932515342909984
0.00492096918772274
0.00488151663823455
0.00495311322311029
0.004942406788056912
0.005015858686204735
0.005004924446070825
0.0049383210017165695
0.004926789846366626
0.004916331095896553
0.0049898206147280435
0.004979420688550665
0.004969032183394429
0.0049584802793590285
0.004945009733953693
0.004934743305861497
0.004923997722329677
0.004913829111510373
0.004903639015082734
0.004893578917599952
0.004883523161418173
0.0048715015680214965
0.004807265414467299
0.00474324102642348
0.004733502298071793
0.004723863135654291
0.004714101992950969
0.004704524071463661
0.0046949701644640055
0.004765456795679602
0.004755861887212226
0.004732944269850807
0.004669839213754621
0.004607328488826992
0.004598091224675396
0.00458845362720386
0.004579322813089112
0.004567620093260691
0.004491963372367356
0.004482955429788794
0.004455765937414058
0.004446585488148129
0.004432654039280411
0.004371899785236772
0.004298224681578441
0.004363388140349622
0.004248699574886919
0.0042404656212778466
0.004232197095668934
0.004211108028636631
0.004202001538306993
0.004265738512392788
0.0043346887855642315
0.004275164332430163
0.004265745928870107
0.004257537394265208
0.004249119189270855
0.004240877847021659
0.004232785486292127
0.004224719757902903
0.004216733023656916
0.004284099263050544
0.004275969936335021
0.0042678058065190256
0.0042472854243612215
0.004239134643841632
0.004231180376455817
0.004223285623359893
0.004215376328452567
0.004202220122299328
0.004181869938785687
0.004172319029785946
0.004164547372724275
0.0041566221213662135
0.0041473511320870935
0.004139111504270186
0.004129018608137146
0.004120247077351859
0.004112637985779907
0.004104947349459558
0.004085261492525421
0.004077701841561322
0.004069818568154611
0.004062274246708297
0.004052395926483864
0.004044984776326604
0.004037624463112359
0.004028732285961092
0.004021424303162405
0.004009413908694899
0.003951085268655873
0.003944027154286122
0.003936934145618778
0.003918043645140087
0.0039109798836914665
0.0039039984203901577
0.003896950699482314
0.0038880862172188794
0.003881228818678785
0.00387429493085327
0.0038672817267229624
0.00386048061347888
0.0038536233035997946
0.003846588205559281
0.003839713854116652
0.00383292588655554
0.0038262185214105204
0.0038192959972641978
0.003812674691083866
0.003796470853776635
0.003789746888015258
0.003782360376477789
0.0037758476111442577
0.0037647775705667314
0.0037581470023959965
0.003751490937274972
0.0037328589429675967
0.0037260895325398856
0.003708237614868734
0.003701397089753366
0.0037730256320811593
0.003720819951172418
0.003713806036738881
0.0037026672343534856
0.0036964224807866284
0.0036900876773176983
0.00367939707165409
0.003673193959748641
0.0037344966691295663
0.0037282106479391126
0.003721941041286839
0.0037157302499891288
0.003708451651657304
0.0037022710704771177
0.003696128391351978
0.003678816967681261
0.003668253757832563
0.003661414251604944
0.003611441937835026
0.003603848314036782
0.00359791796603034
0.003591941649743945
0.0035859827243541827
0.0035735140213144397
0.003567579853628605
0.003561713412816521
0.003545050178073187
0.00353709379936632
0.003520538460486553
0.0035148413125606114
0.0035091562093677135
0.0035032083668732374
0.0034969451523470516
0.0034913207383509316
0.003485715776458697
0.0034799290192184503
0.003538202761483926
0.003532549478859464
0.003526897487377723
0.0035212455474794586
0.003514933450683919
0.0035090386751429107
0.0035034758001230093
0.003497624830929136
0.0034918969538294516
0.0034863843284342567
0.003480854201748767
0.0034753660067849182
0.0034655769049486257
0.0034601320660920983
0.003454597642062243
0.0034490962427733115
0.00344251632640264
0.0034369418959568085
0.0034313553983037594
0.003421816760618235
0.003416491662525343
0.003411112440477797
0.0034056770775050325
0.003400375299194736
0.0033948773067955036
0.0033896491172120003
0.0033844066445014474
0.003378678210637682
0.0033733936298483386
0.0033681885660117815
0.0033625134369272684
0.0033572931388709715
0.003311306448948632
0.0033062436855848614
0.003297068169423086
0.0032920411658874595
0.0032869947202343055
0.0032819585950221333
0.0032756006670865757
0.0032706541529510624
0.0032657111398724133
0.0032607474345579426
0.0032558562229505392
0.003246903652318737
0.0032308319607935398
0.003223796843158457
0.0032165675154457304
0.0032117625400415
0.0032069790275458167
0.003199491467500864
0.0031946098642965095
0.00318944770675752
0.003184634783585306
0.0031798636027392854
0.0031751787319903605
0.0032292835596128967
0.003224482674937625
0.0032197549353383606
0.003215024815468719
0.003210311034990149
0.003205612792809242
0.003200877435268436
0.003196099409060284
0.003189484274232297
0.0031843823345576176
0.0032551618368438892
0.0032503877753927114
0.003245449485854622
0.003240753730040928
0.0032357561669828466
0.0032307780189564815
0.0032258172368321274
0.0032207272347650716
0.003216060429241992
0.003211457142769571
0.0032068688734454395
0.0032022898860893973
0.00319765912171926
0.003193055779400085
0.003188296773314936
0.003145642085271697
0.00313552107628303
0.0030933728803463623
0.0030795581504373983
0.003075111152350863
0.003065861182004309
0.003052124712477318
0.003047837056496196
0.003043553134273687
0.0030392234510667943
0.003034963718591719
0.0030305854295977824
0.0030262490085828445
0.0030220345599602677
0.0030169286751442967
0.0030349064517405573
0.003030652887903752
0.003026401854457051
0.003022158905254091
0.003073723646199896
0.0030687817631167478
0.003064410579120475
0.0030598554698416797
0.0030556521421096733
0.0030510470655276843
0.0030468121731091567
0.003042632289362504
0.0030384724635790393
0.0030342984979036063
0.0030299429533436925
0.003023130625793372
0.0030190173993628827
0.003014907810022534
0.0030615653334429764
0.0030574225174226735
0.0030532362492035276
0.0030491147137274572
0.0030988715490154663
0.0030945445177753958
0.0030903779821079163
0.003085176110613031
0.003080970117102954
0.0030750616908120816
0.003070888231078075
0.0030666086593971946
0.003062458976281071
0.003058302590935617
0.003053986190752342
0.0030481346155947792
0.003044069150740525
0.003039221083962404
0.003035159332107126
0.003030143455163861
0.0030261033040489306
0.0031278889916181054
0.003123750315869692
0.003119642332616691
0.003115421719496549
0.0030761954012693063
0.0030704035606730923
0.0030663709228949455
0.003062279699873656
0.003058279317055725
0.003050814748126215
0.0030388937338251105
0.003033123114163795
0.0031395176995550073
0.003135394475348521
0.0031312393806964905
0.0031271870755026046
0.0031747382172214863
0.0031706048551862808
0.0031665123201290203
0.0031624314667531572
0.003154825129621066
0.0031506541604276327
0.0031464020524190873
0.003142359380739237
0.0031380096410835523
0.0031339881422773777
0.0030960161471733547
0.0030919666531551973
0.0030785920846892923
0.0030746816785957452
0.0030707811642615625
0.0030668316081153718
0.0030593056601240453
0.0030554430067548347
0.003051587742971068
0.0030476937239154894
0.0030437497047729545
0.003039877324884876
0.003036049891978829
0.0030322447411241862
0.0030267684916909722
0.0030404093697559815
0.0030356305050299186
0.0030308296762239996
0.003027053236400477
0.0030232779659001502
0.003019444120195499
0.0030147154442517906
0.003010944681394533
0.003006880351056865
0.003003079077856975
0.002997554961777342
0.0029938459831136822
0.0029900089404590498
0.0029863001881051273
0.003032050418738562
0.0030282116570513346
0.003024435126093358
0.0030207283480282706
0.0030169348036127182
0.0030132514913025535
0.003008645309059101
0.0030045549507228095
0.002991632433248761
0.0030382575258825818
0.003082948201275984
0.00307436162021854
0.0030706252680311997
0.003062755478028943
0.0030590500307443097
0.0030552458614290724
0.003051525396585748
0.003047777811313886
0.0030440427111122796
0.003032379594148793
0.003028743179650579
0.0029925548521307186
0.0029888136154381933
0.0029836449165592835
0.0029800795910147693
0.002976300064635802
0.0029725656339783958
0.0029687966826480203
0.002965140800711391
0.0029616168974493126
0.002958057142398943
0.002954512920986813
0.002917927000105428
0.002914475905197501
0.0028795890682685277
0.0028759127051380994
0.002872487839905483
0.002869081562730409
0.0028657096358244206
0.002862344742421174
0.0028581014867845823
0.0028547586621910227
0.0028514206662482106
0.0028402780127312704
0.002836965781920758
0.0028846914809027785
0.0028811318323191623
0.002877632296524511
0.0028742736260535147
0.002866971107260609
0.0028636515513794907
0.00285980915459135
0.0028564796910509494
0.0028221129251951725
0.002818685448737912
0.002815440534313924
0.002808970208628001
0.0028056736221037043
0.0028024358939696555
0.0027976848118685367
0.002793572115614393
0.0027903478596853245
0.002787132786459646
0.002783844993826725
0.0027806370195110224
0.002777441286394895
0.002774149899481951
0.0027709788687421922
0.0027669704620850804
0.0027632521389913674
0.0027601133077580905
0.0027569251925506585
0.0027462650320697088
0.002743020245923103
0.002732354441308885
0.002728744180935743
0.002695715994979595
0.0026926864904624225
0.002689600687078952
0.002686584060567806
0.002680584128885067
0.002676733229134464
0.0026736783029009145
0.002670678301120417
0.002667663984328958
0.0027020402009740856
0.0026989958346431107
0.0027477814966295616
0.0027447352070980617
0.00274115889571169
0.0027375609881066863
0.00273453160287172
0.002731501347710927
0.0027284898101881563
0.0027254798702257364
0.0027222123724870055
0.0027192198643596114
0.0027161822242852177
0.0027132032823581585
0.002710228355316883
0.0027072510256828885
0.0027038917980395853
0.0027009310411814425
0.0026979848059814075
0.0026950366415537715
0.0026920991504925562
0.0026891218606794197
0.0026861997074914662
0.002683278791157809
0.0026803712893428274
0.002677450869337128
0.002674553885292675
0.00267166361348744
0.0026687813801548367
0.002710452323027491
0.002707525105594679
0.0027046072404139673
0.0027016987437071815
0.0026959387160359317
0.002661558879143072
0.00265836696895727
0.002655384170845095
0.20712224283652855
0.11159029649595686
0.10608898898372583
0.0524011141993413
0.03838657794500186
0.03771858672467191
0.036973878818750146
0.034196498959960825
0.04999532882847074
0.043933880443518314
0.04353276007378962
0.03460607310856088
0.0344738922391164
0.034896473370180134
0.03719406185968834
0.03445673871002454
0.03374370263191607
0.03412885213604722
0.0313543520923512
0.03370402285461466
0.03423368955579528
0.03312154107045289
0.03047199876061588
0.03212485684013912
0.034038483587941384
0.03269399807240296
0.03317939004991359
0.033263649133732275
0.03323221168714096
0.03116944281916592
0.028820413941760017
0.027858698184849897
0.028200283931082655
0.02780146202177467
0.026126851311076733
0.024477502051374445
0.022819441421423028
0.022038210656052916
0.021424797981155937
0.02112626757751505
0.020934461312640644
0.020419729762217065
0.019753416598590257
0.019417571744828284
0.01809647021628171
0.01856728108487976
0.018148145065230086
0.017767062978902765
0.017239496979222783
0.016211081410610697
0.018402963245867023
0.01872834530945418
0.018298520508262587
0.017954723568764205
0.017572356491319437
0.018275635439596986
0.01892077633523549
0.019997419129146574
0.019634184424437977
0.019304416642815368
0.018974032264416064
0.018192464416580605
0.01878680424514577
0.019127672884696273
0.01940538064777197
0.019092252550077092
0.01878272379010098
0.017586474499967145
0.01731815061196608
0.017062425441655628
0.016804696793766973
0.016383981193812756
0.017164387442739047
0.016931697908156636
0.017017953811351245
0.016910295145685997
0.017035698282081246
0.017353162529043262
0.01696204067551246
0.017159689437760216
0.0169304067967583
0.016605661442451247
0.017367987498650567
0.0170951220430126
