23395
23395
23395
23394
23394
23394
23394
23394
23394
23393
23393
23392
23392
23392
23392
23392
23392
23392
23390
23389
23389
23387
23387
23387
23386
23385
23385
23385
23385
23385
23385
23385
23385
23384
23383
23382
23381
23381
23380
23379
23377
23377
23376
23374
23373
23372
23371
23369
23368
23367
23365
23363
23362
23358
23358
23356
23354
23352
23350
23349
23347
23345
23343
23342
23337
23334
23334
23334
23332
23327
23327
23327
23326
23324
23320
23318
23318
23318
23313
23311
23308
23307
23306
23305
23304
23301
23298
23297
23294
23292
23289
23289
23288
23286
23284
23281
23276
23271
23267
23261
23260
23254
23251
23250
23247
23241
23235
23234
23229
23224
23223
23217
23214
23209
23207
23201
23193
23189
23181
23178
23173
23169
23167
23162
23155
23148
23145
23140
23138
23135
23129
23124
23117
23115
23111
23104
23099
23092
23085
23080
23075
23074
23068
23061
23056
23051
23046
23040
23035
23031
23023
23016
23013
23008
23001
22998
22997
22993
22987
22980
22973
22962
22958
22947
22942
22936
22932
22924
22919
22915
22910
22904
22890
22885
22881
22870
22865
22860
22852
22847
22841
22830
22826
22813
22803
22797
22789
22787
22779
22773
22759
22756
22751
22747
22741
22736
22726
22716
22707
22697
22692
22684
22676
22670
22659
22653
22646
22635
22626
22616
22607
22593
22582
22576
22561
22556
22550
22543
22535
22529
22522
22514
22511
22504
22499
22486
22480
22468
22461
22454
22444
22431
22420
22411
22407
22401
22395
22390
22381
22376
22371
22362
22354
22349
22342
22334
22321
22311
22306
22300
22286
22277
22263
22255
22249
22242
22238
22224
22207
22199
22184
22175
22166
22159
22149
22141
22127
22119
22107
22094
22087
22077
22055
22048
22038
22030
22009
21995
21991
21982
21975
21960
21941
21934
21923
21904
21896
21878
21868
21859
21850
21829
21818
21798
21790
21781
21770
21758
21748
21740
21725
21713
21701
21692
21669
21659
21636
21619
21603
21591
21577
21565
21560
21536
21521
21509
21496
21483
21471
21455
21441
21426
21413
21399
21379
21353
21335
21316
21297
21286
21270
21260
21236
21221
21204
21193
21169
21153
21127
21114
21084
21067
21058
21041
21030
21013
20996
20980
20964
20944
20928
20912
20881
20862
20844
20823
20810
20797
20776
20761
20743
20713
20696
20677
20652
20622
20605
20592
20571
20562
20533
20514
20500
20478
20467
20448
20432
20411
20389
20364
20343
20325
20307
20286
20258
20239
20212
20191
20170
20160
20145
20124
20099
20078
20060
20039
20021
19997
19975
19961
19936
19909
19887
19862
19840
19822
19808
19783
19764
19733
19715
19697
19677
19657
19637
19616
19591
19565
19542
19514
19483
19455
19427
19386
19356
19334
19310
19279
19249
19226
19201
19171
19144
19118
19090
19063
19040
19017
19001
18981
18960
18936
18905
18887
18843
18807
18774
18735
18706
18684
18666
18636
18618
18591
18552
18515
18482
18458
18423
18384
18345
18312
18285
18258
18222
18204
18170
18140
18101
18072
18046
18018
17986
17953
17929
17898
17867
17850
17814
17788
17770
17734
17710
17686
17622
17600
17584
17552
17530
17494
17452
17414
17382
17355
17326
17298
17263
17239
17205
17167
17128
17100
17057
17034
16979
16955
16931
16897
16865
16825
16781
16734
16702
16672
16629
16582
16544
16509
16470
16429
16392
16360
16328
16275
16236
16206
16166
16134
16101
16073
16039
15995
15955
15919
15878
15839
15781
15746
15683
15646
15614
15581
15546
15513
15457
15425
15382
15354
15292
15253
15212
15174
15131
15090
15052
15005
14963
14923
14865
14826
14802
14748
14719
14686
14647
14589
14549
14510
14446
14400
14345
14276
14229
14191
14131
14104
14057
14022
13962
13924
13869
13847
13795
13738
13692
13658
13622
13562
13520
13479
13414
13382
13323
13262
13206
13161
13121
13075
13030
12980
12937
12871
12791
12734
12681
12645
12612
12576
12511
12470
12423
12376
12310
12251
12202
12156
12111
12069
12015
11951
11905
11859
11801
11763
11706
11672
11611
11551
11482
11388
11346
11315
11275
11215
11173
11118
11053
11016
10955
10902
10829
10790
10733
10697
10633
10565
10529
10481
10409
10357
10272
10203
10123
10086
10045
9990
9941
9904
9855
9811
9761
9719
9672
9606
9570
9497
9422
9344
9305
9261
9199
9144
9104
9048
8963
8893
8827
8793
8752
8692
8648
8604
8524
8475
8417
8379
8305
8265
8202
8094
8039
7946
7908
7848
7774
7695
7646
7581
7512
7439
7358
7277
7210
7149
7049
7003
6938
6874
6746
6690
6603
6544
6504
6421
6346
6307
6264
6216
6180
6107
6072
6001
5922
5820
5742
5710
5673
5637
5522
5466
5407
5350
5297
5261
5207
5139
5087
5033
4951
4925
4832
4798
4740
4704
4546
4487
4427
4383
4298
4201
4154
4127
4055
4033
3989
3954
3857
3804
3766
3729
3707
3638
3601
3568
3519
3473
3368
3328
3291
3208
3106
3076
3039
3015
2902
2845
2743
2697
2675
2608
2594
2559
2488
2467
2396
2338
2178
2059
2037
2002
1967
57
57
57
57
36
35
35
35
35
34
34
34
34
34
33
32
32
28
28
28
28
28
28
28
28
27
27
26
26
26
26
25
25
25
25
25
25
25
25
25
25
25
23
23
23
23
23
23
23
23
23
23
20
20
20
13
13
13
13
13
13
13
13
13
12
12
12
12
12
11
11
11
11
10
10
10
10
10
10
9
9
9
9
9
7
7
7
7
7
7
7
7
7
7
7
7
7
7
7
7
7
7
7
7
7
7
7
7
7
7
7
6
6
6
6
6
6
6
6
6
6
6
6
6
5
5
5
5
5
5
5
5
5
4
4
4
4
4
3
3
3
3
2
2
