0.0020172340881694953
0.0020180610995536997
0.002025545112218871
0.0019857064275916915
0.0019857713492242774
0.0019850184664358715
0.0019878771331247208
0.001988116054169323
0.0019881428873181044
0.0019881443744127476
0.0019882222858171403
0.002014239558002135
0.0019643432936647565
0.001964349704580534
0.0019514036182663853
0.0019514054136946922
0.0019514171456819962
0.0019514685958363451
0.0019514848516872317
0.0019515554805204008
0.001954450213199379
0.0019546462615011684
0.001954873658446608
0.001956312092832384
0.001956488952623875
0.001956770350410185
0.0019567706844012467
0.0019568100203108023
0.0019575540915196454
0.0019575175123319345
0.0019143730164836563
0.0019146380435371576
0.0019155002896125348
0.0019155086096461324
0.0019163244306719175
0.0019161470818948845
0.0019161712061595538
0.001916564649243846
0.0019166227290633984
0.0019166300639713529
0.0019166719700263587
0.0019167739778720284
0.001902570811664333
0.001931313444943229
0.0019313134455596008
0.0019302500573288438
0.0019300011804635553
0.001930062615237441
0.0019075763824133063
0.0019076353700374757
0.0019075412049149305
0.0019040527290861316
0.00190440929435236
0.0019001949195038919
0.0019002004915051878
0.0019002077333833862
0.0019030929061436153
0.001857449205561914
0.001857582575397918
0.0018575829787088503
0.0018591963284990307
0.001860929319764015
0.0018359355301631817
0.0018359993373799784
0.001836010297425134
0.0018194225883136602
0.0017766990241279094
0.0018052103893304347
0.001805245817970195
0.0018049867053640564
0.00180499247556363
0.0018050136491458044
0.0018008695893771268
0.001800908003025717
0.0018011486011525637
0.0018012916942597554
0.0018012937284983591
0.0018021200023916309
0.001802141512051463
0.0018021491030879595
0.001802688965084763
0.0018026939856170667
0.0018027304197453544
0.0017956825967679142
0.001796023574918551
0.0017850802605090116
0.0017851624016675205
0.0017851668147287809
0.001785176329783954
0.0017253549305309313
0.0017257075294620935
0.0017257168415183662
0.001718141348165355
0.0016748006012457224
0.0016748294525696804
0.00167480490745593
0.0016748844392492923
0.0016749321037385263
0.0016782976857199225
0.0016783088750908736
0.0016783691660394368
0.0016783840811195898
0.001670472360632559
0.0016704900835505933
0.001677725302649396
0.0016778495405900835
0.0016778543384397039
0.0016778754237828993
0.0016706565499358718
0.0016710315177455278
0.0016710776297220876
0.0016248625467087225
0.001624866801480706
0.0016537590177919267
0.0016396605302542388
0.0016396613765304903
0.0016425735858656267
0.0016425794517192648
0.0016430222355389675
0.0016292572565067152
0.0016292577770788271
0.0016293888199857276
0.0016293897492661808
0.0016293946319118047
0.0016293993144927148
0.001622222222952434
0.0016228767075137423
0.0016228161121796328
0.001622840183900087
0.001623013651694342
0.0016237269800379206
0.0016237630960670062
0.0016138093813398296
0.0016423274124635063
0.0016419596383271749
0.001642471613925947
0.0016425166730627172
0.0015835012979826075
0.00149566180798278
0.0014956983155506025
0.0014802661443614298
0.0014807814760126894
0.0014807915547903712
0.0014807122444612732
0.0014783575384410034
0.0015068539368567947
0.0015068555704621173
0.0015067490144453782
0.0014781875876862017
0.0014497043007844156
0.00144975932780546
0.001449775806082889
0.0014497946753591485
0.0014467438528686122
0.0014324860659444818
0.0014324946142399916
0.0014296490034343698
0.0014286937106216624
0.0014305271605573706
0.0014306336853105162
0.0014306803277094713
0.001430923340812593
0.0014309300755397409
0.001430986105517939
0.0013880361126844128
0.0013880406008166181
0.001388047442438905
0.0013893710328644797
0.0013893717935263227
0.0013893723977913255
0.001345783756904449
0.00134602521560234
0.0013433016274349244
0.0013433467128588798
0.0013461968729630634
0.001347634083728641
0.0013049045119881582
0.0012977160307546223
0.0012977190782157626
0.001297849933157113
0.0011267595952277486
0.0011282062857070354
0.001128242779802909
0.001128243140152906
0.0011296743239026083
0.0011296744846954951
0.0011297437929181468
0.0011298738438383824
0.001130133863765375
0.0011258074484236692
0.001126156883204044
0.0011261306110723797
0.0010824304066467559
0.0010824588289353534
0.001083023129362004
0.001083043222597578
0.0010830510212066105
0.0010830640807189835
0.001083087026112701
0.001083448743283365
0.0010830518051899618
0.001073061174010244
0.0010730622752182432
0.001073080761098816
0.0010730915570739798
0.0010730961208546706
0.001075923837082281
0.0010759247676006946
0.0010759413440724068
0.0010764543600930074
0.001077014776258901
0.0010770212667435748
0.0010770234369563752
0.0010607438461965686
0.0010607783605452732
0.0010608735071514874
0.0010608803058641022
0.0010623578204836124
0.0010623618242908163
0.0010623671866833487
0.0010551192487190063
0.0010488808479238334
0.001048884447920504
0.0010488847638751475
0.0010488925183015513
0.0010489057780748538
0.0010489057780748538
0.0010497460341799252
0.0010498089820433906
0.0010058441163645268
0.0010058517400524292
0.0010058571635307386
0.0010058788700781378
0.0010058868703430373
0.0009896228756774022
0.0009896287501346517
0.0009896345221778633
0.000989635613701099
0.0009823054656520893
0.0009823406477266986
0.0009823456327298676
0.0009823517631425526
0.0009709522364663447
0.0009682237507446026
0.0009684273672235912
0.0009686004263494654
0.0009686011676010585
0.0009686086043510044
0.0009686338000855838
0.0009625351581249818
0.0009554024823576198
0.0009554036027839008
0.0009556639581207786
0.0009484401104420451
0.0009485459725893308
0.0009485472789987841
0.0009491562285356781
0.0009491725753794112
0.0009491742534952571
0.0009495282336321969
0.0009495287905232932
0.0009496597996576492
0.0009504942134728805
0.0009504944339808031
0.0009504950738098183
0.0009505482964015056
0.0009076928218600156
0.0009076930899745286
0.0009077160221292125
0.0009077161162935876
0.0009080574533335907
0.0009080675617487864
0.0009082237483800967
0.0009082253449897682
0.0008612052796193568
0.0008184555002621015
0.0008184591489868731
0.0008184649878035722
0.0008184654978730333
0.0008184657123788681
0.0007733958229704955
0.0007732440447898097
0.0007736165484076248
0.0007736298435565564
0.0007736299425082803
0.000770930781310988
0.0007709383544928686
0.0007709504957698264
0.0007709550657601933
0.0007709561305114934
0.0007270233753510227
0.000727023847634061
0.0007270964690546152
0.0007271755039711274
0.0007271762791087046
0.0007271768812538046
0.0007271852479038141
0.0007273640361751254
0.0007281793323775351
0.0007277570100202652
0.0007277572445851695
0.000727759074007289
0.0007282680967585421
0.0006826675413204224
0.000675497270497697
0.0006754975067063338
0.0006754979619396424
0.0006754984505339309
0.0006769394107530879
0.0006771122243774843
0.0006773501252729594
0.0006713451683937289
0.0006713461798140342
0.0006714375009689962
0.0006714506115551059
0.0006714514415448387
0.0006714521115696161
0.000671452366775156
0.0006714536842175408
0.0006725054487701432
0.0006725219463838341
0.0006733432624069171
0.0006733445778933755
0.000673351594108604
0.0006733524049294147
0.0006662173508211181
0.0006632443542781785
0.0006632443542781785
0.0006632518831772592
0.0006608976034197075
0.0006609016135344418
0.0006610600050851587
0.0006610603725661725
0.0006610611041561946
0.000661061362591399
0.000662486168461599
0.0006633007124652615
0.0006661510632672774
0.0006661512627081887
0.000666965750643813
0.0006669712937214058
0.0006669718737183633
0.0006669791617158856
0.0006678152096061813
0.0006678196964749013
0.0006678454984109484
0.0006678461231765149
0.0006686607797385093
0.0006686610777111555
0.0006686676125221941
0.000668668059195588
0.0006686870114348138
0.0006687875927256132
0.0006262317652690115
0.0006262367439500116
0.000626237550734572
0.0006262382037034396
0.0006262485964198129
0.0006262509994227727
0.0006271303496657851
0.0006271303496657851
0.0006270502823656426
0.0006270509830789224
0.0006284759115830445
0.0006285566341121266
0.0006285730713597293
0.0005827953941978192
0.0005827967546900956
0.0005828390151425745
0.0005428088983992402
0.0005265107730940506
0.0005265108799571624
0.0005270386813473904
0.0005270404632684621
0.000527040681884976
0.0005270416279160169
0.0005271022213975306
0.0005285398197014818
0.0005285399315214743
0.00052854033658616
0.0005285478853524873
0.0005300242812637124
0.0005301246929904544
0.0005266273363754044
0.0005266279609291327
0.0005266451518172034
0.0005266545426929273
0.0005266551300890084
0.0005266556431401231
0.0005152549858026515
0.0005152551983439279
0.0005152627523432401
0.0005152635642633585
0.0005152724836124614
0.0005152740349119632
0.0005153622846552322
0.0005153623788196074
0.0005047784638372384
0.0005047810457895987
0.0005047811470929187
0.0005047817109786284
0.000511920287152862
0.0005119211507063122
0.0005119220489156719
0.000512159615512429
0.0005121599212380165
0.0005121601271125056
0.0005121608914377098
0.0005121616721632547
0.0005118663951033635
0.0005118668521287685
0.000511868007600391
0.0005118690549439968
0.0005118701789843939
0.0005118706394585885
0.0005118928333029471
0.0005118932834756549
0.0005118971260772688
0.0005118974699658074
0.0005119198823048094
0.0005119200035740432
0.0005119295276774537
0.0005119296510137765
0.0005133550729370805
0.0005136024710314
0.0005136281004479731
0.0005144735617083397
0.0005144741959563769
0.0005144753201689485
0.0005144766227612289
0.0005145124536845996
0.0005146423448483175
0.0005146435791134754
0.000514648802008894
0.0005146496499546606
0.0005113380268964907
0.0004643222023787614
0.0004643232352413058
0.00046432918381773613
0.0004643843736901277
0.00046439211875346886
0.0004928885462911646
0.0004928905147917766
0.0004928909973841999
0.0004929237925874462
0.0004929337155284442
0.0004929345341062946
0.0004934945577151358
0.0004934951713230017
0.0004934959690576311
0.0004934993736259149
0.0004935007335728524
0.0004934064119695723
0.0004934068805593067
0.000493406990694053
0.00047797073462847966
0.00047797162851395865
0.0004779885330925636
0.0004779887859343264
0.0004779893617759572
0.00047798984697977425
0.00047799023352504557
0.0004780022553259122
0.0004782098807802595
0.0004855266606562187
0.0004855281355752795
0.0004856587552171516
0.00048565944468255927
0.0004856672535610208
0.00048569854968718906
0.00048569854968718906
0.00048603942960962957
0.00048604023488894394
0.0004874657269325755
0.000487466183114576
0.00048746693658145604
0.0004875034934406836
0.00048751186487728333
0.0004712256155079968
0.0004712262595470933
0.00047122645281972897
0.00047122743091737395
0.0004712292734044224
0.00047130797167234525
0.00047130797167234525
0.0004713091580873721
0.00047131034998432826
0.0004713119469120953
0.0004569861076934303
0.0004569862627602763
0.0004569943273550592
0.0004570458277105744
0.00045704742998149976
0.00045706799598549234
0.00045706826788203744
0.0004570698287488815
0.00045711436120055205
0.0004571774286980116
0.0004571881823074207
0.0004571896311997975
0.0004571924073799559
0.0004575321655341203
0.00045756280346904033
0.0004862322254708667
0.00048623369393001147
0.00048633418355082
0.00048284386833126876
0.0004842689087663733
0.0004842964998167465
0.0004842978476502588
0.0004842980822151631
0.00048429818353919505
0.0004842985053110718
0.0004843496001005551
0.00048434984266199045
0.0004822576820218075
0.0004822576820218075
0.0004822603397998644
0.00048232369217769813
0.0004823244701965517
0.0004823332785276417
0.0004823434466297119
0.000482343689191147
0.0004824255453150391
0.00048242591391981535
0.00048242694735766887
0.0004396013603280851
0.00043966468020875524
0.00044017437413156643
0.0004419026429647751
0.00044190396099246947
0.0004419830974047452
0.00044198339425991645
0.00044198384609193324
0.0004419840330293548
0.0004419864685865132
0.00044198725861671417
0.00044198794047398414
0.0004419887648860886
0.0004419887648860886
0.00042708122698647974
0.00042709883237138763
0.0003838228054973561
0.0003838229429674376
0.00038382315615800665
0.0003838246526957125
0.000384638827478684
0.000384638827478684
0.0003860641504497768
0.0003860679428865868
0.0003426073656908458
0.00033973182571029307
0.0003395815987462812
0.00033958239372605046
0.00029668619191923164
0.00029668890999148844
0.0002967017472512291
0.0002967019976740831
0.0002967019976740831
0.00029670257587896233
0.00029670484669903376
0.00029670536666746427
0.0002974526623022792
0.00029745273836088537
0.0002974530140195
0.00029745328286347764
0.00029745374609472613
0.00029745453660923714
0.000297454826164691
0.0002974577811142548
0.0002975366684085868
0.0002476550916913217
0.00025050498187727027
0.00025050541258161675
0.00025051833080405714
0.000253467666864273
0.00025347057664228654
0.00025381027217035736
0.0002538103618512933
0.00025381193403816284
0.00025381193403816284
0.0002546265293443754
0.00025462736452347743
0.00025462787750488885
0.0002574778935512324
0.00025755866182824863
0.00025898399638337274
0.00025898399638337274
0.0002589843181552495
0.0002589843181552495
0.0002589843181552495
0.00025898486319125364
0.00025898529370080016
0.0002589859954547987
0.00025415725567410594
0.0002541580665853321
0.0002541580665853321
0.00025439563569781105
0.00025439563569781105
0.00025439563569781105
0.00025439610011698284
0.00025439684990975607
0.0002549085933715226
0.0002549257905591923
0.00025492627189415025
0.00025492638143982893
0.0002549267709971414
0.0002549275617511553
0.00025494443758897987
0.00025494455001743964
0.0002550749147483748
0.00025507531085787444
0.00025507657600593725
0.00025507669141922333
0.0002550772319323396
0.0002551001289545443
0.0002551001289545443
0.0002551042271128681
0.0002551088123223746
0.0002551098690417011
0.0002551098690417011
0.00025511082692811226
0.00025511177976804113
0.00026223732433108105
0.00026223830002690656
0.0002622436730509704
0.0002650934168278706
0.0002650934168278706
0.0002650934168278706
0.0002650936921464407
0.0002650936921464407
0.00026509383571455625
0.000272391610473735
0.00027239191019496045
0.00027239191019496045
0.00028094183433347665
0.000280942547707228
0.000280942547707228
0.0002809432709062619
0.0002809438479259522
0.0002809444277438592
0.0002809445937084335
0.00023700906583630282
0.00023701003334155048
0.00023701067688530397
0.00023701174374925042
0.00023701192542791846
0.00023701192542791846
0.00023701192542791846
0.00023701714832333708
0.0002370397416838138
0.00023704060605174147
0.00023704060605174147
0.00023704060605174147
0.000237041059883839
0.0002370416547302518
0.0002370416547302518
0.0002370416547302518
0.00023704281753380446
0.00023704301080644012
0.00023704411865914883
0.00023704462051039405
0.00023706981654551937
0.0002370709882868435
0.0002218604357049045
0.00022186097339285964
0.00022186153028395605
0.00022186174287174365
0.00020332758191041327
0.00020332758191041327
0.00020332780150658953
0.00020332802842263828
0.00020332802842263828
0.00020332802842263828
0.00020332832748772166
0.00020332904507522646
0.00020332935521679443
0.00020333020691747279
0.00020333052868934954
0.00020333086268041147
0.00020333086268041147
0.00020333086268041147
0.0002033311136060341
0.0002033315031633465
0.0002033317628421885
0.00020333750802714896
0.00020333932211676195
0.00020334594007674929
0.00020334664726361817
0.00020335366601174725
0.00020335366601174725
0.00020335404058608613
0.00020335443014339857
0.00020416901027654652
0.000204177097395424
0.00020417880668912534
0.0002041800292736994
0.00020418043462387583
0.00020418997708921758
0.00020422035874039752
0.0002042216968804288
0.00020422201865230553
0.0002042224582443919
0.00020422339421289438
0.00020422389278900154
0.00020422389278900154
0.00020422422678006348
0.00020422474735217535
0.00020422509418904734
0.00020422509418904734
0.0002042701185139095
0.0002042701185139095
0.00020427157927530395
0.00010452055996207501
0.00010452055996207501
0.00010452099955416133
0.00010452099955416133
0.00010452336483705959
0.00010452436688477033
0.00010456627293977622
0.00010456627293977622
0.00010456627293977622
0.0001045694993210218
0.0001045694993210218
0.0001045694993210218
0.00010462183912849853
0.00010462386361521933
0.00010462386361521933
0.00010462726856295107
0.00010463872718421361
0.00010463872718421361
0.00010463872718421361
0.00010464119924521163
8.610080376082591e-05
8.610295538551665e-05
8.610295538551665e-05
8.611534500177925e-05
8.611586557389114e-05
8.611586557389114e-05
8.611586557389114e-05
8.611586557389114e-05
8.611586557389114e-05
8.612994468328046e-05
8.612994468328046e-05
8.612994468328046e-05
8.612994468328046e-05
8.612994468328046e-05
8.612994468328046e-05
8.619488257338351e-05
8.619542645469443e-05
8.619542645469443e-05
8.627676333489929e-05
8.627676333489929e-05
8.627676333489929e-05
8.627735818131207e-05
8.627735818131207e-05
8.627798091115044e-05
8.627798091115044e-05
8.627798091115044e-05
8.627798091115044e-05
8.627798091115044e-05
8.627798091115044e-05
8.628130647653586e-05
8.629739688726652e-05
8.629739688726652e-05
8.631658481019732e-05
8.63180558645822e-05
8.63180558645822e-05
8.63180558645822e-05
8.63180558645822e-05
8.631884764333751e-05
8.631884764333751e-05
8.631884764333751e-05
8.631884764333751e-05
4.334697858955179e-05
4.334697858955179e-05
4.334697858955179e-05
4.334697858955179e-05
4.334697858955179e-05
4.334697858955179e-05
4.344661536369166e-05
4.344661536369166e-05
4.344661536369166e-05
4.344661536369166e-05
4.344661536369166e-05
4.344661536369166e-05
4.344661536369166e-05
4.344661536369166e-05
4.344949958610097e-05
4.357902739248281e-05
4.357902739248281e-05
4.357902739248281e-05
0.0
0.0
0.0
0.0
0.0
0.0
0.0
0.0
0.0
0.0
0.0
0.0
0.0
0.0
0.0
0.0
0.0
0.0
0.0
0.0
0.0
0.0
0.0
0.0
0.0
0.0
0.0
0.0
0.0
0.0
0.0
0.0
0.0
0.0
0.0
0.0
0.0
0.0
0.0
0.0
0.0
0.0
0.0
0.0
0.0
0.0
0.0
0.0
0.0
0.0
0.0
0.0
0.0
0.0
0.0
0.0
0.0
0.0
0.0
0.0
0.0
0.0
0.0
0.0
0.0
0.0
0.0
0.0
0.0
0.0
0.0
0.0
0.0
0.0
0.0
0.0
0.0
0.0
0.0
0.0
0.0
0.0
0.0
0.0
0.0
0.0
0.0
0.0
0.0
0.0
0.0
0.0
0.0
0.0
0.0
0.0
0.0
0.0
0.0
0.0
0.0
0.0
0.0
0.0
0.0
0.0
0.0
0.0
0.0
0.0
0.0
0.0
0.0
0.0
0.0
0.0
0.0
0.0
0.0
0.0
0.0
0.0
0.0
0.0
0.0
0.0
0.0
0.0
0.0
0.0
0.0
0.0
0.0
0.0
0.0
0.0
0.0
0.0
0.0
0.0
0.0
0.0
0.0
