0.17551020408163268
0.14043692156899704
0.12420158883304871
0.11714614443029196
0.09830426666757473
0.0876253598991817
0.06081323142539726
0.05035016948699389
0.04274491145601907
0.03803293681466685
0.04258676305352375
0.04107458016938265
0.0512357567212757
0.04730979894268468
0.047177819720123186
0.041915574107854126
0.0448765422032188
0.041550263121865445
0.037771327611196476
0.03619123814058819
0.032675950351859155
0.03300497225894167
0.027785530487703238
0.025490904855403774
0.02531032500173709
0.022572089633594968
0.02154949865730304
0.02099148956022758
0.022065556543288078
0.021326475440417946
0.020191825365868114
0.02058328277095598
0.019655637815078644
0.01788212895722739
0.017268653752788073
0.016759605510922884
0.01627394072050948
0.015139763440971132
0.014731024429159705
0.014130556752730762
0.013620471704831282
0.014244300005869953
0.014269116728410327
0.014880212590290251
0.015694902253829884
0.01474607113159433
0.014284090718151132
0.01647304907681316
0.016880838294242147
0.016335405839799404
0.016918007230750928
0.016546375968838744
0.016214206982585824
0.016600627985920383
0.01627570202403969
0.01544879611542586
0.015176762523487096
0.014746629499725822
0.014450267092805115
0.014152575182296187
0.013474366047878937
0.013234471187921601
0.012977576972643687
0.013487590586015402
0.013791674635191783
0.013770317781378006
0.013164293879934666
0.013431669009804824
0.013187713988898422
0.013264850809422668
0.012616394135018586
0.012399085043835863
0.011846499097123903
0.012176160374782731
0.012489903482904569
0.011960014399327507
0.0116626916516293
0.011470249014578597
0.011324725460129912
0.011163277425167917
0.011007263639252722
0.01139089491984704
0.011229212184428114
0.011667876818702029
0.012045455476218953
0.011905085526381467
0.011683411309293512
0.0115350536934825
0.011395513515513312
0.011256114158121066
0.011127616628968955
0.010639934116782903
0.010422763314606388
0.010302268587383964
0.010184745137718658
0.010632784653062633
0.011064803990555146
0.011359296144804928
0.01117085510675071
0.011428780676083024
0.011775824916686021
0.01192548095492003
0.011805168062131995
0.012074594201360216
0.011957335639155913
0.01236841534819381
0.012237909425821626
0.012121810139969286
0.012498577743809542
0.012353395310784557
0.012231958561201873
0.01209556312307928
0.011869937248585228
0.011764324945349968
0.011415055501531537
0.011075174079052818
0.010976233559993723
0.011216118546828793
0.011114022983140608
0.011382509490575333
0.010833972720513075
0.010683406280579035
0.010596140667985485
0.010508532504510533
0.01041927887109446
0.010326035169271608
0.010242965401709915
0.010161913969753616
0.009864797468654705
0.009759970145624072
0.009938541609171002
0.009978631101818474
0.009879750471957383
0.009793396325433136
0.009520208165404444
0.009139094930474342
0.00906190047289454
0.008942424452220252
0.008840729337702323
0.00877381204265444
0.008520187900805484
0.00845893468624345
0.008343791317202254
0.008564029440312756
0.00850435383746839
0.008445910157656321
0.008387025860230185
0.008598124017042354
0.008809728462063958
0.008745479005303829
0.008683339404108287
0.008625999525459909
0.008559143091894745
0.008483560091945863
0.008411313973775226
0.008357398569425351
0.008261480439998277
0.0082061302154434
0.008148337084848231
0.00759250437376042
0.007877593716071767
0.00805329992989658
0.008002991155297666
0.00843817130591927
0.008384683792799316
0.008294042720727866
0.008188252177178184
0.008385720200328614
0.008334182999160679
0.008284394711280445
0.00807734306368619
0.007991045114565866
0.007944513111947644
0.0078592760167295
0.007806611774658981
0.007989721738034262
0.007944058521803013
0.0078840481083994
0.007837548558904464
0.0077924998175587885
0.007749272565927451
0.007706693544640604
0.007663808823626789
0.007622015943548864
0.007579960067009747
0.007538987836063445
0.007470077183170642
0.007639983749378018
0.007563937145198307
0.0077330291383494575
0.007816955644999676
0.007761757015570496
0.00798388864769052
0.007942706325687462
0.00775599291562731
0.007573589583968459
0.007530973216960843
0.007469538173528242
0.007423784625213038
0.007386644654845144
0.007347685745675337
0.007311291066325773
0.007275049172481906
0.007238695632414517
0.007197320078841376
0.007162170148238523
0.007127561533624544
0.007093063107476286
0.007051861832313158
0.0070176029716789564
0.006971626902766364
0.006938074967148422
0.007090938534680326
0.007245702811308886
0.007177462638852541
0.0071437674460093584
0.007104416480231615
0.007069995800441623
0.0070376325707233005
0.006884090905625821
0.006852777305458826
0.00682162482961253
0.006790858066331752
0.006760478444686077
0.0068193217740543715
0.006789119473695631
0.006758774548260845
0.006605271307920493
0.00657620496134956
0.006546600539678922
0.0065782999085691385
0.006548970522219065
0.006520689110380171
0.006490284177469042
0.006462655475912151
0.006401320674482875
0.006370063382728216
0.0063433118986750995
0.006311980894213489
0.0062800977205527955
0.006430977484084406
0.006294051947666485
0.006268009988660067
0.006242286884613308
0.006379942997270525
0.006347447569896677
0.0063107234721051795
0.0062739324785144514
0.006241949930517709
0.006216240614919801
0.006191442153860475
0.006161581957862559
0.006028583699503928
0.00600384862017905
0.005875758923551499
0.005848012695885026
0.005822098998355417
0.005796519903907316
0.005772542364545355
0.00572178911014867
0.0055976848440216515
0.00557629361156969
0.005555033910218621
0.005533948341120796
0.005513011975534405
0.00549168402936556
0.005469325040211088
0.005447056576134771
0.005327514135536975
0.005307193054916683
0.005287073498608926
0.0052569998232180355
0.00539606702484779
0.005373530527225463
0.0053530211202184345
0.005480366675609282
0.0054305548234829925
0.005410686055263311
0.0053892164311195884
0.005336557013834832
0.005317456684129124
0.005194593272214646
0.005176093225852133
0.005157811660249315
0.005139586150223378
0.005270967553959354
0.005250456683370828
0.005209079368107027
0.005190997577427495
0.005173058680519703
0.0051436610784465694
0.005262758430845556
0.0052356987011175134
0.005217882977068834
0.005198553467928432
0.005179847219180629
0.005161337193199436
0.005141464724759124
0.005124258457799631
0.0050182845749895824
0.004978774833122973
0.004961198499843727
0.004943841128751233
0.004926928534127979
0.004910714425508359
0.0048685123518673904
0.00485097055992648
0.004830792251498734
0.00481498110884501
0.004799418400646317
0.004783884149888906
0.004892575512938657
0.005003221530073793
0.004987181391440079
0.0049670695617719425
0.005080199137561587
0.005063607469922176
0.005047675989588387
0.005031772267573377
0.005015971646148634
0.004997678086395557
0.0049817693558890895
0.004945685131012596
0.00492986796904734
0.0049142747973987995
0.004899191285218248
0.004884207111008102
0.004991125994121532
0.004975956645512307
0.00496081903808659
0.004925698472309267
0.004910850303609805
0.004891817404111191
0.0048768095278033125
0.004860819839254069
0.004846356374181426
0.00482863356342685
0.004806457101395328
0.004792111883603362
0.004777081395097863
0.004761072119406926
0.0047463229358206795
0.0048680179628679526
0.004853136207659308
0.004827478851577516
0.004813429073577727
0.004799411629949712
0.0047854380786332504
0.004771541560778191
0.004674068143459913
0.004660691970687573
0.004647448157933925
0.004630108038448083
0.004609425104706634
0.00459363560764227
0.004580265104254366
0.004565149760785692
0.00455231976342639
0.0045210436965261985
0.004655776901025918
0.004642266905042486
0.00462941181261947
0.004616656046868451
0.004603759886665682
0.004589760788553317
0.004497090246115003
0.0044775253852514275
0.00446423715977543
0.004561550807693959
0.004547932014958839
0.004462141385057685
0.004450117408761756
0.004545774382936262
0.004533560133036237
0.004520157874971636
0.004507203707102697
0.004487446324930786
0.004401340631612815
0.004389671351116527
0.004377753462743842
0.004366150686241389
0.00435464021251654
0.004343079677630575
0.004331452089867454
0.004320165553717317
0.0043011053008961565
0.004283090558340515
0.004272032433834014
0.00430014505740721
0.004289122436015312
0.004277320189899091
0.004266106371189737
0.004254940864141188
0.004244029655770085
0.004216408503076546
0.00432351433218904
0.00439711991925416
0.0043857311694743845
0.004478606671660621
0.004466292482095654
0.004454795829604568
0.004360037738544029
0.004349100734151074
0.004338328774177338
0.0043273841853048965
0.004316330041625189
0.004305706594534732
0.004291026373821832
0.004384834518263076
0.00447196013259217
0.00445988496010034
0.004429624038818138
0.004418893641118265
0.004408180876895417
0.004396405645489444
0.004513221455102631
0.004502225967487647
0.0044896030420292785
0.00447888605455202
0.00446117368790966
0.004450444021996025
0.004439891444700731
0.004429268354209378
0.00441831223431521
0.004392201229871207
0.004381145992302192
0.004361353324418252
0.00435115758132848
0.004341016132543093
0.0043301535745261695
0.004256227528963394
0.0042460167598449595
0.004236189216736654
0.004218455694042457
0.00420852780569213
0.004198646069538996
0.004171366563800741
0.004161775466749952
0.004151527202568373
0.004140265621313082
0.004130855907110232
0.004121432579832778
0.004111308637497655
0.004101832499500905
0.004092481074646597
0.004083275500648158
0.00407342142511916
0.004064265782826838
0.004055212243369745
0.0040461138852862745
0.004036436118969058
0.004027128552071435
0.0041032179384700804
0.004088280612368198
0.004064586340082732
0.004055665308158637
0.004046643026721726
0.004037011987235685
0.004021915427480418
0.004013168355388889
0.0039466292667640675
0.003938020512009474
0.0038713066979661555
0.0038628176231232225
0.003854448977179445
0.003846154907903654
0.0038379100318455014
0.003829665731021631
0.003821459122254176
0.0037561271536149504
0.0037481407280161297
0.003740178942373834
0.0037306025795630048
0.0037199191976698995
0.0037934673293325166
0.0037844679921650516
0.0038049941350079405
0.003794232230488501
0.0037862744389880226
0.003778325847725449
0.00377042492724786
0.003845580442709627
0.0038375954774240405
0.003826811867659595
0.003818263627256552
0.003754564519788705
0.0036918861253063206
0.0036706266906345285
0.0036627897990969237
0.0036416786370174307
0.003628736175208599
0.0036181960811391117
0.0036105992885233965
0.0036005897088861637
0.0035931968337786454
0.0035725140692032635
0.0035652274792022315
0.0035580664420331656
0.0035489888802173616
0.003541601309858662
0.0035335823591845002
0.003473426385229593
0.003466507254454273
0.003459002797942557
0.003452033996153737
0.003445200442239739
0.0034352986606524757
0.003428403871235861
0.0034215521910563986
0.003414382326645275
0.003407545253957338
0.0034008619320953864
0.0033838027036904514
0.0033719193688761064
0.0033648654354164593
0.0033041870457735504
0.0032461596464421877
0.0032398603469930595
0.003312822556050502
0.0033064229151768755
0.003294908568594434
0.003288342143896288
0.003282038547325985
0.0032757720732811565
0.003269392156551818
0.0032631634275611123
0.003256810777822911
0.0032505530493752077
0.0032436058661339663
0.00323748306518388
0.0032313646997820626
0.003225292075750299
0.003219156081028992
0.0032130384145016995
0.0032045289149494217
0.0032780322842191753
0.003271042241320695
0.003261999024908995
0.0032810080163172073
0.003274313228123285
0.0032681167586276847
0.003260678203525921
0.0032546172572417895
0.003248525232087878
0.0032401180921248643
0.003228430230052459
0.003222525167741266
0.0032166321506890017
0.003210023143400039
0.003203961177361142
0.0031981453097044256
0.003192349255537959
0.00318498053289298
0.0031789281265037217
0.003173068003132306
0.0031673577331108546
0.003149504497808952
0.0031437878493381444
0.0032336537611750236
0.003180254768844053
0.0031744858043433275
0.0031682624873119345
0.003162617347423822
0.0031569944315267204
0.003151381704011384
0.0031434567169833496
0.0031378714574123267
0.00313232780619122
0.0031268100493288954
0.0031213021236407273
0.003115796880774841
0.0031103352075651626
0.0031048906576758963
0.003098637808420244
0.003092669188741163
0.003082661317275646
0.003213974108312547
0.003276251650469741
0.0033465645695184925
0.0033407917353153577
0.0034043021103633588
0.003398415391678572
0.0033925768103539333
0.0033867069769204054
0.0033808871398092353
0.003283705904950326
0.00327808943882406
0.003226156195627845
0.003220667004970045
0.003215083361818964
0.003208341618110998
0.00320279414532111
0.0031972881339893478
0.003191901623380536
0.0031865349962237055
0.003181182009252985
0.003175849792329483
0.0032396437158590443
0.0032337578887973043
0.0032283677757090905
0.0031675407536633196
0.003159981442939586
0.0031547166525308194
0.003148638937542127
0.003132418145688742
0.003083156826407075
0.003073624221040513
0.003066265522047921
0.0030502377425780935
0.003045235428767449
0.0030401721844565696
0.0030348415343374015
0.0030298889447632855
0.003024930899731823
0.003019977618956608
0.0030149300915375235
0.003009995117976831
0.0030004645522161326
0.002994443191584411
0.0029896036830758827
0.002984781159929451
0.002979969348313334
0.0029748253108465086
0.0029695064490221
0.0029647414021010394
0.002949296010703395
0.0029443332939951936
0.0029393678332404055
0.0029346557389119876
0.00291941647624554
0.0029147662477110392
0.0029101543806619137
0.0029043541225455545
0.00289967674302865
0.002894899021767774
0.002890345805706612
0.002843937096903351
0.002838981209489083
0.0028345088809718496
0.0028297297402704634
0.0028252353714114916
0.002820824002804536
0.0028058089357472565
0.0028014494470888084
0.0027962493659736214
0.0027919154107557812
0.0027875572450332185
0.0027831658278517687
0.0027776745962079233
0.002773311886324375
0.0027689885684640033
0.002764730833495698
0.0027604857546242537
0.0027559219501550993
0.00275115525181189
0.002746935758073651
0.0027427348126112306
0.002738563244301058
0.0027332511279150175
0.002728977013638779
0.0027248276784005623
0.002720614526239389
0.0027121819746441143
0.002708048108218568
0.0027034218441065122
0.0027814683178388187
0.0027772811543495075
0.00276899219086951
0.0027648493271748916
0.002756741346106368
0.0027526315044464835
0.0027482544083763925
0.0027441540081030685
0.0027398682375750112
0.0027356707659290385
0.002800206917794716
0.002796047466249918
0.0027919230697835786
0.002787809426576936
0.002783708922033546
0.002779605276315688
0.0027755291550080937
0.0027714408955331793
0.0027673834919857824
0.002763321678213825
0.0027592813307134125
0.0027164555117712855
0.0027105727221415745
0.0027063019581507588
0.0026926275035286467
0.0026887074822757335
0.0026837203941806422
0.002679836132660487
0.0026663566311848656
0.0026625208091236607
0.0026586918818263423
0.0026548616430834447
0.002641401778479234
0.002694901218040075
0.0026910297896741843
0.002759389228163464
0.00275540488192444
0.0027133211544550203
0.0026981054833052414
0.0027516811652482124
0.002747782932526034
0.0027438531706130208
0.0027398614304702373
0.002734116729927716
0.0027302315331577914
0.002725919490236403
0.0027214160959896463
0.0027175950457107435
0.0027033672873446155
0.0026994495722525978
0.002695665780748183
0.002691905481368653
0.0026507127613005386
0.0026467837701248075
0.002643101075496698
0.002638743213400374
0.0025972215213305046
0.002556750573322155
0.002553192375433552
0.0025404559960208913
0.002536956286028986
0.0025327915953848664
0.0025291714438518977
0.002525689975919225
0.002513070284833033
0.0025096193259866806
0.002506155982645122
0.0025027014580606606
0.002462927987280701
0.002459573417207949
0.0024471595885341034
0.0024402121209359823
0.0024368973429684635
0.002397515767421846
0.002394111192404386
0.0023908719515766865
0.0023476452884958576
0.002344484588332293
0.0023413292485263784
0.002336916966562195
0.002333719190638294
0.002327015107446146
0.002323871549800016
0.0023207686229405793
0.002317673676811538
0.0023144902264229062
0.0023111780251864815
0.002308079622352651
0.0023050009423779367
0.0023018841947062734
0.002298836749698859
0.0022957998922630285
0.0022839768397374996
0.0022809669992266838
0.0022778043828894597
0.0022397141516618427
0.0022367691510092017
0.0022338374533057252
0.002230913772533847
0.0022278100907195987
0.0022248507309369984
0.0022122470309681413
0.0022093582444403185
0.0022058654551732762
0.002202987281269861
0.002190495736614234
0.002187622400053164
0.0021503001902106697
0.002147463496584558
0.0021446587128827192
0.002141443995448343
0.0021042653253761706
0.0021571328709205557
0.002154354295085503
0.0021515839633920657
0.0021477995771510194
0.002144957819782373
0.0021845439142104193
0.0022487987956775575
0.002244913342396975
0.00223971750465637
0.0022367535886106634
0.0022338951678739513
0.002231014313567946
0.002228140749764181
0.002225324311360697
0.0022221122588164926
0.00221915741041964
0.0022163452046074232
0.0022135493735089187
0.0022107689517464847
0.002207966160743107
0.0022567095428306016
0.002253877563007536
0.0022507845757201396
0.002247975028366784
0.002245083431502646
0.0022422875430200173
0.002239360885266234
0.0022365769131336816
0.00223375036646937
0.0022309807319344835
0.0022282191330315246
0.002225439417017024
0.002222692105572429
0.002219801989128456
0.0021838205478234645
0.0021811310298908426
0.002178451902698425
0.0022166743486155627
0.002212951914379501
0.0022101952282079203
0.0022074041275118514
0.0021965699056312013
0.0021936789475545536
0.0021910043359527256
0.0021883313100307823
0.002182427506835755
0.0021797785714135877
0.0021771315082605765
0.0021744841097400282
0.002171854712345882
0.002160615000893048
0.0021580018968611215
0.00215525063019709
0.0021526553514949055
0.002150005211875675
0.0021470543797432783
0.0021435358744784716
0.0021329530312941447
0.0021303851381091845
0.002127815204188817
0.002125272995082574
0.0021227352331785396
0.002120203232110221
0.0021176708796118316
0.002114582699121662
0.002108648063922637
0.00209821008378789
0.002064126481077958
0.0020616727773084325
0.0020592278280834593
0.0020567981204412597
0.0020543364362327
0.0020519102492810534
0.0020494988055215725
0.002043959576569107
0.0020406508565992795
0.0020382588537374955
0.0020358486019937693
0.002080178672481033
0.002077195937872339
0.0020745160822974403
0.002072090229101159
0.0020696811580074733
0.00206723027759379
0.00206477406710578
0.002062381273165039
0.0020584315548113218
0.002055456118369484
0.002053081229928009
0.002050712486764093
0.0020477988535569577
0.0020454385134853234
0.0020430593825801696
0.0020406590181511436
0.0020378993927467853
0.002035309979123493
0.0020329807117740782
0.0020276003068335257
0.0020252214617787513
0.0020144338226214453
0.0020106079974361456
0.0020529917673954455
0.002047366983600078
0.0020441548541419293
0.0020417775766808275
0.0020389063965252164
0.0020365431904202968
0.002034204891437046
0.0020319080944755353
0.002029254265326058
0.002026968299319393
0.0020246570285760834
0.002022355613044667
0.0020125526474143495
0.0020102299756084288
0.0020079787201354978
0.0020057279769698185
0.0020034539260162638
0.002063319708451937
0.002061004289984787
0.0020586534123978
0.0020563623482447906
0.0020540303353694662
0.00205063790252784
0.002048363900046206
0.0020460953353769913
0.0020438322559899885
0.00204155994559225
0.0020392954360622115
0.0020367353555842123
0.0020340388878503338
0.0020766030943404207
0.002074295839796077
0.0020706593860305646
0.0020683871775986963
0.002066105535547469
0.002034429898833442
0.00202921195337998
0.0020268981419907955
0.0020246515970221116
0.002019530959746704
0.002017329370475362
0.0020151369071331076
0.002012933767918828
0.0020093631760860617
0.002007132909421451
0.0020044118425544518
0.0020022388051172536
0.0020000732888335203
0.001997814801194245
0.0020383224880077357
0.0020346604953971697
0.002032472970674126
0.0020302890603676104
0.002028110741445331
0.002025926406459783
0.0020237175975818134
0.002021553096636215
