23395
23395
23395
23395
23395
23395
23395
23395
23395
23394
23393
23392
23392
23391
23391
23390
23390
23390
23388
23388
23386
23386
23385
23383
23382
23382
23381
23381
23377
23377
23374
23373
23373
23373
23373
23371
23371
23369
23368
23368
23368
23367
23364
23361
23360
23360
23359
23356
23356
23355
23353
23351
23351
23351
23349
23348
23348
23345
23341
23339
23339
23336
23335
23333
23332
23330
23328
23326
23324
23324
23320
23316
23315
23313
23309
23308
23306
23305
23302
23301
23297
23292
23288
23286
23286
23283
23278
23276
23274
23271
23267
23265
23264
23261
23260
23257
23254
23250
23247
23246
23246
23242
23242
23235
23234
23230
23226
23220
23215
23213
23207
23203
23200
23196
23193
23192
23190
23186
23181
23175
23168
23162
23158
23150
23144
23137
23133
23132
23125
23120
23116
23111
23107
23103
23096
23092
23091
23083
23078
23073
23070
23066
23063
23061
23057
23051
23045
23039
23034
23029
23025
23020
23018
23012
23003
22995
22991
22982
22974
22970
22963
22959
22954
22951
22948
22940
22928
22921
22917
22909
22900
22895
22890
22883
22879
22873
22868
22863
22854
22851
22841
22835
22830
22820
22813
22808
22802
22796
22788
22781
22779
22778
22772
22768
22761
22755
22743
22736
22722
22717
22713
22707
22693
22685
22672
22665
22663
22660
22650
22641
22635
22626
22618
22607
22597
22588
22575
22569
22562
22555
22545
22540
22534
22520
22503
22496
22489
22484
22477
22465
22457
22449
22439
22430
22423
22414
22403
22395
22389
22380
22372
22363
22353
22346
22336
22326
22323
22313
22301
22293
22283
22273
22265
22257
22253
22242
22230
22218
22207
22194
22187
22170
22155
22143
22133
22121
22114
22102
22087
22072
22063
22043
22037
22028
22020
22005
21990
21973
21961
21944
21937
21930
21919
21907
21893
21869
21855
21838
21826
21812
21803
21794
21779
21767
21752
21739
21731
21720
21695
21683
21671
21653
21635
21622
21611
21599
21586
21569
21563
21554
21539
21530
21511
21501
21482
21465
21460
21450
21421
21412
21398
21384
21368
21344
21328
21310
21303
21292
21281
21269
21244
21232
21211
21199
21186
21175
21161
21144
21126
21109
21087
21068
21051
21036
21009
20994
20971
20948
20925
20915
20903
20894
20887
20866
20855
20826
20808
20796
20777
20760
20746
20727
20702
20690
20669
20652
20638
20618
20595
20571
20556
20541
20520
20499
20479
20453
20442
20423
20401
20381
20367
20342
20319
20297
20281
20260
20231
20216
20197
20174
20153
20130
20111
20093
20077
20056
20034
20015
19993
19967
19954
19920
19903
19873
19850
19830
19803
19770
19747
19718
19695
19670
19645
19621
19597
19574
19562
19537
19514
19485
19456
19422
19394
19376
19350
19329
19298
19278
19257
19232
19201
19181
19160
19118
19089
19048
19026
18996
18964
18937
18914
18894
18863
18816
18786
18764
18732
18705
18677
18658
18628
18600
18571
18539
18511
18479
18439
18414
18393
18364
18328
18305
18285
18267
18232
18212
18189
18155
18103
18082
18061
18033
17998
17960
17929
17900
17879
17847
17821
17799
17761
17716
17687
17629
17600
17567
17533
17503
17468
17430
17395
17372
17340
17307
17276
17245
17194
17168
17145
17102
17064
17031
17006
16967
16940
16919
16885
16854
16815
16779
16750
16711
16674
16632
16592
16559
16534
16489
16432
16398
16363
16328
16288
16252
16209
16172
16142
16098
16054
16009
15983
15941
15886
15853
15812
15746
15697
15646
15607
15562
15522
15483
15447
15409
15351
15316
15288
15249
15213
15175
15150
15104
15056
14997
14961
14903
14857
14813
14772
14727
14690
14666
14612
14577
14550
14526
14488
14435
14401
14357
14314
14275
14226
14192
14140
14094
14040
14007
13950
13903
13875
13831
13788
13754
13705
13642
13570
13505
13459
13422
13384
13340
13270
13236
13204
13134
13042
12980
12925
12875
12814
12755
12689
12633
12569
12535
12499
12448
12394
12344
12293
12248
12198
12152
12087
12040
11982
11950
11884
11813
11778
11713
11672
11616
11557
11510
11443
11386
11327
11291
11225
11167
11128
11081
11038
10942
10893
10855
10789
10745
10705
10663
10623
10571
10523
10471
10438
10398
10361
10268
10211
10176
10132
10080
10026
9973
9912
9868
9823
9781
9730
9657
9594
9535
9463
9426
9379
9336
9269
9179
9131
9057
8985
8909
8804
8748
8654
8572
8515
8468
8372
8281
8240
8194
8147
8079
8014
7973
7910
7865
7833
7767
7705
7646
7586
7554
7496
7401
7336
7268
7210
7132
7090
7020
6957
6919
6852
6745
6687
6571
6510
6472
6432
6380
6320
6283
6228
6120
6069
6017
5970
5917
5873
5825
5784
5731
5686
5645
5504
5409
5340
5276
5220
5141
5085
5042
4947
4877
4824
4778
4713
4640
4604
4568
4511
4476
4435
4395
4355
4305
4226
4133
4085
4067
4047
3976
3937
3900
3798
3706
3666
3625
3594
3541
3478
3399
3359
3327
3285
3228
3138
3111
3073
3048
3021
2965
2939
2899
2791
2717
2666
2555
2535
2490
2457
2398
2374
2333
2299
2278
2255
2187
2173
2135
2097
2061
2040
2010
1980
1930
1912
1818
1808
1337
1278
1184
1172
1146
1012
1001
993
945
923
916
898
882
877
735
715
332
329
308
196
194
194
174
150
149
147
143
143
125
119
118
113
112
110
110
108
108
106
106
104
104
104
104
103
100
95
94
78
78
76
71
69
68
66
64
62
58
54
53
52
51
51
50
50
50
50
50
45
44
43
43
43
43
41
40
35
34
34
34
34
27
26
26
24
23
23
22
22
22
21
20
20
20
20
20
19
19
19
19
19
19
18
18
18
16
16
13
13
13
12
12
11
9
9
9
9
9
8
6
6
6
6
6
6
6
5
5
5
4
2
1
1
