0.2517857142857143
0.21226515258508694
0.13740551488640115
0.14059050200653497
0.12638615239325873
0.11569942250178228
0.11122694575173289
0.09838731344961421
0.09283492720343392
0.0975916171058794
0.09076202718988678
0.08668414819826839
0.08094815367416588
0.08222044706671983
0.0755625425887508
0.0725298964104531
0.0672826575679534
0.0634131249150704
0.056667504655334905
0.053424339501017486
0.05058891106313939
0.046768770369199825
0.04891155559496564
0.047046204478983465
0.04820118321620963
0.04502204237347967
0.042637108061385924
0.04051227746114189
0.03906107520783621
0.03791141211933827
0.03798308743545311
0.039063734394560644
0.0376644347890791
0.036039478115251426
0.03600793836609634
0.03632220446003674
0.03438861056977362
0.03420180287884826
0.033071180707892146
0.03213354629040297
0.03261141841025199
0.03169297952230583
0.02960770361577491
0.028056577200577467
0.02619895568651057
0.0263532033020366
0.02491170533765577
0.023540830048602374
0.022724147631677825
0.022927060421189433
0.023082595516363123
0.022479030034428037
0.021964921165587237
0.021415748858913175
0.02022968527634558
0.02053826992347856
0.01998405885960994
0.019013573205729554
0.019065859822930274
0.018922071018749848
0.0188790950468158
0.0189918892531495
0.01822666783110567
0.017473096835289276
0.017100674273756306
0.016699287314018235
0.017041690120009192
0.01672633448322074
0.016389843631063532
0.016045502822445934
0.0163668356028762
0.01669373917009903
0.016327944265687212
0.016604289078517378
0.016339265349703255
0.01612042533427861
0.015353611138836149
0.015668746693797978
0.01533724092361788
0.015135653983754572
0.015582602026161189
0.015380633678438586
0.015655159486465633
0.015465965645871589
0.015259047788690196
0.01582301952226623
0.015519406318876498
0.015197796774463854
0.015023265588138518
0.014836834607859605
0.014482812114598398
0.014745591583087584
0.014581637181017137
0.014853839491469591
0.014871620530287922
0.014434621153037532
0.014692944665832987
0.014534618685642908
0.014521125375425407
0.014097875245903127
0.013856842620584725
0.013674764400506592
0.013449604856156948
0.013313899843727738
0.012926186760986226
0.012544291349777562
0.012173336857554099
0.01205843692646888
0.011985610672270587
0.011827668940191223
0.011704875147484271
0.011519874646792985
0.011179120929990068
0.011378158282801426
0.011579368009044024
0.011475796364968092
0.01172681540404701
0.01196512272098537
0.012194051598055002
0.012091969586482095
0.01173294098126371
0.011898191614012921
0.011788046952889625
0.011679249102389058
0.01158383658078071
0.011467232318371524
0.0113603354019283
0.011055439353752066
0.010963912997405867
0.010669007898442759
0.010585203633009983
0.010498318932729728
0.010739895977061147
0.010653198636726383
0.010540514891856322
0.010451786568369268
0.010371300295160849
0.010101782361459472
0.009837280246295316
0.00969773983103944
0.00962631573985179
0.009546577666231534
0.009477111205448242
0.009633475067169715
0.00983735608687855
0.009567063254290992
0.009319306058197658
0.00923248575234189
0.009464605956616606
0.009356854646476686
0.009279623624933614
0.00921624193283015
0.009229383132706546
0.009168850929250126
0.009066468112947812
0.008984845272813083
0.008756315439644986
0.008825340596167136
0.008769468226532857
0.009041066228376221
0.009057040442713372
0.00895643034890607
0.008900285538411982
0.008820594422518365
0.008761923137865222
0.00853337923302888
0.008480179249120782
0.008428371311622322
0.008369865022193957
0.008319464351844764
0.008265203516120999
0.008455172476346135
0.008367813249970133
0.008319421586285704
0.008070322324237158
0.008017187977429618
0.008197101502256195
0.00840347370358988
0.00857895260786373
0.00849308553092413
0.008423070477211667
0.008287697056186137
0.00844932385058143
0.00861948688384036
0.00856960981374255
0.008512542934584645
0.008323105785509112
0.008238788370499255
0.008053675935299182
0.008008567315801605
0.007964940138277438
0.0077817688378541685
0.007706706672311109
0.007663241975750603
0.0074868389979336
0.007652370214619729
0.007477357056643835
0.007663252484656362
0.007613561347738631
0.007541204742861482
0.007503261506546689
0.007465320342635513
0.0074247916378853635
0.007257414951264163
0.007219937327675184
0.007378948732391958
0.007329976209827254
0.00729426088390761
0.007257025433461308
0.00722204766597177
0.007184557019576651
0.007109977629427003
0.007230986994989143
0.007197199190233912
0.007163286440153505
0.0071298861023344024
0.0070968286958171195
0.007270124010994569
0.007431518743309239
0.007397596715697389
0.007333529940452585
0.007292752056135521
0.007259857897959446
0.007197504143789054
0.007370826269217998
0.007337047470123796
0.0072634302383096675
0.00719842601559422
0.007161046305889744
0.007127224070617321
0.007095391058254797
0.007060388279329536
0.00702885121461053
0.007225438554241059
0.007194497566898122
0.0071479565036873475
0.007296898814813072
0.007265995734173151
0.0072348767727763354
0.007191511814405139
0.007152312005640265
0.007122503829215658
0.007092288608713692
0.007023721754703618
0.006885484789179208
0.006822304173120825
0.00679440535296789
0.0066572709777275784
0.006522430809521102
0.0064835843919652004
0.006340306923106363
0.00652478897941359
0.006498569747378766
0.006469838374687403
0.006443833059151071
0.00648303183400431
0.006457060897431901
0.0064312056740510794
0.006303069895421189
0.006335401298432727
0.006463832018748692
0.006435584186905482
0.006566792154821063
0.006514643502257134
0.00648864380538586
0.0064533948247601225
0.006426899030941768
0.0064004356528588905
0.006376436090500762
0.006326954728078335
0.00634628778729462
0.006478820345487577
0.0066109307955978325
0.006576951097432999
0.006551182201123195
0.006526716554073338
0.0065030762970782405
0.006285108664717542
0.00626256484481923
0.006142285809312089
0.0061185232663376055
0.006096283006308326
0.006074701945572079
0.006053086328215764
0.006030566191261295
0.006005973467936753
0.005841019505706267
0.0058080028097571516
0.005785924885116051
0.00576449810757177
0.005743566470547386
0.005723711474843622
0.005613037535686707
0.005724708428668579
0.005702003594963643
0.005672440130644229
0.005643395831804028
0.00562383930589639
0.005916550471126343
0.0058737018993029865
0.005989175793679032
0.005924705698265885
0.005895777392099598
0.005875543539978814
0.0058470094898898815
0.005955035166264439
0.0059276591996228955
0.005908253156657966
0.005887203044762943
0.005865628265316973
0.005846622200879151
0.005823461512301612
0.0058002941530605435
0.0057760498519261756
0.005757664527126293
0.005714043892594512
0.005671875865706796
0.00565281265882324
0.005611189689074431
0.005593548955257212
0.005566582659118796
0.005546859735202836
0.00552954927872189
0.00551232914766187
0.005492502815249272
0.005597233370521221
0.005580004584851503
0.005561497585423307
0.005544587843103338
0.005652516307100452
0.005776340797765326
0.005758868376433733
0.005741296595804234
0.005723863211547096
0.005706645729252927
0.005689664302118833
0.0055909709623693194
0.005568924940382803
0.005552177721972035
0.005527792318475154
0.005511043629777402
0.005494842559509027
0.005458881486037259
0.005441520771157131
0.005542754139458236
0.005507377367748008
0.005491073303517585
0.005474965574531444
0.005454523392590158
0.005436742845173522
0.0054184417824411114
0.005515137627482537
0.005499279466242395
0.005478012343900755
0.005462373019100297
0.005446235845082831
0.005542893009293004
0.005525554057424169
0.005509157905486924
0.005493334435010778
0.005473568952990497
0.005431915414668545
0.005391170776528724
0.005374265346846317
0.005355511970190388
0.005322473154198774
0.005307739139554989
0.005402275876409202
0.005385459026681748
0.005365570956881758
0.005351021832429738
0.005374691347981594
0.005470263156011457
0.005453046709219783
0.005413622048877638
0.005398678843925326
0.005381317631068278
0.005367051897173284
0.005352864965279129
0.005330505828626495
0.005312417632501647
0.005295208622015078
0.005281368722439387
0.005267375761952978
0.005253519304988352
0.005239624625605502
0.005218860705703796
0.005136641318973598
0.005122548822363433
0.005104793388152146
0.005087751591452646
0.005074571163004606
0.005061633494561796
0.005048782714973704
0.005035762173234886
0.005022839595038208
0.00500800546770241
0.004994723598287863
0.004982079866902496
0.005002736876647507
0.0049890497646147645
0.004976580179501695
0.004961682310949008
0.004949356144898073
0.004937061047390708
0.00492485197786343
0.004911383819272468
0.004832663631685484
0.004820256629201894
0.00479217798414686
0.004780215418728303
0.004768583627093879
0.004847633597014137
0.004835877044514891
0.0048239574676420365
0.00481221601460537
0.004797303554565709
0.004887680128260663
0.004811531883082918
0.004796764804835003
0.004720375875324826
0.004708583829272446
0.004691110698688425
0.004774280370865349
0.00476212289470497
0.0048536817486062485
0.0049346290890547005
0.00492306132193001
0.004848770260952114
0.0048371645575850586
0.004903272651620891
0.004888351428359959
0.004999110557914584
0.005086746963864459
0.005071776990731699
0.005058071737195257
0.005046422071562857
0.005034423496126744
0.005128578355132537
0.005116168115952849
0.005104557022122889
0.00509229227676823
0.0050807984024855545
0.005063329699107884
0.005169341101918858
0.005083708651451558
0.005072099206334255
0.005060777525906194
0.004975266494475873
0.005051804921940037
0.005037441993369927
0.0050109604380772915
0.004998216548935362
0.004986716114939752
0.004975109362430972
0.005060785366007248
0.005048427169969377
0.005036733794141146
0.005025663204090153
0.005105711451856839
0.005181826083785058
0.0051695655336382665
0.005157834014335846
0.005146667225734756
0.005135509984792064
0.0051238108803567115
0.005112801167542381
0.005188134855981353
0.005177050627260646
0.005165990329842524
0.005076643460741457
0.005060177385649635
0.0050494382406378584
0.005038770448972315
0.005027977566907818
0.005017040399679472
0.00500650885886009
0.005107357327784784
0.005090872588576185
0.005080150902749561
0.005068652835392137
0.005057845335508396
0.004991737393694124
0.004967652659588108
0.004956420956020676
0.004946106719362262
0.004935609514292233
0.004925414581626787
0.0049150002807237195
0.004899248986456527
0.004834621602925315
0.004824605890252053
0.004809409396504713
0.004799420855546668
0.004863753000712025
0.004947671116908125
0.004937515080377537
0.004926737809490675
0.00491532824056328
0.004901880992406194
0.0048919390207815
0.004882108034239964
0.004872252635687473
0.004862579540182678
0.004852915467532429
0.004843326126488215
0.004814849472998802
0.0048970887364431495
0.0048341176303402286
0.0048238266847519615
0.0048131377993539375
0.004751623518305291
0.004738944930053521
0.0047296872663117025
0.004720496488254185
0.004698001603887744
0.0046888700253359525
0.004679506726509457
0.004670245069252385
0.004659835167506498
0.004650720015121719
0.004641344556918486
0.004629892706207923
0.004615823953984737
0.004606108321033129
0.00459696171182891
0.004587994397165452
0.004574072229855695
0.00456535367846282
0.0045563193456712075
0.004547740645291498
0.004531659408650959
0.004522944614351056
0.004501969852037791
0.00449283224800445
0.004484114894788987
0.004468304322040808
0.004459677078615593
0.004451341169752293
0.004443056631289903
0.004432353639283326
0.004423992676349754
0.004401259200926934
0.004387991138490987
0.004330345467006592
0.004322300144665944
0.004314338662857573
0.004306294113747327
0.0042981460743635146
0.004287907989746563
0.0042776778975713815
0.004269762040229175
0.004261173465535616
0.004241348019325725
0.004232824819523562
0.004225124339472282
0.004217380639595098
0.004209224944126369
0.00427312461560664
0.004253332440679319
0.004317368827516586
0.004309457690229541
0.0043016195684800265
0.004293989891246902
0.00428402726743368
0.004276383059572351
0.004268106543623567
0.004258218283600086
0.0042460026826259
0.004238463819929304
0.004230977128095828
0.004223571843896674
0.004216012551475155
0.004208516254227018
0.004198042308020179
0.004190661816941721
0.004183349631913718
0.004173804615422032
0.004120542916499858
0.004101927512708067
0.004164721870958872
0.004157512958306132
0.004137837783975477
0.004119334568155881
0.004107713956411126
0.004099815072282637
0.004092816767072416
0.004085461093449859
0.004078455056548785
0.004071448493017443
0.004063550173894276
0.004056531491585297
0.004048134520324819
0.003996428512996815
0.003989463918481652
0.003982226922589654
0.003975438883454509
0.003963520353752733
0.0039560604887127005
0.003949372858143579
0.003938136545821344
0.003998502762273254
0.003989633838366922
0.003982865719676879
0.0039762678502237025
0.004038054661228234
0.004031403123393507
0.003980703667267977
0.003973943674737255
0.0039673706879369405
0.003917065591261315
0.003910580270236607
0.0039041773076058106
0.003897021594218365
0.0038797834517082484
0.0038612325736301274
0.003811605283642714
0.003794533852246061
0.003786251342901218
0.003779899837067394
0.0037737477831455437
0.00376759056126905
0.003761518676595714
0.0037554914286426102
0.0037493289347190254
0.003743244740920714
0.0037370955160897497
0.0037311104648054187
0.003725166602423584
0.0037188059173393906
0.0036701299742571652
0.003661444996362921
0.0036556201704726057
0.0036498477890806844
0.003643930228256724
0.003638184408505163
0.0036317190415802963
0.003688713385498789
0.0036828928649646786
0.0036769068151922186
0.003670900634676013
0.003665035656189734
0.003659322410098461
0.0036742270180884825
0.003730541149198627
0.0037246150652464785
0.0037188538722386357
0.003713090369750786
0.003695361371621846
0.0036481259718380986
0.0036425085795865086
0.0036368533644318794
0.0035891432712248303
0.0035833813882193075
0.0035774251490699174
0.0035711518699677093
0.003565640934032629
0.0035601638802017807
0.003554045923884003
0.0035486314460678237
0.003543250254666566
0.0034957508058660464
0.00347877852744434
0.0034734804101103495
0.0034670997323046505
0.003455870936800165
0.0034502029176841213
0.0034450172000909493
0.003439521178980724
0.0034340242211903637
0.0034168765880752943
0.003401382105747348
0.0033958974975443483
0.0033769992296856645
0.003432792067444925
0.003427333852516995
0.0034202937013081158
0.0034151233018428796
0.003408745903769011
0.0034031817617602867
0.003397705952429006
0.00346094430663077
0.0034070267825097676
0.003397719991587991
0.0033926381873439337
0.0033876767208259532
0.003382517711213381
0.0033772685625416627
0.003372306766524092
0.0034269411924624286
0.0034219811115688073
0.003417033787505756
0.0034724835875949386
0.0034674738724709314
0.0034623506609876707
0.0034573083442474553
0.0034503963129012857
0.003445419136843994
0.0034404050295189234
0.003435131862551611
0.003430194099019095
0.0034252492706162694
0.003419288670730169
0.003414421169935136
0.0034094337218908747
0.0034045985323255686
0.0033994347100171803
0.0033849599382520146
0.0033799298495445123
0.0033657636603523712
0.0033609961529844894
0.0033543824784228295
0.0033490816701981984
0.0033443912329652837
0.0033397138079975506
0.0033350140649600797
0.003293096808380666
0.003353429012737998
0.0033487637702795036
0.0033438418879171076
0.0033391609940074548
0.003334452142691365
0.0033298395960588848
0.0033233269468341993
0.003318514188789552
0.0033138921610466735
0.0033092968402825226
0.003300631694953552
0.003296099885579829
0.0032914404030046974
0.0032866711967671973
0.0032821235713781783
0.0032739492705979134
0.003269355624265417
0.0032629324778350546
0.0033129722086094747
0.0033084736730873638
0.0033003221893620253
0.0032939969062160098
0.003289116648724026
0.003282876167849498
0.0032784413302774152
0.0032650527759104323
0.003259176968032322
0.0032546084183469764
0.003248455582273134
0.0032439832955732206
0.0032395200269059125
0.003229626482970774
0.0032243541700710185
0.0032197415894649737
0.003215454186647749
0.003211137266162388
0.0032068741268776765
0.0032025725297096723
0.0031983321812098305
0.0031587478617058373
0.003154222789751711
0.003150064674309684
0.003145282551702187
0.0031409807488492897
0.0031368483651263036
0.0031324761038920602
0.003128330292392386
0.0031242204202027294
0.0031201057919169983
0.0031155067177707925
0.003076702955756553
0.003133369705921127
0.0031292792581789665
0.003124228287115985
0.003177062096218343
0.0031729095855593937
0.003168203719342139
0.0031640645221619875
0.0031599571038829336
0.003154832875704401
0.003150775822470901
0.0031467227994217326
0.003130680795412878
0.0031231034936659648
0.003170262963084904
0.0031662018758611492
0.003162157399081511
0.003124150555354521
0.0031201630515775725
0.0031077060380696924
0.003103517092936079
0.003099560823813085
0.0030956328000056607
0.003087987820051286
0.003083887030202655
0.0030713502277202147
0.0030671459077416014
0.003062896496401308
0.003059027454002381
0.003021573074427011
0.003017416169389261
0.0030136279527547064
0.0030097319358434594
0.0030042754986644507
0.0029921086346514194
0.002955105811058666
0.0029513889565393322
0.002947715414787442
0.0029439989285754906
0.002940323433067532
0.0029365292238089707
0.0029328308879779325
0.0029291463028633877
0.0029245421797537766
0.0029209390188716803
0.002917223093738564
0.0029136150201993505
0.0029100334040354885
0.0029063194763762584
0.0029027605423472477
0.0028984895628280777
0.0028949463880323188
0.002858895894124885
0.0028553806762834405
0.0028518969298743733
0.0028480829032618555
0.0028441191486057687
0.002840571740793892
0.002837131623139069
0.002833697113596752
0.002830246666908213
0.0028265575333026685
0.002823130559256437
0.002816522446388463
0.0028129639258345387
0.002809577560616707
0.0028030006469109067
0.002799644122634757
0.002788319598706308
0.0027849499202200795
0.002781233521219403
0.0027936160465593064
0.002790275147004321
0.002786950018760699
0.002783639149761493
0.00278032560339684
0.0027678677950531217
0.0027645568045615103
0.0027559979739105694
0.002751148998956233
0.002747904585232533
0.002713210641516813
0.002710014684569038
0.00270680707011998
0.0027032243050934377
0.0026999202661309955
0.002696499034350504
0.0026933404878432756
0.0026892010539489317
0.002685615604930708
0.002682464400596131
0.0026793260204359824
0.002723817467881614
0.0027206475167152466
0.002717218977008531
0.0027130556977353355
0.002709892972117912
0.002749916174263834
0.002715901879254605
0.0027127422369274574
0.0027087337469334644
0.0027054681645396618
0.002702208956372017
0.0027547450412150495
0.0027513860540256804
0.0027482003264878933
0.0027449628968629473
0.00274182037558065
0.002738680783115319
0.002735404172348161
0.002732248954787585
0.0027213913475020945
0.002718211540407712
0.0027147644483369628
0.002711668959645984
0.002708521667005498
0.002674074861062515
0.0026710243340810143
0.002661745342477707
0.0026583586661313107
0.002655169788052286
0.002651625380388965
0.0026486456984131878
0.0026456503118873283
0.0026425012503823774
0.0026394592976272625
0.0026365034552385414
0.002632838410329975
0.0026295461071476
0.002626594981359823
0.002623658149471886
0.0026207360425866753
0.0026176277649881006
0.002614704775762085
0.002611269578938461
0.0026083721687195542
0.002654117150381205
0.0026508944665347587
0.002647957737286107
0.0026450348461253517
0.0026421129294843374
0.002609867916354309
0.0026040664011902455
0.0026011868018359988
0.0026392458485016974
0.0026801323113285294
0.0026771482924262545
0.002666881054684788
0.002663935866594292
0.00266094236449067
0.0026580384486522674
0.002652709568334172
0.002649517885543316
0.002646596740380378
0.0026437110277092416
0.002640840033560934
0.00263070126650713
0.0026278521250489
0.002595858170471536
0.0025927642739878133
0.0025891459736536223
0.002586357502130141
0.00258354913219937
0.0025799109860069054
0.0025770928598200997
0.0025738956847841258
0.0025711362581277157
0.0025670335533578225
