0.0025651798460136948
0.0025654476394686068
0.002572573930424557
0.00252916990556262
0.002529191842065015
0.002498692655704012
0.002498748781067565
0.002499626477638217
0.0024554439905925
0.002455642295917767
0.0024556740537700567
0.002455849449470779
0.0024558709158581907
0.0024401775372564073
0.002396485288613354
0.0023964962320765218
0.002339074700821559
0.002339447896022555
0.0023395402292293666
0.0022940398962356333
0.0022904475834470517
0.0022830434272665344
0.002283139176802325
0.002237771483165632
0.002237783141111349
0.0022379050537023023
0.0022377496585537318
0.002240943221439979
0.0022418004910069803
0.002234363798211688
0.0022358822554195746
0.0022365905043060423
0.002150914783915833
0.0021510140204192623
0.0021511005796489677
0.002147533455822518
0.0020558825155702542
0.002056940204768333
0.0020569930708684942
0.0020641573763604086
0.002064228436472495
0.0020600475381306296
0.0020376926202204447
0.002020329967826416
0.0019776618373441514
0.0019286252882491934
0.0019134892911899586
0.0019136204586667933
0.0019136453765625733
0.0019165004015795348
0.0019167900752655323
0.001902535856852025
0.0019025499906768913
0.0019027119436953366
0.0019027296563390072
0.0019027636728753579
0.0018953698610630818
0.0018953786062606598
0.0018954739369779915
0.0018959073361654903
0.0018853265726067022
0.001892450781204116
0.0018924678380407487
0.001878247596031806
0.001874441371053443
0.0018685988672385177
0.00186914145985954
0.0018693259063901934
0.0018693355367612628
0.001869420704887974
0.0018694438080894616
0.0018734164112734096
0.0018762895309876058
0.001869035554305072
0.0018619585158810871
0.0018175391989654886
0.0018204510194002306
0.001819325265825838
0.0018094331991335636
0.0018095788387463842
0.0018090017837687307
0.0018090107566405382
0.001809169960774374
0.001809177487152903
0.0018096485745494229
0.0018097270194340589
0.0018091151358291657
0.0017655452195024124
0.001765591182530842
0.0017656234756472928
0.0017670561750995663
0.0017510697098686518
0.001752526035176133
0.0017533976098070335
0.0017505052664319486
0.0017504834950262003
0.0017434399615620904
0.0017290090546366358
0.0017290277610311087
0.0017290454780996114
0.0017291075095380861
0.0017266075049016504
0.0017295004632872518
0.001715262287431928
0.0016725351881787132
0.001629435344540952
0.0016308687487193376
0.0016309582381478888
0.0016309611877814351
0.0016310821685942862
0.001631167150346518
0.001631176265758248
0.0016313407152771346
0.0016313600847379568
0.0016313679149906552
0.001631662008615595
0.0016390430769496654
0.0016392345715630116
0.0016108415936775646
0.0016112015750259277
0.001611204772295651
0.0015679622131856948
0.001568017900760338
0.0015680909417932348
0.0015678242832725137
0.001567997626394213
0.0015680942627639993
0.0015681117205644385
0.0015681138829380624
0.0015681348272325096
0.0015681816757357732
0.0015724704989107448
0.0015717687369637078
0.0015717760867908312
0.0015790772398950473
0.0015819328678863243
0.0015898751451281167
0.001589997849218802
0.0015985499852169676
0.0015986441044125031
0.0016058005114988761
0.001605898730038695
0.0016060338577829235
0.0016030250516863576
0.0015844087520679808
0.0015844277215153846
0.0015844991111827612
0.0015404673346112812
0.0015407327748491078
0.001540924419071263
0.001540970120903635
0.001541357196460476
0.0015404176231592211
0.001540449466123696
0.0015219153807567863
0.00152194139578544
0.0015219592836555628
0.0015222945925931857
0.001520906503383018
0.0015218297332881272
0.001521851021692514
0.0015213300154330927
0.001514513452992981
0.0015082382069064521
0.0015082943238181295
0.001508321424716432
0.001479830640505821
0.0014799095120307762
0.0014799296106841157
0.0014801835281169295
0.001430227162115157
0.001430234593763285
0.0014302177765601971
0.001458771059979243
0.0014591375096429918
0.0014591461866945241
0.0014591736726258843
0.00145841096669406
0.0014584798201882027
0.0014584819524688314
0.001457218040553484
0.0014572721426706937
0.0014574878288517144
0.0014574907980383083
0.0014575741618401562
0.001457576926987551
0.001460429737666553
0.0014576553762099022
0.0014578719234676874
0.0014180480379098212
0.0013600774973070247
0.0013595749888304402
0.0013599161857076178
0.001360730642515803
0.0012963460002430834
0.0012977937053692944
0.0012978142968505155
0.001327741131118211
0.0013278494196062485
0.001327877577825027
0.0013199607515470674
0.0013124138206381253
0.001312419475365336
0.0013124217092404195
0.0013124606004101403
0.0013124881025350491
0.0012623640030219468
0.0012623963385950912
0.001262451093231544
0.0012628142031965983
0.0012601007582631388
0.001260456482774712
0.0012467308648557143
0.0012467875740780924
0.0012467879297861837
0.001246706615065055
0.001246839187012462
0.00124687361119584
0.0012468813098992742
0.0012470585573767254
0.001247068485884806
0.0012470727359448334
0.001247174380083041
0.001247217486138102
0.0012472338067742433
0.0012472383173363756
0.0012472384943217295
0.0012469029682081827
0.0012470186404554835
0.001249927219276115
0.0012499350046160903
0.0012499670693479927
0.0012504764885175779
0.0012504787409774185
0.0012507315251547278
0.0012507589119608977
0.0012507759740047176
0.001250802627231905
0.0012508452330092915
0.0012422478602014974
0.0011939498510052072
0.0011939960063598251
0.0011940613473485206
0.0011861794637836257
0.0011861795502539785
0.0011391543156986854
0.0011388328130211456
0.0011388538277670927
0.0011391935397101357
0.0010786761441562145
0.0010786914985744843
0.001078956451829919
0.001078962126967401
0.0010720372983096097
0.0010794589113750678
0.0009940395738400126
0.0009941363488460515
0.0010012619568791257
0.0010026883990865677
0.0010026935643553897
0.0010029314009478722
0.001002949062786741
0.001001729915361943
0.0010017593112267562
0.0010017069880705655
0.0010017324630565807
0.0010032901083415183
0.001003327339114667
0.0010033311469500813
0.0009890344079522412
0.0009731341631423651
0.0009753762124588035
0.000975422925274164
0.0009754272837183248
0.0010039777833392074
0.0010333203675064908
0.0009905563971839364
0.0009473172179411499
0.0009475511738225073
0.0009504034030813187
0.0009504598987321007
0.0009504605856890588
0.0009519347706067725
0.0009519357445000535
0.0009405495795041454
0.0009360715419473953
0.0009284124227566976
0.000928415347717956
0.0009284159962739549
0.0009284553520716112
0.0009292828840541648
0.0009292893044389767
0.0009292750134653999
0.0009292753880397389
0.0009292776042591781
0.000929295280313008
0.0009293106487627461
0.0009303056414567394
0.0009303221062322713
0.000930331356483372
0.000930341590050243
0.0009303646222353565
0.0009308734814747136
0.0009308983152349471
0.0009309015634488626
0.0009309019706642361
0.0009310801654986162
0.0009314257944136539
0.0009314315805481493
0.0009315609063221482
0.0009315656581874882
0.0009315745657965102
0.0009315007757124663
0.0009315447166665765
0.0009315535045164769
0.0009315636192083007
0.0009319323005237693
0.0009321699383404254
0.0009336415568778583
0.0009336513925327718
0.0009336874465915365
0.0009339252177537512
0.0009339265107786248
0.0009340078110860543
0.0009340358909176803
0.0009340504929007521
0.0009340751897440275
0.0009340933151268025
0.0009370362097887895
0.0009370672404610712
0.0009339758680605778
0.0009341132201431044
0.0009342151470633197
0.0009342156257727982
0.0009342739926635753
0.0009342976729833138
0.0009343004579042644
0.0009344809602551392
0.0009373626598391408
0.0009374056109762311
0.0008804598931564713
0.0008804944627150685
0.0008805107710266941
0.0008805460353046582
0.000880615089578569
0.0008812486770500152
0.0008826943817204065
0.0008827768892916028
0.0008400338600375215
0.000840038026067606
0.000840038206367092
0.0008404056478125275
0.000796478579566718
0.0007965511444247113
0.0007943977673991498
0.0007944324709771869
0.0007944374876482424
0.0007945026145910435
0.0007517504456164283
0.0007354264969711033
0.0007354270256560273
0.0007354718884608184
0.0007347778818542393
0.0007348079210704313
0.0007338249678702486
0.0007338249678702486
0.000733847894414497
0.0007338486962878753
0.0007338552210847291
0.000726506017161493
0.0007264474643690113
0.0007269623652291807
0.0007270263787528017
0.0007284640979020733
0.0007292783553927635
0.0007293109308712594
0.0007290426532755189
0.0007290467825649365
0.0007286888977727331
0.0007289274858894325
0.0007290430738130617
0.0007291049424122661
0.0006857781632947825
0.0006886817598866095
0.00068868268691564
0.0006888153641189641
0.0006888163040037408
0.000645304084315067
0.0006453082155051763
0.0006453329629636544
0.0006453842095663978
0.0006453854363091329
0.0006268679905734024
0.0006276826832253734
0.0006277339022308005
0.000627840022441044
0.0006278880456577397
0.000627951090965518
0.0006279515447976154
0.0006207853278846061
0.0006207857838427493
0.0006207862548660613
0.0006207974281305311
0.0006208637873347434
0.0006208641419007287
0.0006162409628261647
0.0006162415204693115
0.0005731275792334916
0.000573128805297187
0.0005733232174215478
0.0005733277320005496
0.0005733716017190972
0.0005733971360012664
0.0005733976878110365
0.00048359395238343903
0.000483594956845182
0.0004827397794758402
0.0004824788093166939
0.00048252870494019896
0.0004825423601938038
0.0004776699678871222
0.00047665364112945866
0.0004766540681015504
0.0004738431577673516
0.000417261707081021
0.0004172648122186353
0.00041633263395214794
0.00041716583079512556
0.00041716688721401765
0.00041728161456043073
0.0004173455536161613
0.0004173459227800952
0.0003749284254334928
0.00033182470176307515
0.0003288998547856176
0.00032896522765213517
0.0003289654303001988
0.000328966571232689
0.0003289828037704657
0.00032898425554732754
0.0003290864743263997
0.0003290866987548661
0.0003291083462320581
0.0003291094761030102
0.00031468501843089156
0.00031499280481042555
0.00031499280481042555
0.000314998549995386
0.00031345556095934096
0.0003134638471814507
0.00030211656374296524
0.00030211778423025037
0.0003012665104296218
0.0003012676739233699
0.0003012729100672488
0.0003014036091870459
0.0003014049035658268
0.00030140529270288177
0.0003014064523913171
0.0002885823088573972
0.0002887551320319925
0.0002887551985803644
0.00028875750299896035
0.00029160760496081255
0.00024821466904719906
0.00024841159764552837
0.0002484263040162051
0.0002484263637521309
0.0002484264883770785
0.00024842986629521556
0.00024843082964833165
0.0002484501663535008
0.0002557037807733974
0.00025861838662615536
0.00025861848913960795
0.000258643485733822
0.00025864720535680126
0.0002586507433965686
0.0002587036622867913
0.0002587043681481823
0.00025870462703963686
0.00025870550360050935
0.00025870555702152767
0.0002587355329859424
0.00025873657721782266
0.00025897404486285603
0.0002589748595074016
0.0002515825731912723
0.000251583191731968
0.00025158345964693135
0.0002801795147359226
0.0002810291530698329
0.0002810291530698329
0.0002810297563272799
0.00028137192963368935
0.0002813722455584187
0.00027668540481161103
0.00027676381931638104
0.00027582166799684804
0.0002759213047709879
0.00023245307985392608
0.00023245410785238945
0.00023263459816292518
0.00023263568434998073
0.00023269879038599343
0.00023269882991013753
0.00023269882991013753
0.00023269882991013753
0.00023270286099603388
0.00023270286099603388
0.00023283238880241573
0.00023283871640790123
0.0002329160058285564
0.00023299437349342763
0.00023299907558153556
0.00023299911773981698
0.00023299911773981698
0.0001902124807440448
0.00019025451883555058
0.00019030544747248196
0.00019047819449180892
0.00019047823834377335
0.00019047823834377335
0.00019050397514113826
0.0001905042818349311
0.0001889342942522731
0.00018944332858298148
0.00018944332858298148
0.00018944859591505742
0.00018944974476675086
0.00018944983543614188
0.00018944983543614188
0.00018944992857267717
0.0001894503246821768
0.00018945384997583065
0.00018945384997583065
0.00013246867138549335
0.00013297753062485056
0.00013298090854298758
0.00013298679330806036
0.00013298697266993229
0.0001329871162380478
8.92859218494438e-05
8.928606955894722e-05
8.929377751631317e-05
8.929396128872295e-05
8.929416349865342e-05
4.648423974910645e-05
4.648439623176143e-05
4.6484587607158546e-05
4.650067801788921e-05
4.650212856562095e-05
4.656495391224228e-05
4.656498980187532e-05
4.656498980187532e-05
4.656519216879168e-05
4.6565266551089305e-05
4.661638351228955e-05
4.661661996943464e-05
4.661665908733271e-05
4.661665908733271e-05
4.6695196090881664e-05
4.8120042839055816e-05
4.812008432714878e-05
4.812028726203985e-05
4.812049533702851e-05
4.812772782420611e-05
4.812772782420611e-05
4.812772782420611e-05
4.812793596255593e-05
4.814665345613436e-05
3.334890595478182e-05
3.334917657897684e-05
3.335054493995663e-05
3.335077576652882e-05
3.33674724700541e-05
3.3414076395119643e-05
3.341431340454645e-05
3.3443902841113365e-05
3.344417003975008e-05
3.344438155298984e-05
3.344440609153128e-05
3.3446303301388255e-05
3.3448261711086154e-05
3.3448543972807813e-05
3.3448543972807813e-05
3.34504231347777e-05
3.3452393114942994e-05
3.3487824643784925e-05
3.348785121495399e-05
3.348785121495399e-05
3.355070696046211e-05
3.355073396485675e-05
3.355076141194639e-05
3.355350429941703e-05
3.4978310169617214e-05
3.49786055886241e-05
3.497890961206807e-05
3.497890961206807e-05
3.497890961206807e-05
3.497890961206807e-05
3.498111106774843e-05
3.498131050865971e-05
3.4981338870596795e-05
3.49816806705428e-05
3.4982002931852086e-05
3.498233486100064e-05
3.4982940731410676e-05
3.498335919368737e-05
3.498598714262305e-05
3.498598714262305e-05
3.4986229704058224e-05
3.498626002136666e-05
3.783645878328738e-05
3.784620104564772e-05
3.78471200867873e-05
3.784740291581048e-05
3.7848306150882885e-05
3.785089365707481e-05
3.785142217989438e-05
3.580399727301933e-05
3.580475750104835e-05
3.580495694195963e-05
3.58051628164487e-05
3.5805375404236316e-05
3.5013854384920795e-05
3.5013854384920795e-05
2.8692026658318293e-05
2.8703285768557055e-05
2.8703595910124993e-05
2.870391768200173e-05
2.870659086374695e-05
2.870659086374695e-05
2.870659086374695e-05
2.870692485480888e-05
2.870692485480888e-05
2.870692485480888e-05
2.871931447107149e-05
2.871931447107149e-05
2.871931447107149e-05
2.87196613079435e-05
2.142688827877971e-05
2.142688827877971e-05
2.142688827877971e-05
2.142688827877971e-05
2.142688827877971e-05
2.142688827877971e-05
2.142688827877971e-05
2.142688827877971e-05
2.142688827877971e-05
2.142688827877971e-05
2.142688827877971e-05
2.142688827877971e-05
2.142688827877971e-05
2.142688827877971e-05
2.142977250118902e-05
2.142977250118902e-05
2.1432890579469356e-05
2.1432890579469356e-05
2.1432890579469356e-05
2.1432890579469356e-05
2.1432890579469356e-05
2.1432890579469356e-05
2.1432890579469356e-05
2.1432890579469356e-05
2.1432890579469356e-05
2.1432890579469356e-05
2.8556919930470286e-05
2.8556919930470286e-05
2.8556919930470286e-05
2.8556919930470286e-05
2.8556919930470286e-05
2.8556919930470286e-05
2.8556919930470286e-05
2.8560297848607317e-05
2.8567956355442368e-05
2.8567956355442368e-05
2.8567956355442368e-05
2.857231023128714e-05
2.857231023128714e-05
2.857231023128714e-05
2.857231023128714e-05
2.857231023128714e-05
2.857231023128714e-05
2.857231023128714e-05
2.857231023128714e-05
2.857231023128714e-05
2.857231023128714e-05
2.8577072282992347e-05
2.8577072282992347e-05
2.8577072282992347e-05
2.8577072282992347e-05
2.8577072282992347e-05
2.8577072282992347e-05
2.8577072282992347e-05
2.8577072282992347e-05
2.8577072282992347e-05
2.8577072282992347e-05
2.8577072282992347e-05
2.8577072282992347e-05
2.8577072282992347e-05
2.8582295178410975e-05
2.8582295178410975e-05
2.8582295178410975e-05
2.8582295178410975e-05
2.8582295178410975e-05
2.8582295178410975e-05
2.8582295178410975e-05
2.8582295178410975e-05
2.8582295178410975e-05
2.8582295178410975e-05
2.8588040363371453e-05
2.8588040363371453e-05
2.8588040363371453e-05
2.8588040363371453e-05
2.8588040363371453e-05
2.8588040363371453e-05
2.8588040363371453e-05
2.8588040363371453e-05
2.8588040363371453e-05
2.8588040363371453e-05
2.8588040363371453e-05
2.8588040363371453e-05
2.8588040363371453e-05
2.8588040363371453e-05
2.8588040363371453e-05
2.8588040363371453e-05
2.8588040363371453e-05
2.8588040363371453e-05
2.8588040363371453e-05
2.8588040363371453e-05
2.8588040363371453e-05
2.8588040363371453e-05
2.8588040363371453e-05
2.8588040363371453e-05
2.8588040363371453e-05
2.8588040363371453e-05
2.8588040363371453e-05
2.8588040363371453e-05
2.8588040363371453e-05
2.8588040363371453e-05
2.8588040363371453e-05
2.8588040363371453e-05
2.8588040363371453e-05
2.8588040363371453e-05
2.8588040363371453e-05
2.8594379877810616e-05
2.8594379877810616e-05
2.8594379877810616e-05
2.8601398625939674e-05
2.8609197234971973e-05
2.8609197234971973e-05
2.8609197234971973e-05
2.8609197234971973e-05
2.8609197234971973e-05
2.8609197234971973e-05
2.8609197234971973e-05
2.8609197234971973e-05
2.8609197234971973e-05
2.8609197234971973e-05
2.8609197234971973e-05
2.8609197234971973e-05
2.8609197234971973e-05
2.8609197234971973e-05
2.8609197234971973e-05
2.8609197234971973e-05
2.8609197234971973e-05
2.8609197234971973e-05
2.8609197234971973e-05
2.8609197234971973e-05
2.8609197234971973e-05
2.861789568350799e-05
2.861789568350799e-05
2.861789568350799e-05
2.861789568350799e-05
2.861789568350799e-05
2.861789568350799e-05
2.861789568350799e-05
2.863859799102372e-05
2.863859799102372e-05
2.863859799102372e-05
2.865098760728633e-05
2.865098760728633e-05
2.8665066716675662e-05
2.8665066716675662e-05
2.8665066716675662e-05
2.8665066716675662e-05
2.8665066716675662e-05
2.8665066716675662e-05
2.8665066716675662e-05
2.8665066716675662e-05
2.8665066716675662e-05
2.8665066716675662e-05
2.8665066716675662e-05
2.8681157127406327e-05
2.8681157127406327e-05
2.8681157127406327e-05
2.8681157127406327e-05
2.8681157127406327e-05
0.0
0.0
0.0
0.0
0.0
0.0
0.0
0.0
0.0
0.0
0.0
0.0
0.0
0.0
0.0
0.0
0.0
0.0
0.0
0.0
0.0
0.0
0.0
0.0
0.0
0.0
0.0
0.0
0.0
0.0
0.0
0.0
0.0
0.0
0.0
0.0
0.0
0.0
0.0
0.0
0.0
0.0
0.0
0.0
0.0
0.0
0.0
0.0
0.0
0.0
0.0
0.0
0.0
0.0
0.0
0.0
0.0
0.0
0.0
0.0
0.0
0.0
0.0
0.0
0.0
0.0
0.0
0.0
0.0
0.0
0.0
0.0
0.0
0.0
0.0
0.0
0.0
0.0
0.0
0.0
0.0
0.0
0.0
0.0
0.0
0.0
0.0
0.0
0.0
0.0
0.0
0.0
0.0
0.0
0.0
0.0
0.0
0.0
0.0
0.0
0.0
0.0
0.0
0.0
0.0
0.0
0.0
0.0
0.0
0.0
0.0
0.0
0.0
0.0
0.0
0.0
0.0
0.0
0.0
0.0
0.0
0.0
0.0
0.0
0.0
0.0
0.0
0.0
0.0
0.0
0.0
0.0
0.0
0.0
0.0
0.0
