0.0026050591013751156
0.002605140086294799
0.0026052094738731454
0.0025625093380176643
0.0025618046578003446
0.002561830248993763
0.002561845493425054
0.0025621047064232905
0.0025651589171970354
0.0025715122236482433
0.002562260247640405
0.0025622622169224605
0.0025623731371898027
0.0025695041852889324
0.0025980176692695692
0.0026052638967318928
0.00261241439466004
0.0026127765364244476
0.0026127822414389735
0.0025976049073357516
0.0025976185905003885
0.0025976346851846865
0.0025847869850722013
0.002570840011560941
0.002570596258532147
0.0025180865564323873
0.0024321883109876025
0.0024176977722722
0.0024204235010354016
0.0024204714196855003
0.0024034105636115094
0.0023959676133622093
0.0023962014519949525
0.002346438559250456
0.0023386218064754
0.002339186414857992
0.0023395419706161284
0.0023395505439885553
0.0023398941005132773
0.0023472204426640436
0.0023472629145110733
0.002348447371121228
0.002348481250940444
0.0023491010953380236
0.002351144039133403
0.002350918152533722
0.0023512804183965603
0.0023542445066567813
0.002354287638125756
0.002354532911286145
0.0023399700688027394
0.0023397427323506824
0.002339779005070325
0.0023398384266589997
0.002339840923453374
0.002339866393117474
0.0023396819624357675
0.0023397164034780348
0.002339863026606287
0.0023398967323327315
0.0023404099874115313
0.0023405715590713505
0.0023406000021161224
0.0023411377056714406
0.0023418167428643382
0.0023489642605334722
0.0023489848913516103
0.002349185141728396
0.0023491861804437637
0.002348132127169208
0.002348197919683251
0.002305360030433055
0.0023053927667698844
0.0023054128732139354
0.002305312358051851
0.0023053158772512903
0.002305329300169747
0.0022916147746713834
0.0022916641283112506
0.002292263023757422
0.0022882241323330514
0.002315072731284007
0.002315077569885276
0.0023007015570002238
0.0022508497259767606
0.002251117906868599
0.002204822653333743
0.0022056875934656703
0.002205716862506586
0.0022057240553000896
0.002205728266626544
0.0021171619558419197
0.0021171739483040043
0.00211717463566704
0.0021172770640617068
0.002117352926031634
0.0021174396346917927
0.0021190512805636785
0.0021190401138708173
0.0021200313140201893
0.002120095784452552
0.0021208600660065358
0.0021208609823301985
0.002120893803125901
0.002121070793164981
0.002121585891908106
0.002076023128905807
0.002076119737473776
0.0020764688302821036
0.0020551191253537237
0.002052226000244024
0.002051302214127497
0.002051406570498242
0.0020078739871819268
0.0019737902459603007
0.0019740929115115674
0.0019728965046583447
0.001972905491756414
0.00196377916474864
0.0019637992734054363
0.001964150955814812
0.001964406071834908
0.001964411026443959
0.0019644167067892075
0.0019644471094641368
0.0019126504554463869
0.0019127111934291046
0.001912741776350926
0.0019127717933480537
0.0018984978005433788
0.0018986105505837687
0.0018907971777485464
0.001887590131185807
0.0018876057055600263
0.001887652569205439
0.0018713846219317609
0.0018714298496832096
0.001828590335053615
0.0018146975948716395
0.0018148630298950173
0.0018156327540557573
0.0018169823263919126
0.0018127693143977926
0.001812775059582753
0.0017681713292917356
0.0017252650742103446
0.0017252821064710363
0.0017252906104978961
0.0017254303757099105
0.0017325907240653747
0.0017326543991375083
0.001739816685316214
0.0017387185293295175
0.0017387281089620542
0.0017396546625940649
0.0017396699099151553
0.0017398622789652279
0.0017402084487040342
0.0017402107324872636
0.0017430709381868793
0.0017501083846985384
0.0017491771887102893
0.0017491776975884995
0.0017064214690650037
0.001707060256218282
0.0017070857562869095
0.0017071040971742496
0.0017071159546744664
0.0017051321400698004
0.0017022403064651265
0.0017022449920470915
0.001702253812335701
0.0017031186152324323
0.0016659794045784976
0.001623194563546809
0.0016231963906390295
0.0016246263695277414
0.0015818847412417806
0.00158190122489897
0.0015813595199738863
0.0015813898659914026
0.0015814076666108025
0.001582238335583494
0.0015822416827099913
0.0015822445670787058
0.0015822448990078547
0.0015829410487599187
0.0015829598322765952
0.001582961983901286
0.0015757163121110256
0.0015757419510605767
0.001604261564884017
0.0016013895207826285
0.0016148621813350257
0.001614904502847157
0.0016148282228590194
0.0016148435781132623
0.0015701283228331333
0.0015273652917505108
0.0015277877157675263
0.0015280378950723815
0.0015281550069457688
0.0015274212421547105
0.0015277651433853534
0.0015208096694580226
0.0015208475610475202
0.0015211983403265713
0.0015213645336616974
0.0015215059285017538
0.001521608651563977
0.0014791437539380958
0.0014363751359145168
0.0014363969889776085
0.0014364060956337493
0.0014366437253613721
0.0014366534338758616
0.001438128641208861
0.0014381552883437742
0.0014381670161188916
0.0014238108058358078
0.0014238769858533503
0.0014208841423777347
0.001420892319257029
0.001420938428626949
0.001378207640015947
0.0013782439768593867
0.0013782453829713007
0.0013782480127751695
0.0014071015038744118
0.0014071265197147375
0.0014074693385728904
0.0014047399860977168
0.0014047653451835212
0.0014047696440351793
0.001404774718944755
0.0014048455519131144
0.001404883399849501
0.0014037135939372332
0.001403758620067663
0.001404104738564556
0.0014098374534612743
0.0014098875431616494
0.0014100231734220563
0.0013648825085456277
0.0013649149986418008
0.0013649284083581386
0.001365019414163402
0.0013650575643906343
0.0013650580141044732
0.001365305418448824
0.0013655043459789662
0.0013656437877617277
0.0013656559857147996
0.00136566427996642
0.0013657100982814613
0.001365726910748462
0.001365831071355783
0.0013667628691657605
0.001366771463497428
0.0013665931356895576
0.0013669889003579444
0.0013669910511549118
0.0013669944010161004
0.001366995449767936
0.0012818834765711369
0.0012819398505094066
0.0012819512376942483
0.0012890813352371396
0.0012804241859979376
0.0012804253603809581
0.0012804931088884765
0.001278110034180145
0.0012784902600978625
0.0012314545000025733
0.0012314672145880324
0.0012314717058192503
0.0012319686037093138
0.0012319716487952316
0.0012319784213527783
0.0012319847161376021
0.0012320241841969875
0.001232542585012865
0.001231463575953463
0.0012314638495173214
0.0012143814437160143
0.0011289473387782237
0.0011290843155003665
0.001130294830228812
0.0011303088455071658
0.0011303092244467588
0.001130490774269969
0.001130498776190747
0.001130511710773923
0.0011306866813001089
0.001130687785083012
0.0011315268415986355
0.0011315537973531132
0.0011315779995323516
0.001128522220331215
0.0011285429381887372
0.0011269862448291897
0.0010799023789526475
0.0010799115959879487
0.0010385963043027207
0.0010386436267059917
0.0010421851225509587
0.0010279831378977602
0.0010280230340832736
0.0010283655157758682
0.0010283660980351472
0.000983592761838728
0.0009759930083311812
0.0009760225959397683
0.0009767308233846676
0.0009767352940897112
0.0009767587648010162
0.0009768039916244926
0.000976824771596989
0.000976852241547568
0.0009768779855088949
0.000976375744175922
0.0008906329941770543
0.0008912029795336743
0.0008912119500590674
0.0008770042033114215
0.000877038535612429
0.0008770508436835506
0.0008770940492343595
0.0008343400647321409
0.0008343494859182661
0.0008330806863434187
0.000833134006043781
0.0008331829239379648
0.0008189955903541425
0.000819813614725778
0.0008198894843647668
0.0008198977176105867
0.0008199539590220188
0.0008204793667416736
0.0008061780553647964
0.000806180347245267
0.0008072388778713986
0.0008072640102040704
0.0008072647025455694
0.000807268448008526
0.0008080844901914171
0.0008081633893139502
0.0008153113624835711
0.000815312910707651
0.0008013788306421441
0.0008014220104104278
0.0008014285572222194
0.0008014654500688678
0.0008014665378314897
0.0008014668960900465
0.0008014725252012038
0.00080147322224893
0.0008023059715844908
0.0008023613990325639
0.0008024153423907605
0.0008024312813061963
0.0008024337926500476
0.0008024447129522411
0.0008026180506114653
0.0008026963702568627
0.0008041353235467784
0.0008041426177882923
0.0008041574206273122
0.0008038974862538616
0.0008037528275028632
0.000803852464277003
0.0007896977955495391
0.0007897047758373354
0.0007897053579752335
0.0007911310229682785
0.0007911390879301621
0.0007911484359774848
0.0007911626289275027
0.0007911630593503132
0.0008196665760467389
0.000819667225254994
0.0008197173462718855
0.0008197226099442088
0.000819723438958927
0.0008198266034994937
0.0008198320848396557
0.0008198912000769702
0.0008198952392060416
0.000820715400826736
0.0008207554586037573
0.0008208263601874264
0.0008213356691406224
0.0008214203637543114
0.0008214672448428559
0.0008042239519178582
0.0008042246317899206
0.0007616188576382078
0.000763247774577459
0.0007646779952517076
0.000766126234957136
0.0007661563426125672
0.0007676089298504139
0.0007676093724963765
0.0007668608760697931
0.0007525007664762185
0.0007524219011562916
0.0007528016695982284
0.0007528044947042732
0.0007479557309631942
0.0007479574091496081
0.0007385234139564784
0.0006958053798338107
0.0006958103345452227
0.0006958266114412145
0.0006958435700724244
0.0006958437702376176
0.0006958491019694797
0.0006958525954466614
0.0006946058339267654
0.0006946161846522116
0.0006873639106146398
0.0006446528290124149
0.0006446533275972015
0.000644926181704291
0.0006449422800626208
0.0006734544746807111
0.0006734736514487995
0.0006582756993394323
0.0006583278746804452
0.0006070353701236089
0.000609743215165377
0.0006097442337819657
0.000609795672564573
0.0006098206620764788
0.0006098243336664791
0.0006100031292139165
0.0006101334530787764
0.0005533994048553743
0.0005534037643020078
0.000554106297903443
0.00055412512364766
0.0005829612972409873
0.000582969189600883
0.0005829784801348539
0.0005829784801348539
0.000582990353650777
0.0005830059081276237
0.0005830059081276237
0.0005787001053027006
0.0006072176483588877
0.0006077307073181546
0.0006077311934264289
0.0006078254789973185
0.0006078382585267093
0.0006078382585267093
0.0006078401752220689
0.0006078568846769184
0.0006078574705226782
0.0006078824648704283
0.0006078940843473739
0.000607911481244446
0.0005874210092631768
0.000544113260182532
0.0005441142689069328
0.0005441322751412425
0.0005441453719399501
0.000544148292493671
0.0004871478524889597
0.0004872060580014842
0.0004872314446648962
0.00048725102360987373
0.0004872756269587845
0.00048744903439533997
0.00048746358578698423
0.0004874739691244699
0.0004874741955144445
0.00048750402763149826
0.0004875176348800385
0.0004731869763242662
0.0004731880673659078
0.00047322374185528054
0.00042983039991351026
0.0003840579123320314
0.0003840968190753484
0.0003841307156512668
0.000384130822999147
0.00038413360455113305
0.00038413395138800515
0.0003841357976464523
0.0003841386818688616
0.00038678864893877934
0.0003867887604550809
0.00038680364546769634
0.00038681253341309705
0.00038652786422577835
0.00038652872975531376
0.0003865293606585499
0.0003865295316395288
0.0003873442427822489
0.00037973632800343933
0.00037973632800343933
0.00037973644027765357
0.0003797521389631637
0.00037979819943690686
0.0003812244092216023
0.0003812244092216023
0.00038133659088389116
0.00038135708823491783
0.0003813572618065177
0.0003813576169333277
0.0003328074417774447
0.00033283816344670405
0.0003331818659827187
0.0003331906952582567
0.0002901667122375852
0.0002901668696672029
0.00032151275947051277
0.00032151275947051277
0.00032437159036190834
0.00032139089523877716
0.0003213909700095423
0.0003213921956074348
0.0003214064634683464
0.00032140658889791653
0.00032147357160322066
0.0003215003521655004
0.0003215003521655004
0.0003215776831013388
0.00032161227748440973
0.00032161293762774415
0.00035012109612689394
0.0003501212982308809
0.0003501218175885649
0.00035012235527652
0.0003501386197911737
0.00034182688401376653
0.0003418270871244065
0.000341828393535583
0.0003418287203184066
0.0003418631559411404
0.00034186341305670595
0.00034194169909353015
0.00034194252858430445
0.00034194407526892256
0.0003419441523279427
0.00034197868763163127
0.00034201035747418986
0.00034201043620231533
0.00034202395738764464
0.000342025470700803
0.0003420454644432061
0.0003418466920338779
0.00034184833958923196
0.0002990149275779785
0.0002995558453168496
0.00029955671834757855
0.0002995783434406733
0.00029960487230211555
0.0002996056362763586
0.00029960766017784226
0.00029962962530028983
0.00029962990061340746
0.00029964404120991564
0.00029977363282309864
0.0002997741313992058
0.00029979652190537397
0.00030076550673060337
0.0002927298358142156
0.0002928273863561799
0.00029054082519048674
0.00029055763630121115
0.0002905748391964414
0.0002905748851348037
0.0002906125421890292
0.00029063104616136945
0.000290631806120917
0.0002906322303426284
0.0002934826633515009
0.00029356435941583304
0.00029356501179947326
0.0002935658937112969
0.00029356621239838966
0.00029356621239838966
0.00029362960917865067
0.0002936459424261833
0.00029368308006660904
0.0002936831590290328
0.00029372521911001014
0.00029372906203610537
0.0002937509784798613
0.00029385583814941975
0.00029385616372475863
0.0002939865024240516
0.00029403071815448133
0.0002940316606141338
0.0002940326132472369
0.0002940336153479904
0.000294063939438689
0.0002940640330704276
0.000294064254585078
0.0002868999610965016
0.0002856281480841839
0.00028565755584208284
0.00028568701629884044
0.0002857299728834455
0.00028575373365655237
0.0002857551699280131
0.0002844183572506446
0.0002844183572506446
0.0002846260381891669
0.00028465544594706576
0.00028465921920411513
0.00028465921920411513
0.0002847012286370184
0.00029186023591156607
0.0002919113419771257
0.0002919114004464116
0.0002919114004464116
0.00029191407362815685
0.0002919143504147919
0.00029191441045718
0.00029191441045718
0.00029191458347908704
0.00029191464515151944
0.0002919148221861618
0.0002919511696649326
0.0002919930757199385
0.00029199325938268286
0.00029199325938268286
0.0002919935125026818
0.00029201988079512084
0.0002920631547513078
0.0002920647266074236
0.00029206775138833195
0.00029206782316759796
0.00029211910770507866
0.0002921239937845326
0.00029212406869940033
0.00029212414469999086
0.000292124986713706
0.0002921252008977747
0.0002921880714290239
0.0002922665246628628
0.00028419408921703554
0.00028419437670128766
0.00028419500143137384
0.0002841951346039276
0.00028419702502749925
0.0002841988720664806
0.0002842284319415919
0.00028422874689939577
0.00024091121113770065
0.00024091128139064753
0.00024091144833921686
0.00024091166577683035
0.00024091368834751878
0.000240914110371695
0.00024091624356500192
0.0002409171165374773
0.00024095987042267706
0.00024104576314492896
0.00024104853390618586
0.00024104873180963335
0.0002410489957032956
0.00024104993034105744
0.00024105287490976663
0.0002410534070040952
0.0002410534070040952
0.00024105583986650485
0.00024105626049127372
0.00024105907633485473
0.00024105907633485473
0.00024105973093939954
0.00024106246766135913
0.00024106277545906998
0.00024106277545906998
0.0002410628817297082
0.00024106310004414608
0.0002410660078112281
0.0002410660078112281
0.00024112874877788368
0.0002696279595511236
0.0002696279595511236
0.0002268413744492535
0.00022690502242693188
0.0002269052571606825
0.0002269052571606825
0.00022690713520372
0.00022707821321948582
0.00022708063431538199
0.0002271808396927105
0.00022718096260557026
0.00022718230541379173
0.00022718509359026913
0.0002272479741754682
0.0002272482418391812
0.00022437398396316533
0.00022437407759490387
0.00022453077469539238
0.0002245309675518076
0.0002246306043259475
0.00022463073279389335
0.00022463096415460863
0.00022463325151775719
0.00022463335284178903
0.00022476288064817083
0.00022476298402606822
0.00022476330705147724
0.00022476330705147724
0.00022476330705147724
0.00022476330705147724
0.00022476330705147724
0.00022486319557750317
0.0002248633101025309
0.00022486387033644243
0.00022486411176122158
0.0001805890272202137
0.00018058915319978032
0.0001805893096824353
0.00018089160629192232
0.00018106437653020243
0.00018106460563499334
0.00018106691469563704
0.00018106946643177432
0.00018106946643177432
0.00018106994713227846
0.00018106994713227846
0.0001810726946570222
0.00018107277071562845
0.00018107277071562845
0.00018107302477134745
0.00018107302477134745
0.00018107590899375678
0.00017942097626368688
0.00017942116361981334
0.00017942124515283556
0.00017942132862712023
0.00017942172134066719
0.00017942201269282375
0.00017942222528061138
0.00017942222528061138
0.00017942267179283636
0.00017942290635774072
0.0001794229939034163
0.00017942308358435226
0.00018654760642241097
0.00018654760642241097
0.00018654769830861584
0.00018654769830861584
0.0001010536491519018
0.00010110453507583752
0.00010110453507583752
0.00010110453507583752
0.00010110453507583752
0.00010110479475467949
0.00010110506359865709
0.0001011053420442053
0.0001011053420442053
0.00010110563055405044
0.00010110563055405044
0.00010110563055405044
0.00010110592961913382
0.00010110592961913382
0.00010110592961913382
0.00010110592961913382
0.00010110623976070175
0.00010110623976070175
0.00010110623976070175
0.00010110656153257848
0.00010110656153257848
0.00010110656153257848
4.370757332414724e-05
4.370757332414724e-05
4.3946122730388375e-05
4.39465122877008e-05
4.39465122877008e-05
4.394691763787724e-05
4.394691763787724e-05
4.394691763787724e-05
4.394733964628012e-05
4.394777923836644e-05
4.3948237404766276e-05
4.3948237404766276e-05
4.3948237404766276e-05
4.394871520686896e-05
4.394871520686896e-05
4.394871520686896e-05
4.3949213782976106e-05
4.395084683958758e-05
4.395084683958758e-05
4.395084683958758e-05
4.395084683958758e-05
4.3951441686000355e-05
4.3951441686000355e-05
4.395206441583873e-05
4.395206441583873e-05
4.395206441583873e-05
4.395206441583873e-05
4.395206441583873e-05
4.395206441583873e-05
4.3952716799478926e-05
4.3952716799478926e-05
4.3952716799478926e-05
4.3952716799478926e-05
4.395340075006946e-05
4.395340075006946e-05
4.3954118337574284e-05
4.3954871804454345e-05
4.3954871804454345e-05
4.3954871804454345e-05
0.0
0.0
0.0
0.0
0.0
0.0
0.0
0.0
0.0
0.0
0.0
0.0
0.0
0.0
0.0
0.0
0.0
0.0
0.0
0.0
0.0
0.0
0.0
0.0
0.0
0.0
0.0
0.0
0.0
0.0
0.0
0.0
0.0
0.0
0.0
0.0
0.0
0.0
0.0
0.0
0.0
0.0
0.0
0.0
0.0
0.0
0.0
0.0
0.0
0.0
0.0
0.0
0.0
0.0
0.0
0.0
0.0
0.0
0.0
0.0
0.0
0.0
0.0
0.0
0.0
0.0
0.0
0.0
0.0
0.0
0.0
0.0
0.0
0.0
0.0
0.0
0.0
0.0
0.0
0.0
0.0
0.0
0.0
0.0
0.0
0.0
0.0
0.0
0.0
0.0
0.0
0.0
0.0
0.0
0.0
0.0
0.0
0.0
0.0
0.0
0.0
0.0
0.0
0.0
0.0
0.0
0.0
0.0
0.0
0.0
0.0
0.0
0.0
0.0
0.0
0.0
0.0
0.0
0.0
0.0
0.0
0.0
0.0
0.0
0.0
