0.22938311688311688
0.1578126276239484
0.17101474923337273
0.1580404362581949
0.123233941983942
0.12084253737397756
0.11022727116111265
0.098318890781693
0.1059324692772854
0.1026405035298051
0.0925397751347802
0.09114926450128942
0.0852136800127899
0.07850805157700964
0.06711282195304874
0.06021712180367092
0.060327876897698016
0.06783626644767125
0.06684945265848667
0.06506323961987139
0.06180916109222383
0.05509673068476183
0.05320906117016657
0.0509924695197381
0.050004803641285615
0.04796540014104968
0.04597383232902463
0.04388298486332749
0.04379763969163729
0.04463094637499853
0.04309593485688981
0.040692281372010836
0.039102996198026936
0.03759677640478603
0.03777415957526032
0.037032454292576754
0.038062053348478286
0.04048105343602119
0.039776321867321066
0.03869410135386055
0.03700700303495469
0.03750152575826357
0.03636631962310311
0.03569798718610757
0.03436574498770877
0.033512930168331984
0.03159813303622437
0.030798756596363754
0.030427593234259753
0.029221577532948413
0.02806128741402347
0.027468002004134927
0.026791045698450814
0.02611207942565135
0.025557208746504176
0.02503460235724562
0.024541859341657188
0.024101838166327858
0.023681088656939207
0.023516047402365646
0.02299662221301756
0.022434881952244502
0.02203224091003928
0.021573650211395675
0.02110149078234311
0.020672627709618863
0.02094990747659627
0.02062770676736661
0.020311925905744332
0.020013433597296747
0.01929202603236259
0.01976090369973237
0.019776172828292273
0.021313212762745466
0.021028308857261167
0.02064756071586869
0.020358836110255754
0.020258153982199493
0.020113017548123273
0.019764626665623702
0.01944581840413642
0.019102931694039538
0.018856713750579526
0.018872784131202743
0.01854514145017295
0.018232728410503843
0.018915984428714568
0.018606702414406706
0.018389238723130474
0.01807683146926657
0.017865666720095253
0.017301172894367056
0.017037838000352416
0.016573293374869805
0.01611278248810757
0.015869770889157687
0.015674561766782422
0.015499917819151545
0.015313960492088663
0.015159184036349282
0.015268607198931628
0.01485129480795362
0.015071975550754157
0.014666719448642297
0.014460559707137095
0.014320671321272809
0.013813955163393678
0.014476255400120685
0.014280357719741616
0.013805046815505763
0.013619575604261762
0.013720266913318473
0.013597928419283214
0.01374500322810719
0.01361510027822684
0.013206396070996718
0.013027636609917043
0.012909766215518325
0.013115902624559275
0.012948276394962328
0.012817771955801511
0.01307384408991425
0.01327586177923206
0.013153438113162101
0.013355289517311887
0.01303680359880145
0.012932962301193889
0.013559116228758777
0.013391904091124751
0.013602786012063113
0.013240932168702507
0.013221154365341896
0.012670880900663992
0.012570402907788037
0.01245240013767038
0.01235790838926565
0.012246392197608844
0.012530248675853896
0.012438458627772073
0.012158622613254929
0.012332659592515692
0.012188438742977281
0.012076893092516965
0.01180396731932169
0.011703463169823212
0.011425720093674676
0.011338081078580597
0.011259640310927934
0.010985894670683118
0.010910358903406745
0.011101619996470944
0.010834385981722908
0.010751722799973988
0.010680358762113014
0.010394169999025767
0.010318718893829694
0.010249819353400304
0.010181728717162296
0.010114391802582827
0.010045937071194942
0.009975169576076871
0.009742695847685117
0.009641976757976295
0.009825558196415953
0.009761232346107861
0.009700437521586091
0.00964024011034657
0.009577138695810283
0.009520163094590466
0.009463492222316
0.009399301242178462
0.009334894941454083
0.009277829359959884
0.009221537368452569
0.009152535548434813
0.009084901175645683
0.008832566540020936
0.008781521971869858
0.008728519983512989
0.008676418250094133
0.008625448680664893
0.00879973121313936
0.008751264473206802
0.008777813962550982
0.00871589379114024
0.008652047320582123
0.008462961108500632
0.008256663262800426
0.008210442400719005
0.008447649953982237
0.008397122129780884
0.008350598131557668
0.008160896957165308
0.008111561509353809
0.00806705181563554
0.00788823596663419
0.00781352458926848
0.007757043692553406
0.007972160958060717
0.008098691815938523
0.008056920854029422
0.00801627654312465
0.007976055954125337
0.00780231062615535
0.007763203197407242
0.0077138233458212534
0.007875695832836477
0.007808344011148317
0.0077704452219384545
0.007733386671348313
0.007854533341398044
0.007687860738104663
0.0076074099554693225
0.007571091372760461
0.0075275650647046105
0.007461090773534621
0.007423133503509351
0.007382482048244087
0.007341931840472693
0.007308208521398785
0.0072627915576004495
0.0072293295790778435
0.00707712619221414
0.007014964690275184
0.006954066527351546
0.006922369845587707
0.006774181084900875
0.006736798075526145
0.00670677152914232
0.00684780814854839
0.006814846261967775
0.006785124519927337
0.006740868420288812
0.0065976253136839184
0.006569227598955069
0.006540111262766537
0.006478771560688834
0.006450984122938923
0.0064119453142735365
0.006382001955867602
0.0064936748711301884
0.006797308320519878
0.006765753329785091
0.006628636787311266
0.006597266952946175
0.006557997222737168
0.006691281791684094
0.0066462315301813735
0.006618114278735806
0.0065860074458252565
0.006553527763871381
0.006527227662469619
0.006631446500685354
0.006578764917954831
0.006704066403956304
0.006677584331801965
0.006910437818592152
0.006882436434732692
0.006849337533869876
0.0068175745354035
0.006765838964839954
0.006858231243576743
0.006979088395430622
0.00709293990685576
0.007219689491068881
0.00734308157770579
0.007314054092143614
0.007087363571602845
0.0070581261783461205
0.00703111042421954
0.00719925526020198
0.007170896542327259
0.007133990704826461
0.007107686203702531
0.007081774822103025
0.007027121740284958
0.006991942797482626
0.007086514364586135
0.007059949472199063
0.007029474471934839
0.007004378496396908
0.007123782552483727
0.007097886029776408
0.007072398094623969
0.007046053850422565
0.006923877786085238
0.006899388354167375
0.006870067116476863
0.007027925092249341
0.007003602557221037
0.006955114485195251
0.006905458537900841
0.0068818885331104205
0.006846566852128452
0.0067304995549724664
0.0067076064052951
0.006682341320281614
0.006659115733697192
0.006791769814474334
0.006767354363621942
0.006744206060379521
0.006721328654886119
0.00669911179144664
0.006658886176108669
0.006636941464253439
0.006610352129814043
0.006588354403564073
0.006480147053202117
0.006459106646922115
0.0064376141827592005
0.006380753257764275
0.006272523672933694
0.00625232388416436
0.006232396398418477
0.006212184617977899
0.006171408582687914
0.006067771481525644
0.005952239279016354
0.005932906628391364
0.00590580820596101
0.006006976635388326
0.005988030910698508
0.005969304673074375
0.005946510032303106
0.005927635813153797
0.00590945811672785
0.0058823974657710035
0.005863869955679878
0.005968104126023223
0.006022351375864803
0.0060030209288361
0.005984376323652655
0.005962781731546463
0.006066830890476774
0.0060286360177741055
0.005990698201065454
0.006083293273490274
0.006064884714092414
0.00604686090711701
0.00625646836253678
0.006238112862201258
0.006336515736756463
0.006318024962037275
0.006299056248949361
0.006280630982551942
0.0062584293261400414
0.006221113727972565
0.0062032404038082035
0.0061850134199511
0.006167309092295907
0.006149660093283915
0.0061321591131704226
0.006036874459494921
0.00599806194530308
0.005980801041915061
0.00596394866726176
0.005947143310848115
0.005930233295442932
0.005839141385399512
0.005822794434020974
0.005798747437279011
0.005782685766195044
0.005765233270968534
0.005731074638264522
0.005715283395864804
0.005696631736909003
0.005788962331779017
0.0057732236347877545
0.005756748464450536
0.0057409780358546525
0.005850384153184491
0.005945914756822962
0.005929925222101247
0.0059066095422145
0.005883751070534395
0.005868030379438014
0.005834134717512966
0.005814651730859533
0.005904835774664889
0.005994881143639408
0.00597851089482933
0.005955836019009709
0.005870588984386044
0.005855067308121665
0.005839547377353891
0.005824325421220831
0.00594579253502617
0.005928362118457199
0.005906179696894489
0.005890838221019583
0.005857880357455292
0.005842604932874496
0.005827714470423779
0.005812093660646049
0.0057963052956235646
0.005781588536370722
0.005767004378615577
0.005752381272264877
0.005868339082724332
0.005853645049115342
0.005815213925451424
0.00583726426420903
0.0058215051490437516
0.0058004887085264505
0.005779553698038507
0.005868375530407715
0.0058514602127843944
0.0057716933902808186
0.0058878465529338215
0.005857185472128252
0.005842898741393581
0.005827537793402871
0.005813163194582898
0.0057989645908252665
0.005782928806881594
0.005768890817519693
0.005755019324467714
0.005734801801339403
0.005705206441804914
0.005691229819176175
0.005819278018532035
0.005805426398478218
0.0057884687893013775
0.005771897933856656
0.0057583158884537905
0.0057447459060582995
0.005731171562196252
0.005717773023763895
0.0057043462178638215
0.00568718718785712
0.005673888237985205
0.005660721740440031
0.005647484670976762
0.005633790878518867
0.005614693412545513
0.005601641714632049
0.005527675410331457
0.005514676551445867
0.005594033991006262
0.005578273552640688
0.005656497778402748
0.005643398614457924
0.005630321561391414
0.005616544193973147
0.0056008381566777544
0.0055270561809846975
0.005514514252581087
0.005502090246240858
0.005471969270069901
0.005394256738829143
0.00538097499708364
0.005298170991055925
0.005285843969375929
0.005352118172128793
0.005340167968853965
0.005412131382979657
0.00539996731845338
0.005327043623463417
0.005315204047066036
0.005391692082642616
0.005379959637353133
0.005361263121725645
0.005348439195023932
0.005220290634564103
0.005204943871269591
0.005126647788280885
0.005112784313872982
0.00510166608005434
0.005087790945759832
0.005074894970350807
0.005063889574970561
0.005052281168759476
0.005038080097712826
0.005025845443285058
0.005015253933304588
0.005004591530364323
0.00499394758088984
0.004982824565988002
0.004972401803874878
0.004961354203393166
0.004945341223821005
0.005045050625992457
0.005020311915660794
0.0050099375000066376
0.004944434696341683
0.00492602005481822
0.004915781185159683
0.004905698808454669
0.004895633041554919
0.00487913751930491
0.004868520488270578
0.004858548205853627
0.004848375355867911
0.004837580376073913
0.004819727660226478
0.004808464491544136
0.0048788532532960715
0.004866558313757674
0.004856763773795951
0.004847017729740693
0.004917169470128314
0.004907168890481571
0.004890417730770798
0.004879705975078375
0.004869449632581289
0.004859743005741925
0.0048468237755135085
0.004784760264038019
0.004722783367276878
0.004713513251981109
0.0046962162787968645
0.00476538891073411
0.004753238602481096
0.004691672508454359
0.0046825003998390066
0.004673357315475612
0.00466169283080474
0.004650287727480578
0.004641161368093878
0.004632140404963481
0.004621789535361724
0.004612928725264888
0.0046805324062750165
0.004666476983628616
0.004656126254817346
0.004634598249637656
0.004625230682944771
0.0046905278480620085
0.004681454550462175
0.004672284018923612
0.004663410329849955
0.004654603251219799
0.004645206212876414
0.0046364185221366375
0.004627599149565365
0.0046189321585774455
0.004609426972387151
0.004548638145921991
0.0045386331425214125
0.004478055746334956
0.004464420985350051
0.004456159367525545
0.004447877228108065
0.004439622093005354
0.004431471615737031
0.004423302055446184
0.0044146093668640815
0.0044047913219379875
0.0043479831724573224
0.004338797969200998
0.004330901958722458
0.004323039671363924
0.004315164817005549
0.004306786834193785
0.00429865557091666
0.004290860396371174
0.004281774549840869
0.004272679462165041
0.004252693525478974
0.0042446902139913496
0.0042371153099537194
0.004229031729619224
0.004221063621985774
0.004212348035517588
0.004204659583126803
0.004197224346357632
0.004189734812161771
0.004182275083673756
0.004174068293343482
0.004166724598259288
0.004159335184494097
0.004152020853895322
0.004226224835627636
0.004218790707111816
0.004211367173401595
0.004204035054806416
0.004196636890670813
0.004189292216580313
0.004181917936442102
0.004174642871521939
0.00416745108811251
0.0041602839901480684
0.00421740978352948
0.004210128433301601
0.004189148830103589
0.00418161136179833
0.004174118268563398
0.004167017844097451
0.004159857868266803
0.004152477669801956
0.004145446588977307
0.00417220485783343
0.0041606639422199785
0.004153646516633411
0.004145781925922736
0.004205693540231296
0.004265605918620969
0.00421388148320546
0.004195328780216709
0.004188320290423536
0.004177753982832691
0.0041694832476817986
0.004160706834466698
0.004153768751320101
0.004146866973203816
0.004139978960872229
0.004132323999535068
0.00419190215487067
0.004184832603088334
0.004177906278128636
0.0041705436275921715
0.004163610838857726
0.004156814179685178
0.004149958157308077
0.004132368441675733
0.004123611143365925
0.004116924692110769
0.00410950721852248
0.004102863029185219
0.004096229688409147
0.004089251967736577
0.004082672190681798
0.004076113613510503
0.004140106665861071
0.004205990669638486
0.004199142878097452
0.004190780523933508
0.0041840929090628375
0.004177066191839296
0.004232641687938903
0.004225892830294699
0.004219161438589476
0.004211775693252028
0.004204377589999798
0.0041973858691502315
0.004190782160244385
0.004184087647853203
0.004240540589752391
0.0042339018904605525
0.004227286147856797
0.004218950394960341
0.004212345470650541
0.004204605022027254
0.004198063100057668
0.00418944348516426
0.004172635578835303
0.0041660300858365725
0.00415943803749102
0.00415291493033597
0.0041456014543125265
0.004138883881082672
0.004132531448792525
0.0041262040794748
0.0041183197736812645
0.004112021739939798
0.004104731756525157
0.004098472241604704
0.004092237442515446
0.004146734684968167
0.004140447343711687
0.004093838625331589
0.004087490428106344
0.004039070528473267
0.0040326706606705395
0.004026605765284804
0.004020498653707444
0.004014455104386414
0.004008145933409101
0.004002152949802122
0.004056582174879905
0.004047489436527413
0.004041424858833284
0.0040353061843901705
0.004029094165950744
0.00402294785233288
0.004014354514746245
0.0040083944746020376
0.004002303995349429
0.003956431455132547
0.003950596062597852
0.003944773512093082
0.003938868917340323
0.0039329076971919745
0.003926997355101138
0.003921249138345587
0.003915521482915429
0.003909453255598163
0.0039037566523892056
0.0038976296961590368
0.003891946035359611
0.003885966583170101
0.0038803298757886153
0.003874697754872101
0.0038594257377553057
0.0038538619348995095
0.0038482870919461687
0.0038318749918276785
0.0038263829950112562
0.003820866331338521
0.0038150705856774773
0.0038096252089041428
0.0038041639814753387
0.003798644986518151
0.0037932457095054373
0.0037878097462661093
0.003782343313501147
0.0037769814837813323
0.0037696923405203613
0.0037638872526090713
0.0037486800737408857
0.003743397277407491
0.0037374459735174024
0.003731782836789922
0.0037264172558806184
0.003721205680023592
0.0037157202729168138
0.0037099112099580854
0.0037047374988636917
0.003699575362283327
0.003694434648874974
0.0036892995097472995
0.0036835254970319317
0.003678431563110823
0.003673241056122071
0.0036681367954420744
0.0036630744126049525
0.0036580088063329847
0.003652238711293314
0.0036472296061922428
0.003605703001512458
0.0036007322148249718
0.003594118689363555
0.0036427313290291513
0.003637759399661564
0.0036235750935034792
0.003618633164420725
0.0036132634517393966
0.0036083036609138087
0.003603389825072216
0.003598493693180213
0.0035936334665346566
0.0035883616496002265
0.0035763071119538515
0.003571494188754353
0.003566260398312741
0.0035614706955623375
0.0035564261675427927
0.0035516718783847804
0.0035469180328791482
0.0034970295713511895
0.0034923284907486148
0.00348768081360117
0.0034830323431792347
0.003469567466744069
0.0034295537481182216
0.003425013014303387
0.003419635255728351
0.0034150105299509564
0.0033718056578307897
0.003367365965390756
0.003354147879007315
0.003349580670095533
0.003310237519247574
0.0033048940414236597
0.0033005718723438816
0.0032604463298177015
0.0033135534124846336
0.0033092216933186787
0.003320888641785773
0.0033162879161014536
0.003311943768657228
0.0033076096716437974
0.0033032531308725744
0.003298984023330929
0.0032946956243023145
0.0032904207926016337
0.0032861804671733396
0.003273350156284087
0.0032691403010169447
0.0032649347153519844
0.003260751909481121
0.003256560475561224
0.0032523905916892414
0.0032481209387063637
0.0032433766598272524
0.0032392392590882505
0.0032350788003459156
0.0032309714832754574
0.003226861178304445
0.003222372250789815
0.003184582832671585
0.0031799563204689537
0.00316750240649106
0.0031635107310673386
0.003159531810001986
0.0031554619208985016
0.003151501655944181
0.003143922728571646
0.0031316443699624676
0.003124348872035537
0.00311711781877531
0.003112130320748307
0.003107856382880794
0.003103985575130169
0.0031000421158588936
0.0030945311716656567
0.0030906957986516306
0.0030865614805065337
0.0030827457345984546
0.0030789347605049778
0.0030751388551389343
0.003071333392291615
0.0030675486116254536
0.003063769426901459
0.0030580014461637356
0.0030542295390279532
0.003050402084538664
0.003046664948904928
0.003098393982088054
0.003094583394983757
0.0030907985056907094
0.003086732644426755
0.0030829782815443296
0.003079232168307996
0.003074920793071294
0.003071198444525349
0.0030674820125608784
0.0030636587341286384
0.003059929241952203
0.003048199585829011
0.003044442126317395
0.0030404789956884302
0.0030349325936177597
0.0030312764332815602
0.003027622287044856
0.0030726970841212613
0.0030607948291020903
0.003050422793395293
0.0030458637230446027
0.0030412302015247507
0.0030372056890982935
0.0030329716087168
0.003029354966008676
0.0030248577668317025
0.0030211745971441494
0.0030175761811791994
0.003013902942702179
0.003010336738651839
0.003006782315835215
0.0030028578188156787
0.002998910278066275
0.002995383674567192
0.0029916950654326766
0.002988188970414818
0.002984687044457942
0.0029809131708226624
0.002975811379522329
0.0029645615775861583
0.0029533253923864165
0.0029498342120102836
0.0029463911476076774
0.0029423080942529802
0.0029349067278198002
0.0029314769209682345
0.002974342054853809
0.0029708863967211137
0.002967392041249617
0.002933254720775483
0.0029288750413719988
0.002925502191041277
0.0029221267586881784
0.0029171809609553627
0.0029137793659513387
0.0029101883086219697
0.002906677023543621
0.002903332443475192
0.002900011410420698
0.00289670835377487
0.0028934035922444823
0.002890046610261853
0.0028866687570714665
0.0028833936920346246
0.002880123716763702
0.002876845222977195
0.002873409169657804
0.00286980780226161
0.002866572830891038
0.0028633315726826437
0.0028596956695894956
0.0028564625773983103
0.0028233281736369463
0.0028198907166821553
0.002816574940939888
0.002813401227653598
0.002810255721964673
0.0028071113677114426
0.0028031184039362866
0.0027994612021142256
0.002795961682582636
0.002792734987541773
0.002789492486775248
0.0027863980160173643
0.002753773982934065
0.0027507276394958314
0.002746404891388495
0.0027432761292299577
0.0027382541539792745
0.0027351806122287996
0.002732153643724141
0.0027288947656983367
0.0027258978715962246
0.0027228732833056365
0.002719884496152768
0.002716873587686463
0.0027138210200187947
0.002710856761715279
0.002707900476679526
0.0027046931227638206
0.002700086578543194
0.0026967945330701377
0.002693866730703105
0.0026909450784462154
0.0026879480189732964
0.0026850320449061742
0.0026821143546473434
0.002679216792671407
0.0026762702729464433
0.0026725277746099557
0.002669166633605329
0.0026661964165246945
0.0026633329870886123
0.002660048532555623
0.002657191223973289
0.002654202700237469
0.002649581155788491
