23395
23395
23395
23395
23395
23395
23395
23395
23395
23395
23395
23395
23395
23394
23394
23394
23394
23394
23394
23394
23394
23394
23393
23393
23393
23392
23390
23388
23387
23386
23385
23383
23383
23383
23381
23381
23379
23379
23379
23375
23374
23372
23370
23367
23365
23364
23361
23360
23360
23360
23358
23358
23357
23356
23352
23351
23348
23348
23346
23343
23342
23339
23335
23331
23327
23323
23322
23319
23317
23311
23310
23307
23301
23301
23299
23297
23296
23292
23289
23286
23285
23283
23283
23280
23278
23278
23276
23275
23272
23270
23269
23267
23263
23262
23254
23250
23246
23244
23243
23239
23235
23234
23231
23225
23220
23216
23214
23213
23211
23206
23198
23197
23189
23183
23181
23176
23170
23167
23161
23156
23153
23148
23145
23144
23141
23139
23135
23127
23121
23116
23111
23109
23107
23104
23101
23096
23090
23088
23082
23075
23073
23067
23062
23058
23049
23044
23040
23033
23028
23021
23016
23013
23007
23000
22996
22989
22986
22977
22970
22961
22957
22950
22946
22943
22936
22929
22922
22916
22910
22907
22905
22899
22896
22891
22883
22877
22870
22860
22855
22848
22842
22837
22827
22823
22814
22807
22802
22793
22785
22777
22767
22761
22755
22742
22734
22728
22724
22715
22705
22698
22692
22688
22677
22675
22668
22657
22650
22637
22633
22622
22616
22610
22601
22592
22588
22581
22567
22558
22545
22538
22529
22523
22513
22505
22496
22490
22481
22467
22459
22450
22444
22429
22418
22408
22397
22386
22379
22370
22362
22350
22347
22334
22323
22308
22298
22283
22276
22266
22255
22241
22227
22221
22213
22205
22189
22172
22154
22148
22140
22132
22121
22107
22098
22087
22079
22067
22060
22046
22034
22024
22002
21993
21983
21966
21962
21951
21941
21932
21924
21916
21909
21894
21886
21872
21860
21841
21832
21817
21801
21787
21773
21755
21742
21729
21716
21701
21691
21674
21654
21641
21638
21623
21607
21590
21578
21565
21543
21535
21517
21508
21497
21480
21464
21452
21441
21424
21410
21396
21380
21363
21350
21337
21327
21311
21299
21289
21276
21262
21248
21231
21213
21203
21190
21176
21169
21150
21135
21108
21091
21075
21058
21034
21018
21004
20981
20970
20955
20930
20919
20900
20885
20853
20839
20819
20809
20792
20774
20757
20735
20718
20695
20683
20669
20655
20634
20622
20605
20579
20563
20539
20522
20501
20482
20462
20448
20424
20399
20382
20364
20344
20321
20289
20274
20252
20235
20201
20182
20163
20141
20122
20105
20094
20070
20040
20020
20006
19987
19966
19943
19918
19896
19884
19849
19817
19792
19769
19747
19713
19697
19672
19645
19624
19598
19574
19552
19529
19511
19486
19456
19428
19409
19391
19373
19346
19319
19299
19267
19246
19225
19199
19169
19137
19105
19069
19051
19031
19010
18984
18952
18926
18895
18867
18845
18819
18783
18766
18730
18701
18676
18651
18616
18590
18564
18540
18520
18503
18480
18440
18415
18390
18365
18329
18307
18269
18247
18212
18180
18148
18115
18089
18055
18008
17971
17946
17913
17883
17851
17827
17791
17758
17725
17702
17688
17671
17648
17614
17591
17556
17531
17494
17471
17440
17415
17378
17315
17291
17266
17240
17202
17164
17137
17112
17070
17038
17006
16968
16925
16893
16869
16824
16777
16732
16709
16677
16638
16604
16576
16553
16514
16475
16441
16390
16362
16331
16294
16263
16234
16197
16158
16127
16090
16060
16037
16003
15962
15919
15873
15858
15826
15794
15761
15715
15679
15649
15606
15569
15535
15477
15407
15362
15320
15268
15247
15219
15177
15128
15086
15016
14980
14922
14883
14851
14821
14782
14725
14685
14636
14595
14549
14508
14474
14431
14399
14353
14301
14263
14224
14181
14135
14073
14017
13968
13915
13888
13846
13788
13743
13699
13643
13611
13558
13519
13471
13410
13367
13308
13247
13205
13147
13101
13062
13026
12975
12910
12863
12826
12788
12733
12695
12659
12620
12570
12519
12465
12406
12350
12286
12243
12203
12155
12116
12073
12017
11989
11946
11895
11852
11804
11768
11664
11613
11563
11516
11445
11388
11320
11246
11179
11130
11064
11034
10976
10929
10884
10825
10767
10720
10651
10593
10546
10497
10438
10391
10290
10247
10199
10139
10082
10049
9994
9927
9880
9850
9775
9725
9682
9612
9510
9456
9404
9332
9266
9221
9167
9115
9072
9020
8952
8896
8813
8771
8726
8662
8614
8549
8499
8461
8405
8348
8274
8227
8141
8083
8035
7986
7920
7833
7791
7712
7636
7555
7506
7443
7407
7351
7291
7229
7175
7090
7042
6997
6924
6856
6807
6744
6701
6657
6594
6552
6496
6465
6389
6319
6269
6225
6147
6061
6001
5968
5905
5835
5733
5631
5569
5512
5465
5420
5374
5292
5244
5129
5097
5060
4991
4906
4835
4806
4750
4696
4488
4392
4332
4280
4173
4116
4016
3959
3848
3785
3755
3685
3534
3455
3370
3350
3306
3247
3227
3120
3085
3060
2994
2963
2898
2853
2827
2798
2731
2682
2589
2570
2504
2446
2358
2276
2237
2105
2083
2069
2051
2017
2001
1972
1888
1874
1825
1814
1764
1715
1662
1646
1629
1563
1504
1486
1427
1411
1393
1383
1375
1309
1242
1209
1195
1160
1154
1141
1104
987
965
946
928
842
793
753
747
735
733
717
709
662
650
642
632
607
601
585
565
538
535
524
469
443
430
426
422
414
408
403
398
380
372
364
364
352
224
224
221
178
177
176
175
174
172
171
165
161
161
157
154
151
150
145
145
144
141
139
138
117
116
116
113
112
108
107
107
104
100
97
95
93
86
76
74
68
66
64
61
40
40
37
37
37
37
34
31
30
28
27
23
22
20
20
20
19
19
17
16
15
14
13
12
12
11
9
9
7
5
5
5
2
1
1
1
1
