0.2841269841269841
0.21438435778058423
0.13350991675890464
0.13478988807372588
0.13513673506683374
0.12912099250589462
0.1014155677245739
0.09311181554514528
0.08289613409490941
0.08353550281540952
0.07154700399152919
0.06060806200133971
0.05594314768250917
0.050044950463746775
0.043591371877993855
0.042745881888511666
0.03847477066646702
0.03501412298665251
0.033194479265234514
0.03534926335296915
0.035253383918197205
0.03669416609182074
0.03490563917829532
0.03218776655239585
0.03222663623616173
0.03082103888798608
0.0296596822864724
0.029011129247897165
0.027674776646957597
0.028019021882444504
0.028376368108214603
0.028205693104034025
0.029910235423398084
0.028923114479673717
0.029273394904845294
0.02835021972963788
0.02744246054159815
0.027779118174607823
0.02803857850267392
0.026947188790685733
0.02544638558306595
0.02403461057702008
0.02453438936020912
0.02495655162182457
0.024346980233768818
0.023193369798571218
0.021792701802537718
0.02287570947024429
0.02322307511072609
0.022687646719462055
0.02287070623169194
0.02228530129638742
0.022115687686290856
0.021924553134020495
0.021492363974011268
0.0221684719105466
0.021295956744082488
0.021732139018555828
0.02134162086090902
0.020972186150065297
0.02112495994524885
0.020752660935026725
0.01979250432781075
0.01961592405699425
0.019187040931919995
0.01958688577970689
0.018787646090811853
0.018107908822005116
0.017953302548321455
0.017575296314226704
0.017313648252446724
0.017018497701265626
0.01731345669986428
0.01671899794388592
0.016034892190689307
0.015813181557005587
0.015534239404999695
0.014984381604702373
0.014778646224962867
0.015059686461569126
0.01452930723305654
0.01483349035981612
0.015411857531080314
0.0162556043480536
0.015969405826113007
0.01576746516936866
0.01603152435644074
0.015234069723493542
0.014684802371650856
0.014487476831360901
0.014249520884124095
0.013729912549887235
0.014151344251472513
0.013983765769103028
0.013266346150097202
0.013117882482270414
0.012910981029459584
0.012764828217895204
0.013566124820143825
0.014095793631618458
0.013662554813606355
0.013518970915579808
0.0133826875540801
0.013253035702552951
0.01310611936985354
0.012951918534782636
0.01276739811891181
0.012892274464192152
0.01269750564329208
0.012999717205673273
0.013189583048652424
0.013427208552353962
0.013644502029511032
0.013920960782454434
0.013544089201440495
0.013771508773911834
0.013628714638393115
0.014196571084640189
0.01405060026996119
0.014261678004103568
0.014140814377134154
0.014404174442713991
0.014258962202432803
0.01407786007474536
0.013960143575779632
0.013827159806289208
0.013497430004264236
0.013311679260262936
0.012946349885370067
0.01315596069363531
0.01305462431757892
0.012955134477295576
0.012800766074270746
0.012702820691431301
0.012604886024576307
0.012623644955726872
0.012482199675032207
0.012388565612374945
0.012299218946246367
0.012581805142440625
0.012451348120240882
0.012692068104545855
0.012584143374475993
0.012431377196773329
0.01233605214335249
0.01220488389203168
0.012046179919464902
0.011946445863654282
0.011841798099844102
0.01176177123899421
0.011495057023200785
0.01138281469866024
0.011306999697852657
0.011228580605059792
0.011151085897459825
0.01090669417113427
0.010835018356929797
0.010723534228063776
0.010654197441659697
0.010543428239715711
0.010729779896236693
0.010662948788100833
0.01059380615902638
0.010441468489908384
0.010628517882075528
0.010842347931507621
0.01072032593840702
0.01065135748735386
0.010832767036762865
0.010738278748585997
0.01066374134174283
0.010870442852207283
0.01080663963844754
0.0105588765779411
0.010742075163731457
0.010663218794560511
0.010552412331742388
0.010482903932601158
0.010424096802767874
0.010216303107965166
0.010380491766289433
0.01057813578892972
0.010502004579211955
0.010439501265497966
0.010382737048909232
0.010314889870213603
0.01054143215821752
0.010467968886224846
0.01027083769681206
0.010209394012600907
0.010006866594177313
0.009951734885323213
0.009885081025858437
0.009694569991828035
0.009633892506988465
0.009576675895030794
0.009764353118582442
0.009710765706449844
0.009656212264729043
0.009600640606551877
0.009550301201607771
0.009703857026062098
0.009653437045995738
0.009599535470067646
0.009550111606325906
0.009716045029658438
0.009660503356822156
0.00961026246653224
0.00956044296207096
0.009500366320287819
0.00942158997794575
0.009251257930845918
0.009175660509460585
0.009120496445006496
0.00907785365324939
0.009035082854410657
0.008992569756851117
0.008945800690228111
0.008904399509590084
0.00884263646087012
0.008801519082662272
0.008761823960604658
0.008889645802297664
0.008845661154084784
0.008806259424903247
0.00876017473459827
0.008588670602753583
0.008545420180904997
0.008390994974946728
0.008499098754973284
0.008462105232256921
0.008425289587671955
0.008272421118398831
0.008235553975204176
0.00820030913071364
0.00815844840241013
0.008123880318596441
0.008088494375832433
0.008048621324953141
0.008201167641884975
0.008166707678165705
0.008130062627333524
0.008096481372974538
0.008062818044936448
0.008029277030784177
0.00798459423958195
0.007952142904976056
0.007919909599088714
0.00785493618550654
0.007822788312355134
0.007786153475248583
0.0077529951013596025
0.0077219886916721665
0.007691489906373744
0.007661246320185681
0.007631248712277496
0.0076014144474596725
0.007568927986932784
0.007539349361388134
0.007499963218431051
0.007467839444121207
0.007438035143560605
0.007406588624965906
0.0073776312149875685
0.0073497279811687985
0.007319040681487041
0.007291223013053742
0.007263093933642502
0.00723524754391914
0.007109511345089607
0.007079965672304193
0.007053015419664222
0.007027081676874396
0.0070013238746877305
0.006975847547412979
0.006950388787109396
0.006921487098416104
0.00689644067281253
0.0068715525631810916
0.006833289325335019
0.006808389506921938
0.006783813649504755
0.006759358492283757
0.006721158283349892
0.006603958457631437
0.006571130540012102
0.006547156866235114
0.006338730932068673
0.006316731741462877
0.006293150913142735
0.006179873346644338
0.0061569644435340845
0.006134267013082555
0.006112968458121256
0.006092150765502916
0.0060609797355775236
0.0060181144175859395
0.005997381475576521
0.006155371271758659
0.006045412037317313
0.006000889887438441
0.005892704064707658
0.005872860642191339
0.0058533099182751305
0.005829716483899026
0.005788762548496832
0.0057694610719338695
0.0056641449245663205
0.005644260801608715
0.005600186197612043
0.005582068706921186
0.005563967167452442
0.005537600410644677
0.005519857470566757
0.005502164455488328
0.005400102196390962
0.005382610119968329
0.005365577256454885
0.005326372804586743
0.005298627154905947
0.00528209693280929
0.005264917789333094
0.0052470922875068994
0.005230891336438585
0.00521467518905968
0.00509626114624315
0.00508015823966027
0.005064118995587504
0.005048489524617958
0.005031846482352202
0.0049964756353084415
0.004977561768105667
0.004962098426640588
0.00494723859641259
0.004852829480992722
0.004959951455449398
0.004937227931755784
0.0049209418247488455
0.004822194801025424
0.0048074774184963245
0.004765972779010469
0.004730753364665044
0.004709160099737088
0.004598539445022691
0.004584760415068984
0.004567560150471712
0.004554382611572924
0.004541130030040366
0.004520011556653982
0.004506997449884474
0.004494062184694041
0.004481046009378566
0.0044683219349610885
0.004455489611883993
0.004442831436908711
0.0044218410351142936
0.0044094046681277844
0.0045161957478304935
0.00461615644739297
0.004714436913557833
0.004701340165546831
0.00468783582544324
0.004674850384425288
0.00465777337930766
0.004644969253994116
0.004631809143597228
0.00461872109206185
0.004605271241938898
0.004591926173138556
0.004579037725399211
0.004548510543155475
0.004536213698233242
0.00444863077332105
0.00443414470257238
0.004420064201466462
0.004337308304278273
0.004254972649954461
0.004243360111866908
0.004156026417897064
0.004145047792947745
0.00412714484535221
0.004116313090713765
0.0041035083881859405
0.004085850996008439
0.004073143250680424
0.0040625746616107595
0.004034842381150691
0.004024372679776596
0.0040139458162008245
0.004003637511340118
0.003993358707843275
0.003983059528543351
0.003972712946432596
0.003962284590849399
0.003952200787741818
0.0039354052670300625
0.003925066054285344
0.00391511073370655
0.003888538135921023
0.0038750358055924293
0.003782252123259432
0.003754997740273274
0.0037453579477555727
0.0037356753952890163
0.0037261417123625683
0.00371688234053812
0.003701198315147482
0.0036919491237081474
0.003664725557094164
0.0036552377609523016
0.0036429204680661085
0.0036322049131439003
0.0036229911115533858
0.0035981226783414547
0.0035875355278775817
0.003578626846496745
0.0035688598179182056
0.0035603137555293906
0.003551473845316752
0.0035430010450832983
0.003534202725921716
0.003525548977009968
0.00351701603415783
0.0034929864935437237
0.0034684887617657564
0.0034534633299568474
0.0034416640353775187
0.003433570829937729
0.00342192134515374
0.00339232730757958
0.003384212933505093
0.003372851791923395
0.0033650622741427075
0.003338848899922705
0.00332488519950066
0.0033110924279213414
0.003241931660273774
0.0032333273207857905
0.00321075313717419
0.003200394392743685
0.003193018328149945
0.003185760041853545
0.0031785630635919734
0.0031712753903704025
0.0031623991120186745
0.003154518979210889
0.0031457325722114575
0.0031387094754083923
0.00312959921480092
0.0031226432480537946
0.0031156001351692222
0.003108668852828435
0.0031017822379743503
0.0030949310350321135
0.003087960309850622
0.0030811737130514677
0.0030743385251343815
0.0030676222851099806
0.003060924021907761
0.0030513016528341008
0.0030446607206346533
0.003038025745981014
0.0030295643280954464
0.0030230139307651947
0.003010674763185359
0.0030016535128783474
0.002989513921785849
0.002983005963738584
0.0029749741865697944
0.0031366893544950993
0.0031299950685752106
0.0031233210890092384
0.003102095390009857
0.0030944529682058273
0.003087868902803907
0.003080700230948665
0.0031580689361317255
0.0031512509276050535
0.003144181562368755
0.003081963195195983
0.003069989180988191
0.0030632845782841635
0.003056865477709129
0.0030505363956009695
0.0030387435651888406
0.0030324849758094977
0.0030207342514958456
0.0030131553755942597
0.0030069835434551567
0.003094393851422965
0.0030744602484647494
0.003068098962210405
0.0030976022227841866
0.0030858380732845985
0.0030255703657219037
0.0030191150339624094
0.003092504004325155
0.003086165057943962
0.0030799799995696736
0.003073559478343116
0.0030647469254886767
0.0030585667439245764
0.0030523808071045728
0.0029924739682884276
0.002981114007138844
0.0029750872259485714
0.0029101105281073925
0.0029043357753802254
0.0028985731982638318
0.0028927420837749503
0.0028870737506794726
0.00288142629367739
0.0028756543828133375
0.0028674030725889033
0.0028617783444278688
0.002853556927747675
0.0028473609596255853
0.0029203135768450356
0.0029146505639485697
0.002908817286157139
0.002902317277646642
0.002979891620875593
0.003076321916914867
0.0030695370594110106
0.0030585595688238775
0.003052692528284073
0.003045106157849627
0.0030393254072098416
0.003031956681078272
0.0030259939163537284
0.0030177494133319343
0.0030095503691776066
0.0029788698401570484
0.0029726856219626026
0.0029662383388382855
0.0029604622042155534
0.002949800380121912
0.0029414561194970336
0.002935410902691786
0.0029299398984083715
0.002924517078652321
0.002919113169785646
0.0029132444157876974
0.0028588802792502044
0.002853626294418399
0.002847059866241587
0.002841554428135822
0.002836342356503949
0.0028184521983539487
0.0028098876003300587
0.0028033384691150214
0.0028707833223501978
0.002812104633487839
0.002801064539861292
0.002791099639282639
0.0027858845952684354
0.002778591609563414
0.002773577780635104
0.002763833407382487
0.0027467910325799
0.0027410158930516364
0.0026884597235843507
0.0026836776543071187
0.002678842584572779
0.002674048963037917
0.0026692889217980165
0.0026641702603871628
0.002564760235981049
0.002548405589618447
0.00254336344217352
0.0025389023261710238
0.002531541158009377
0.0025269740780710067
0.0025225684009458895
0.0025181588514873086
0.0025022086090412915
0.0024970125909872134
0.0024926909036207044
0.0024837677850409194
0.002478889431429264
0.0024740509363157352
0.002527268339008324
0.0025229168941534983
0.002517510748962315
0.002513129360024035
0.0025088118931975204
0.0024591174865988465
0.0024538158505299787
0.0024495555196109345
0.0024453570999994835
0.0024411896471445084
0.0024370562993574277
0.002432921800570934
0.0024287520956997105
0.0024956061073479335
0.0024912402682764926
0.002487045246041629
0.0025517123992389134
0.0025470361209620654
0.002542735599109652
0.0025385032986776127
0.0025340833926513545
0.002518676017813877
0.002514461780208217
0.002509911241737759
0.002505323168307868
0.002501181086678679
0.0025626420834316864
0.0025145392375690813
0.002510022287479361
0.0025057610852068602
0.0025016427444108096
0.0024931289089206742
0.0024886967979951768
0.002484650214328718
0.0024805745884851483
0.0024745361709336876
0.0024697171490552358
0.002421880120777578
0.00240686383561812
0.002466194328666092
0.002457851291453769
0.0024538848666545584
0.002505193013069976
0.00249049687872059
0.0024863125198909906
0.002482337779050216
0.002474047387999745
0.002469968408827822
0.002465490831591909
0.0024615684942900606
0.002457160339978473
0.0024531524493588116
0.0024492776201084465
0.002445391176115597
0.0024414446574622167
0.00243761114625801
0.0024291635279683425
0.0024253252200281926
0.00242151649031617
0.0024177163903664964
0.002413687124994839
0.0024098446271194137
0.0024059493144477856
0.0024009952944279143
0.0023969281398891536
0.0023931977968716526
0.0023894413925734568
0.0023856901981325284
0.002381845644839506
0.002377293072967833
0.0023735317534227863
0.0023698092905528553
0.0023658464308810756
0.002362222854933904
0.0023583812436294735
0.0023545806492099052
0.002350716021518425
0.0023469943986054705
0.002343419356294732
0.0023393764016620897
0.00233509346362364
0.0023315133238848776
0.0023268207878940233
0.0023233177182851073
0.0023154491863307436
0.00237196197267199
0.0023684051242129954
0.002364801061537409
0.0023609285552830686
0.0023171836003952643
0.0023134026393970214
0.002308790338274896
0.0023020747389292198
0.0022978649365548165
0.0022935201669633423
0.0022901115342976643
0.002286704211809504
0.002283312666429308
0.0022796625957746163
0.0022762944834663463
0.0023314148430033568
0.0023279918549711145
0.002324350198901477
0.002320491931094282
0.0023168576405326216
0.0023134779776140357
0.0023100917245183032
0.002306721465824773
0.002303348705980741
0.002298016605372167
0.0022946930383124955
0.0022913665476799864
0.002287827951512468
0.0022838453532376046
0.002280516804604625
0.002277165677279771
0.002273782065124657
0.002269842760143637
0.002266581720524411
0.002263298069261508
0.0022600540940864453
0.002256661167146784
0.002253316654004447
0.002212111249524488
0.002208526586748586
0.002205241405792481
0.0022020156843580666
0.002198901920722283
0.0021955642280173686
0.0021924715035651844
0.002189387531484675
0.00218564420005188
0.002173154452362694
0.0022265999541314953
0.002223404486385205
0.002182865241977196
0.00217795956468223
0.0021748985899821883
0.002226120415348533
0.0022787665153833165
0.002275583716614743
0.002272373217801377
0.0022691971834980875
0.002266055860377832
0.0022625895550894047
0.002250206499825425
0.0022100426624948183
0.0022070049129109103
0.0022020239374183027
0.002199008040795904
0.0021960039927266615
0.0021930051391584778
0.0021897873055706047
0.002186318213039953
0.0021833220513774692
0.002180348722828845
0.002176318140479634
0.0021733588589264697
0.0022247946866093627
0.0022217923445239924
0.0022187816586671035
0.0022157224033486494
0.0022091275744992624
0.0022061505074686396
0.0022031908689194315
0.0022002401584686067
0.002250628252942171
0.002247607623701452
0.002244271478038777
0.0022395050528741444
0.002235894176246503
0.0022240563933261744
0.0022122232916119942
0.002208894920276759
0.0022059701094018264
0.0022030389104079886
0.002199882655243989
0.002196765677988969
0.0021933980541696046
0.0021817503796847048
0.0021788210767123384
0.0021759639843156762
0.002172896962163302
0.0021700417341399664
0.0021323980612814293
0.0021296157726047524
0.0021268345005644065
0.002124050533037196
0.002173153753756556
0.0021703350631906
0.002167465508597087
0.002164645502297761
0.0021601201636515213
0.00215732400328082
0.0021543092464647536
0.0021511223092383525
0.00214492476319475
0.0021421469636292334
0.0021390803018146772
0.002136323423913149
0.002133530693168014
0.0021305906100870463
0.002127522505127305
0.0021247373448367896
0.0021218244340581887
0.0021187205252856983
0.00211602099079322
0.0021133329346700114
0.0021105944227309058
0.0021077114149521603
0.00210502140100128
0.0021023536252524665
0.0020996443788000576
0.0020970020438270042
0.0020943483955764633
0.0020915837714718674
0.00208893012497003
0.0020862124401108597
0.002083593931182188
0.0020807591468169147
0.0020779547839187063
0.002074198662638474
0.002071544541562727
0.002035848838409439
0.0020311108534264944
0.002028590982992864
0.0020260588836851223
0.00202301606001125
0.0020204677140767805
0.0020179733982087483
0.00201526641060847
0.0020100402282667833
0.002007419831719884
0.002004923285174129
0.002002458562046544
0.001999675397997107
0.001997197131058536
0.001994740696378627
0.001984107032931166
0.0019816801371773207
0.0019791849369846987
0.00197674301433688
0.001971097566477199
0.0019687077029447463
0.001966032732911553
0.001931368077302206
0.001929035845165194
0.0019266839229233727
0.001924321313500323
0.001889718042180298
0.0018874389747321632
0.0018849047889642184
0.00188233996754
0.0018800688120993987
0.0018762253138467214
0.0018739822459286804
0.0018716589004421288
0.0018376490739964375
0.0018350780781313967
0.0018297093579487964
0.001823991791190601
0.0018217978718255883
0.0018196351015471177
0.001816915899771731
0.0018146238350997012
0.0018045784099528415
0.001802194757767282
0.0018000695286360686
0.001797839402698325
0.0017957243313770444
0.0017933120425628482
0.0017911702305308608
0.0018362249582535293
0.0018340573764117542
0.0018318735646864453
0.0018296539979363812
0.001827484245019261
0.0018239151814260857
0.001821783695925908
0.0018195547517872736
0.001817183690761292
0.0018150781881858442
0.0018129720484831575
0.0018107358187740231
0.0018086221984336393
0.0018056569838965132
0.0018035739560368234
0.0017999626286120912
0.0017963231352247748
0.0017940750572234202
0.0018378451225478376
0.0018357303816317024
0.0018336225327991481
0.0018314979423735113
0.0018294033542008762
0.0018273106673642133
0.0018252275777293316
0.0018229918797781084
0.0018209011375694066
0.0018179672443278693
0.0018158797858603166
0.0018137735129017756
0.001811720957131966
0.0018096621552033429
0.0018076191905569993
0.0018055791915519606
0.0018033557722886568
0.001846689972103116
0.0018446150182344486
0.0018425420901312026
0.001839433625171858
0.0018367875718430988
0.0018340850836571344
0.0018320355432905314
0.001829990764648981
0.0018278199539191263
0.001870323152567066
0.0018682383132483302
0.0018661536402184724
0.0018640566545018488
0.0018619524673707582
0.0018598869802689307
0.0018548673562050792
0.0018516834360736444
0.0018496148563603115
0.0018475737652693777
0.0018453196241156942
0.0018432809885035803
0.0018409972487160987
0.0018389729468136834
0.0018515582202737566
0.00184952721481902
0.0018471444678476471
0.0018451178424158587
0.0018431018386051322
0.0018394240121090645
0.0018372330737605762
0.0018341862836608641
0.0018321825038840778
0.0018301933076315742
0.001827690297317876
0.001877695877580497
0.0018754178255869474
0.0018733809927711203
0.0018711085021773759
0.0018679271982305825
0.0018659121499429705
0.0018639035684205995
0.0019092058681079627
0.0018784739665044644
0.0019265621458189098
0.0019244875464156787
0.001922423839041331
0.0019203506048677576
