0.0018677371458440933
0.0018689897221386943
0.0018690064772074453
0.0018690890215767428
0.0018692397363853461
0.0018692547052254072
0.0018680555598217287
0.0018683673837715945
0.0018688494935829158
0.0018705575400113968
0.0018777117403593676
0.0018805674337827275
0.0018765418260565784
0.0018766834041257121
0.0018608937261534264
0.0018639231909177946
0.0018642087946479275
0.0018643898667853745
0.0018644170856357953
0.0018646901982996547
0.001864942394940645
0.0018652108843065522
0.00182258646015562
0.0018225781887485823
0.0017797837233308033
0.001737207127364714
0.0017374093954907618
0.0017374249210099569
0.001694784539361223
0.0016963044121795828
0.0016965492867368614
0.0016535440155634365
0.0016535456780288366
0.0016536614441996264
0.0016433965069227517
0.0016437379614420437
0.0016439813030319395
0.0016439828747743623
0.001635466829838855
0.001592679396165266
0.0015926940936236845
0.0015846180967749469
0.0015846774394524497
0.0015489000246073053
0.0015494331959384586
0.0015070984207919058
0.0015071258287115026
0.0015050881841892473
0.0015051050137560513
0.0015051556305283101
0.0015054236704327107
0.0015054421718226551
0.0015062238901077671
0.0015062388542169836
0.00150659030694318
0.0014596659655538844
0.0014597226066741954
0.0014597296540477345
0.0014598672949310437
0.0014599773774960209
0.0014608333865773625
0.0014174450269878983
0.0014171387515851575
0.0014185880106115472
0.0014187820538722675
0.0014174107327126382
0.0014174149406643297
0.0014174801209381833
0.0014182949538217764
0.0014183184080557739
0.0014183184080557739
0.0014183639473797566
0.001418432535551214
0.0014184719400320224
0.0014185642972597843
0.0013702818665187345
0.0013703627155846633
0.001370366503961736
0.0013703806639713554
0.0013707318788050242
0.0013992534631993606
0.0013993227105615963
0.0013993425161703502
0.0013994767219383665
0.0013995117255220534
0.001399320854035852
0.001384679446914855
0.0013848116149964642
0.0013848122415688743
0.0013853454762137462
0.0013366361872196304
0.001322282151939614
0.0013296574535321896
0.0012808852181270365
0.0012657959328068325
0.001266308743175667
0.001252111702368602
0.001252115068306103
0.0012521796175507876
0.0012523619816912095
0.0012527347722231157
0.0012527446390667683
0.0012528435451908003
0.001252870710121885
0.0012545236182208133
0.0012545439930401587
0.0012530121451946978
0.0012517997652559338
0.001252185392779867
0.0012807037685023449
0.0012807316474807609
0.0012810826962238663
0.0012882602218861347
0.001290296643475845
0.0012898217697849134
0.0012901046049450084
0.0012502090536902154
0.0012502857456109355
0.001250286199443033
0.0012504670335538644
0.0012504723720746201
0.00125055873069783
0.001250622584471355
0.0012494821876103176
0.0012554053641985934
0.001255452366580781
0.0012554640249053887
0.0012554869863832356
0.0012839251262639715
0.0012839634524995421
0.0012796199189062244
0.0012797625115470628
0.0012654391337548856
0.0012655601599838664
0.0012665366003704371
0.0012666212259217003
0.0012666789442270412
0.0012589907542617273
0.0012663885812754904
0.001223780054469425
0.0012238409058154187
0.0012238934034894296
0.0012339150578142349
0.0012624456333048704
0.0012624725560336583
0.0012628128817136189
0.001262669467545866
0.001263054201571205
0.0012988097424871852
0.0012983960936995558
0.0012968317906500552
0.001298362487893282
0.001298463168261362
0.0012986306070062249
0.0012986364118877734
0.0012558979316851385
0.0012559294583886227
0.0012560368630595694
0.0012021018761313432
0.0012048803448975734
0.0012049198171204987
0.0012051043058699327
0.0011618225722307817
0.0011360707637995055
0.001136085994024815
0.0011362224593461387
0.0010937581156050633
0.001090057297415764
0.0010901753042946289
0.001090191399447019
0.0010902089375826537
0.0010870392135710679
0.0010870589501789513
0.0010870589501789513
0.0010871000375392756
0.0010878001044928155
0.0010714804123727077
0.0010681670581988631
0.001068201979911368
0.0010682034120610348
0.001068384361025163
0.0010683887586835565
0.0010684190696172303
0.0010684256540396467
0.0010684876602023038
0.0010548121609367995
0.0010522433742379568
0.0010522489220725535
0.0010525319297440636
0.0010525342577737459
0.0010525743200757688
0.001052626668592342
0.001055489128115405
0.0010554946139278922
0.001055538270685838
0.0010563558812757073
0.0010564088197305597
0.0010564404449846067
0.001056954486664186
0.0010569572713361268
0.001056994724943614
0.0010584223825889118
0.0010521048464196994
0.0010521147383000563
0.000997563066836792
0.0009984569536096836
0.0009984639693969796
0.0009945351526167688
0.000994535946241728
0.0009959650417572503
0.000996037126279294
0.0009947328747454784
0.0009947524646567426
0.0009947637124953508
0.00099769894518053
0.0009977298281727818
0.0009941521799708933
0.0009793709973027888
0.0009319968416138136
0.0009312743549291751
0.0009291413304537167
0.0009296854015475817
0.0009296897859524387
0.0009297011077402883
0.0009297646832924852
0.0009297770036443378
0.0009288997209166117
0.0009289009663217822
0.0009574199201413164
0.0009574225326589002
0.0009574239922313796
0.0009574246007002295
0.0009574342117244566
0.0009574671292964478
0.000957716660805801
0.0009577248739749252
0.0009577412704964869
0.0009430164589134346
0.0009430573263381099
0.0009430877304259963
0.0009431038208367268
0.0009433419613135363
0.0009433420849270598
0.0009447915578331359
0.0009448929652088897
0.0009521316561683708
0.0009521383420110501
0.0009524021834080334
0.0009595495618489414
0.0009860956217990486
0.0009861285040650594
0.0009861351557568596
0.0009861613610186002
0.0009862113875422267
0.0009863036615788575
0.0009866450013452277
0.0009867776030239622
0.000986778694851227
0.0009824026499592954
0.0009824228385501973
0.0009638980185584177
0.0009639049877019281
0.0009639100131754193
0.0009791070607066263
0.0009791554281014414
0.000970006242108486
0.0009700117058780605
0.0009707022766007164
0.0009708400560388228
0.0009708627894494062
0.0009708668671526903
0.0009708674750480989
0.0008841178520813559
0.000884367961801222
0.0008844151083928716
0.0008844169733862202
0.0008374006513730971
0.0008374281482736419
0.0008374299879733795
0.0008246298263407444
0.000824974924728516
0.0008250159640334799
0.0008250307846758546
0.0008250902930981721
0.0008251006783387544
0.0008265298380847993
0.0008270398106347654
0.0008272531626162653
0.00081204172212159
0.0008120462770692503
0.0008108015364243865
0.0008108902417612783
0.000811750606057516
0.0007539430358349083
0.0007539662703730451
0.00074755543080897
0.0007760991198470803
0.0007761111764216447
0.0007761160814225018
0.0007761160814225018
0.0007313616323245251
0.0006885784172409204
0.0006885919204287619
0.0006886005424167398
0.0006884751971151663
0.0006885588773859746
0.0006817931181708396
0.0006846514582143093
0.0006849913029622397
0.0006849922207179711
0.0006849926884962535
0.0006849932973009268
0.000684997536821064
0.0006850070035872359
0.0006850217093979745
0.0006850853814564309
0.0007135830641300915
0.0007135859718971736
0.0006636965950982702
0.0006638302028150704
0.0006638311892829659
0.0006638352233602664
0.0006638357326970091
0.0006645186450215958
0.0006645605510766017
0.0006646004250647942
0.0006646010656285087
0.0006648436278074355
0.000664858058041916
0.0006648879862899168
0.0006218940138608933
0.0006056123290767011
0.0006056210275252371
0.0006056362749995388
0.000634133115265977
0.0006369964122523208
0.0006370146542877422
0.0006375303011742739
0.0006375924317597
0.0006219072764356926
0.0006217479373002133
0.0006217494972337196
0.0006074624338144981
0.0006074625651267081
0.000563961396353341
0.0005639786020114743
0.0005639809476567863
0.0005639812450287804
0.000549316076203581
0.0005493190045499614
0.0005493190045499614
0.0005493888479749711
0.0005494033373033929
0.0005494644217082659
0.0005494654563805213
0.000546716607881608
0.0005467229237977242
0.0005467243773375941
0.000536750028480487
0.000536750028480487
0.0005367727537999442
0.0005367757557218913
0.0005370680736546845
0.0005370791688375216
0.0005373513324107481
0.0005373563464450114
0.0005373576432153311
0.0005376996269424672
0.00048818165358193187
0.0004883225684482154
0.0004883236658214886
0.0004883266058646047
0.0004883908822494181
0.0004884341991878784
0.000488446000503751
0.0004884617226006117
0.000488612720400166
0.00044586854020847033
0.0004458974639990447
0.0004458982982410227
0.000403189777881272
0.00040321617981635725
0.0004032180570309425
0.0003604628373553286
0.00035981388939757334
0.00036052665245177404
0.0003605293893376276
0.00036057359254773646
0.0003605983036925024
0.00034539499278508353
0.0003453974249139416
0.0003454146799866497
0.0003431118979741171
0.0003431325633411017
0.00034320629006143823
0.0003432293655787221
0.0003375004461869298
0.00033751531859692096
0.0003378018547210021
0.0003379372704043875
0.0003379515700278054
0.00033798675352029767
0.00029495415680194496
0.00029496732610540324
0.00029580048314996007
0.0002972260211196139
0.0002972270110320217
0.00030018039318414506
0.00030025210587887233
0.00030025265596625054
0.0003002575284005631
0.0003002595606434832
0.0003002620958271432
0.00030028719610689086
0.0003002903141851712
0.00030033068468550135
0.00030033080009878743
0.0003003539489519493
0.00030035824320288597
0.00030036987192337187
0.00030041302106102925
0.00030041638943389205
0.00030041939081775203
0.00030042692567122653
0.00030043137258011366
0.00030044980834356385
0.0003005007977630035
0.0003076304298071802
0.00030763431118180384
0.00030763442831095695
0.00029340158673284226
0.00029340168995720437
0.00029344386999337335
0.0002934627144837081
0.0002935771062043002
0.00029375269416855195
0.0002937828253728952
0.0002937843203492165
0.0002938469491786759
0.00029386613921043874
0.00029394442524726294
0.00029396543153858344
0.00024656580649226373
0.00024656605844467763
0.00024659634276344905
0.00024671128997771555
0.0002467804610088208
0.0002467831977307803
0.000246784158132793
0.00024678536963693967
0.00024683375937510513
0.0002462141566799807
0.00024634403704807935
0.00024661792050694104
0.0002466263138042503
0.00024670689016803967
0.0002316496291719883
0.00023220178141704603
0.0002322486883382887
0.00023188845319084238
0.00023203885672674025
0.00023123827736281732
0.00023128494546952838
0.00023270983683021813
0.00023271072664721997
0.00018918267285199716
0.00018918937049874711
0.00018919035072327868
0.00018919035072327868
0.00018925127058734824
0.00018947538893805042
0.00018947620301686246
0.00018947717691014353
0.00018947895837548697
0.00018950037290630205
0.00014667662880272174
0.0001467403438192367
0.0001467405148130405
0.00014697863428041015
0.00017547521782953983
0.000176051924967478
0.00017605250478538501
0.00017639174427828982
0.00017642695554624863
0.000176446354696494
0.00017487628209847733
0.00017495102405498659
0.00017498835454030358
0.00017498864319975002
0.00017500124033316378
0.00017582157098810868
0.00017582218861157586
0.000175836678799538
0.00016444767429497125
0.00012123766632521076
0.00012124078632876562
0.00012124110661062288
0.00012131972128448321
0.00012133581169521388
0.00012133754433637919
0.00012138112721343923
0.0001213881459615683
0.00012138893774032361
0.0001213903594625402
0.00012144124538647591
0.00012147616709898084
0.00012151854073674935
0.00012163960316307268
0.00012163960316307268
0.00012166186941570868
0.0001217342750798228
0.00012175927167403685
0.00012176922378494644
0.00012177792223348246
0.0001217918766980491
0.00012179476092045842
0.00012179559365328729
0.00012236783449897162
0.00012238802310799931
0.00012238802310799931
0.00012245065193745866
0.00012245431939143602
0.00012245473813177288
0.00012245473813177288
0.0001224582869143997
0.00012270102407744573
0.00012274640885685649
0.00012362331505448937
0.00012362418058402472
0.00012368691381972515
0.0001236890054846402
0.00012450318026761175
0.00012450418759760813
0.00012451112084450948
0.0001245622330941278
0.00012456638984405436
0.00012435137942624718
0.00012435137942624718
0.00012105289939522196
0.00012106397788401294
0.00012106609206953193
0.00012265181869997456
0.00012265181869997456
0.00012277009550507484
0.00012279195477322817
0.00012289159154736803
0.00012289236865068562
0.0001300413945959006
0.00013012082948441823
0.0001305252036550643
0.00013052628470505495
0.0001319510905752551
0.00013195372495781663
0.00013195372495781663
0.0001323300337923505
0.0001323300337923505
0.00013256115158789396
0.0001327403286227861
0.0001327406810794021
0.00013274080868919464
0.00013280343751865398
0.00013280406347330936
0.0001328041985878993
0.00013280565247144032
0.00013304325786316605
0.00013312154389999025
0.0001332211806741301
0.00013254921242089043
0.00013258450884564817
0.00013258450884564817
0.0001325857248961775
0.00013266401093300169
0.00013279353873938354
0.00013279367918699143
0.0001327990453020102
0.0001328005919866283
0.0001328790240884752
0.0001357302833842296
0.00013574282198681537
0.00013608381887209785
0.0001361834556462377
0.00013635615938808015
0.00013649158436547022
0.00013649158436547022
0.00013666428810731268
0.00013666467465258403
0.00013666594067779264
0.0001366722801922318
0.00013671590390531923
0.0001374694046046849
0.00013923360819926542
0.00013970854348933215
0.0001432662034562482
0.00014256827582582963
0.00014281982258025232
0.0001257060554883167
0.0001257582491287699
0.00012585788590290979
0.00013304454408337004
0.00013304549968757543
0.00013304549968757543
0.0001330532982966077
0.00013305347371346359
0.0001333928923554978
0.00013342799705604204
0.0001334300353524801
0.00013343026226852884
0.00013343026226852884
0.0001334463526792595
0.00013344653961668097
0.00013344653961668097
0.00013344653961668097
0.00013344653961668097
0.00013344692580174764
0.00013344692580174764
0.0001334476024174001
0.00013357733414619074
0.000134595261112741
0.000134595261112741
0.000134595261112741
0.00013476796485458343
0.00013476796485458343
0.00013323777672622026
0.00013323802765184283
0.00013323889705824107
0.0001332405299681562
0.0001332409581151157
0.00013324993500919992
0.00013337946281558177
0.00013337962588162624
0.00013337962588162624
0.00013340134004365483
0.00013340167794755918
0.00013340167794755918
0.00013340167794755918
0.00013363914559259255
0.0001365670433698171
0.0001374160935508027
0.00013758965633458686
0.0001380995962957306
0.00013810034976261066
0.0001352922513410541
0.00013580143235228807
0.00013580143235228807
0.0001358111746146484
0.00013581169693446086
0.00013866130867486122
0.0001386622934905858
0.00013890059386844806
0.00013971476865141957
0.00013972572869657495
0.00013972572869657495
0.00013972592660002245
0.00013972592660002245
0.00013972627343689445
0.00013972627343689445
0.00013973866305315707
0.00014686353608999448
0.00014686412129691082
0.00014686412129691082
0.0001468652286843555
0.00014686546569378232
0.00014690737174878821
0.0001469078652175555
0.00014690823979189436
0.0001469873183145256
0.00014841212418472576
0.00014841212418472576
0.00013721722091886718
0.00013755741626553998
0.00013755771168454686
0.0001375585390431262
0.0001376238080998952
0.0001377234448740351
0.00013772436839352577
0.0001377246813588357
0.0001291683097623162
0.00012916944962017152
0.0001295097171115397
0.00010796913791226479
9.218603729890301e-05
9.218712348595862e-05
4.737764027849486e-05
4.7507168084876697e-05
4.7507168084876697e-05
2.320467629956536e-06
2.8298046714164278e-06
2.8298046714164278e-06
2.8298046714164278e-06
2.8298046714164278e-06
2.830303247523575e-06
2.8308238196354494e-06
2.831367700946363e-06
2.831367700946363e-06
2.831367700946363e-06
3.0040714427888097e-06
3.0040714427888097e-06
3.0040714427888097e-06
3.242107691010856e-06
4.05628247398239e-06
4.05628247398239e-06
4.05628247398239e-06
4.05750005023354e-06
4.05750005023354e-06
4.3967395431383465e-06
4.3967395431383465e-06
4.3967395431383465e-06
4.397391926778548e-06
4.398075877369082e-06
4.3987934648739035e-06
4.3987934648739035e-06
4.399546931753968e-06
4.399546931753968e-06
4.399546931753968e-06
4.399546931753968e-06
4.399546931753968e-06
4.399546931753968e-06
4.400338710509289e-06
4.400338710509289e-06
4.400338710509289e-06
4.401171443338161e-06
4.4020480042106575e-06
4.4020480042106575e-06
4.402971523701324e-06
4.40394541698239e-06
0.0
0.0
0.0
0.0
0.0
0.0
0.0
0.0
0.0
0.0
0.0
0.0
0.0
0.0
0.0
0.0
0.0
0.0
0.0
0.0
0.0
0.0
0.0
0.0
0.0
0.0
0.0
0.0
0.0
0.0
0.0
0.0
0.0
0.0
0.0
0.0
0.0
0.0
0.0
0.0
0.0
0.0
0.0
0.0
0.0
0.0
0.0
0.0
0.0
0.0
0.0
0.0
0.0
0.0
0.0
0.0
0.0
0.0
0.0
0.0
0.0
0.0
0.0
0.0
0.0
0.0
0.0
0.0
0.0
0.0
0.0
0.0
0.0
0.0
0.0
0.0
0.0
0.0
0.0
0.0
0.0
0.0
0.0
0.0
0.0
0.0
0.0
0.0
0.0
0.0
0.0
0.0
0.0
0.0
0.0
0.0
0.0
0.0
0.0
0.0
0.0
0.0
0.0
0.0
0.0
0.0
0.0
0.0
0.0
0.0
0.0
0.0
0.0
0.0
0.0
0.0
0.0
0.0
0.0
0.0
0.0
0.0
0.0
0.0
0.0
0.0
0.0
0.0
0.0
0.0
0.0
0.0
0.0
0.0
0.0
0.0
0.0
0.0
0.0
0.0
0.0
0.0
0.0
0.0
0.0
0.0
0.0
0.0
0.0
0.0
0.0
0.0
0.0
0.0
0.0
0.0
0.0
0.0
0.0
0.0
0.0
0.0
0.0
0.0
0.0
0.0
0.0
0.0
0.0
0.0
0.0
0.0
0.0
0.0
0.0
0.0
0.0
0.0
0.0
0.0
0.0
0.0
0.0
0.0
0.0
0.0
0.0
0.0
0.0
0.0
0.0
0.0
0.0
0.0
0.0
0.0
0.0
0.0
0.0
0.0
0.0
0.0
0.0
0.0
0.0
0.0
0.0
0.0
0.0
0.0
