23395
23395
23395
23395
23395
23395
23395
23395
23395
23395
23393
23393
23392
23392
23392
23392
23392
23391
23391
23391
23391
23390
23389
23389
23387
23386
23386
23385
23385
23385
23384
23383
23382
23380
23380
23379
23378
23378
23377
23376
23376
23376
23375
23375
23373
23372
23369
23367
23367
23364
23363
23362
23358
23356
23355
23351
23351
23350
23346
23344
23342
23341
23337
23333
23330
23329
23327
23326
23324
23324
23323
23322
23322
23320
23319
23318
23315
23311
23310
23308
23306
23305
23304
23303
23299
23297
23292
23286
23285
23283
23278
23274
23273
23269
23266
23263
23262
23260
23255
23252
23249
23243
23240
23239
23234
23232
23228
23223
23220
23214
23213
23211
23209
23207
23203
23200
23198
23197
23193
23188
23183
23178
23175
23170
23170
23164
23163
23157
23153
23149
23145
23140
23137
23132
23126
23121
23114
23109
23105
23099
23088
23081
23074
23072
23068
23060
23057
23054
23052
23046
23039
23037
23030
23023
23018
23011
23009
23003
22999
22995
22987
22981
22975
22968
22963
22958
22955
22951
22942
22938
22931
22924
22921
22912
22910
22902
22895
22891
22883
22875
22869
22861
22857
22851
22843
22839
22834
22824
22821
22811
22808
22791
22784
22778
22773
22762
22759
22750
22745
22737
22733
22725
22711
22704
22697
22687
22677
22667
22662
22655
22648
22643
22633
22630
22626
22621
22614
22603
22596
22593
22586
22579
22568
22561
22551
22537
22528
22517
22508
22496
22490
22480
22473
22462
22452
22440
22430
22423
22412
22401
22394
22387
22380
22372
22364
22355
22341
22328
22315
22306
22295
22286
22280
22272
22268
22252
22240
22224
22213
22199
22192
22187
22173
22153
22149
22136
22123
22112
22101
22087
22082
22076
22056
22049
22038
22028
22021
22006
21993
21975
21963
21948
21935
21927
21913
21899
21886
21880
21863
21852
21838
21822
21812
21800
21781
21752
21735
21719
21697
21683
21670
21660
21644
21627
21618
21598
21581
21559
21546
21533
21520
21504
21489
21479
21466
21448
21435
21424
21417
21407
21394
21380
21364
21344
21329
21313
21295
21284
21264
21246
21235
21219
21201
21189
21174
21162
21147
21125
21115
21093
21069
21050
21029
21019
21009
20990
20978
20960
20939
20923
20901
20878
20858
20846
20836
20814
20798
20775
20757
20735
20713
20687
20680
20658
20640
20618
20595
20574
20560
20532
20512
20498
20472
20453
20435
20420
20402
20381
20361
20341
20319
20300
20275
20258
20246
20221
20193
20169
20158
20138
20114
20093
20070
20057
20029
20016
19993
19965
19947
19935
19910
19889
19864
19844
19810
19783
19755
19732
19708
19691
19669
19653
19624
19610
19582
19551
19526
19507
19485
19448
19427
19396
19369
19345
19320
19294
19265
19239
19220
19186
19160
19124
19100
19071
19043
19018
18982
18960
18925
18897
18864
18818
18788
18759
18736
18709
18683
18658
18623
18599
18552
18529
18509
18488
18469
18431
18403
18381
18344
18317
18282
18255
18225
18200
18181
18157
18125
18095
18068
18028
18001
17964
17942
17904
17849
17825
17797
17770
17754
17727
17670
17643
17614
17595
17559
17538
17509
17483
17446
17413
17377
17342
17310
17278
17247
17213
17187
17154
17129
17096
17060
17024
16992
16953
16925
16897
16866
16823
16778
16730
16699
16671
16642
16614
16580
16531
16466
16429
16397
16365
16332
16293
16264
16230
16196
16145
16118
16082
16030
16002
15959
15926
15884
15848
15809
15766
15728
15696
15662
15611
15556
15523
15488
15451
15419
15388
15348
15318
15277
15233
15169
15132
15097
15045
15014
14959
14917
14871
14829
14782
14741
14695
14662
14620
14570
14523
14478
14426
14387
14350
14298
14259
14224
14169
14118
14060
14028
13964
13904
13862
13811
13757
13717
13665
13621
13584
13541
13458
13404
13374
13323
13281
13224
13196
13171
13127
13095
13038
12978
12938
12886
12837
12772
12740
12704
12658
12616
12558
12511
12450
12377
12328
12245
12184
12130
12082
12046
11993
11956
11902
11808
11737
11689
11630
11581
11530
11460
11391
11354
11268
11213
11172
11098
11047
10969
10889
10821
10781
10737
10696
10666
10622
10569
10500
10443
10392
10339
10295
10240
10178
10133
10078
10030
9979
9914
9858
9792
9716
9631
9599
9538
9499
9446
9381
9313
9256
9219
9152
9107
9023
8986
8937
8865
8817
8750
8713
8662
8609
8562
8506
8462
8378
8292
8237
8202
8135
8052
8004
7935
7881
7840
7793
7716
7633
7576
7538
7483
7370
7273
7221
7159
7094
7032
6960
6902
6865
6801
6756
6706
6641
6594
6552
6483
6459
6424
6390
6335
6305
6225
6173
6114
6057
5986
5944
5877
5837
5775
5746
5678
5622
5546
5487
5353
5310
5221
5113
5051
4982
4951
4919
4845
4787
4743
4681
4583
4535
4500
4401
4345
4301
4256
4218
4195
4157
4094
4059
4012
3947
3905
3856
3765
3733
3703
3644
3611
3540
3515
3476
3387
3307
3245
3151
3042
2960
2918
2880
2849
2828
2775
2737
2704
2686
2661
2626
2563
2524
2459
2427
2377
2337
2323
2170
1973
1927
1855
1839
1811
1792
1745
1727
1654
1382
1350
1309
1288
1273
1253
1169
1127
1107
844
700
636
628
626
621
615
606
600
595
478
477
476
467
405
382
225
225
222
220
216
216
215
208
203
203
202
202
202
200
194
176
172
169
167
166
163
160
158
156
153
146
140
136
135
134
129
128
128
126
124
123
122
122
119
119
109
108
107
103
88
88
87
86
84
82
78
73
72
67
64
60
60
57
57
57
55
55
55
54
54
54
54
54
51
49
49
48
36
36
30
29
29
26
26
25
25
24
23
23
20
20
20
18
17
14
14
13
12
11
11
11
9
9
8
8
7
6
6
5
5
5
1
1
1
