0.29027777777777775
0.19511976493108568
0.13794670220009586
0.13006251332470933
0.09630305879943069
0.06923030090875233
0.06438505067788122
0.06836478226159325
0.06241201334334208
0.05131603795532289
0.04513364896594361
0.03739774634649416
0.043627156863678046
0.04812702691947737
0.044243151339348814
0.04361547133473228
0.039432273685685734
0.03384388327451087
0.03166952206492793
0.0317558127290785
0.028952652031562866
0.025867749797970362
0.02435298322426067
0.027149500398867217
0.025618555155216882
0.024506916124516435
0.024731939135630397
0.022837854059625858
0.022019064094352926
0.021195283362316682
0.020922984372319185
0.020050577935846612
0.019424638943278224
0.01873297540660411
0.018151033678900325
0.019118189089117915
0.019747683917845517
0.01842810994494906
0.017177336943739588
0.017721580382395685
0.017898264604490555
0.01742354518422946
0.01699705970810508
0.017420678688122592
0.01714256609915899
0.01732492119116118
0.01636975633492397
0.015991205755676037
0.016959799712201545
0.016503414772921277
0.016944803311908167
0.01654460872437035
0.01781300868216121
0.018107087252739858
0.01852032611660903
0.018069710891771056
0.018636366732458554
0.01821356972227441
0.01790109034755415
0.01837728343665133
0.018729999598294557
0.018396474945915973
0.01810007065296907
0.017921605421756637
0.017643607309006194
0.016909139694870935
0.016653488984626017
0.01766273907507651
0.017355818730359858
0.017685585808165778
0.017410346044038287
0.01707107210879781
0.017536678804630466
0.01779000860061125
0.01717196495863566
0.016846709956131033
0.01716855551679408
0.0165715127122212
0.016012392865262744
0.015961038880549495
0.01575796903375088
0.015473977860905623
0.015172699251247734
0.014958655856003224
0.015195848561339462
0.01501856643989282
0.01538160378460775
0.015203957711818036
0.015526078613239059
0.01535338927705756
0.015164373855968001
0.014960972556696466
0.015215780951924916
0.015050866716939273
0.014880237633929719
0.015556871287689034
0.015796179582736204
0.015563353885505279
0.014519266885355145
0.014477465745510294
0.01400446791670062
0.014289172850412826
0.014318369384678488
0.013923837561911189
0.013780623067810499
0.013648712238200508
0.01326353273546379
0.013133194332235318
0.012998295792348204
0.012305816375061335
0.012554640328925719
0.01232349078493076
0.012209637594267216
0.012102577027734054
0.011993516245389739
0.01180033880515498
0.011629149580800935
0.011298283695027242
0.01149398344373476
0.011389595370468856
0.01156297011236235
0.011441257295621766
0.011282350839871173
0.01115908074844642
0.011068383772408728
0.010967819046544874
0.010878947790151436
0.010793726814161702
0.010709530554126746
0.010620761910352515
0.010533691046362594
0.010374939061388871
0.010296943271929435
0.010219631611215857
0.010489428223083084
0.010386735410886102
0.01030108182379113
0.010495620262374597
0.010408285464771318
0.010410128612257603
0.010619751997989443
0.010647408208807873
0.01036954952351365
0.010295141763106122
0.0102241854878112
0.00995497269683253
0.009703650112666077
0.009957611920889446
0.01006877719593806
0.01000152111190052
0.009756284190617096
0.0096438187656517
0.00957855849336103
0.009724530560376267
0.009644507254670125
0.00958214498694754
0.009512204277940025
0.009229803450104839
0.009170366229511642
0.009112946260264959
0.009053284691722686
0.008978575131408
0.0089232777823841
0.00883618220109619
0.00906127273611302
0.00900618438728627
0.008946799116594675
0.008873325293623304
0.008780491563376356
0.008726399710033356
0.008616467641214725
0.008560400261448532
0.008493076543879244
0.008439119065228253
0.00838935495917316
0.008189892282630298
0.008123970236243451
0.008068964797758644
0.008019581688944006
0.007972571801199188
0.007927297595613676
0.007737124652225301
0.007534636876860928
0.007470692546802952
0.007407967996612538
0.007315147715836072
0.007803648031459675
0.007984065238352513
0.007941745159466013
0.00789466990280886
0.007853085865566767
0.00780792225316156
0.00776729577521554
0.007724154989964085
0.007888305231587978
0.007846215439634416
0.007805545159210492
0.00776039228092007
0.007917733010288208
0.007877399086292293
0.008037921656539512
0.007996838053799596
0.007923056340190995
0.00788361374283933
0.007843588748661222
0.007997170637217735
0.00795754045703239
0.007917584985283267
0.007749804287989882
0.007773859079087156
0.0076106018026240695
0.007561981493923628
0.007506602183259269
0.007469632466032899
0.0074348975060518204
0.007399481247443189
0.0075490563571579995
0.007513465495332944
0.007646392044806381
0.007609997226628291
0.007574211036926947
0.0077219735121436825
0.0075676926941499
0.0075299540804810465
0.007466500238158587
0.007401148183531587
0.007355796847669976
0.0073231843757201815
0.00727947602251566
0.0072477852003034835
0.0072164144334389444
0.007185238139133503
0.007150796832480784
0.007120209418519322
0.007083610350593934
0.007025357202426703
0.0071631254557008965
0.007121503017973702
0.007090670167162741
0.006949694280800578
0.007089996940004726
0.007059646985950627
0.007026089948266086
0.006995697476378063
0.006933949863059795
0.006878515868033527
0.006849846358151869
0.006811178476575845
0.006783798484577684
0.006756476531678978
0.00671808993073406
0.006685674048987066
0.006658233860264275
0.006631084002714433
0.006604299870216462
0.006567085073690477
0.006541245942498884
0.0065156561012094435
0.0064896341184624675
0.006351795518226856
0.006327426614736866
0.006302468108482469
0.006278459875901746
0.0062544893444371075
0.006230419327887796
0.00620698117929153
0.0061825131762012564
0.006157749791501941
0.006134596514656066
0.006009142099028071
0.005983224507035698
0.006150176160041897
0.006126341322736786
0.006103924418286093
0.006076734548326334
0.006044831996073348
0.005926748754331284
0.005903321065027309
0.005882113452207652
0.005765648890836594
0.005744756564114574
0.005724240876084236
0.005700598545142241
0.005679067464935861
0.005635110732985985
0.0057550359407417245
0.005734732040900107
0.005705555205128151
0.005681164090455902
0.005652159760385432
0.005631419052688119
0.0056101568075331565
0.005590881520356019
0.005571631442084412
0.0056776721698963495
0.0056583448863351486
0.005638172907131629
0.005619233378391353
0.005599898645543767
0.005482588053739574
0.00546426772713635
0.0054367496848984195
0.005417953971944966
0.005399257767852437
0.005381235986159727
0.005339707242952035
0.005321185063612964
0.0053002947230822856
0.0052818393960280385
0.00526475195891674
0.005241820004195733
0.005224625361775181
0.0051861290071536096
0.005168482706925192
0.005151697716979139
0.005135382406514477
0.00511914393247836
0.005102767370213707
0.005212006402259108
0.005195564903309996
0.005177620545146173
0.005078684569942575
0.005185791805396512
0.005168556967530865
0.005144374360165135
0.005126158577451829
0.005096519337603031
0.005203086963293278
0.005187023600089485
0.005171121601661565
0.0051351562099645675
0.0050990874259550095
0.005075582675611941
0.0050603789845704555
0.0050452344574497265
0.0051443654942364934
0.005128078594344114
0.005112874120201263
0.005096884306776711
0.005081859333764332
0.0050616380187426405
0.004968624997334998
0.004949685348827243
0.004853649394034435
0.004837154342040361
0.004823044271322923
0.004808473593759641
0.004793939163785231
0.004779053910499556
0.004745799483705067
0.0047271137764502
0.004711330576335357
0.004696841960029442
0.0046835461752292385
0.004659025122332013
0.004645572657914447
0.004632312556617187
0.004618623749904808
0.00460570167176838
0.00458768383431647
0.004573648843514231
0.004560897511356214
0.004529588281517757
0.004517047057844731
0.004503667893049238
0.004491261359264622
0.004478831113639444
0.00445938794489302
0.004447187750124821
0.004435148540149996
0.004404632563117722
0.004392229544227677
0.00438042288522833
0.0043687049263387585
0.004356913361226568
0.004345292139552766
0.004333307722138073
0.004426435030942834
0.004414640590691346
0.00440094343618901
0.004317369498822273
0.004306016720485257
0.004294758544279781
0.004281562670466286
0.004270128928895941
0.004258921355847009
0.00417895055732496
0.004168127459521762
0.004157375124647801
0.004146685265966839
0.004135453538045507
0.0042107358503584115
0.004200020380240627
0.004104092513563202
0.004026086881705818
0.004012492227807658
0.00399230218809197
0.004082510980036424
0.0041393866845820535
0.004125156664419897
0.004114796367590967
0.004104155932943368
0.004093941025756001
0.004083644194733256
0.0040698858646166115
0.004053259343323159
0.004040725481716941
0.003965464450264124
0.004036021542313848
0.004022871746787826
0.0039806390036480465
0.003970947173989342
0.003961295182680865
0.003949762381892883
0.003940138415871382
0.003866548083394655
0.003857266403826392
0.0038469603655553876
0.003836570570530214
0.0038270093659962382
0.0038178917304712676
0.0038085562961553887
0.0037992692742889736
0.0037902105284492223
0.0037812840679699164
0.003772400237393197
0.0037463484616882658
0.0037354501641628885
0.0037264432783831966
0.0037177696984523724
0.003647165733317747
0.003638710212981564
0.0036301234895488223
0.0036143997316231656
0.003606031866414594
0.00359774173681413
0.0035863528661061604
0.003578062587879008
0.00356984901504566
0.0035616456142485305
0.0035380441302971387
0.0035277555066499182
0.0035196313543024603
0.003511496455069049
0.0035035070509426476
0.0034956302527219384
0.00342807384105431
0.0034203794107277815
0.003397252360448473
0.0033896913955358357
0.0033794003435499488
0.003371877858732029
0.00336145935177596
0.003344548703041682
0.0033371549248115864
0.0033229063009968048
0.003300816303205975
0.003293595947354702
0.003286401714318085
0.003273390896175523
0.003264365205178385
0.003257140990393446
0.0032497580722871387
0.003329234506297986
0.0033220538399466033
0.0033147471806124758
0.003307645192409416
0.00329724213248236
0.0032894944851897265
0.003282261626077735
0.0032742735557606158
0.003267253027693417
0.003257401349638238
0.0032505113107263875
0.0032419836991137083
0.003235145983455782
0.0032279871292385655
0.0032062820423518663
0.003199508169984554
0.0031871593775543113
0.003180001114582891
0.0031733863837615263
0.0031652276504559353
0.0031586839697449825
0.003146021340266615
0.003139085676037354
0.0031319003327687075
0.003125471891175894
0.003118025478095692
0.003111660309700585
0.003104942688169057
0.003098570936499169
0.003158948370013939
0.003152530680333211
0.0032349032590996358
0.0032255652542651043
0.0032186260939414037
0.003209674317286847
0.003189880471062413
0.0031834879878394856
0.003177128924683987
0.0031707928096263945
0.0031640754748693983
0.0031575616119665505
0.0031513066666642654
0.0031450634989341054
0.0031385935069309936
0.0031324051338176492
0.003126235334100196
0.003119777599249183
0.003113023225867059
0.0031856207049996985
0.003127114875303652
0.0031209992222176134
0.0031134563627524914
0.00305500398234378
0.0030490754851939185
0.0029916208871336013
0.002985713018054703
0.0029798777442714627
0.002974083621843266
0.002968346078173022
0.0029626258219467437
0.0029566477393283925
0.0029509871664531212
0.0030210616287128992
0.003090606418642889
0.0030847341719099706
0.003078544450692758
0.0030718319357851977
0.003064604371298547
0.0030211493570365374
0.003010349108868206
0.0030046528245015703
0.002986571547084074
0.002968147096855702
0.0029625595096745535
0.002956926313650606
0.0029512124455120334
0.002945610045005842
0.0029397262565717614
0.002934297853509175
0.0029274908629730624
0.0029219923263996772
0.0029140933229828193
0.0029087573284706557
0.0029030338630522006
0.002894356627844856
0.002889065682392753
0.0028832335425311925
0.0028779966477300548
0.002872499782512617
0.0028672884239337552
0.0028621032860668603
0.0028565406451361297
0.0028487953361010948
0.002795706311855813
0.0027906822087649073
0.0027848975807331835
0.002779864846607289
0.0027748985870412503
0.002841146585382885
0.002835768244906031
0.0028307247880359552
0.00282569178870641
0.002820611646170038
0.00281560596258968
0.002810646889080454
0.0028056869538162976
0.00280070726587431
0.00279312353559856
0.002787677818677044
0.0028525933439617034
0.0028421389555605358
0.0029070955978179563
0.0028557229772584428
0.0028507734436053144
0.0028458022839500247
0.0028408625242592224
0.0028358671816756317
0.0028296331925435816
0.002824738562484437
0.00281982186940258
0.002814972146156468
0.00281014413694385
0.0027592664751673376
0.0027545033424169045
0.002749795721153974
0.0027451239749840834
0.002740461717978414
0.0027355489200623067
0.002730890735668707
0.0027262545635539704
0.0027216613750723493
0.002717073100386498
0.0027124435809105403
0.002707074271813693
0.0027025425861232676
0.002696718588806148
0.0026922152321706156
0.0026872074746558472
0.002677909927888589
0.0026732675314681273
0.002668631252319831
0.002663294140176155
0.002658871070957916
0.002654440405678789
0.0026500621621390994
0.0026456478566660186
0.0026413013469472144
0.002626000222668272
0.0026217047607584184
0.00261737030486048
0.0026125909287500193
0.0026060396682458897
0.0026017938907765747
0.0025975694562282822
0.0025933638279576976
0.0025891684568099824
0.0025841196706934445
0.00257564863644693
0.0025715034323667762
0.0025671699172858647
0.002520328044090808
0.0025154923336618536
0.0025114681194194563
0.0025074630400924655
0.002502965168357929
0.002494703382478878
0.002490599865269791
0.002486652068152126
0.0024382296051634073
0.0024343784717208317
0.0024305362237095483
0.0024266479245055915
0.002422823865663183
0.002408432547366443
0.0024043985212680355
0.0024634301500707514
0.0024594361016996476
0.0024553457983276955
0.002451483536162427
0.0024061269143936977
0.002402239225929449
0.0023571259681032285
0.0022606144725797676
0.002257118005250499
0.0022494880068704083
0.0022460225644146676
0.0023005770761692418
0.002296269745212721
0.002282370498437165
0.0022788712914082665
0.0022753767145753906
0.0022716761801233987
0.0022681642874780943
0.002263739489718256
0.002259099806624175
0.0022556359882160973
0.002252218352587539
0.002248769421589186
0.002245357649570035
0.0022419343746546234
0.002238511048175394
0.0022960548797234686
0.0022925980455731727
0.0022891547114252436
0.002348451414129413
0.002344452320895646
0.0023300504761167985
0.0023265774363021995
0.002389811701053591
0.0023855074809194287
0.002381951791583195
0.002378421515597555
0.0023749008782433588
0.0023713528798707142
0.0023676155922772923
0.002363956548331057
0.002356558130531279
0.0023530528851581456
0.0023496032679571283
0.002336366761842008
0.0023328939049913197
0.002329488816970256
0.002326093323784708
0.0023223616256898383
0.0023186044171201424
0.0023147531578717293
0.0023113982525681774
0.0023080401541863194
0.0023046944601686154
0.0023013687399292835
0.0022980524897766815
0.0022946748186447458
0.0022902772645717515
0.002286984124324103
0.002283388712235787
0.0022801156934701256
0.002276853746592871
0.002273499903323356
0.0022702475122160786
0.002262909773122306
0.0022596926228718173
0.0022560373593424193
0.0022528230367171507
0.002249633617162476
0.0022460066993109386
0.0022428094076520867
0.002238809785045971
0.0022354333282065845
0.0022320650999001087
0.0022195838794797735
0.002216358207993085
0.0022130878927717765
0.0022096835447993637
0.0021973041086075047
0.0021941773950834922
0.002191058225700181
0.002187947949534445
0.002184425216843522
0.002181389457311276
0.002242911035569852
0.002239779184848999
0.002236613082441993
0.0022333576860488202
0.002230250768180912
0.0022467338546349547
0.0022417883034022736
0.0022385626986770836
0.002235484656577683
0.0022324298207261795
0.002229383220295191
0.0022262677130702184
0.0022232388744086776
0.0022200668466651192
0.0022040870797227093
0.0022010966110848954
0.002198118614804068
0.002193041133028623
0.0021900543409825
0.00218710164862399
0.002184134557194577
0.0021809438925116807
0.0021740018397598732
0.002171075612349373
0.0021680269463721894
0.0021650476004186335
0.002162157092191806
0.0021592381455331922
0.0021544837751851058
0.0021480536338231077
0.0021451978837634016
0.0021402339449309348
0.002128550335057596
0.0021257274896674134
0.002122892792748715
0.002172867532899442
0.002170002936379165
0.0021636173807604423
0.0021607364593710624
0.0021578659338626328
0.002154997685465086
0.0021521763210802305
0.002149360473984573
0.00214585541736026
0.002143048644635408
0.0021402545714039596
0.00213744058265024
0.0021339892883226815
0.002185769038773147
0.002182932227751569
0.002180047098308054
0.002177230650890042
0.0021743839829485813
0.002171581270111414
0.0021673618323213165
0.0021644105603624664
0.002161627465140714
0.0021588559226061255
0.0021543236871172126
0.0021515660374141717
0.0021488035618809124
0.0021460536820192178
0.0021432930353882107
0.0021371698028995003
0.0021344502660990993
0.0021317373893339703
0.002127102933585571
0.002124400953595515
0.0021124026894129735
0.0021063678524594442
0.0021030508709071116
0.002100368021310927
0.0020976609514521006
0.0020949816163550483
0.0020921988695608005
0.0020887757694142647
0.0020861404914838534
0.002083206263574484
0.0020805564316889696
0.002077895858216739
0.0020749121391753873
0.002072279052550371
0.0020697030930737076
0.0020654815920237313
0.0020629174074554162
0.0020603609230827376
0.0020578124448771295
0.0020552715783099525
0.0020527373966339733
0.002050207585660941
0.0020476861772763715
0.0020450849742410155
0.0020416403320497635
0.0020389924440867677
0.0020359522888085315
0.002033462527820916
0.002030979100671656
0.002028501209155895
0.0020260264454510413
0.002023560583731214
0.0020145972166620285
0.0020121210047570576
0.002006332652378682
0.00200387730031076
0.00199332357491263
0.0019909153975112446
0.0019885089716872744
0.0019855384060881937
0.001983091650255405
0.0019805742432627083
0.001977942400401059
0.001975562026221105
0.0019731556173398714
0.0020265887987233992
0.00202413539230517
0.0020201160872351464
0.0020176610520784358
0.002014994565053281
0.0020110120697293446
0.0020084111648080477
0.0020060155922628593
0.0020036308173390703
0.0020012529735595466
0.002046237780861224
0.0020438142657323343
0.002041196086999353
0.0020386476053348367
0.002036244742253918
0.002033750435910468
0.002079386105426018
0.002124135567241882
0.0021215369890625127
0.002118878500547494
0.002113956157189337
0.002111485010230769
0.002108985235075449
0.0020753389699559046
0.0020729184854718146
0.0020673804441721957
0.0020647184233154206
0.0020613293928241645
0.0020587494795404637
0.0020554562072035666
0.00205308067798138
0.0020507024537214993
0.00204831467398085
0.002045935540671055
0.002042577214733294
0.002040173309819482
0.0020843177536852553
0.0020819277457807817
0.0020795457367597282
0.0020755389219991494
0.002072612268943193
0.0020701805973552243
0.002067821684016101
0.0020654551576333403
0.002063098325109241
0.00206075630106916
0.00205841365455674
0.0020560708082278316
0.0020537298858302098
0.002051398014111023
0.002046604651152587
0.0020442952164954026
0.0020419475863626578
0.0020396490495287
0.0020338191425650657
0.00203153460953175
0.0020291512646876497
0.002026344770021966
0.0020240577071230447
0.0020216612708125296
0.0020189979806729745
0.0020158716597747936
0.00201361861097092
0.002011375925638951
0.002009039448727445
0.0020067990268450874
0.002004556881098632
0.0020008457560143885
0.0020436777482887632
0.002041388648075292
0.002038690749314994
0.0020356026613530848
0.002033360234933079
0.0020311090622572962
0.0020288735138669816
0.002026645172902039
0.002024410302482409
0.002022190012216979
0.0020199760856813957
0.0020177675889215376
0.002015560558525236
0.002013356495171777
0.0020110939185385233
0.0020524489430511408
0.0020206508233274203
0.0020184484427954383
0.002015422826756171
0.0020132205471208166
0.002011041604817397
0.0020088671238348696
0.002006697400925195
0.0020045316130732098
0.0020023552297416865
0.002000191354503852
0.0019980209250419715
0.001967226497255103
0.001965115147393697
0.0019629723314634863
0.001960870273312812
0.001958667958136556
