23395
23395
23395
23395
23395
23394
23393
23393
23392
23391
23391
23391
23390
23390
23390
23390
23390
23389
23389
23389
23388
23386
23386
23385
23384
23383
23383
23381
23381
23380
23380
23379
23379
23378
23377
23374
23373
23371
23371
23370
23370
23363
23362
23362
23362
23362
23362
23362
23362
23361
23358
23357
23356
23355
23354
23353
23351
23348
23345
23343
23342
23342
23342
23340
23339
23337
23334
23333
23331
23330
23330
23330
23330
23329
23326
23326
23322
23321
23319
23316
23315
23312
23307
23306
23304
23301
23296
23289
23286
23284
23284
23281
23281
23277
23276
23273
23269
23267
23263
23258
23254
23244
23242
23240
23237
23232
23231
23223
23222
23219
23219
23211
23210
23209
23206
23204
23201
23196
23192
23185
23181
23178
23178
23173
23168
23165
23161
23156
23154
23150
23146
23141
23138
23133
23125
23122
23114
23108
23101
23095
23091
23090
23083
23082
23077
23067
23059
23050
23042
23039
23033
23030
23023
23021
23019
23008
23001
22997
22988
22985
22982
22976
22966
22956
22947
22944
22936
22928
22920
22920
22914
22902
22890
22884
22873
22865
22864
22857
22851
22846
22839
22828
22825
22816
22807
22798
22792
22785
22780
22773
22764
22758
22750
22743
22736
22729
22721
22716
22709
22696
22692
22686
22679
22662
22655
22647
22635
22626
22617
22611
22603
22591
22589
22584
22575
22570
22563
22557
22550
22542
22532
22523
22515
22501
22491
22483
22472
22462
22457
22451
22437
22430
22421
22410
22401
22388
22377
22364
22352
22340
22330
22315
22305
22298
22287
22277
22264
22254
22242
22230
22225
22211
22192
22176
22164
22152
22140
22134
22126
22116
22106
22095
22082
22069
22050
22038
22027
22009
21995
21986
21974
21968
21951
21943
21930
21922
21910
21898
21885
21870
21859
21846
21839
21829
21813
21806
21800
21790
21772
21765
21752
21738
21725
21716
21699
21688
21676
21669
21661
21650
21631
21621
21606
21590
21577
21563
21548
21537
21526
21509
21492
21480
21461
21451
21432
21426
21405
21394
21384
21370
21354
21333
21307
21286
21277
21259
21238
21226
21214
21201
21190
21177
21161
21136
21123
21108
21094
21078
21056
21033
21015
21005
20980
20968
20947
20932
20911
20902
20890
20877
20860
20844
20825
20810
20793
20776
20761
20740
20723
20696
20687
20658
20637
20614
20589
20571
20555
20539
20524
20501
20488
20469
20451
20437
20419
20408
20393
20375
20353
20334
20318
20295
20283
20259
20237
20219
20207
20188
20172
20153
20131
20107
20089
20067
20047
20022
20007
19994
19971
19956
19936
19909
19886
19871
19842
19819
19791
19773
19741
19715
19697
19686
19650
19627
19602
19581
19555
19528
19506
19480
19456
19431
19409
19383
19363
19337
19312
19286
19267
19242
19216
19195
19173
19138
19121
19087
19061
19035
19008
18971
18951
18932
18901
18871
18839
18803
18780
18747
18720
18692
18670
18637
18618
18586
18548
18518
18487
18464
18443
18425
18394
18372
18350
18316
18285
18255
18239
18205
18171
18141
18112
18090
18060
18029
17998
17969
17949
17923
17894
17871
17838
17807
17782
17741
17712
17669
17648
17617
17576
17543
17527
17492
17462
17421
17400
17368
17338
17307
17281
17245
17217
17188
17146
17110
17086
17047
17006
16973
16943
16911
16885
16854
16815
16762
16719
16686
16644
16612
16568
16532
16489
16458
16408
16362
16319
16286
16247
16218
16161
16116
16072
16034
15994
15935
15904
15844
15815
15781
15742
15717
15695
15663
15613
15577
15538
15488
15435
15407
15379
15349
15312
15275
15217
15166
15127
15091
15034
14992
14950
14874
14840
14788
14743
14696
14654
14587
14550
14504
14466
14424
14386
14355
14300
14253
14205
14153
14116
14065
14015
13976
13945
13895
13851
13801
13732
13658
13598
13566
13519
13458
13410
13375
13332
13291
13253
13211
13175
13115
13057
12990
12920
12871
12820
12785
12742
12664
12589
12545
12495
12429
12357
12265
12220
12167
12114
12049
11999
11957
11895
11847
11817
11744
11686
11653
11572
11511
11454
11392
11327
11274
11229
11188
11140
11085
11031
10987
10942
10862
10825
10760
10721
10649
10618
10574
10502
10447
10370
10335
10295
10253
10203
10161
10112
10054
10000
9952
9903
9854
9800
9717
9686
9649
9601
9551
9504
9399
9325
9250
9200
9161
9112
9055
8998
8946
8870
8821
8757
8699
8662
8587
8432
8391
8296
8247
8138
8053
8012
7972
7906
7833
7775
7736
7667
7596
7552
7495
7415
7379
7318
7243
7149
7113
7050
6992
6950
6881
6847
6804
6752
6690
6625
6570
6532
6489
6450
6414
6343
6262
6217
6136
6093
6008
5974
5917
5831
5732
5693
5584
5545
5483
5427
5398
5317
5083
5040
5001
4937
4863
4778
4746
4694
4651
4605
4546
4490
4399
4328
4279
4236
4084
4036
3990
3839
3793
3690
3664
3615
3551
3518
3469
3440
3383
3358
3337
3293
3222
3183
3127
3107
3019
2934
2914
2897
2843
2799
2772
2722
2674
2650
2624
2606
2518
2492
2451
2390
2306
2281
2250
2177
2155
2140
2119
2095
2046
1984
1955
1933
1909
1875
1808
1774
1761
1705
1680
1398
1365
1341
1309
1291
1264
1251
1208
1186
1157
1145
1126
1119
908
897
773
763
745
723
720
716
703
698
690
667
650
635
624
330
323
316
303
297
288
278
277
273
226
226
219
213
210
205
167
162
158
5
5
5
5
5
4
4
4
4
4
4
4
4
4
4
4
4
4
4
4
4
4
4
4
4
4
4
4
4
4
4
4
4
4
4
4
4
4
4
4
4
4
4
4
4
4
4
4
4
4
4
4
4
4
4
4
4
4
4
2
2
1
1
1
1
1
1
1
1
1
1
1
1
1
1
1
1
1
1
1
1
1
1
1
1
