23395
23395
23395
23395
23395
23395
23395
23394
23394
23393
23393
23393
23393
23391
23388
23388
23387
23385
23384
23384
23383
23379
23378
23377
23376
23376
23375
23375
23375
23375
23372
23372
23371
23371
23370
23370
23366
23364
23363
23363
23359
23359
23358
23358
23356
23353
23352
23350
23350
23348
23348
23347
23342
23342
23342
23340
23338
23337
23337
23336
23334
23333
23332
23330
23327
23324
23323
23321
23321
23320
23319
23316
23313
23310
23308
23303
23302
23302
23302
23301
23299
23293
23291
23290
23290
23288
23285
23284
23283
23280
23274
23272
23271
23265
23262
23262
23260
23258
23255
23251
23250
23245
23243
23241
23241
23241
23238
23232
23228
23226
23225
23220
23217
23213
23212
23209
23206
23202
23201
23195
23185
23182
23176
23170
23163
23159
23158
23155
23151
23146
23141
23140
23134
23129
23123
23120
23117
23112
23106
23105
23101
23098
23094
23093
23092
23090
23088
23082
23076
23074
23066
23063
23060
23059
23051
23040
23034
23025
23019
23013
23009
23002
22996
22991
22981
22978
22971
22961
22959
22956
22950
22943
22939
22929
22926
22923
22920
22910
22905
22894
22887
22876
22870
22863
22858
22854
22845
22838
22834
22829
22818
22813
22805
22797
22792
22784
22778
22771
22767
22755
22751
22738
22733
22728
22718
22706
22694
22688
22683
22677
22668
22662
22658
22647
22641
22626
22617
22610
22605
22593
22585
22577
22569
22563
22557
22549
22545
22537
22525
22515
22506
22497
22492
22481
22472
22462
22459
22443
22437
22433
22423
22410
22402
22396
22387
22378
22364
22356
22348
22341
22333
22324
22311
22301
22283
22278
22267
22255
22244
22238
22228
22219
22203
22194
22181
22172
22166
22155
22148
22138
22128
22111
22098
22086
22073
22055
22046
22036
22031
22025
22017
22010
21995
21981
21975
21960
21949
21938
21929
21916
21906
21894
21879
21866
21855
21844
21826
21816
21802
21783
21772
21761
21749
21737
21719
21707
21694
21678
21672
21658
21644
21624
21607
21597
21583
21570
21552
21527
21516
21498
21484
21468
21456
21436
21419
21398
21378
21364
21341
21326
21308
21297
21286
21274
21252
21239
21226
21211
21198
21186
21167
21149
21129
21111
21088
21066
21049
21031
21008
20988
20970
20957
20940
20927
20912
20887
20864
20843
20830
20811
20793
20771
20756
20736
20713
20690
20670
20652
20637
20623
20599
20580
20567
20550
20529
20510
20494
20479
20452
20435
20424
20408
20384
20362
20334
20308
20289
20272
20242
20224
20204
20178
20166
20146
20121
20104
20091
20061
20038
20020
19999
19982
19960
19937
19925
19909
19880
19861
19842
19826
19808
19780
19750
19722
19689
19671
19648
19632
19595
19576
19554
19528
19500
19482
19451
19424
19391
19363
19343
19313
19288
19272
19240
19214
19197
19180
19153
19125
19093
19069
19042
19018
18987
18951
18922
18903
18865
18830
18800
18776
18750
18724
18701
18653
18617
18594
18566
18535
18501
18485
18459
18429
18401
18382
18347
18311
18277
18258
18222
18180
18128
18102
18085
18059
18026
17995
17972
17939
17922
17890
17857
17827
17800
17760
17737
17709
17677
17641
17605
17554
17529
17499
17474
17448
17392
17367
17326
17297
17261
17231
17200
17157
17124
17111
17081
17049
17005
16967
16932
16897
16857
16813
16784
16756
16703
16671
16639
16616
16583
16546
16507
16470
16430
16389
16349
16307
16271
16235
16164
16120
16090
16048
16004
15957
15921
15891
15839
15785
15736
15700
15660
15618
15577
15544
15511
15458
15420
15388
15345
15304
15269
15222
15191
15142
15110
15065
14999
14958
14899
14865
14830
14782
14748
14698
14648
14606
14569
14509
14478
14425
14374
14340
14280
14221
14189
14139
14107
14063
14006
13982
13934
13872
13833
13796
13749
13679
13635
13583
13542
13499
13466
13403
13348
13283
13212
13174
13124
13066
13029
12958
12883
12830
12783
12742
12703
12662
12593
12535
12504
12460
12396
12332
12300
12244
12201
12151
12112
12065
11984
11907
11851
11770
11740
11680
11638
11582
11535
11494
11453
11394
11357
11299
11263
11223
11163
11055
10988
10940
10901
10869
10809
10724
10680
10633
10585
10527
10447
10390
10349
10242
10178
10113
10022
9946
9916
9877
9831
9782
9752
9685
9619
9548
9452
9388
9341
9289
9234
9172
9117
9081
9046
9006
8940
8896
8854
8780
8717
8664
8599
8466
8430
8371
8308
8250
8186
8116
8026
7978
7942
7857
7808
7762
7720
7669
7595
7508
7458
7376
7326
7243
7156
7114
7069
7023
6967
6903
6810
6769
6708
6633
6557
6484
6400
6305
6255
6213
6113
6053
5986
5937
5914
5866
5823
5774
5742
5647
5609
5545
5515
5357
5305
5252
5217
5134
4965
4921
4899
4837
4780
4690
4626
4599
4483
4369
4276
4221
4142
4105
4043
4019
3992
3943
3883
3849
3764
3729
3636
3583
3453
3401
3373
3345
3257
3198
3167
3073
3029
2961
2938
2886
2820
2768
2755
2709
2669
2563
2548
2527
2509
2488
2466
2406
2388
2333
2278
2227
2090
1748
1715
1700
1652
1633
1600
1558
1533
1468
1462
1444
1426
1415
1391
1310
1213
1185
1175
1166
1078
1042
1008
1001
921
858
655
613
558
555
548
541
522
512
507
497
497
454
441
441
432
224
222
215
204
201
200
198
197
193
189
184
184
179
178
178
178
175
161
158
127
102
102
102
102
101
101
98
95
36
36
18
18
18
18
17
17
17
17
17
17
17
16
13
13
13
13
13
13
13
13
13
13
13
13
13
13
13
13
12
12
12
10
10
10
10
10
10
10
10
10
10
10
10
10
10
10
9
9
9
8
8
8
8
8
7
6
6
6
6
6
6
6
6
6
6
5
4
3
3
3
3
3
2
2
1
1
1
1
