0.00262491844387034
0.002632061468813924
0.002632108388791011
0.002630618457609886
0.002630673506908373
0.0026259695781044464
0.002690133227733567
0.0026901505117814485
0.002685882103306766
0.002671265814455002
0.0026571011335980547
0.0026642293867908786
0.0026647746055666376
0.002664780828553701
0.002671910686946527
0.002643589708912616
0.0026441086506064663
0.002644116442692082
0.0026469670159100264
0.0025858928184948693
0.0025930401231988183
0.002549792254525665
0.0025354129180114727
0.002535296425345903
0.0025353494991665147
0.0025354087299475935
0.002535446637360791
0.0025077102488743038
0.0025077517245109897
0.0025077599955241957
0.002502394736457056
0.002502410956006816
0.0025024173182198973
0.002502909242723102
0.0025029361548155713
0.0025029431783928826
0.0025029518523020755
0.0025029568941020938
0.0025029944923853483
0.0025101994153944257
0.002510254038886965
0.002511078756391633
0.0025110813443156026
0.002511182217645257
0.002511194586431132
0.0024969160091145967
0.0024513577639261345
0.00245136964635759
0.0024521264184249277
0.002409547879226479
0.002410021214458089
0.0024100346171275922
0.0024385314617408034
0.0024385360074467392
0.0024386010934773243
0.002438733286313757
0.002438753440398068
0.0024388075623086453
0.0024388333733336063
0.0024388431885539546
0.002437782940912395
0.002438236197037816
0.0024353205516818035
0.002435395057983584
0.002436323137801207
0.002436326517773571
0.0024358469778852725
0.002436198466416887
0.002436486010219948
0.0024367109047566922
0.0024367182689331132
0.002464810077935225
0.0024648360159509504
0.0024720043671944015
0.0024582669388331694
0.0024105703822241346
0.0023652866176634784
0.002365577775527774
0.0023657578799554458
0.0023571406939226595
0.002357268091744411
0.0023143450001511046
0.002314378745496345
0.002298190584682652
0.00229853636525616
0.002282744612367402
0.0022827607756772243
0.0022856289603135167
0.002285631016357432
0.0021951890633188083
0.0021966167933539496
0.0021975048703714215
0.0021975061472505014
0.0021545477097302443
0.0021545928312481947
0.0021118350018468316
0.0021120188395915753
0.0021121503256426727
0.002110088083939321
0.002113016101514841
0.0021130249244052535
0.0020541289793463116
0.0020542301645829317
0.00205425872774827
0.002054313013129862
0.0020543317675661434
0.0020544324963187284
0.00205446159484672
0.0020046303377307087
0.002004763221894036
0.002004793319640073
0.0019899792693637503
0.0019916420754397925
0.0019918225094472525
0.0019918539289225084
0.00199471549649551
0.001996767350602564
0.0019979602357965975
0.0019983079844648733
0.0019983114182873653
0.001998312708098361
0.0019985535260217064
0.002001439157943477
0.002029941218512332
0.0019871974672149334
0.001950005320118781
0.0019500099744457374
0.0019500267442742044
0.001950050319056773
0.0019497181985013159
0.0019497335956350245
0.0018902077498365965
0.001890581754889676
0.0018934370306321856
0.0018934446757706354
0.0018937342190721474
0.001893994550460108
0.0018897158912000302
0.0018824956667878986
0.001825583141802885
0.0017165681315607802
0.0017165720701890668
0.0017010765589635605
0.0016298261329031163
0.0016299992926326165
0.0016278213958307308
0.001620597628731953
0.0016211104919895652
0.0016211635801557545
0.0016211824344121706
0.0016207262676242121
0.001620774882841939
0.0016206517279141242
0.001613515130910722
0.001620657823946627
0.001620754482336962
0.0016207548622053226
0.0016207845184214563
0.0016213001196204216
0.0016213100204297947
0.0015771013702966432
0.0015771092213704326
0.0015771208543234865
0.0015730813239562308
0.0015302686122722012
0.0015302704216614872
0.0015303065153445792
0.0014867504993062255
0.0014846394657883235
0.0014846617714061032
0.0014846849364638167
0.0014854065611608056
0.0014273466458581015
0.0014273474574006254
0.001427365404582273
0.0014274089637143204
0.0014274314678837617
0.0014285131750911256
0.0014285221022280455
0.0014262139901920364
0.0014320905297613392
0.0014288215215640268
0.0014288230320340354
0.0014288750595101974
0.0014205842255543694
0.001420615085788135
0.0014206880238649034
0.0014278979600013697
0.0014279146230718627
0.0014279173674378138
0.0014287323494033952
0.001385954998571969
0.00138595690559049
0.0013859619242737329
0.0013859744411071834
0.00138600504411596
0.0013860067777492888
0.0013860175621775448
0.0013861508384155259
0.001386151480155116
0.001386152335124135
0.0013862987638733166
0.001382002242329028
0.0013821372066606075
0.001382259341920282
0.0013830741617649805
0.0013830835540181885
0.0013828591715829412
0.0013829577231232646
0.0013843829124260696
0.0013843832878093847
0.0013915916121012963
0.001391935250954551
0.0013922449230333862
0.001392245214048505
0.0013922465777900022
0.0013922505697891647
0.0013923297869813686
0.0013771322065820565
0.0013771359262664165
0.0013772160627997278
0.0013375174006649724
0.0012905655185120816
0.0012919940683410935
0.00129199452324954
0.0012920136474868504
0.001293505903433248
0.0012079051128696182
0.0012082454622407604
0.0012084880340000328
0.00120851477607918
0.0011970004556812123
0.0011984761700198033
0.0011984819768247747
0.001198483722713684
0.0011984914822230086
0.0011409512105939503
0.0011409569780532552
0.0011409737154746654
0.0010949107318450409
0.001094911266933321
0.0011020370124110272
0.00110204709368668
0.001102057985548807
0.0011020622780352225
0.0011020697772141945
0.001102110143812498
0.0011021122412165475
0.0011021221497037612
0.0011092570839057261
0.0010658653700003032
0.0010663792655099113
0.0010663848048529146
0.0010663917580866918
0.0010681986544961734
0.0010604931186644218
0.0010604941818444643
0.0010610154085616416
0.001038116346549396
0.0010381175452875068
0.0010381191909875959
0.0010381191909875959
0.0010381209022406618
0.001038122423573593
0.0010386383739972146
0.0009955441987409151
0.000995563756847319
0.0009955869915183452
0.0009957137875177336
0.0009957137875177336
0.0009957271589371183
0.0009957273258856876
0.0009965478291660034
0.0009966487972319306
0.000996664061983959
0.000996686082663199
0.0010174616972233104
0.0010174961220517308
0.001018058665909244
0.0010180593239810189
0.0010180675411546032
0.0010180682448493164
0.0010040817800463365
0.0010049420879389714
0.0010049812018963675
0.001006414887591893
0.0010064293311588329
0.0010064319831769397
0.0010069422043118988
0.0010072971536102839
0.0010072974189157158
0.0010072987474923948
0.0010073098135271502
0.0010073176638386552
0.0010073205501211525
0.0010077388076587587
0.0009934818974731195
0.0009935172476765912
0.0009935199233957596
0.0009935240183887742
0.00100064970698802
0.0009969433949402159
0.0009969454724543074
0.0009969550728179837
0.0009977840162545058
0.0009978357867433782
0.0009978357867433782
0.0009978463860982527
0.0009807488441792992
0.0009810884318750045
0.000981091126195222
0.0009810984033705767
0.0009770568536887573
0.0009841853223932703
0.0009835322059342812
0.0009835346034687107
0.0009840571404927374
0.0009842320576359022
0.0009842393472013346
0.0009842393472013346
0.0009842459488533756
0.0009842519347099188
0.000984262693330847
0.0009842645829128227
0.0009842658287943643
0.0009842695274657612
0.000984275411187466
0.0009842958542508032
0.0009842967596726633
0.000983880858390057
0.0009841187695980998
0.000984464757318582
0.0009844748321788184
0.0009845283057764002
0.0009817454943374915
0.000981125979413482
0.0009811471950483307
0.0009384220458969596
0.0009384300665927586
0.0009312965326571766
0.0009027982885616301
0.0009028047245945538
0.0008928316133795745
0.0008928459784167149
0.0009221569914071167
0.0009221575281807488
0.0009221663400770331
0.0008794470877861957
0.000879450730051949
0.0008794718175479909
0.0008794735836002702
0.0008794752205442591
0.0008794773538122598
0.0007935195575571056
0.000793520494635768
0.0007935214014125279
0.0007935874474349374
0.0007935928905217012
0.0007935931593656787
0.0007935937754879979
0.0007935966180640709
0.0007936054962847771
0.0007936054962847771
0.0007936065908814591
0.000793608124451083
0.0007936135907615887
0.0007939328804618551
0.0007939373712081392
0.0007939386185889981
0.0007939445191247885
0.0007939572432207914
0.0007939583855376698
0.0008011573847722755
0.0008082853528265657
0.0008082860371418959
0.0008082940527853727
0.0008083005345288902
0.0008083029068691188
0.0008083299652702625
0.0008083508274038301
0.0007656157955508516
0.0007656170858972688
0.0007656498867325448
0.0007636045591708951
0.0007636056441321252
0.0007619764644857057
0.000761980168916031
0.0007619899111783913
0.0007620122603500654
0.0007620282436960422
0.0007620319620358401
0.0007620576627705342
0.0007620902205982129
0.0007477467902452424
0.0007477469653365935
0.0007477497494176341
0.0007479232812956604
0.0007479339629528343
0.0007481114687274236
0.000749536709270477
0.0007495996252361674
0.0007496036710087431
0.0007496222659190725
0.0007496236935098181
0.000749631058615757
0.0007496312379776288
0.0007472994091908537
0.0007475368768358871
0.0007475418287512112
0.0007503926464401127
0.0007504126386692518
0.0007504550028906576
0.0007504573099377502
0.000750458354142653
0.0007509687600666282
0.0007509717378651173
0.0007512825725964231
0.0007512827656333924
0.0007512923192370223
0.0007042034176488014
0.0006613470474699445
0.0006185765435418895
0.0006185781802705741
0.0006185890780825975
0.0006185918607411475
0.0006185962311173467
0.0006185981640781774
0.0006185994260901707
0.0006186008893183168
0.0006186016870819618
0.0006186034803967552
0.000618608050334595
0.00061737689832673
0.0006174770531261282
0.0006176073690546081
0.0006176091053798099
0.0006176755747744197
0.0005749476956411491
0.000576382274493517
0.0005763828709656305
0.0005765610381406388
0.0005765625946179445
0.0005794245155394897
0.0005794246917677977
0.0005794253525822613
0.000579426272550985
0.0005295333025294337
0.0005295343974055842
0.0005295347718527403
0.0005366599487259178
0.0005366697717753546
0.0005367057205472822
0.0005367183727493504
0.0004794327656151342
0.0004795646913678784
0.0004796467267380504
0.00047964904649780123
0.00048107629371096954
0.00048107885007725427
0.00048107904334989
0.0004810814459557335
0.0004810816765478891
0.00048110983476666775
0.0004811103553387797
0.0004811253560325435
0.0004811265421787432
0.0004383093310830687
0.00043831992584668946
0.000438321708615693
0.00043851842829986204
0.00043852827098376937
0.0004385297481232983
0.00043853400266793773
0.0004385342442390711
0.00043853583801167686
0.0004385519836277303
0.0004388972003208958
0.00043913630847611495
0.0004391366831883679
0.0004393746533721222
0.0004394319799691639
0.0003965882213488888
0.00039665879450672233
0.00039665972114027727
0.0003966947917629147
0.0003496778413295925
0.0003496778413295925
0.0003496811940812222
0.00035135637800655205
0.0003513574744138716
0.00035120046185378755
0.00035120308781557606
0.00035120404151397084
0.00035121812062336024
0.0003512194834683849
0.00035410720663038705
0.00035410829577904715
0.00033504105067237196
0.00033504152978027245
0.0003350420619495349
0.0003350422888655837
0.00033504380723148715
0.00033504810243794377
0.0003350627346895349
0.0003350629386119437
0.0003350758053545458
0.00033507894869977655
0.0003351258810498133
0.0003351261911913813
0.00033512969743487123
0.00033513016155106284
0.0003351313728991743
0.00033513291106319426
0.0003351384549693296
0.00033513922657595286
0.00033513951508579794
0.0003422635444367989
0.00034227945296775843
0.0003375802718230674
0.00033758681960126686
0.00033758787277834057
0.00036608806018736516
0.0003689426340946648
0.0003689457334764652
0.00036894809409612707
0.00036928974999995463
0.0003692931327656906
0.00036929371097056983
0.00036723233858014677
0.00036723762641750827
0.00036724015860872236
0.0003672422558587872
0.0003672476532745609
0.00036724870485312766
0.0003704493002534977
0.00037046118332130756
0.00037046411231343127
0.0003704664391078358
0.0003709762888761083
0.0003709765933787386
0.00031449152824089435
0.00031483076773379916
0.00027054756435869194
0.00027055051525102445
0.0002706522830771823
0.00027065268842735876
0.00026200002346861374
0.00026345114648118834
0.0002634515068311852
0.0002634527171473486
0.0002639637871908563
0.00026682810781629266
0.00026682810781629266
0.0002668320539265358
0.0002668518610075387
0.00026685361833687086
0.00026687002095512625
0.00026687618272033293
0.0002668766047287358
0.000266881995953172
0.000266881995953172
0.00026663171140971854
0.00026744719737135036
0.0002674478406436994
0.0002674605764998203
0.00026913731868175565
0.00027199378330830515
0.0002697828856846273
0.0002697828856846273
0.0002697828856846273
0.0002697843508161897
0.0002697857291031134
0.0002697857291031134
0.00026978810443937937
0.0002697885626057792
0.00027263817434617954
0.00027263968014674565
0.00027264632196810195
0.00027264669654244084
0.00026835414902997396
0.0002683572434000743
0.0002683608904502543
0.00026841935126178246
0.00026855112933282376
0.00026855112933282376
0.00026855142730547
0.0002685659688379318
0.000268569177654006
0.00026856958300418244
0.00021190243329340883
0.0001262010900621769
0.0001262021762492325
0.0001262021762492325
0.0001262059357696228
0.0001262062580309321
0.00011901426947578093
0.00011901954165291395
0.00011902086229214903
0.00011902207872335383
0.00011902207872335383
0.0001190250684305593
0.0001190250684305593
0.0001190250684305593
0.0001190250684305593
0.00011903473279201024
0.00011985080882558516
7.374180826367592e-05
7.374180826367592e-05
7.37446604293287e-05
7.374758815256673e-05
7.375049591964876e-05
7.37510945151587e-05
7.37510945151587e-05
7.409033400806352e-05
7.409033400806352e-05
7.410388250055666e-05
7.410759928966963e-05
7.411427219955103e-05
7.411449522854668e-05
7.41159491120877e-05
7.412287629401883e-05
7.412475350860407e-05
7.412676169164875e-05
7.412891331633949e-05
7.430450128059124e-05
5.2882768423748724e-05
5.288628320850408e-05
5.2886511384322714e-05
5.288698382102861e-05
5.288853050564672e-05
5.288853050564672e-05
5.288853050564672e-05
3.8545138181381706e-05
3.855010266176568e-05
3.857152831394914e-05
3.8573837374592855e-05
3.8573837374592855e-05
3.8573837374592855e-05
4.569811714844779e-05
4.569811714844779e-05
4.569811714844779e-05
4.5698636218477066e-05
4.570111845866906e-05
4.570379164041427e-05
4.570379164041427e-05
4.570754606958476e-05
3.853274320669657e-05
3.853292697910634e-05
3.853311530785685e-05
3.85433800390262e-05
3.854357794247369e-05
3.856898560992861e-05
3.857522176648929e-05
3.857543528772746e-05
3.857543528772746e-05
3.8580053409014875e-05
3.8580053409014875e-05
3.881752105404824e-05
3.881774014540567e-05
3.881774014540567e-05
3.881796500232514e-05
3.881796500232514e-05
3.8818195828897335e-05
3.881843283832414e-05
3.8823640733795106e-05
3.8823640733795106e-05
3.882414772336703e-05
3.8829494086857464e-05
3.8829494086857464e-05
3.883678547304693e-05
3.883678547304693e-05
3.883706463327151e-05
3.883706463327151e-05
3.883706463327151e-05
3.8843120214321124e-05
3.8843120214321124e-05
3.8843120214321124e-05
3.8843120214321124e-05
3.8843415633328e-05
3.8850750541282704e-05
3.888015829918157e-05
3.8888140404896976e-05
3.8888444428340955e-05
3.8888444428340955e-05
3.888907965496022e-05
3.9397938894317425e-05
3.939827082346599e-05
3.93986128110736e-05
3.9408036376715225e-05
3.94142725332759e-05
3.942102836954996e-05
3.942102836954996e-05
3.942178962707416e-05
3.942178962707416e-05
3.942218850889672e-05
3.942218850889672e-05
3.943212436128528e-05
3.943212436128528e-05
3.943254953686052e-05
3.944032363716767e-05
3.945875153372032e-05
3.947024190364129e-05
3.947024190364129e-05
3.947024190364129e-05
3.947024190364129e-05
3.94829209325196e-05
3.9497412260875264e-05
3.9497412260875264e-05
3.9497412260875264e-05
3.9497412260875264e-05
3.9497412260875264e-05
3.9497881390683947e-05
3.950658914237349e-05
3.950707426524383e-05
3.951710021989944e-05
3.951710021989944e-05
6.804813933640806e-05
6.804813933640806e-05
6.804813933640806e-05
6.804813933640806e-05
6.838737882931287e-05
6.838737882931287e-05
6.838737882931287e-05
6.838737882931287e-05
6.842928488431875e-05
6.842928488431875e-05
6.842928488431875e-05
6.842928488431875e-05
6.842928488431875e-05
7.555331423531968e-05
7.638308623635579e-05
7.638308623635579e-05
7.638360559403975e-05
7.638360559403975e-05
7.643449151797547e-05
7.643449151797547e-05
7.643502920593065e-05
7.643502920593065e-05
7.64454749967679e-05
7.64454749967679e-05
7.644603188786432e-05
7.646342878493637e-05
7.646400580462664e-05
7.697346317415059e-05
7.699294769887127e-05
7.699356798200716e-05
7.699356798200716e-05
7.787101513819152e-05
7.929718266425958e-05
7.929718266425958e-05
6.456589461642927e-05
6.460006920831231e-05
6.460006920831231e-05
6.460006920831231e-05
6.460047455848875e-05
6.460047455848875e-05
6.460047455848875e-05
1.900396243425626e-05
1.900396243425626e-05
1.900396243425626e-05
1.900396243425626e-05
1.450119137909139e-05
1.450119137909139e-05
4.299730878309509e-05
4.299730878309509e-05
4.301840664061349e-05
4.301840664061349e-05
4.301840664061349e-05
4.304229566037645e-05
4.304229566037645e-05
4.304229566037645e-05
4.304229566037645e-05
4.304229566037645e-05
4.305099410891247e-05
4.305099410891247e-05
4.305099410891247e-05
4.305099410891247e-05
4.305099410891247e-05
4.3060736371272814e-05
4.3060736371272814e-05
4.3060736371272814e-05
4.3060736371272814e-05
4.3060736371272814e-05
4.307924034361308e-05
4.307924034361308e-05
4.307924034361308e-05
4.3124015657214534e-05
4.3124015657214534e-05
4.3124015657214534e-05
4.313809476660386e-05
4.31630913608179e-05
4.31630913608179e-05
4.31630913608179e-05
4.31630913608179e-05
4.317918177154856e-05
4.317918177154856e-05
4.317918177154856e-05
4.317918177154856e-05
4.317918177154856e-05
4.3208589529447425e-05
4.3208589529447425e-05
4.3208589529447425e-05
4.3208589529447425e-05
4.3208589529447425e-05
4.3208589529447425e-05
4.3208589529447425e-05
4.3208589529447425e-05
4.3208589529447425e-05
4.3208589529447425e-05
4.3208589529447425e-05
4.3208589529447425e-05
4.3208589529447425e-05
4.322709350178769e-05
4.322709350178769e-05
4.322709350178769e-05
4.322709350178769e-05
4.322709350178769e-05
4.322709350178769e-05
4.322709350178769e-05
4.324851915397115e-05
4.328344086647606e-05
4.328344086647606e-05
4.328344086647606e-05
4.328344086647606e-05
4.3308437460690095e-05
4.337276693109387e-05
4.341467298609976e-05
4.3456579041105644e-05
4.3456579041105644e-05
4.3456579041105644e-05
4.3456579041105644e-05
4.3456579041105644e-05
4.3507464965041365e-05
4.3507464965041365e-05
4.3620979718436436e-05
4.3620979718436436e-05
4.3683608547895786e-05
4.3683608547895786e-05
4.3683608547895786e-05
4.3683608547895786e-05
4.3683608547895786e-05
4.3683608547895786e-05
4.3683608547895786e-05
4.3683608547895786e-05
0.0
0.0
0.0
0.0
0.0
0.0
0.0
0.0
0.0
0.0
0.0
0.0
0.0
0.0
0.0
0.0
0.0
0.0
0.0
0.0
0.0
0.0
0.0
0.0
0.0
0.0
0.0
0.0
0.0
0.0
0.0
0.0
0.0
0.0
0.0
0.0
0.0
0.0
0.0
0.0
0.0
0.0
0.0
0.0
0.0
0.0
0.0
0.0
0.0
0.0
0.0
0.0
0.0
0.0
0.0
0.0
0.0
0.0
0.0
0.0
0.0
0.0
0.0
0.0
0.0
0.0
0.0
0.0
0.0
0.0
0.0
0.0
0.0
0.0
0.0
0.0
0.0
0.0
0.0
0.0
0.0
0.0
0.0
0.0
0.0
0.0
0.0
0.0
0.0
0.0
0.0
