23395
23395
23395
23395
23395
23395
23395
23394
23394
23393
23393
23393
23393
23393
23391
23390
23389
23387
23387
23385
23384
23383
23383
23382
23381
23381
23381
23381
23380
23380
23380
23378
23378
23378
23376
23376
23374
23372
23372
23372
23371
23370
23369
23367
23366
23364
23361
23360
23357
23357
23356
23356
23356
23355
23355
23350
23346
23345
23343
23341
23339
23338
23338
23336
23334
23329
23328
23326
23324
23321
23319
23316
23315
23312
23311
23310
23310
23306
23302
23298
23297
23294
23294
23291
23287
23285
23281
23279
23274
23272
23270
23268
23264
23262
23258
23256
23254
23252
23248
23248
23247
23246
23244
23242
23237
23234
23232
23231
23228
23222
23219
23215
23207
23205
23203
23200
23195
23193
23191
23189
23186
23183
23181
23170
23164
23163
23158
23155
23146
23138
23135
23125
23120
23115
23114
23111
23103
23102
23100
23097
23093
23087
23084
23082
23078
23076
23076
23073
23067
23066
23061
23057
23052
23045
23039
23032
23025
23016
23010
23004
23000
22992
22986
22980
22971
22965
22958
22952
22943
22940
22934
22924
22920
22912
22908
22897
22890
22883
22880
22870
22858
22848
22842
22838
22830
22823
22818
22814
22803
22797
22795
22787
22780
22769
22766
22763
22758
22745
22739
22732
22720
22709
22700
22692
22684
22677
22666
22651
22641
22634
22625
22616
22609
22602
22593
22585
22580
22571
22565
22563
22555
22545
22529
22525
22515
22509
22504
22491
22482
22476
22459
22454
22448
22438
22433
22429
22423
22419
22408
22399
22386
22370
22360
22342
22333
22323
22303
22285
22270
22258
22248
22243
22227
22209
22200
22188
22178
22155
22144
22137
22131
22124
22119
22102
22092
22084
22064
22054
22043
22036
22029
22020
22007
21989
21977
21963
21950
21940
21922
21904
21896
21889
21875
21863
21852
21844
21827
21809
21798
21787
21781
21772
21761
21752
21733
21721
21702
21688
21675
21660
21646
21633
21614
21602
21591
21580
21560
21546
21535
21518
21509
21491
21478
21470
21450
21438
21421
21406
21394
21375
21354
21338
21322
21307
21295
21279
21258
21245
21227
21212
21195
21180
21169
21154
21139
21128
21115
21093
21077
21059
21041
21023
21013
20994
20973
20952
20934
20921
20902
20882
20868
20847
20825
20807
20782
20766
20745
20729
20707
20687
20665
20654
20636
20619
20604
20584
20570
20548
20527
20505
20487
20466
20453
20437
20418
20401
20376
20351
20338
20316
20298
20270
20250
20226
20215
20204
20187
20174
20150
20122
20107
20085
20061
20041
20021
19998
19983
19963
19948
19920
19897
19880
19848
19825
19808
19787
19770
19743
19725
19695
19668
19653
19634
19607
19579
19543
19522
19503
19474
19453
19428
19414
19399
19381
19365
19340
19323
19297
19264
19239
19215
19185
19157
19123
19099
19070
19046
19021
19001
18981
18955
18941
18916
18873
18846
18825
18802
18768
18741
18712
18695
18672
18639
18619
18579
18556
18522
18502
18472
18439
18415
18383
18356
18326
18297
18271
18252
18235
18207
18181
18158
18133
18104
18071
18049
18006
17979
17954
17928
17891
17875
17840
17809
17775
17756
17738
17694
17662
17636
17593
17556
17529
17498
17463
17431
17390
17356
17326
17289
17263
17221
17186
17134
17113
17082
17054
17025
16992
16950
16930
16895
16848
16813
16780
16745
16702
16674
16630
16590
16545
16507
16464
16429
16390
16353
16315
16276
16252
16221
16150
16112
16074
16033
15984
15953
15913
15879
15841
15803
15769
15731
15687
15641
15585
15560
15518
15483
15443
15391
15363
15310
15259
15209
15171
15123
15086
15045
15005
14962
14916
14882
14851
14805
14766
14733
14687
14631
14589
14552
14522
14465
14429
14388
14343
14282
14229
14199
14158
14081
14052
14016
13981
13937
13899
13848
13811
13755
13710
13659
13611
13566
13496
13453
13411
13374
13319
13283
13231
13199
13138
13088
13031
12984
12944
12896
12830
12785
12740
12701
12642
12593
12542
12487
12453
12394
12327
12286
12239
12204
12156
12068
12023
11967
11933
11856
11817
11766
11697
11622
11569
11517
11471
11438
11391
11353
11301
11228
11161
11080
11022
10963
10899
10837
10763
10687
10621
10576
10499
10429
10379
10324
10282
10192
10124
10056
9991
9940
9879
9826
9779
9732
9663
9599
9515
9443
9380
9311
9267
9229
9193
9083
9052
8987
8916
8808
8769
8717
8651
8607
8525
8492
8438
8402
8360
8294
8229
8120
8049
7993
7902
7861
7803
7767
7672
7626
7587
7504
7444
7398
7352
7266
7187
7115
7055
7010
6963
6894
6783
6724
6638
6567
6528
6491
6418
6350
6321
6261
6201
6158
6044
6007
5970
5935
5867
5832
5680
5498
5446
5339
5266
5183
5093
5014
4963
4828
4764
4699
4608
4582
4526
4454
4370
4322
4256
4189
4141
4062
4012
3977
3910
3882
3789
3769
3728
3611
3582
3559
3516
3492
3457
3412
3375
3354
3329
3305
3275
3248
3206
3116
3075
3038
2947
2918
2891
2866
2824
2808
2773
2745
2681
2546
2534
2387
2355
2246
2218
2186
2161
2145
2118
2095
2062
1492
1433
1412
1385
1360
1242
1194
1176
1167
1149
1017
1003
991
963
959
957
941
927
158
158
156
144
144
144
141
140
140
119
119
115
99
88
88
88
86
63
63
61
61
59
59
58
58
58
58
58
58
58
58
54
54
54
47
42
41
37
37
37
35
33
33
33
33
33
33
33
33
33
33
33
33
31
31
31
31
31
31
31
31
31
30
30
30
28
28
28
28
28
27
26
26
25
24
21
21
21
10
9
9
9
9
9
9
9
9
9
9
9
9
9
8
8
8
8
8
8
8
8
8
7
7
4
4
4
4
4
3
3
3
2
2
2
2
2
2
2
2
2
2
2
1
1
1
