0.002415639851507709
0.002423717673054525
0.0023811675001735723
0.0023813176296508544
0.002381325059278955
0.0023671490297728246
0.002367177654018708
0.002363570622722304
0.0023522176002028048
0.0023522243080249913
0.0023522486428803942
0.0023821913384712485
0.0023825386805048487
0.002382593471908205
0.0023825569553689047
0.0023825760597395145
0.0023817826129588324
0.0023828822511507363
0.002382694287163522
0.0023685985964877415
0.0023686275249536377
0.002368647652814875
0.0023261336110643824
0.00232614142482444
0.0023289996250929483
0.002329755262408169
0.002329995704852753
0.0023300252518370034
0.00233026545332242
0.0023303589593001066
0.00233037096862752
0.002330393011526934
0.0023304206346394865
0.002330971473703752
0.0023309777005342436
0.002331003562231089
0.0023310607650611145
0.0023361463648435433
0.002336528547107246
0.00233223520428504
0.002318843410285817
0.0023188628349444323
0.00231886437467869
0.002318907053539727
0.0022621185515597025
0.0022636068467928754
0.002263824272700922
0.0022638399907324407
0.002263852834668407
0.00226393103715712
0.0022647132289719133
0.002264015460377809
0.002228436077198673
0.002228442058260325
0.002228448591351996
0.002228443838515658
0.002228445565875819
0.0022384208545225747
0.002238431260092384
0.0022384770501295346
0.00223848018871709
0.0022385123095002924
0.002238521584251795
0.0022388122421065164
0.002238816267814809
0.0022371503855825054
0.0022371800020294496
0.002232937472643664
0.0022333058802454387
0.0022289161054849438
0.0022289289206649373
0.0022289914202667733
0.0022246989695303174
0.0022249257490896597
0.0022249246307239024
0.002224992430183397
0.002225104204109445
0.0021792847237014313
0.0021736632137592166
0.0021736709225044833
0.0021738899481755247
0.00217389408813653
0.002173925671411273
0.0021739485177878627
0.002173969381097718
0.002174311075099727
0.002174440260720583
0.002177334971004251
0.0021773883817736497
0.0021160918117039225
0.002099881430283328
0.0021007283699565338
0.002100733140527747
0.0020355642432884134
0.0020355935726741564
0.0020436273508473873
0.002043635742155662
0.0019991922278711017
0.0019992038171367686
0.001999225362117167
0.0019992443105865676
0.001999303702917031
0.0020035811209687168
0.0020039518277315247
0.001996865781921922
0.0019334416339543855
0.0019334707172484825
0.0019304707716252991
0.0019374488527245566
0.0019374731341451129
0.0019375770893114606
0.001922114380686402
0.0019223534003577922
0.00183256196117605
0.001832564714137276
0.0018610680678928773
0.0018611333966713462
0.0018625800215955246
0.001863012934779389
0.0018631069222709703
0.0018645471656390956
0.0018500793841074697
0.0018070622065441335
0.0018070861852636964
0.0018019908798314185
0.0018017751504080307
0.0018018033148006559
0.0018027549713048726
0.0018027589150441212
0.0018028071599923735
0.0018032888423572082
0.0018033080049679837
0.0018004849698874683
0.0017819616865157855
0.0017821260898201084
0.0017616777640720655
0.0017616821415790736
0.0017618249655931312
0.0017581977618535078
0.0017581985682912132
0.001758202155966454
0.0017154569937336103
0.0017155221641213247
0.0017184020676156823
0.0016173454281065743
0.0016176047273811771
0.0016461019091044428
0.0016461068410729934
0.0016433894710792347
0.0016433932260701473
0.0016417998189933898
0.0016418012317013623
0.001641827513543497
0.001642982386333779
0.0014997287317097391
0.001499944071426211
0.001500184403187678
0.0014998791146731618
0.0014998988899314967
0.0014998996767910094
0.0014852557374714498
0.0014862324609368094
0.0014862356841604154
0.0014748811826356596
0.0014756136988033058
0.0014756227997308542
0.0014301293344492517
0.001430158449067585
0.0014301590071312297
0.001415432974387686
0.001415158673191649
0.0014437081930342485
0.001443716032414708
0.0014291997678858993
0.0014294248104822955
0.0014061106411119937
0.0014061123254625935
0.0013881991534811088
0.0013738544203737572
0.0013738808434476501
0.0013567362175550828
0.0013422084407063563
0.0013422837892570888
0.0013422881168001978
0.0013424645435308263
0.0012990255778066537
0.0012924172902319846
0.0012637543649623181
0.0012491938386133387
0.0012491975374896915
0.0012042672899448244
0.0012043884301526748
0.0012044058270497468
0.001204406042202421
0.0011797469176872358
0.0011797474320058825
0.0011797481017066797
0.0011797618395142625
0.0011797624821798362
0.001179765453723386
0.0011797859768867885
0.0011798727628054432
0.0011798755950898836
0.0011719017760018764
0.0011730152949623528
0.00117336097254688
0.0011733617515834063
0.001173364522779829
0.0011736609138233364
0.0011309481621084925
0.001131460028012809
0.0010883653653068744
0.0010883958233362963
0.0010451707666890898
0.0010523470635405163
0.0010523505837401876
0.001049303853504777
0.0010521702500881011
0.0010521928921324467
0.0010527026983525908
0.0010382747656390826
0.0010667770116266433
0.001066778689428325
0.0010477951854491476
0.0010481482417711572
0.001048148705942951
0.001048279353327813
0.0010491649962234637
0.0010563060305804996
0.0010420223623796299
0.0010453839604859401
0.0010453909949997545
0.0010453925416843725
0.0010425370808598657
0.0010425376107275378
0.001042538098439558
0.0010425539098793423
0.0010425559141827557
0.0009991547808166567
0.0009852438653758248
0.0009852558361217588
0.0009424368364266589
0.0009424508904479776
0.0008977647109301704
0.0008977676485283969
0.0008977694206956071
0.0008977828062502014
0.0008977828062502014
0.0008977837185120157
0.0008977874851845093
0.0008979818129013232
0.0008979858677100425
0.0008839219700471882
0.0008839235947502124
0.0008840746576793418
0.0008840754157420659
0.0008841065479914844
0.0008869569680754675
0.0008869574627688499
0.0008869595665753186
0.0008877793229969039
0.000887780420977785
0.0008885969270023794
0.0008885973281785248
0.0008886326325683728
0.0008886493079825991
0.0008886823801250715
0.0008891916039083555
0.0008891945341252549
0.0008706645849876351
0.0008735188958679226
0.0008589889287567057
0.0008589976168380766
0.0008590279243443539
0.0008590313034056181
0.0008517333401019575
0.0008517736982311191
0.0008209587884922073
0.0008209599674403823
0.000820983965204928
0.0008209856837823386
0.0008209410072931377
0.000778216337787204
0.0007332519220097937
0.0007332573156891654
0.0007332652761267411
0.0007332820824396334
0.0007332832510609852
0.0007332939805875147
0.000733298986054307
0.0007334002039446059
0.0007334034309452069
0.0007340159566226192
0.0007340292514863301
0.0007370521542906139
0.000729925749312452
0.0007299778493349363
0.0007299945298891877
0.0007300012746997544
0.0007148035954712993
0.0007148050436125259
0.0007148575940803512
0.0007148582284667672
0.0007148771734702029
0.0007148794825308465
0.0007148925461574051
0.0007148932599458335
0.000710581293474344
0.0007105818708389548
0.0007105820583677988
0.0007105827399382397
0.0007105836616556308
0.0007106480580213866
0.0007106485880052978
0.0007107082663924139
0.00071356397600616
0.0007135678819783389
0.000713578093948086
0.0007150149337971123
0.0007148448854103581
0.0007148480541532285
0.0007148485099459293
0.0007163598598930104
0.0007163606526999352
0.000716372117641766
0.0007163827548576107
0.0007163852253081911
0.0007164655138648706
0.0007164764015320811
0.000716579883615743
0.0007165932208467566
0.000716596901756864
0.0006734837680176817
0.0006734838539083458
0.0006734859732354318
0.0006735004343473781
0.0006735298274814735
0.0006735335745085059
0.0006763871422127288
0.0006763974410686072
0.0006763983181200205
0.0006764024873757858
0.0006764109711354339
0.0006764118762924735
0.0006761722304280864
0.0006761741426671346
0.0006761749192573173
0.0006761890356171602
0.0006762173693975363
0.0006762173693975363
0.0006762177772423539
0.0006762392028945374
0.000676239534823686
0.0006762480525320875
0.0006762484158894235
0.0006791652307686809
0.0006791655022455965
0.0006820165410566832
0.0006820180992859329
0.0006821222416831879
0.0006821273884307552
0.0006749944710237399
0.0006750000154730132
0.0006755094969986698
0.0006755216415253132
0.0006755236396801912
0.0006755380307634142
0.000675538505018697
0.0006755390053679651
0.0006755403231524716
0.0006755418498867678
0.0006826660955440665
0.0006826666576124458
0.000685517447493487
0.0006855199227914579
0.0006855222149628987
0.0006855239926117138
0.0006855492112649701
0.0006856036014353375
0.0006856041839905754
0.0006927611084621169
0.0006930213889226095
0.0006933620933991096
0.0007218618612342919
0.0007226870389563172
0.0007226876741829364
0.0007081656961457322
0.0006992904481563622
0.0006992904481563622
0.000699291545892213
0.0006992933060304813
0.000699293819787879
0.0006992949294151956
0.0006992993380191377
0.0006545133290051983
0.0006331112495414911
0.0006333375723585679
0.0006333395518491643
0.0006333592455143301
0.0006333598142742166
0.0005906118578925342
0.0005827682900891528
0.000582904038166954
0.0005829094057823474
0.0005821145745067739
0.0005821171268877676
0.0005821171268877676
0.0005821688504462259
0.000582171368313785
0.0005821734926951413
0.0004966653048487533
0.0004966670380583342
0.0004966696153065675
0.000496919251826003
0.0004969384109263354
0.0004969392459188229
0.0004970023598711526
0.000497190732299251
0.0004975318264962605
0.0005260289800789466
0.0005279666316595944
0.0005279671992735605
0.0005279753638551121
0.0005279767690156202
0.0005279798820426028
0.0005280270879397137
0.0005280416165710312
0.0005280493262839176
0.0005280515787947399
0.0005280515787947399
0.0005309033641021579
0.0005309038121468993
0.0005309062258453029
0.0005309077818017412
0.000530909628727555
0.0005309101921212249
0.0005309114958208513
0.0005309389814582432
0.0005309403923957541
0.0005310195847739561
0.0005381442124425441
0.0004954609589760565
0.0004954619801849856
0.00049546446390943
0.0004983295809441874
0.000498346433437712
0.0004983832837669541
0.0004984189937165077
0.0004984380033308674
0.0004943028166312535
0.0004869664922581503
0.00048696778995127116
0.0004869915909397206
0.0004869924416123772
0.00048699943195267903
0.0004872381576442112
0.00048725528639314474
0.00048726021017691195
0.0004872889701091886
0.00048729188912163606
0.0004872919986612089
0.0004872921096295588
0.0004887172572297898
0.0003989551807882029
0.00039905581741013935
0.0003990852251680382
0.0003991058334580147
0.00039665705026480915
0.00039665739650466744
0.00039689531798179836
0.00039691221823298845
0.000396370744740237
0.00039346776214201366
0.00039346797850139687
0.00039346797850139687
0.00034953565947811024
0.0003495409774511345
0.00034954178787063785
0.0003495428576178975
0.00034954319994417836
0.0003495447876692578
0.00034954574064071807
0.00034954611521505695
0.0003495463477952869
0.00034954715455358956
0.00034955580677715564
0.0003495791373711805
0.00035670747255019033
0.0003560448711932933
0.00035604704761864244
0.00035604704761864244
0.0003560511299520393
0.00035605241166288795
0.00035605551299018476
0.00035605551299018476
0.00035605968484591575
0.0003560628364075138
0.0003560647622460148
0.00035607122944935146
0.0003560744439734137
0.000356077576931479
0.00035607802005998933
0.0003560784760951553
0.0003560788656524677
0.0003560797404506091
0.0003560836192488892
0.00036321136571900115
0.00036321948991772175
0.00036321961732591903
0.00036322573518960706
0.0003632258662906256
0.00036322726589558835
0.00034887682737443104
0.00034887731076639497
0.0003489022269115634
0.0003489025068167868
0.0003489127079528533
0.0003489140388841
0.00034891453677782296
0.00034894320797801295
0.0003489440970129339
0.00034894510255686787
0.000348964223652028
0.00034899050111639337
0.00034899050111639337
0.0003489910006245775
0.0003561240539493246
0.0003561299632516102
0.00035613652253115713
0.0002706450897244901
0.00027101412262040876
0.00027101527358015614
0.00027105655458470746
0.00027105909133991706
0.000271068333669764
0.0002710687232270764
0.00027823487722015245
0.0002782352522490984
0.00028536139147240666
0.0002853625886013384
0.00022835348936426129
0.00022835462300386847
0.00022886387897506458
0.00022767234453648886
0.00022768542942610176
0.00022613304625600952
0.0002261347844173712
0.00022613494953108577
0.00022616435728898464
0.00022616447672173758
0.0002261654787694483
0.00022621232112667296
0.00022621261112914555
0.0002262129067294298
0.0002262238667745852
0.00022622896326402042
0.00022622914038175078
0.00022622932068123682
0.00022623801912977282
0.00022623801912977282
0.00022623892486828168
0.00022624531604293867
0.00022624531604293867
0.00022624531604293867
0.00022624531604293867
0.00022624563306079118
0.00022624563306079118
0.00022625629884264216
0.00022625677664474484
0.00022625716077574707
0.00028325034871252747
0.00028325034871252747
0.00028325034871252747
0.00019774144641585006
0.00019774194499195722
0.00019055813784435685
0.00019055813784435685
0.00019055934236705924
0.00018379318833412864
0.00018379373221543956
0.00018379373221543956
0.00018379387434248559
0.00018379387434248559
0.00018379387434248559
0.00018379396104128303
0.00018379461801055374
0.00018379618675024758
0.00018392714495036594
0.00018396318649246244
0.00018396441803672416
0.00018396441803672416
0.00018396441803672416
0.0001839652191063615
0.0001839700747898053
0.00018397032238675118
0.00018397041976343293
0.00018398506800133835
0.00018398517137923568
0.00018399993443921555
0.00018400305251749588
0.00018400394978390159
0.00018400427215292794
0.0001840043798081328
0.00018400454675670212
0.0001838234269091822
0.0001838237900434639
0.00018382417140918366
0.00018384045972336184
0.0001838405696059157
0.0001838405696059157
0.0002123585689003967
0.00021235888400706154
0.00021235980973291615
0.00021236555491787663
0.00021236555491787663
0.00021240832896479033
0.00021240832896479033
0.0002124147854238001
0.00019796971893999712
0.0001979702125486058
0.0001979702125486058
0.00019797027486107962
0.0001979704997179991
0.00019004600972251804
0.00019004600972251804
0.00019004624054909023
0.00019010124908358406
0.0001901013170577203
0.0001901013170577203
0.00019010590794299188
0.00019010590794299188
0.00019010590794299188
0.00019010590794299188
0.00019010597743893714
0.0001753747095816891
0.0001753747095816891
0.0001753747095816891
0.00017537495299677606
0.00017822456473717648
0.00017822463741577952
0.00017822463741577952
0.0001782247117587781
0.0001782247117587781
0.00017822496181245834
0.00017822529480695623
0.00017823362896590394
0.00017823362896590394
0.0001782339859535395
0.0001782339859535395
0.00017823406560503046
0.00017823443427428368
0.00017823443427428368
0.00017823443427428368
0.00017823460322623588
0.00017823460322623588
0.00017823469077191142
0.0001782347804528474
0.0001782350758718543
0.0001782350758718543
0.0001782350758718543
0.00017823537989529827
0.0001782440783438343
0.00017824439130914428
0.0001782450454996021
0.0001782450454996021
0.0001782450454996021
0.0001782454793734146
0.00017824583183003064
0.00017824592599440588
0.00017824602251289052
0.0001782463858702266
0.0001353714383906486
0.000135371625746775
0.000135371625746775
0.00013537201846032198
0.0001353721174120457
0.0001353721174120457
0.0001353726373417679
0.0001353726373417679
0.00013537318792316782
0.00013537352924869125
0.00013537352924869125
0.00013537402273574903
0.00013537402273574903
0.00013537402273574903
0.00013537402273574903
0.00013537402273574903
0.000135374282414591
0.000135374282414591
0.00013537439196026972
0.00013537439196026972
0.00013537439196026972
0.0001353746608042473
0.0001353746608042473
0.0001353746608042473
0.00013537505167825523
4.987484172095711e-05
4.987496022567052e-05
4.987496022567052e-05
4.987496022567052e-05
4.987508193321401e-05
4.987508193321401e-05
4.987508193321401e-05
4.987508193321401e-05
4.987520696005415e-05
4.987546746449986e-05
4.987546746449986e-05
4.987546746449986e-05
4.987546746449986e-05
4.9875603202957675e-05
4.9875603202957675e-05
4.9875603202957675e-05
4.9875603202957675e-05
4.9875603202957675e-05
4.9875603202957675e-05
4.9875603202957675e-05
4.9875603202957675e-05
5.699991570218638e-05
5.700006341168982e-05
5.700021542341182e-05
5.700021542341182e-05
5.700037190606681e-05
5.700053303672145e-05
5.700053303672145e-05
5.7000699001295725e-05
5.7000699001295725e-05
5.7000699001295725e-05
5.7000699001295725e-05
5.700122790207558e-05
5.7001415258201996e-05
5.700160853083768e-05
5.700160853083768e-05
8.549772593484137e-05
8.549813125024174e-05
8.549813125024174e-05
8.549834383802934e-05
8.549834383802934e-05
8.549856343420558e-05
8.549879035025433e-05
8.549879035025433e-05
8.549902491515867e-05
8.549902491515867e-05
8.549902491515867e-05
8.549926747659385e-05
8.549951840221645e-05
8.549951840221645e-05
8.549951840221645e-05
8.5500046925036e-05
8.5500046925036e-05
8.550032537058423e-05
8.550061388042935e-05
8.550061388042935e-05
8.550061388042935e-05
8.550091294551272e-05
8.550091294551272e-05
8.550091294551272e-05
8.550091294551272e-05
8.550091294551272e-05
8.550091294551272e-05
8.550091294551272e-05
8.550091294551272e-05
8.550091294551272e-05
8.550091294551272e-05
8.550122308708068e-05
8.550122308708068e-05
8.550122308708068e-05
8.550122308708068e-05
8.550154485895742e-05
8.550154485895742e-05
8.550154485895742e-05
8.550187885001934e-05
8.550187885001934e-05
8.550187885001934e-05
8.550187885001934e-05
8.550222568689134e-05
8.550258603688826e-05
8.550335016853953e-05
8.550375551871599e-05
8.550417752711885e-05
8.550417752711885e-05
8.550417752711885e-05
8.550461711920517e-05
8.550461711920517e-05
8.550461711920517e-05
8.550507528560501e-05
8.550555308770769e-05
8.550555308770769e-05
8.550605166381485e-05
8.550605166381485e-05
8.550711611723762e-05
8.550711611723762e-05
8.550711611723762e-05
8.550711611723762e-05
8.550711611723762e-05
8.550711611723762e-05
8.550711611723762e-05
8.550711611723762e-05
8.550711611723762e-05
8.550768472042632e-05
8.550827956683909e-05
8.550890229667747e-05
8.55102386309082e-05
8.55102386309082e-05
8.55102386309082e-05
8.55102386309082e-05
8.551095621841302e-05
8.551095621841302e-05
8.55125014640484e-05
8.55125014640484e-05
8.55125014640484e-05
8.55125014640484e-05
8.551421075774979e-05
8.55161081705215e-05
8.55161081705215e-05
8.55161081705215e-05
8.55161081705215e-05
8.551713616898485e-05
0.0
0.0
0.0
0.0
0.0
0.0
0.0
0.0
0.0
0.0
0.0
0.0
0.0
0.0
0.0
0.0
0.0
0.0
0.0
0.0
0.0
0.0
0.0
0.0
0.0
0.0
0.0
0.0
0.0
0.0
0.0
0.0
0.0
0.0
0.0
0.0
0.0
0.0
0.0
0.0
0.0
0.0
0.0
0.0
0.0
0.0
0.0
0.0
0.0
0.0
0.0
0.0
0.0
0.0
0.0
0.0
0.0
0.0
0.0
0.0
0.0
0.0
0.0
0.0
0.0
0.0
0.0
0.0
0.0
0.0
0.0
0.0
0.0
0.0
0.0
0.0
0.0
0.0
0.0
0.0
0.0
0.0
0.0
0.0
0.0
0.0
0.0
0.0
0.0
0.0
0.0
0.0
0.0
0.0
0.0
0.0
0.0
0.0
0.0
0.0
0.0
0.0
0.0
0.0
0.0
0.0
0.0
0.0
0.0
0.0
0.0
0.0
0.0
0.0
0.0
0.0
0.0
0.0
