0.24455009276437847
0.1573706278274302
0.1132254221030534
0.10314243828806936
0.07921184792817335
0.06930448508502429
0.06001050459232351
0.05528928768668915
0.056643114893145
0.068409701681832
0.07034062439636017
0.07893016743854074
0.07440318759636254
0.0676519892990222
0.06756892096627506
0.061126163513604254
0.05465258634054586
0.04872632404980453
0.050169981102977414
0.04386859791197522
0.04102308041496239
0.036253268049828376
0.03957491185737523
0.039062364461905065
0.04209770872251707
0.03900503788734947
0.037928953698464635
0.03553317742801846
0.032532208310379424
0.030990340769314725
0.029653143640100105
0.028520319115071895
0.028563856611023224
0.02767443597895994
0.02535503482856644
0.024943654020930208
0.02254736160916653
0.020773376294794834
0.02100269126015849
0.020462769225785264
0.019286923830668955
0.019867435626957634
0.02034913579879749
0.021871646849829667
0.02217085581988583
0.021530195071844727
0.022179272807499095
0.021654873185716943
0.021067914167883145
0.02044702573154829
0.019986242646689956
0.019544041918868018
0.019047212921567754
0.018904057271610944
0.018506650551758947
0.018090066479366777
0.018459307498890083
0.018891646972095326
0.01856240882341013
0.018229340825427386
0.017916989512137854
0.01760169355730193
0.017287756881335468
0.016741725993317375
0.01670239408804214
0.017004430949288208
0.01670807081136239
0.017021265122660268
0.016718361961018266
0.01604684173324389
0.015430850110002474
0.015120862577389706
0.014746969616539497
0.014329333779185407
0.013774058549976511
0.01358860675130077
0.012719604766021332
0.012987172883460192
0.01279693613662834
0.012628853759121783
0.01246917589075829
0.012980935064366412
0.012497988840332597
0.012838031907536619
0.01315372467225344
0.013463517487182542
0.01299763970921592
0.012827033412188967
0.012602228761495755
0.012427453703928169
0.012270588980452916
0.012112085627279535
0.011980108867822638
0.01254487888273118
0.012401113298949655
0.011992653614179083
0.011858342150665844
0.01140556813651914
0.011220189051736655
0.01103492664777299
0.011329975635425954
0.011603491490215398
0.011850507525087099
0.01171903986316576
0.011602162437311096
0.011458305793165147
0.011349114992678235
0.011242459296057643
0.011126630022364217
0.01138349425957378
0.011036367887680169
0.010873620901488966
0.011246684831633737
0.011147745269881708
0.010977514809625619
0.010875069846552041
0.010926691102835942
0.010600641494652457
0.010498447779201748
0.010407477320231541
0.010319547353980812
0.010233619852310657
0.010085334074704277
0.010325453793767463
0.010225789680223939
0.010514210190011454
0.010413188674499209
0.010436361406542088
0.010083244606839294
0.010004341387304536
0.010041460225445347
0.009962145692051796
0.009880515287383219
0.0097861476234306
0.009859555591743337
0.009786126932970656
0.010088281126942699
0.010012779695105039
0.009940090047945816
0.009865691827342319
0.00979473944265448
0.009723505611917862
0.009654039045794063
0.009585990741368877
0.009463172860262275
0.0096435927436171
0.009531147603732491
0.009758614958627348
0.009692325571807709
0.009591937810500066
0.009527458595803158
0.009442931051186125
0.009375885998512933
0.009271660306343228
0.009209690866953649
0.009150135647305355
0.00904578167673183
0.00881687682637977
0.008759982651762846
0.008704096337094278
0.008649554556536135
0.008837463569341378
0.008781261498102197
0.008719511142501362
0.008665041345755742
0.008568787243698863
0.008517258460118127
0.008465937837195625
0.0084107749942005
0.008360484380006961
0.008306855542885025
0.00825675334965942
0.008439723815910363
0.008391142170518253
0.008342634363308081
0.008294793854083904
0.008245998287052405
0.008193399124383733
0.008140969121461152
0.008094281028920094
0.008048986527099851
0.008228055859604995
0.008402890472945696
0.008354458564384453
0.00830858718191827
0.00848023974183983
0.008434776606382336
0.008496137715520196
0.00840476918869335
0.008213206385584846
0.008386360475124635
0.008187296128957692
0.008143581421746739
0.008101301346841679
0.008045931899802615
0.007834121931454248
0.007792191056992988
0.0077091903158080875
0.007668468572649161
0.0076298328379826455
0.0075915015984539475
0.007552255743632502
0.007515002607519494
0.007475136724669219
0.007633389205924541
0.007590236602068475
0.007553007729568221
0.007482089528477347
0.0073143721080907885
0.007277717191655614
0.007278194533720404
0.007243330531986797
0.00720583962458599
0.007172102852983344
0.007138523610662676
0.007103569736239335
0.0070389865579532605
0.007003200246243951
0.006958712225936519
0.006926461169225314
0.00677451611173895
0.0067315652838034505
0.006701166696038745
0.006670317927815671
0.006640504095886622
0.006610964882148492
0.006581374083930691
0.0065406262568756795
0.006508670781185242
0.006653937324242303
0.006619199379360585
0.006584858311071568
0.006554281671326448
0.006708761224802987
0.006846658198496849
0.006815919854755568
0.006974544307830654
0.006913973199719133
0.007017996977233517
0.006960607711607665
0.006901958118505418
0.006870878021305545
0.007061151230048584
0.0071794793520804125
0.007149892116234529
0.007119500879933182
0.007090475715477286
0.007060431207897797
0.006994299729402415
0.006859584181972626
0.006832241721044644
0.006805073177111427
0.006777114132289066
0.006619141818682396
0.006593031125796757
0.0065670848365489655
0.00651478221046914
0.006473005505900987
0.00643713221817666
0.006412352381625208
0.006387566572153414
0.0063609583651395496
0.006335905269561267
0.006311133432269681
0.006434546586468538
0.006398226948403477
0.006370493378868549
0.006506954758025509
0.0064480837405559415
0.0064241934291228335
0.006564501369375446
0.006539145310301698
0.006489611593845508
0.0064659372483258605
0.0064419069577593404
0.00632198258150968
0.006443501142557314
0.006564194212436956
0.0065402901609479865
0.006511951200717943
0.006488603744871208
0.0064548944078724755
0.0064687061891986215
0.006610859257266533
0.006587019700323561
0.006703348629450274
0.0065773602097074875
0.006544352602044754
0.006520887822169452
0.006493490881826805
0.006470482194913395
0.006587369837737604
0.006699777425482051
0.006823243805860598
0.006800089596496786
0.00677693954976214
0.006663389253190892
0.00677513106244186
0.006751465770761078
0.006728859222764604
0.006705295608635491
0.00667228897484266
0.0066279510819448086
0.006515839060102323
0.006634315258869401
0.0066122225175183295
0.006590678345661476
0.0065692600195670645
0.00654797739846407
0.006526824424868815
0.006671056499601968
0.0066432549534868
0.006532340015751152
0.00663873406699337
0.006617224601159974
0.006596211636321683
0.006566681563962534
0.006461950320804709
0.006482724906657253
0.006462099587808151
0.006420290783090002
0.0064001587591394245
0.006380346804529562
0.006356481686671243
0.006336855487291054
0.006317251937621294
0.0062977829745884065
0.006278355692574562
0.006258424225897702
0.006239256338663304
0.006220101586830157
0.006197291529051992
0.006175385990949282
0.006156288933162748
0.006054224353219161
0.0059565697114434745
0.006096222701171242
0.00607810104674279
0.0060601413380231535
0.006040574386888737
0.0060224245156734685
0.006149900838120546
0.006247699534864671
0.006345726618064923
0.006327269364949983
0.006308543282493396
0.006288404515502082
0.006269423353262987
0.006249145056526156
0.006231255536596079
0.00613737662507168
0.006119840157536579
0.006094160796264516
0.006058029319922469
0.006040869934336852
0.006023886065077327
0.0060025238483550495
0.00598565748367443
0.005967155132267329
0.005918394986922984
0.005901163188699773
0.005884816123312535
0.005868605924970785
0.005852034798734812
0.005835861172011211
0.005819904683242168
0.005778572638568075
0.005762752846496973
0.005744586786926008
0.0057290645353560935
0.005713010579055932
0.005696791729002054
0.005681521120319928
0.00565894612198033
0.005643263227962175
0.005610405721207572
0.005591702917090205
0.005574841661596721
0.005539443294159358
0.005523881771277154
0.0055088537687802835
0.005493167163932956
0.005478812451221449
0.005568628940638297
0.005553166527776242
0.005538758538258677
0.0056685049178987895
0.005861593803176696
0.005846419099952455
0.005927531112239378
0.005912305475882043
0.00589674195663259
0.005881688156664886
0.005965611385325538
0.005936514408393336
0.0059202061469344845
0.005895157859078084
0.005880308696506047
0.00586547747142582
0.005850811574729309
0.005834278951956177
0.005819326582246726
0.005738706464824252
0.005724445045981632
0.005709580204402417
0.005792354285996832
0.0057768843422921125
0.0057461534317879434
0.005731531881779258
0.00571752741635375
0.005685486647984444
0.005669789226582239
0.0056540569408980584
0.005674066778389571
0.005656821084630762
0.005643152119567193
0.005741811369701944
0.0057280121172419585
0.00565037655294156
0.005636522537877396
0.005622429943484568
0.005697718811198521
0.005619401075191894
0.0055885722975682105
0.005559698294791367
0.005530226172749301
0.005516532336272791
0.0055036419905220586
0.005593182723351768
0.005580066385826571
0.005567024194665833
0.005554075562398578
0.005479632102451923
0.005405288786793997
0.005386545107974391
0.005373806146926012
0.005361464884296985
0.00533395013402982
0.005312521026246049
0.005294326409253153
0.005282305076994566
0.005270296713443638
0.00525803568255284
0.0052461313700226785
0.0052308947961615905
0.005218098770740672
0.005205447942754717
0.005193540334291964
0.005181797244955797
0.005170062348596868
0.005158570360971912
0.005146998882050471
0.005165174338553145
0.005095066042772074
0.005173256133782744
0.005160676267807794
0.005236854790834176
0.0052254181446403595
0.005213659985263509
0.005201416943435507
0.005132253517455369
0.005119488512796052
0.005108423433174261
0.005097378724342435
0.0050290585964099
0.005018193342686896
0.005007388223740781
0.004994572649716999
0.0049696558550784775
0.004958775074632203
0.005034052796073676
0.005023381267772326
0.0050127637050656725
0.005001514187703283
0.004990647854493763
0.004980034986022304
0.004969067166130682
0.004957989963664701
0.004947056540395602
0.0049360523032801334
0.004925792273468809
0.004915525488511357
0.004850137534601518
0.004839862670172688
0.00482979934121374
0.004998130662448764
0.004974118175033547
0.004963454496285912
0.004953242428388265
0.004943133738379212
0.0048783583795410515
0.004868442759491173
0.004858196520228928
0.004848339864128363
0.004905971365164453
0.004734819876925018
0.004724762918667772
0.004714707664139291
0.004698286544784893
0.004686994698633262
0.004784085171931275
0.004773963485650178
0.0047642980219637365
0.00494279061474718
0.00493293514232237
0.004869517967690637
0.004859911891910708
0.004850344522474582
0.004840530875822276
0.004778553170084103
0.004769053796471007
0.004759718482084511
0.004748881356103201
0.0047396334644639986
0.004698943097845649
0.004689817895099858
0.004759299684132117
0.004749660308433844
0.004740276288631766
0.004731073502903711
0.004721934219026655
0.004712690566781004
0.004651664556669938
0.0046427689929968066
0.004633903745522438
0.0046247192727806976
0.004693018680100619
0.0046790426505786496
0.004669646143401516
0.00466082511518444
0.004652029285035365
0.004643189604764363
0.004634240622826645
0.004817671444678519
0.004808607188357836
0.004799433112027106
0.00479047799629819
0.004780239762715591
0.004771177085159018
0.004712659171868915
0.004703803280272819
0.004694979492732182
0.004637200515618875
0.004579507725865496
0.00456834949783108
0.004559809816924686
0.004550782088208208
0.004491373327961532
0.004483159450159424
0.004475000842652236
0.004466874559804195
0.004456320427086508
0.0044480003488476605
0.004391837125852385
0.004381491735259046
0.004372723203207676
0.004305002958248031
0.004297217736558079
0.004289488121876273
0.00428174826256608
0.0042217080183580905
0.0042141932818038465
0.004159210642978696
0.004151619848770469
0.004144139460322487
0.004136800914218922
0.004082479500872052
0.004063475430616943
0.004056260508019417
0.004049094618349883
0.004041164113399301
0.004033606816125271
0.004026549944711195
0.004019150751096629
0.004010247802834472
0.004003259091214498
0.003996284023566437
0.003984752797812608
0.003977598887402571
0.003964500205534336
0.0039575469844107085
0.003950688251356242
0.003942589251862398
0.003935557003469475
0.003917209277506742
0.0039104774333103
0.0039037641191185346
0.0038971095402495467
0.003879136088406979
0.003861138223643672
0.003854391019658431
0.0038478563399777558
0.0038368063121522323
0.00381896533514143
0.0038079962926601753
0.00380157764187659
0.0037950406831192183
0.003787841480339143
0.0037811817815617847
0.003774873646339583
0.0037685895537692532
0.0037622053809934332
0.0038221256765917735
0.003815717913828833
0.003809249873281527
0.003802945570401247
0.003785518769517918
0.0037780269992576192
0.0037718140190415987
0.003765561065418927
0.0037593463004083746
0.003753168363386229
0.0037464606288906198
0.003740234687460285
0.0036907270016959394
0.0036847359893928985
0.00366794500953839
0.0036512136551703745
0.003630142583121122
0.003695293727865857
0.00368924832215306
0.00364007731879983
0.003634216005245998
0.0036283770841611987
0.003622534837172761
0.0036166910242377915
0.0035576521620094823
0.0035518634519784943
0.0035462061140695464
0.003538371668666387
0.0035325506988048263
0.0034847601777115746
0.0034792376080902705
0.0034737222026960347
0.003468018833643216
0.003447890477751584
0.0034315098841968387
0.0034256240050540444
0.0034160916939517147
0.0034627693822781797
0.003457293224558862
0.003451864347018614
0.0034464697560316815
0.003441063198985913
0.0034352326343214316
0.0034297276424458583
0.0034244271883203978
0.003407680107413603
0.0034023693609741014
0.0033969299618512856
0.0033876038848135483
0.0033813313888328834
0.0033761506192554118
0.0033708842159531007
0.0033654856198961506
0.0033596278386157645
0.0033504510038927515
0.003345321952814252
0.003336196237461465
0.0033308999422711756
0.0033257563807868405
0.0033146768339789158
0.003299568927124308
0.0033551216688778042
0.0033499328312024926
0.003405016995870398
0.00346536379051518
0.0034601638737273496
0.0034549563348239124
0.0034496905870411453
0.0034445474290462227
0.0034393764633467334
0.003394499285498609
0.003389349577903816
0.0033843246397053514
0.003365457300998521
0.0033584985981832084
0.003314220235521438
0.003308373260922962
0.0033034959424345423
0.0032927596841445536
0.0032879211350875454
0.003241412799737524
0.0032366638643890533
0.0032319129763254
0.003226734045767483
0.003242137125148602
0.003236453077861302
0.0032312939832266777
0.003226610036659973
0.003221919300552536
0.0032134077300095517
0.0032086388582337477
0.0032038544510190337
0.00319540158449319
0.003180897797558068
0.0031763112859408867
0.0031717423639574236
0.0031668869262693913
0.0031612130915108874
0.0031567031146420344
0.0031516944624582367
0.0031432363937615826
0.003138767921395558
0.003130529801689641
0.0031260950863848456
0.003080185472015364
0.0030757384976530544
0.0030712890503233367
0.0031226535662101595
0.003116385318722397
0.003111985707746787
0.0031075278965855212
0.0031031090184222413
0.0030968252490329276
0.0030924939823851498
0.0030480568154101916
0.0030437980121579243
0.003035832933011542
0.003031606443973711
0.0030272275525954125
0.0030230354134044256
0.0030188161121325985
0.0029778086842743193
0.002973615498637705
0.0029692964187979557
0.0029651784152128725
0.0029610930576896067
0.0029570287501754413
0.0029528878349387166
0.0029473707805564
0.002906906718620193
0.0029029174798033556
0.002898857130645942
0.0028949031635921206
0.0028909581845019583
0.0028868817993036927
0.0029347377895172426
0.002921524868455574
0.002917564457501978
0.002913615116940625
0.0029060677197731586
0.0029559789346249436
0.002952006124703222
0.0029480406576968417
0.002940510411496934
0.0029365722107781034
0.002932643042370173
0.0029286996926627955
0.0029247895946286837
0.002920883222170343
0.0029169472467866497
0.0029130584811645453
0.0029091247394204024
0.002901312659769566
0.0028974404041165348
0.002893606287904695
0.002889782432548014
0.0028859746082877365
0.002882170965159132
0.0028082936633099164
0.002769555641236141
0.0027658914050370607
0.002762194460236363
0.0027585639705186103
0.0027548644280847665
0.002751187133827176
0.002747565612105455
0.0027439111881926177
0.0027367179286112296
0.0027331460734224934
0.00272960288376682
0.002724285738639421
0.0027807296099324943
0.0028287622843930784
0.002790750433006532
0.0027861771020260403
0.0027825422456607516
0.0027788755849203063
0.0027752980794555075
0.002770030376671156
0.002766367497421728
0.0027628253997279235
0.002759191233042381
0.002755670207142112
0.0027518682082272776
0.002739463442434504
0.0027359209874207985
0.002698599358943623
0.0026948911699229494
0.002649335550197458
0.0026457079195553643
0.0026423530290687384
0.0026376602566770347
0.002634282158437287
0.002630954103135104
0.002624248918242498
0.0026208931848236867
0.0026176129232480475
0.0026143389889640577
0.0026110692805848537
0.0026074968811514772
0.0026035821188805483
0.0026500851072733846
0.0026467915815793427
0.002643498678603598
0.002640219573299056
0.0025708640315161226
0.0025676102720362678
0.002563650695655106
0.002560483226855504
0.0025573109731848384
0.002603410893618897
0.0025673958054632097
0.0025642311208220058
0.0025609992699962797
0.002557855489492553
0.0025547097488039868
0.002549914935891668
0.002544580468080752
0.0026064345451260267
0.0026032442123792372
0.00260002695538239
0.0025968587480540016
0.002592033925448894
0.002588884177349839
0.002633864124456573
0.0026306639310779124
0.002626945857816542
0.002623778022009892
0.0026205853920397287
0.0026142267041470236
0.002606016508950158
0.0026028797143326714
0.002644398408009546
0.0026412322908060505
0.002638070388399135
0.002634003747180747
0.0026292571998829256
0.002673741757098471
0.002670562737372979
0.002716615802397323
0.002713393703760833
0.0027070176358294042
0.0027038118807922746
0.002700417166848583
0.0026940197949267856
0.002687691416536313
0.0026845238704248705
0.002673474327725926
0.002670280100021911
0.0026669634263038213
0.002663821742179704
0.0026605608435028875
0.0026574295878512865
0.002653325975105869
0.002650228589038904
0.002647132876030966
0.002644041700954499
0.00264063718782307
0.002629707842422887
0.0026260940831326685
0.0026694270049715794
0.0026661464601889892
0.0026629566038113765
0.002705237166728828
0.0027021152038227713
0.00269899552462918
0.002694349785028149
0.002689563658142699
0.002686467882204152
0.002652808346290467
0.0026154827653642795
0.0026122921691507104
0.002609149982555937
0.0026061681694899835
0.0026413230201190563
0.0026374454089228556
0.0026331258004148516
0.0026285814643506682
0.0026236118801992864
0.002620619302310562
0.0026176437208538786
0.002614613644261008
0.0026083947720113307
0.002597922330261691
0.002594993352959101
0.002592065372900053
0.0025886110386344903
0.0025856999071138904
0.0025827847575403263
0.0025798661521372573
0.002547060557256564
0.0025441713701174987
0.002540932429978057
0.0025372054091949247
0.00253432622537423
0.0025313990810473786
0.0025285742967036547
0.0025257295635546318
0.0025228599146005586
0.0025126700811254447
0.0025098493884190796
0.0025039776982999965
0.002500840448475469
0.002498025450975606
0.002495269009141022
0.0024925172310619635
0.002489683856318527
0.0024868083413919365
0.0024840074210976185
0.002481184375500494
0.0024784089510591074
0.002475176655331902
0.0024724700073531906
0.0024696722624208823
0.0024669245906171586
0.0024640608109326584
0.0024596686397430375
0.00245699137648715
0.0024543220021220813
0.0024516305500529756
0.002448148554500467
0.0024454990386954915
0.002442757194181647
0.0024400175000567673
0.0024373845673521894
0.002434743859466451
0.002432123375718963
0.002429507699842286
0.0024268449418372133
0.0024213774061570387
0.002418774757656789
0.002415897690933277
0.0024122585216641234
