23395
23395
23395
23395
23395
23395
23395
23395
23395
23395
23393
23393
23393
23393
23391
23390
23390
23390
23389
23389
23389
23388
23385
23385
23384
23382
23381
23379
23377
23376
23375
23374
23374
23371
23371
23367
23367
23365
23363
23359
23358
23356
23354
23353
23352
23352
23351
23344
23340
23339
23334
23331
23330
23329
23327
23325
23325
23323
23319
23318
23312
23308
23306
23304
23302
23301
23300
23299
23299
23299
23295
23289
23288
23286
23285
23281
23279
23278
23276
23274
23272
23269
23263
23261
23259
23258
23256
23256
23253
23249
23248
23245
23243
23239
23237
23235
23234
23230
23227
23225
23225
23224
23221
23220
23217
23215
23211
23206
23203
23200
23194
23193
23191
23189
23187
23183
23177
23172
23168
23164
23160
23155
23153
23148
23144
23140
23139
23132
23126
23123
23117
23115
23110
23107
23103
23099
23094
23088
23080
23072
23068
23067
23059
23054
23052
23049
23046
23040
23037
23032
23027
23019
23015
23010
23002
22999
22995
22985
22980
22967
22963
22951
22950
22943
22935
22929
22917
22916
22912
22903
22894
22884
22877
22876
22870
22864
22854
22851
22846
22838
22831
22821
22813
22803
22797
22790
22781
22773
22768
22763
22754
22750
22744
22737
22729
22721
22713
22709
22699
22696
22690
22685
22679
22674
22669
22661
22654
22649
22640
22628
22620
22607
22595
22588
22576
22566
22562
22553
22547
22535
22524
22516
22507
22495
22484
22470
22460
22456
22448
22442
22432
22420
22406
22399
22389
22382
22377
22358
22352
22345
22339
22334
22328
22318
22309
22296
22285
22277
22268
22254
22238
22230
22225
22207
22198
22188
22177
22165
22160
22145
22135
22120
22111
22095
22084
22070
22059
22046
22033
22017
21998
21987
21979
21965
21955
21948
21938
21931
21915
21906
21899
21880
21873
21861
21844
21834
21822
21813
21802
21779
21764
21752
21739
21730
21722
21711
21694
21679
21664
21651
21642
21631
21611
21594
21575
21564
21543
21531
21519
21511
21498
21484
21468
21452
21428
21415
21401
21385
21372
21356
21339
21326
21312
21294
21280
21270
21254
21241
21220
21212
21198
21180
21161
21151
21139
21128
21112
21098
21078
21069
21056
21038
21019
20998
20980
20971
20959
20948
20930
20907
20887
20870
20850
20830
20814
20798
20781
20765
20753
20736
20716
20699
20680
20664
20648
20625
20606
20589
20572
20545
20528
20507
20491
20468
20451
20423
20410
20403
20390
20362
20345
20325
20307
20296
20272
20241
20220
20203
20192
20173
20147
20107
20085
20070
20052
20032
20013
19997
19970
19953
19924
19901
19881
19863
19843
19822
19802
19784
19770
19750
19718
19692
19666
19643
19623
19602
19583
19553
19532
19511
19489
19470
19441
19419
19395
19359
19329
19311
19279
19241
19214
19192
19170
19145
19128
19099
19070
19050
19013
18994
18962
18927
18899
18879
18860
18831
18812
18784
18767
18730
18711
18685
18650
18614
18560
18520
18484
18460
18433
18403
18367
18338
18308
18284
18255
18233
18212
18177
18148
18124
18098
18070
18043
18009
17969
17947
17910
17882
17845
17827
17808
17778
17744
17718
17679
17653
17626
17603
17576
17555
17533
17504
17477
17440
17419
17392
17362
17344
17306
17275
17243
17210
17169
17136
17094
17066
17034
16997
16959
16920
16887
16859
16814
16772
16729
16702
16675
16636
16596
16555
16513
16476
16443
16397
16349
16304
16265
16229
16195
16161
16131
16086
16046
16020
15966
15936
15911
15869
15828
15797
15748
15707
15668
15619
15577
15533
15494
15450
15407
15368
15328
15276
15233
15190
15152
15119
15081
15041
14989
14962
14916
14866
14822
14766
14728
14689
14637
14596
14539
14492
14444
14375
14335
14282
14239
14201
14143
14106
14033
13983
13928
13875
13835
13790
13731
13692
13644
13597
13563
13516
13489
13453
13396
13355
13283
13239
13187
13126
13073
13030
12998
12933
12863
12811
12747
12683
12639
12612
12546
12482
12447
12402
12354
12315
12260
12226
12186
12124
12061
11988
11956
11915
11834
11789
11748
11694
11654
11606
11556
11500
11455
11413
11351
11297
11249
11182
11114
11061
10992
10938
10898
10835
10788
10724
10664
10619
10564
10518
10477
10438
10379
10304
10253
10192
10138
10041
9980
9903
9873
9792
9718
9666
9561
9514
9475
9425
9378
9323
9284
9223
9151
9087
9037
8971
8915
8874
8796
8748
8717
8665
8587
8530
8449
8390
8352
8277
8217
8144
8094
8022
7957
7912
7855
7790
7727
7667
7625
7584
7536
7504
7469
7382
7300
7249
7177
7137
7056
6992
6965
6917
6843
6752
6694
6653
6593
6517
6451
6395
6316
6281
6224
6187
6071
5983
5954
5886
5819
5763
5730
5652
5614
5536
5401
5314
5205
5144
5026
4977
4943
4896
4837
4697
4649
4484
4410
4373
4307
4243
4163
4123
3968
3950
3901
3835
3755
3661
3582
3544
3522
3436
3416
3390
3345
3272
3228
3192
3149
3116
3022
2946
2913
2875
2693
2612
2546
2412
2325
2282
2236
2215
2149
2119
2085
2011
1988
1950
1901
1877
1869
1844
1828
1805
1794
1774
1655
1646
1443
1420
1397
1378
1370
1278
1264
1181
1177
1159
1022
1006
973
967
956
905
899
849
839
801
790
745
742
732
723
705
681
668
657
649
635
629
624
610
602
591
586
580
565
565
557
502
496
491
478
471
82
82
80
79
79
65
65
65
61
60
60
59
59
59
59
59
35
35
34
34
32
32
32
32
31
31
30
30
28
28
28
26
26
26
26
26
20
19
19
18
18
18
18
18
16
16
15
15
15
15
15
15
15
15
15
15
15
13
13
13
12
11
11
10
10
10
10
10
8
8
8
8
7
6
6
2
2
1
1
1
1
1
1
1
1
1
1
1
1
1
1
1
1
