0.2645794681508967
0.1871137248495739
0.09795206651393941
0.09725202648103848
0.08880895436131442
0.09657200311756252
0.08428136692477319
0.07798259368606437
0.08823776786230776
0.08109547028287593
0.07127119209056997
0.06887191605328409
0.06878814437751721
0.057089341661495444
0.052178840478195494
0.057981186187082104
0.05407531361689174
0.051119950377408685
0.046117041538048686
0.045623548208651575
0.043337219882984945
0.04340417205303822
0.043854567237116414
0.040647995991067304
0.040280767082774706
0.038658599318164996
0.035558586551197584
0.03270888013735169
0.031093190756316443
0.03275042905504441
0.031512974759808035
0.030373808602230223
0.03127705128760891
0.02769849328909099
0.027794145670955082
0.02717392589250005
0.02560406202717698
0.02562435471154157
0.024856376691930998
0.023742014835918004
0.023105751160920705
0.023348775765959676
0.02217583267901309
0.02098414614393664
0.019898830973394236
0.01926061744680266
0.01826080527731192
0.0178342814267001
0.01739792852138105
0.01651549108019643
0.016183974168063716
0.0164298031955409
0.017104042982138457
0.01673981709125175
0.017923701854824427
0.017585355058219745
0.017247501880057733
0.01693703364731588
0.01730447761978437
0.018475757695595795
0.018161236334474726
0.018065805966901285
0.017711091814193863
0.018031465720598487
0.017752572295313258
0.019521760228880136
0.01966838413629141
0.018593734622410575
0.018319724872296238
0.018054908047842346
0.01902135457788286
0.019493776108466244
0.018367135215008868
0.017738877548185105
0.01748860561538823
0.017776475298458667
0.017543149734070104
0.017871378984825163
0.017486433970069874
0.017264231270521537
0.016875243557727727
0.016652143137013492
0.016403264500292405
0.016201794108651586
0.015944125330052454
0.01571243469511366
0.01549550814884895
0.015295942062728636
0.015104048173160075
0.014930146394367834
0.015143601272404363
0.014946945726766003
0.01448849634583809
0.014320036527271785
0.014587304008424545
0.013862764308130408
0.013680096219788615
0.0135377252315207
0.013057507852558752
0.012914662699186326
0.012781293872034919
0.012655428756741046
0.012459055432296416
0.012273282182564004
0.012132757703870067
0.011916560024882695
0.011774553211749111
0.011663326979899922
0.01129941242727229
0.011175728295335481
0.01179377208528716
0.012153985828256157
0.01131038115076097
0.011149741212748922
0.011168358422051036
0.01104788722957008
0.010713191142030112
0.010621405184139255
0.010303213716219771
0.010192943285271787
0.010212141488776577
0.010177308521283077
0.009822180939980283
0.010170819116605383
0.010295621906502794
0.01021351267331257
0.010054609442238011
0.00997034405091712
0.010182638411314433
0.010096543246262158
0.009997501334208191
0.009901598093628611
0.010114699560432585
0.01045994708154544
0.010183179678366211
0.010104997047276808
0.009982076990957772
0.010194442525360378
0.010052294358650385
0.009959981293672438
0.00988885389554889
0.01012957337902269
0.009987811037972657
0.01018738995909627
0.010070195883767142
0.009994421850856312
0.009880741393784684
0.010159506757409304
0.010087253667185632
0.010002165444171226
0.009934765178065304
0.009850028611468782
0.00972661050315029
0.00964586612524496
0.009583137671621198
0.009518590567392673
0.009400619842607183
0.009340695133914003
0.009281248613658838
0.009189143958183087
0.009129291349520473
0.009028456525076002
0.008973098082912826
0.00873919297184339
0.008637036312705921
0.008566271127653503
0.008348914950110892
0.00828071756579256
0.008228462600409103
0.008415993994828924
0.008327158606127516
0.0082783741295243
0.008229653295845756
0.008181062064298429
0.008134126245887552
0.008079403701877663
0.00801809391971253
0.00821177404345798
0.008126320308446249
0.008033147671844505
0.008239211330610017
0.008154967563064946
0.008107468736149665
0.008062866173090225
0.00801048353250449
0.007959923916033656
0.007624658508364564
0.007584038164496536
0.007526549192917485
0.007472311172439302
0.00724441732479394
0.007205197129545225
0.007163914456613956
0.007125760191596469
0.0069500111837721605
0.006913166601404309
0.006878034182511621
0.007044624621423298
0.007005914806659679
0.006963081834855805
0.006914888081280326
0.0067149125098412595
0.0066810943599960836
0.006811722362778943
0.006776622862278255
0.006743171753416445
0.006697298315259873
0.006658612781419907
0.006613203528987463
0.006546920915227075
0.00651558917817184
0.006464907896949967
0.006434488411821945
0.006397760767125838
0.006361111157348057
0.006330478890356576
0.006466306825003212
0.006605453837562046
0.006754446838608205
0.006959713000203575
0.006924552087460178
0.006888151877157665
0.006851320022897541
0.006697366285276226
0.006637658323363991
0.006607876779234244
0.006561123449416444
0.006528623993954454
0.0064996420103033345
0.006441990872335673
0.006411800530165175
0.006365673687171331
0.0063340264273449125
0.0062690248961623715
0.0062423008471911
0.006215549216608934
0.0061888445997339454
0.006128300615791018
0.006074726656544894
0.006048461854045909
0.0060226385498364345
0.005983974741650917
0.005959228445336115
0.006100453509118712
0.006005737222630932
0.005977941828855698
0.005953011539711088
0.00592841674467599
0.005902859994884073
0.005878957791433182
0.005854825656847761
0.005830211879461113
0.005796595457151045
0.0057653507530916635
0.005633807491746131
0.0056058261639687895
0.005739920190684901
0.005712090525805845
0.00568967945899475
0.00556494469807943
0.005533196368962608
0.005508901245269813
0.005484229216602043
0.005658674867920913
0.005634573624714184
0.005610361093651536
0.005585924803113844
0.005562023882394469
0.005541329824165094
0.005520767317458651
0.0055004027121482845
0.005382024863136735
0.005354532181379043
0.005237457048248636
0.0051938291573984515
0.005165226047081314
0.005145192789773829
0.005124453124825115
0.005245636290610925
0.005202783503032777
0.005181364773140959
0.005157480505752899
0.0051380581301042035
0.005118021430271984
0.005099822031273709
0.0050568374829205115
0.005178462404304697
0.005299068383230556
0.00527125989051733
0.005251212686687388
0.005223718394582004
0.005365075971522094
0.0053466748818663855
0.005652801499847134
0.005630780370983939
0.0057597749782433314
0.005882460630406344
0.005861712317973833
0.005841956129053453
0.005969388010442608
0.005949452839354945
0.005904988182304305
0.005881915305757095
0.0058581903003674775
0.005837326680163746
0.00581787659131096
0.00579010468011474
0.005770805603021232
0.005752025632375241
0.005726611369339304
0.0057076702156580615
0.005683960251797968
0.005664727926308968
0.005646647344753419
0.005628575024352397
0.005607897719243593
0.005585975129150522
0.005568411635994419
0.005550516450535241
0.005532925851494015
0.005638871241887958
0.005621248819061179
0.005603423107476414
0.005503371926392222
0.005404188059788631
0.005387079802834292
0.005368210020796052
0.0053510183817359344
0.0053343180821602025
0.005314116543544856
0.0054212346737965225
0.005402884794798993
0.005382332564616624
0.005365952204690971
0.005347617439057284
0.0053116341990245095
0.005295832562163009
0.005260445482526895
0.005343462931628888
0.005327603536653726
0.005311934538804628
0.005296262914356455
0.00528067874149461
0.005388733880428697
0.005373096237145486
0.005347649497865512
0.005331862564699165
0.00531578292980033
0.005300370640874042
0.00528515709703991
0.0052684757352405
0.0052511650887412395
0.005232418111516552
0.005333817349589846
0.005314861288732387
0.005297073076623467
0.005279625720024837
0.005261814690026816
0.005244733697014519
0.0052264220093856326
0.005325921360833254
0.0053009162176508706
0.005284862070205604
0.005196649550582567
0.005179147242689085
0.005161701999253155
0.005147072175613882
0.005133083988680533
0.0051184600028826585
0.005097314640806516
0.00508351534608306
0.005177203656159189
0.0051560482040844185
0.005142086522928463
0.005128026260250158
0.005113916334057822
0.005099084354167376
0.005015022909129114
0.005001537718698042
0.004986203853992687
0.004973091106794376
0.0048891744764987324
0.004806724160488346
0.00479409483974692
0.004781635358512837
0.0047683071902896645
0.00475575784984042
0.004742241499361044
0.004833528656260276
0.004752721934879732
0.004740265196648761
0.0047281676145184545
0.004716113831500179
0.00470407403114354
0.004692059843408757
0.0046799729233438555
0.004667570454452036
0.004647941322448461
0.0046361058617333676
0.0046244317705713385
0.004612774903804617
0.004600287986138553
0.004588198405056886
0.004576438059620261
0.004563569812903648
0.004551282824668711
0.004537239210009367
0.004523918260618469
0.0044476242350556874
0.004371707602199445
0.004353428823386598
0.004278088522791804
0.004267045811951639
0.004256373528352883
0.0042449139986534355
0.004233258382395789
0.004223085757937604
0.004210326049850641
0.004196919606939864
0.004272598350811908
0.004396635492346064
0.004385063556295689
0.004374465982378778
0.0043625972576158325
0.004349932094771817
0.004337918758605629
0.004446340099443807
0.004560387467746121
0.0045495426710317165
0.004536314501984271
0.004525792339936617
0.0045150860143408425
0.004503690803862995
0.004493266268711734
0.004476780701334303
0.004466324228090474
0.004456090477404563
0.004445500166115131
0.004435346071392987
0.004364240445317266
0.0043542784587417985
0.004284026410727661
0.004273774481200262
0.00426335850029469
0.004193838128325104
0.004184420082338722
0.004271337106175027
0.004261648550225361
0.00425207885028798
0.004227553171539821
0.0042181471087292125
0.0042087589099172725
0.004193415757096914
0.004178120506543943
0.004168209302165535
0.004159065640125825
0.004134252417421992
0.004125197914043551
0.004115702015952639
0.004106727534712907
0.004097712187139185
0.004074286837966873
0.004006224318255245
0.003995728039790321
0.003987071096441628
0.0039784976439703025
0.003968945384177333
0.003959774880895966
0.003951273781530755
0.003942833950648091
0.00391415707509668
0.0039057527265066354
0.003896457264362697
0.003831900197444966
0.003823822122574552
0.00381568618154044
0.003897978293319338
0.003974037632697596
0.003961903191346668
0.0040367906469838165
0.004028389017423891
0.00396405836125533
0.004122325610887392
0.004113733035678839
0.004105197012017702
0.004096742956843552
0.0040856602175393265
0.00407710680402092
0.004153281298442448
0.004144308837058977
0.0041920606459307395
0.004183351403323366
0.004173997881038388
0.004111552186338642
0.004103183001369011
0.004080832440656201
0.004072617214354978
0.0040639771930308195
0.004055102723700485
0.004046736984275554
0.004025142559466727
0.004017055467232204
0.004009068062242383
0.004001097406203752
0.003993135878270647
0.004064304094654607
0.004055634211954623
0.004047649703711483
0.004119038927499989
0.004105401628851966
0.004097339395908869
0.00408353983183226
0.004075484308890492
0.004066780036290908
0.004138771960193368
0.004130230455080877
0.004120731482636425
0.004112476796219197
0.0040531422795631565
0.004045142911390884
0.0040629553742519515
0.004052369020663068
0.004044535075231757
0.004036722665763851
0.004028108222056854
0.0041219620461309964
0.00406345794912141
0.0040542193887099925
0.0040464432715070974
0.004038749381706557
0.004030864624689279
0.003973111657452766
0.003965655325199164
0.004033094322205275
0.004024956997525609
0.004016908352315521
0.004088915653480717
0.00408130458239367
0.004073669540775292
0.004066091953959515
0.004058556114291134
0.004051062797812086
0.004042998474724478
0.003986552780547763
0.003979175285852304
0.003970095561673626
0.003962680159450988
0.0040293868027956245
0.004022000884737935
0.004098131502054906
0.004090690552679281
0.004034941213328571
0.0040262491592420084
0.004018929883162289
0.003951230523631588
0.003943616716164322
0.003936476489140994
0.004001364448117326
0.00399412707031934
0.003986940160994689
0.003931468048068093
0.003924473248600376
0.003917202177865242
0.0038629663205065152
0.003855888533899685
0.0038019516754871194
0.003795228260010966
0.0037884163805861517
0.0037348864276355634
0.003727867397498416
0.0037195051644786817
0.003711950525775006
0.003654231977022843
0.0036478596685741976
0.003640236379635518
0.0036221357839826777
0.0036150567416216367
0.003608751402670355
0.0036024967742690475
0.0035833597527547647
0.003577182350344756
0.003637411498725627
0.003630858317644335
0.003624632398398428
0.0036184126881541436
0.0036916161928433103
0.003685316518078893
0.0036782172123255015
0.0036717191442225236
0.0037335932432044283
0.0037947785360753117
0.0037883085968370457
0.0037819187208683255
0.003775499946501116
0.0037687682575540536
0.003761578996244363
0.0038222702042215798
0.00381314679850611
0.003806756401891918
0.0038000608141433422
0.0037478940951745786
0.0036967954408219836
0.003679121942670781
0.0036614498281835194
0.0036553690722077865
0.0036493254844368102
0.0036433057357690675
0.003637214265143281
0.0036289770751821724
0.003623018388161528
0.0036170727023175342
0.003611099858827853
0.0036049191241364084
0.0035988356726716297
0.003592819312135493
0.003586696944921584
0.003580361260162235
0.0036428402508611067
0.0036369447891715263
0.0036308890495836835
0.00361315766943672
0.003596624166744245
0.003590830772552929
0.0036492180332932593
0.003643356037596355
0.00363727865115095
0.0036314291173519153
0.0036256376466268663
0.003683475306890668
0.003677601527066225
0.0037361784947769084
0.003730236624964469
0.0037242612946204335
0.003718367390762185
0.0037124607397063403
0.003706241433415356
0.0037003713721366544
0.0036942610873553308
0.003688439215512028
0.0036819212777412782
0.0036746137846256246
0.0036685538399339785
0.0036627806866392815
0.0036568470235146503
0.003649094956725545
0.0036434201759190784
0.003637786476902793
0.003632169025485438
0.0036262019860875496
0.003620598774845684
0.003615029947104359
0.0036094692954246467
0.0036036079946902885
0.003598075819311236
0.0035416296289945554
0.00353143518682758
0.003591245768136316
0.003585780556142908
0.003580299242858545
0.0035747102617407723
0.0035590226268855094
0.0035536460180028403
0.0035382294406772047
0.003532804839217375
0.0035273789610135993
0.003521817245228284
0.0034262495561684933
0.003420918726246321
0.003415576951256377
0.0034095733789802807
0.0033945018151565506
0.0033893716371924732
0.003383706831163525
0.003378489602923645
0.0033634613135928105
0.003358340683375561
0.0033533784318666945
0.0033483063668901213
0.003402236186383372
0.0033967545344342517
0.003352460343584735
0.0033436297308605772
0.003336649277433566
0.0033317644307890564
0.0033248961306178
0.0033200499054000733
0.0033152180712147784
0.0033101634322916696
0.0033053173881327446
0.003300390123250311
0.0032956023369422986
0.0032811020559670645
0.0032752436323540035
0.003327936184724048
0.0033220522594430246
0.003278856820531217
0.0032696425834244694
0.0032649486852503328
0.0032602701847411317
0.0032555741469696316
0.0032508556770476675
0.003246199010517008
0.003239642358214034
0.003305063439515842
0.0033003507320556263
0.0032956729375348223
0.003290964784209147
0.0032862121103885726
0.0032814294838623918
0.0032729774083260182
0.003268269227287201
0.0032635648151769924
0.0032588849889571363
0.003254282375379314
0.0032497236125336834
0.0032077604548086786
0.003203214955151213
0.003198647944623511
0.0031939477791800407
0.0031894517935868753
0.0031850125795033594
0.003232463265325599
0.0032279733477275354
0.003223511347547973
0.003217217950721808
0.0032127602906308044
0.003208335717521981
0.0032039239174848294
0.003195739706577419
0.003191308280838727
0.0031851172157771434
0.0031807149113638107
0.003176347221096633
0.003172006877151385
0.003167174623153964
0.0031628556843983522
0.0031574655180834563
0.00315212219120485
0.0031475468698053577
0.0031342664861883315
0.0031298425040097466
0.0031256084475581197
0.003120761587126765
0.0031164722285029825
0.0031120322517799973
0.0031078442947826013
0.003103476517904272
0.0030993002111084247
0.0030951330943489353
0.003146822112929001
0.0031423804829972452
0.0031376291514737106
0.0031316608077249252
0.003125736539987483
0.003121595034770507
0.003112921250369451
0.003107952830075866
0.0031037990761795474
0.003099481472849194
0.0030944003581223197
0.003090274136457867
0.003086149773328955
0.003081996024766497
0.0030778376661087293
0.0030701710980400292
0.0030661618569574004
0.0030621602565629393
0.003057951717480002
0.0030535916254098927
0.0030496193946960453
0.0030332238655924517
0.00302927680174438
0.0030219056333995247
0.003014511666624659
0.0030106212649830145
0.0029686748217726106
0.0029648497834942594
0.002952339059744444
0.0029451270696448308
0.0029412715303464812
0.0029365102281680784
0.0029327509008839885
0.002928557488650402
0.0029247254004623876
0.0029209856772628314
0.002917132614812947
0.0029116197728524147
0.002907919565947732
0.002904228656849722
0.002900532542063644
0.0028965840205887575
0.0029485750791202517
0.0029429294351878254
0.002935299640851412
0.0029315657218923533
0.002927875664398804
0.0029241958892852905
0.0029204009182659365
0.0029166633141138407
0.0029129954137270537
0.002909341907861508
0.002902356475766281
0.002890441484652676
0.0028835277258052357
0.002871652322980527
0.0028674077590324695
0.002929788269634122
0.0029228622866764734
0.002919146594189885
0.002914058291050509
0.002877579990250743
0.0028738424484158107
0.002870308108529428
0.002865812810274247
0.002862143646872745
0.0028586361132466242
0.0028551376844806577
0.002851646566035972
0.0028481652121854547
0.00284430230185985
0.0028398832943749078
0.0028364189372083485
0.002832953757748694
0.0028294595527157598
0.0028254282811415047
0.0028220060362151617
0.002818593243672005
0.002815187861827666
0.0028098285023899516
0.0028064349351491365
0.0028021217378990065
0.002798448988062273
0.0027950887383198127
0.0027916181892804356
0.002786459840703801
0.002781522454854341
0.002778191078241179
0.002774868063980429
0.0027397452378760305
0.0027360518061103627
0.002732797951994093
0.002729549457315096
0.0027262907879001706
0.0027229908070757836
0.00271971229761071
0.0027164924947659023
0.0027132723157589356
0.0027100713595254815
0.002706872909418197
0.0027036853974383
0.0027005071987892116
0.0026973312995570583
0.002694162947910106
0.002683089440065804
0.0026721548664374976
0.002669028961865289
0.0026577526832264045
0.002654654499323192
0.0026515545931321315
0.0026484469877420115
0.0026453621217771266
0.002642267072877799
0.0026391613266477125
0.00263585000003929
0.0026328005081105764
0.00267901904127456
0.00267587802081338
0.0026720300288489204
0.0027153213680126565
0.002710642135769505
0.00270752387675875
0.0027042418753871916
0.002701139867418812
0.0026980234109556128
0.002694930908747233
0.0026918391244372354
0.0026887680299665464
0.002685594538581862
0.002728064827171926
0.002724957524984073
0.002721837912825984
0.0027186574884863948
0.002715379186235854
0.0027106912268586346
0.002707545945653692
0.0027044682088770153
0.0027013635933440306
0.0026983155609514747
0.002664929650043351
0.002661798278827878
0.002703683972472128
0.0027006526166460368
0.0026677259455785657
0.0026647213523006137
0.002660855027886745
0.002657557181742395
0.0026545914653335455
0.00265152453009972
0.002648421359211851
0.0026424140638401836
0.002631763520240422
0.002628842498024535
0.0026259316528455725
0.0026229617788664145
0.0026194375523960517
0.002616435637437449
0.002613546679557776
0.002610666884564398
0.00265187005436037
0.002648936366728487
0.0026460222829220977
0.002642514099520992
0.002639551491228683
0.0026364630552418544
0.0026335395358354375
0.0026306641691062117
0.0026277510326196073
0.0026247829293435114
0.0026219244094800474
0.0026646380331350767
0.0026545075082174945
0.0026516131481894947
0.002648666190429699
0.002645773366990141
0.002642874407679617
0.0026400098334900114
0.002680409492337716
0.0026773320607948953
0.002674411404309598
0.002671516783298282
0.0026686470068654233
0.0026652707073012206
0.002633723904600925
0.002630563051090466
0.002627717682140562
