0.0026258545730061204
0.0025358288770194718
0.0025361905853032215
0.0025224758576583247
0.0025226443477190143
0.00253087407754321
0.0025163360196399863
0.002501768575312432
0.0025092541228247185
0.002509324861211149
0.002510082889910599
0.0025101232834947745
0.002517254491024289
0.002514173863289022
0.002515664282783495
0.0025156655920472765
0.00251589110426961
0.0025163775691462017
0.0025172885339383375
0.0025184220631669337
0.002518566191190138
0.0025185796262003055
0.0025031633689351004
0.0025037787062328946
0.0025038848688841778
0.0025041156083473043
0.0025041533714254905
0.0025041958909769245
0.002504795347281265
0.002512608185573695
0.0025130858282574825
0.002513107901410533
0.0025131566358344206
0.0025137145804471337
0.002513764625299259
0.002513900702542316
0.0025139805460931528
0.002514292874605976
0.002543012084487624
0.0025430373241963323
0.0025436947110278204
0.0025438042774225994
0.0025380780221826264
0.002537654587653373
0.002537757893999349
0.002538074078883916
0.00253821430421221
0.0025667596937994333
0.0025239316064483708
0.0025223977717871446
0.002525312311653231
0.002482289897963654
0.00251081417071835
0.0025109039120391045
0.0025109172295370882
0.002511096549501679
0.0025111110348030982
0.0025111907555965944
0.0024806734489166266
0.0024781133089049725
0.0024789341461475107
0.002479077922836601
0.0024790875320109453
0.002465178497484473
0.0024723084729955684
0.002473498637390575
0.0024751134736663524
0.002475160249255859
0.002475225426440371
0.0024754443530186298
0.002475301868678611
0.0024753746714428174
0.0024754442191371497
0.0024751630303818804
0.002476146997117313
0.0024764069099235137
0.002433847981774156
0.002433928429466787
0.0024296424839605115
0.002429686858131109
0.002429711806718352
0.002426821983492344
0.0024262348852370614
0.0024171686007242654
0.0023746031924584765
0.002312385070824839
0.002312397850737713
0.0023126349809524114
0.0022688436018929166
0.0022690284117924653
0.0022691944023834126
0.0022692685859846246
0.002269342847860262
0.002269427328867702
0.0022266469224376294
0.0022265307174700517
0.0022265478166426157
0.002220765825198711
0.002222212573685712
0.0022225542732424537
0.002222715674329243
0.00220653984187345
0.002206624659701019
0.0022067688779274703
0.002235606746152329
0.002235421979742773
0.0022354291260712257
0.0022355015182646317
0.002220863060024475
0.0022213891287298573
0.0022226884067374788
0.002222814179363275
0.002223405377102105
0.0021810439414756176
0.002165408646638908
0.0021655049209024367
0.002165530151584333
0.00216571901253048
0.0021658328655640656
0.0021660106101032547
0.002123083486122485
0.0021261131573849083
0.002127892904085911
0.0021281155894641406
0.0021286737286548055
0.0021286769980654687
0.0021287776368127944
0.0021304509971748807
0.0021305868077724746
0.0021310164320533496
0.002126360085371593
0.002126387864605501
0.002040899845147373
0.0020410836819969706
0.002041620080727663
0.0020424494119726947
0.0020709576871974743
0.002070964198258848
0.0020718023595753463
0.002071836668453726
0.0020716421231839807
0.002071775114438654
0.0020289198466846153
0.0020294999781838305
0.0020297812598717786
0.0020299526937331666
0.002029962596788414
0.0020267283564780617
0.0020267389175091686
0.002011458407474021
0.002004179792185844
0.0020047069224804776
0.002005301150420127
0.0019627128795570454
0.0019641495016774553
0.0019713856745323696
0.0019713901043539196
0.0019289269084263353
0.0019289460084922648
0.0019161010564502905
0.0018504859101492286
0.0018494675637966138
0.0018499886653400674
0.0018471536607597388
0.0018472119997124563
0.0018488140187812813
0.0018488274155700846
0.0018488398496482666
0.0018488760619683657
0.001848929156197723
0.0018489416928650798
0.0018504131453592446
0.0018076210190605688
0.0018055956194993421
0.0017984521066951881
0.0017985303796989505
0.0017986218938009103
0.001791088891339738
0.0017901108711691003
0.0017901555079431611
0.0017905830831318578
0.0017742942900083704
0.0017742972544337455
0.00178166133940547
0.0017816788765198655
0.0017817292913470395
0.0017817347222202273
0.0017817951752979555
0.0017818306865574733
0.0017820724616491768
0.001789200229335363
0.0017816863115807436
0.0017845405668588902
0.0017418132442051841
0.001680249534142661
0.0016802986448313584
0.0016802999254472645
0.0016803445352985172
0.0016720402012964754
0.0016720563221401534
0.0016708697535242306
0.00167088060385322
0.0016708826453771643
0.001670891428538873
0.0016737650745904029
0.0016741840444056927
0.0016742796918610442
0.0016743049557943004
0.0016315610249317913
0.0016345130158559123
0.0016373666307374908
0.0016373930426748001
0.0016374767848829851
0.0016375001703616643
0.0015504298491495355
0.0015508200991048732
0.0015456984455183603
0.0015456991844527614
0.0015460202716073488
0.0015460467069949011
0.001501981460410966
0.0015008907017274857
0.0015009895561770563
0.001489928404355286
0.0014899363383929734
0.001438912924999946
0.0014417691782051248
0.0014418091966363724
0.0014419138791931154
0.0014420186525095986
0.0014421405725155115
0.001420847358584233
0.001377359055773334
0.0013773643273660775
0.00137794684926134
0.0013851146579404807
0.0013854576762931128
0.0013855732976456956
0.0013421814314431328
0.0013422952975725912
0.0013357486910185342
0.0013358604479092636
0.0013358626202833747
0.0013358799888176455
0.001326585739953054
0.0013267286079211248
0.0013269309319873458
0.0013269366853639294
0.0013269389451007977
0.0013554459466746775
0.0013554484654444564
0.0013563073090388812
0.0013563323942258666
0.0013135944687372287
0.0013044805955954128
0.0013044852165314592
0.001304620405269632
0.0013048643936978187
0.0013048932656747577
0.0013057122524553716
0.0013057939993580644
0.0013057995762292172
0.0013058595551678305
0.0013073076715878912
0.001307747402823955
0.0013106063427262764
0.0013114718628413524
0.0013399793207479504
0.0013399879209426593
0.001296604241425774
0.0012966085160649493
0.0012967427482564044
0.0012967883706749281
0.0012976127317553586
0.0012968346177842807
0.0012969580143261863
0.001296966206259509
0.0012969691640179165
0.0012969706434821904
0.0012827133283705016
0.0012262483376620733
0.0012547471791322655
0.0012578137880127937
0.0012136158627463949
0.001213318979673517
0.0012133229490232937
0.0012133547955130231
0.0012136300171260907
0.001216396110524347
0.0012166345889176341
0.0012195085127774752
0.0012030872659326542
0.0012033293055395088
0.0012026574516514885
0.0012040879359061936
0.0012040956901642568
0.0012033920943965379
0.0012033977902223911
0.001231896209805999
0.0012302535559624993
0.0012304147094148263
0.0012589127401784407
0.001261768276898372
0.0012618100742725334
0.0012620103790677616
0.001262067999545783
0.0012163628546623657
0.0012167065545440742
0.0011739143836311421
0.0011740869288939775
0.0011738165277677824
0.001173993876955473
0.0011148342156920375
0.0011149387002556675
0.001114943558604628
0.0011141961375280294
0.0011171807783183234
0.00111718668243549
0.0010744040873272294
0.0010744340344668345
0.0010748134826960491
0.0010748530069693229
0.0010704916348873409
0.0010704967254747645
0.001070498859957745
0.0010712616505763523
0.001071267991212075
0.0010713073033473911
0.0010713162185827833
0.0010714247306716203
0.0010714766876085656
0.0010720126459470667
0.0010720810172432835
0.0010691372431713049
0.0010691435231513307
0.0010691664496104776
0.0010691833316891811
0.0010804623798739662
0.0010805919076803479
0.0010806218022503282
0.0010307288132438
0.0010307648031508592
0.0009878825456261999
0.000987916052611979
0.0009884574596486224
0.000988485763903383
0.000988333698460034
0.0009884276018860467
0.0009883435968274343
0.0009883586454525726
0.0009883756827548432
0.0009883946382201697
0.0009884118277766409
0.0009885490557984072
0.0009885526219698044
0.0009885799893140429
0.000988657793673793
0.0009888525247059045
0.0009889247374858638
0.0009882796783347136
0.000988330282020596
0.000988335283212823
0.0009883514130036247
0.00098835956326135
0.000988403714247652
0.000988431619670016
0.0009884925039358899
0.0009885117472564486
0.0009455701708986233
0.0009455775202158625
0.0009455902234172896
0.0009461119610556465
0.0009461248264464532
0.000946127130236697
0.0009461702231581745
0.0009532952912245433
0.000931990932719984
0.0009319958975121962
0.0009162449568263233
0.0009164799892522616
0.0009164857231854791
0.000919245761909753
0.0009192676491330422
0.000919290539407477
0.0009193957851673158
0.0009194007753035979
0.000919445709544167
0.000919447249862564
0.0008769994308446543
0.0008770832247967038
0.0008770916171347229
0.000877113628971103
0.0008842402679894431
0.00088426493315103
0.00088426493315103
0.0008841331979722389
0.0008841383938956902
0.0008841688988142339
0.0008841708693659588
0.0008841763665286504
0.0008842302893029855
0.0008842433192772978
0.0008390197830223227
0.0008390237507347487
0.0008346807333384193
0.000834731643368029
0.000832820511558788
0.0008328223563095577
0.0008328257551267677
0.0008263790629479657
0.000826391670548475
0.000826339884893879
0.0008263541371974956
0.0008263549801968267
0.0008263570804035459
0.000783603128348269
0.0007836049153121532
0.0007790026214855148
0.0007798188458820646
0.0007350358931094417
0.0007350365770600322
0.0007350381604233223
0.0007352619511735333
0.0007352687880536633
0.0007358171670035148
0.000735907110120682
0.0007286768423474695
0.0007286795553440526
0.0007287563138549798
0.0007287854484122052
0.0007361679147869539
0.0006786776541210182
0.0006789185997001265
0.0006789197503529092
0.0006789323730480657
0.0006789393917961948
0.0006789608174483782
0.0006789608174483782
0.0006797783701494867
0.0006801194093083099
0.0006801199390206134
0.000680123606474591
0.0006798257174727117
0.0006804463257092158
0.000680511099278972
0.0006805199763066308
0.0006805209679166826
0.0006332358679008719
0.0005767112971646997
0.0005767112971646997
0.0005767409390019451
0.000576745073274403
0.0005767472699687049
0.0005767497580210685
0.0005767598917754797
0.000576761293313575
0.0005768044404470852
0.0005771937278034006
0.0005780496394386409
0.0005780537553307225
0.0005785626145700796
0.0005771019107110137
0.0005771020900728857
0.00048160646627930204
0.00048179275589774054
0.0004817996767758198
0.00048215905905199275
0.0004750223870806686
0.0004750294758772711
0.0004823434083342162
0.0005108406944101571
0.0005100448304873479
0.0005101092756647944
0.0005101100451395821
0.0005101211510424357
0.0005108998798144407
0.0005109025283002661
0.00046815346497259213
0.00046815459312112316
0.0004672934937214643
0.00046736592746190537
0.00046739196810635897
0.0004930347086875518
0.000493035170141709
0.0004931113576170349
0.0004931391435820739
0.0004931528271419108
0.0004931564460234656
0.0004931590248576197
0.0004931594786897173
0.0004939805537059681
0.0004938515405962655
0.0004938526797582732
0.000495282362089371
0.0004953013479882946
0.0004381961702621187
0.00043820387875635123
0.00043820477098620406
0.00043821475845778326
0.00043821580788663795
0.0004338547692350883
0.0004352852998519524
0.0004352865996839396
0.0004353080017093592
0.0004353553978490378
0.000435367372932925
0.0004353745274107836
0.00043545420799681817
0.0004354583449541688
0.0004357985117357107
0.0004360469227348266
0.00043605877778746325
0.00043606555233215795
0.00043629575805690334
0.00043629709587320547
0.0004391488815632833
0.00043915001876966065
0.0004391595840912088
0.00043915981226702735
0.00043789143007022004
0.00043789179096065037
0.0004234773366160529
0.00042353168670759145
0.00042353349005097893
0.00042392228924139594
0.00042393943860656363
0.00042395580049420993
0.00041634675020343085
0.00041636871144884143
0.0004163693095790082
0.0004163707210677283
0.00041637200340598093
0.000416380701854517
0.00041638160707748107
0.000416382127649593
0.00041638336730207253
0.00044488020680286323
0.0004463054475145101
0.00044636242034428277
0.00044639083571555173
0.00044639293749572454
0.0004463936262648457
0.00044639493779072303
0.0004463950699518397
0.0004461197105111741
0.00044612366559643657
0.0004435260265876905
0.0004435277506510949
0.00044353086872937525
0.00040053657348634804
0.00040053657348634804
0.0004005372671600921
0.00040053914297454425
0.0004005415270072626
0.0004005422009240187
0.0004005422009240187
0.0004005433083114635
0.0004005433083114635
0.00040054671955640035
0.00025804801226485063
0.00025804845753516924
0.00025804845753516924
0.0002585573167745264
0.00025873002051636886
0.00025873123666067744
0.0002587351665081941
0.0002587370010422703
0.00025873725109595055
0.00025881553713277475
0.00025915595708106187
0.00025924539643567716
0.0002592508663190068
0.00025935331568524393
0.0002593544124910726
0.0002593565848651839
0.0002160650949140442
0.00021606791459191359
0.00021606899965057532
0.00021606899965057532
0.00021608160185462557
0.00021659046109398272
0.00021308942954069332
0.0002130963492731804
0.0001931493462506024
0.00019314980236645086
0.0001931500292824996
0.0001931500292824996
0.0001931500292824996
0.00019315050845296068
0.00019315274349170972
0.00019315311150380483
0.00019315461507124062
0.0001931639804755318
0.00019316616171356099
0.00019318068140186266
0.0001483941694399349
0.00014841038967722053
0.00014841084402950148
0.00014841084402950148
0.00014841285221254617
0.00014877998207231844
0.00014878620088414784
0.0001487920117028305
0.0001487929731867251
0.00014879347176283226
0.00014879492564637327
0.00014881342961871354
0.00014881633738579556
0.0001488199274512366
0.00013738842851181775
0.00013739246386868496
0.00013773545779076026
0.000140585216377489
0.0001405859097750615
0.00014058854426656867
0.00014058926792324397
0.00014058978920542754
0.00014109880931233125
9.834254979212399e-05
9.83468143030434e-05
9.834700757567907e-05
9.703801684035616e-05
9.717938880553971e-05
9.718434616109872e-05
9.718434616109872e-05
9.718715445743389e-05
9.718715445743389e-05
9.718715445743389e-05
9.718743265173414e-05
9.718831678276977e-05
9.719062584341347e-05
9.719124857325184e-05
9.719139755957498e-05
9.719139755957498e-05
9.719204994321517e-05
9.719273389380571e-05
9.719288587985346e-05
9.719391676567984e-05
9.719391676567984e-05
9.719412264016891e-05
9.719412264016891e-05
9.721880658535653e-05
9.721880658535653e-05
9.722192466363686e-05
9.722208948746769e-05
9.72223090836439e-05
9.7248059144738e-05
9.724822740239863e-05
9.725506366339125e-05
9.725754590358322e-05
9.725833768233855e-05
9.726779639634145e-05
5.4509213572330715e-05
5.4509213572330715e-05
5.451342422329661e-05
5.45136761824299e-05
5.4517667235287604e-05
5.4521464811790425e-05
5.4521597804665716e-05
5.4521597804665716e-05
5.4524482027075036e-05
5.4524482027075036e-05
5.452461797534756e-05
5.452549453622005e-05
5.452861261450039e-05
5.452875160639096e-05
5.4528893733436945e-05
5.4529817252927623e-05
5.453431648597851e-05
5.453907853768373e-05
5.4717005174944794e-05
5.4721144913799615e-05
5.472129703101204e-05
5.472129703101204e-05
5.472801610925359e-05
5.472817176407561e-05
5.472833106705751e-05
5.482915890570521e-05
5.483351278154998e-05
5.484349772867381e-05
5.484349772867381e-05
5.484349772867381e-05
5.508205156076279e-05
4.781137981279237e-05
4.781252866448581e-05
4.781252866448581e-05
4.9238726057241976e-05
4.9245065571681135e-05
4.9245244933553075e-05
4.9252263681682136e-05
4.9252263681682136e-05
4.925373687116901e-05
4.925373687116901e-05
4.926172380895182e-05
4.926172380895182e-05
4.926191684592109e-05
4.9291324603819965e-05
4.9301589316783254e-05
4.930479281983345e-05
4.7463727516025365e-05
4.7463727516025365e-05
4.7463727516025365e-05
4.7463727516025365e-05
4.7463727516025365e-05
4.746393834581936e-05
4.746393834581936e-05
4.749886005832427e-05
4.749886005832427e-05
4.749886005832427e-05
4.7500507613678334e-05
4.7500729587816786e-05
4.7500729587816786e-05
4.7500729587816786e-05
4.7500729587816786e-05
4.7500845001102885e-05
4.7510587263463225e-05
4.7512463160554304e-05
4.756532926071558e-05
4.756532926071558e-05
4.7565575995099215e-05
4.7565704463045043e-05
4.756583649954492e-05
4.756583649954492e-05
4.7565972238002734e-05
4.7565972238002734e-05
4.75802390688506e-05
4.758037864896288e-05
4.76312645728986e-05
4.76312645728986e-05
4.76312645728986e-05
4.76312645728986e-05
4.76312645728986e-05
4.7633416324058774e-05
4.7633416324058774e-05
4.7633416324058774e-05
4.7633564033562216e-05
4.322172093063309e-05
4.322172093063309e-05
4.322172093063309e-05
4.322172093063309e-05
4.3222029425010064e-05
4.3222029425010064e-05
4.3222029425010064e-05
0.0
0.0
0.0
0.0
0.0
0.0
0.0
0.0
0.0
0.0
0.0
0.0
0.0
0.0
0.0
0.0
0.0
0.0
0.0
0.0
0.0
0.0
0.0
0.0
0.0
0.0
0.0
0.0
0.0
0.0
0.0
0.0
0.0
0.0
0.0
0.0
0.0
0.0
0.0
0.0
0.0
0.0
0.0
0.0
0.0
0.0
0.0
0.0
0.0
0.0
0.0
0.0
0.0
0.0
0.0
0.0
0.0
0.0
0.0
0.0
0.0
0.0
0.0
0.0
0.0
0.0
0.0
0.0
0.0
0.0
0.0
0.0
0.0
0.0
0.0
0.0
0.0
0.0
0.0
0.0
0.0
0.0
0.0
0.0
0.0
0.0
0.0
0.0
0.0
0.0
0.0
0.0
0.0
0.0
0.0
0.0
0.0
0.0
0.0
0.0
0.0
0.0
0.0
0.0
0.0
0.0
0.0
0.0
0.0
0.0
0.0
0.0
0.0
0.0
0.0
0.0
0.0
0.0
0.0
0.0
0.0
0.0
0.0
0.0
0.0
0.0
0.0
0.0
0.0
0.0
0.0
0.0
0.0
0.0
0.0
0.0
0.0
0.0
0.0
0.0
0.0
0.0
0.0
0.0
0.0
0.0
0.0
0.0
0.0
0.0
0.0
0.0
0.0
0.0
0.0
0.0
0.0
0.0
0.0
0.0
0.0
0.0
0.0
0.0
0.0
0.0
0.0
0.0
0.0
0.0
0.0
0.0
0.0
0.0
0.0
0.0
0.0
0.0
0.0
0.0
0.0
0.0
0.0
0.0
0.0
0.0
0.0
0.0
0.0
0.0
0.0
0.0
