0.0020644690915804904
0.0020644723565355206
0.0020183425878604775
0.0019679660813336124
0.0019679741280802044
0.0019751787960417618
0.001975221711175634
0.0019755897794251154
0.0019613450105647025
0.0019613728162234966
0.0019188128683729812
0.0019183268050710612
0.0019185664440455536
0.0019245132487804733
0.0019248559024393661
0.0019249755207847552
0.0019249780690079143
0.0018740766996569321
0.0018740787368956783
0.0018755085934004023
0.0018788740512929456
0.0018504016970425502
0.0018491987806044405
0.001849350511370275
0.001849384354086
0.0018494460893183763
0.0018494778907886913
0.0018496583723759676
0.0018496890464413168
0.0018352238666094998
0.0017924793335898914
0.0017928258919049248
0.001799951226023206
0.0017999997142320305
0.0018000078880233477
0.0018000083864501714
0.0018000173191448534
0.0018091390061874433
0.0018096893373444045
0.0018381876262993405
0.0018226871607222282
0.0018226942915739917
0.001822706813757373
0.00182376872524512
0.0018237842551770476
0.0017820218165521989
0.0017820653694787065
0.0017780404057957775
0.0017783175695738759
0.0017313508378889338
0.0017313546622908047
0.0017313613261020734
0.0017318785168128207
0.0017347295978843765
0.0017358862541976931
0.0017358873519785214
0.0017358918958176163
0.0017362338328256075
0.0017362630259806927
0.0017375965561569008
0.0017378438571754183
0.001737854992233297
0.0016928228981673646
0.0016899039055036206
0.0016899380003084557
0.0016471551824599135
0.0016471608266402807
0.0016329173621370471
0.0016337326240855941
0.0016340785429860391
0.0016341205389304612
0.0016341766171339867
0.0016344464799039737
0.0015925643473576163
0.0015854433998656304
0.0015426736783559457
0.0015427020781886406
0.0015437563096714325
0.001543994397866366
0.0015440014195110096
0.0015295316375474415
0.0015295715098827718
0.0015295905839581188
0.0015295934228133727
0.0015225987994987099
0.001522641188580113
0.0015226443641245082
0.0015226483551773662
0.0015230098211317874
0.0015244475985040403
0.001519546642205378
0.001521239592756842
0.0014787107048164461
0.0014737630332306855
0.001473162438013302
0.0014731894985515611
0.0014734273646498238
0.0014765229413480532
0.001469343074852004
0.0014693494143664433
0.001469362009138762
0.0014678545754967117
0.0014683874203736192
0.0014246949674771709
0.0014247054904819628
0.0014247060584044434
0.001426140120055341
0.0014262841930016163
0.0014262875281420874
0.0014266619812977341
0.0014267017386278
0.0014109421372218009
0.0014109446618573358
0.0014118080992635707
0.001411835909341872
0.0014118079828421212
0.0014133123951319952
0.0014133730233182914
0.001413374352920434
0.0014133753729359995
0.001413446266638077
0.001413526107966313
0.001413528876591012
0.0014140405406647583
0.0014141097343231045
0.0014142914490883455
0.0014143869392665668
0.0014146381565450469
0.0014012769575067383
0.0014013270184129044
0.001401327863070873
0.0014005883870254793
0.001360353940089242
0.0013603549814792566
0.0013609582855122477
0.0013458808968589355
0.0012778287077878188
0.0012778293461524427
0.0012349684821689041
0.0012350317767373632
0.0012360550608806543
0.001236137857275978
0.0012350555695872045
0.0012350555695872045
0.0012350662133544263
0.0012350913884006766
0.0012352228672166785
0.00119967131407782
0.0011850348320000736
0.0011851374913581891
0.001185236994065682
0.0011852384492124618
0.0011852492992856884
0.0011852578602495707
0.001183758553238478
0.001185189721095659
0.0011851967398437881
0.0011852393427238116
0.0011881270687534899
0.0011889779416869807
0.0011918462054451558
0.0011918483472114533
0.0011914376355946844
0.0011871246096355579
0.0011871265574221197
0.0011885578732451364
0.001184129054622254
0.001184136011104975
0.0011687155060426493
0.001169530333209261
0.0011700596046844871
0.0011262439218961875
0.0011270754747001684
0.0011849400833942216
0.0011849627062475825
0.0011849996150775522
0.0011851493467509402
0.0011859651690892658
0.0011861459865189568
0.0011861491454841391
0.001186150533216867
0.0011862267001613524
0.0011353322273936922
0.001135332726724194
0.0011353544753134547
0.0011367797420225474
0.0011367826968153312
0.0011282376917734198
0.001123769055681219
0.0011238047443949673
0.0011252298542886114
0.001126656582768344
0.0011266757650547057
0.0011270184891551834
0.001127019114328018
0.0011270984687072176
0.0011271327290141811
0.0011556324396444233
0.0011556341008613605
0.001155650871848287
0.0011556528935806147
0.001155655515679658
0.001155662137425491
0.0011556629829181319
0.0011556637548549712
0.001155672189350569
0.00115569534174253
0.0011431899909886299
0.001143197086618997
0.0011388908809395993
0.001138891676779376
0.0011390014890031441
0.0011404266235103804
0.0011405860910143773
0.0011409902961034982
0.0011409905853331788
0.001141007978999457
0.0011347073398407514
0.0011347151208803466
0.0010980114159310913
0.001093393187962866
0.0010935674969870432
0.0010935798332253695
0.0010939190727182742
0.0010939204772968292
0.0010939508679994807
0.001093965561326481
0.001093973840356291
0.0010948299211942685
0.001095342477772759
0.001095343295999977
0.0010926519770617026
0.0010926567572888798
0.0010940956422684693
0.0010940969699618395
0.0010941064669266838
0.0010925665649418725
0.0010925703782529354
0.0010070664829239147
0.0010070674702502063
0.0010027900061165308
0.0010028061221950186
0.0010028218740003702
0.0009884645652460946
0.0009884685673249387
0.0009884740474699102
0.0009886255981664492
0.000988626841917313
0.000988638714064603
0.0009864298566594565
0.00098645128231164
0.0009872679011768072
0.0009875067569538407
0.0009875361647117395
0.0009875371738936264
0.0009876090460300946
0.0009876199097535033
0.0009876238682656106
0.0009877967422015372
0.0009419431669771099
0.0009419448008953756
0.0009419474744847652
0.0009424575971612979
0.0009424606757939274
0.0009424690626595014
0.0009425462420802191
0.0009425493786048164
0.0009425575046312346
0.0009425593329167935
0.0009427016418781289
0.0009712098222243494
0.0009712114828072855
0.0009712114828072855
0.0009280402654780702
0.0009281116205345493
0.0009282305345530408
0.000928232693498975
0.0009282353756178436
0.0009134334782585002
0.0009134474617954144
0.0009134595517505474
0.0009134636795940843
0.0009134775939391536
0.0009139890100139102
0.0009139890100139102
0.0009145117889627263
0.0009146062207283429
0.0009146404228260168
0.0009174965150330454
0.0009174989748753726
0.0009024739100853762
0.0009024791943698703
0.0008937927561210974
0.0008939599198350219
0.0008939653902875159
0.0008940161735140052
0.0008940189937541189
0.0008940201153797779
0.0008940202980656637
0.0008940202980656637
0.0008940365247443661
0.0008940565495330334
0.0008955232614582396
0.0008955277208091785
0.0008840743598520055
0.0008840755920836134
0.000887162671469047
0.0008867570352834961
0.0008869965046073937
0.000886997369832585
0.0008870075421647861
0.0008870107308611111
0.0008875217256024713
0.0008875267577995527
0.0008883737277857706
0.0008887129672786753
0.0008858480914972092
0.0008872744440520274
0.0008872766265968131
0.0008909447669960298
0.000891285183629751
0.0008912992075319841
0.0008913003319586552
0.0008913294954007319
0.0008913320248114876
0.0008872138593914182
0.0008872149718759178
0.0008872217945686102
0.0008798905427643682
0.0008870246717949456
0.0008827387212230324
0.000882741787583066
0.0008827429727796251
0.0008832542434305907
0.0008402362310413277
0.0008403165774669874
0.0008431690399601616
0.0007983450513020355
0.0007976704656985834
0.0007976706426311201
0.0007976711876671243
0.0008261749339431543
0.0008262214884542038
0.0008262565528680068
0.0008276947972870149
0.0008277691294270435
0.0008277701788873634
0.0008277721988623063
0.0008277773239996038
0.0008278562168871453
0.0008279261285964942
0.000827929499664527
0.0008279331022449514
0.0008279369569860983
0.0008279372942188231
0.0008279401601690565
0.0008282958754765295
0.0008283091501278157
0.0008283091501278157
0.0008283618350930353
0.0008286104676379903
0.0008286324245606457
0.0008286487757496565
0.000831517346231201
0.000783847782151071
0.0007838530626210058
0.00078387229561525
0.0007838764705934472
0.0007752268252880267
0.0007752269772430066
0.0007538562575509837
0.000753858396679607
0.0007567209813129876
0.0007567252110651789
0.0007567561046537818
0.0007567789573701683
0.0007567945040558428
0.0007567954619125928
0.0007568080998393939
0.00075680887887592
0.00075681487737096
0.0007569310033239235
0.000756942114706744
0.0007569437516001906
0.0007569620716782323
0.0007569789751082858
0.0007566020718178728
0.0007566032090242502
0.0007566160293448592
0.0007574302041278308
0.0007574304331778863
0.0006933626058176029
0.0006933709171789362
0.0006933892319282111
0.0006785910831858574
0.0006786060274321598
0.0006857321055131146
0.0006857348681981851
0.0006857369553456257
0.0006857369553456257
0.0006857426225562683
0.0006858194690067343
0.0006858251088324469
0.0006858315081787858
0.0006858349191919824
0.0006858366708352439
0.0006858403382892211
0.0006787105023698903
0.0006787118927981518
0.0006787551107361552
0.0006787594960577482
0.0006787735335540062
0.000678874165980207
0.0006789160720352129
0.0006789185048976226
0.0006789231705915593
0.000678974669734014
0.0006791363162234205
0.0006862776316507465
0.000686296268615962
0.0006863054825642384
0.0006863307089899961
0.000686340270168537
0.0006863459716467649
0.0006720163098366951
0.0006720804455999146
0.0006720810877332263
0.0006720831329939515
0.0006720831329939515
0.0006720893952116663
0.0006720905440633598
0.0006722681343635524
0.000679402487449098
0.000635110521235435
0.0006351142015728043
0.0006351143510890658
0.0006351176926905648
0.0006351254912995971
0.0006351820954876015
0.0006380828488884098
0.000638164436316356
0.0006381713261518054
0.0006381776166706515
0.0006382056022967129
0.0006382074431633753
0.000638161168707251
0.0006381675082216902
0.0006351326628478501
0.000635149607505399
0.0006351576554759118
0.0006352888061649095
0.0006219042880348479
0.0006219136282032542
0.0006219332604401138
0.0006215031676153485
0.0005345282119217216
0.0005345453518263582
0.0005345673918294975
0.0005353817502747255
0.0005353847511985514
0.0005353883833424922
0.000535460096333318
0.0005354623628718044
0.0005140401215078398
0.0005140805635218867
0.0005140810653731319
0.0005141024910253154
0.0005141024910253154
0.0005149329588670813
0.0005163610813026312
0.0005163613870101496
0.0005163805068586585
0.0005164077385314138
0.0004964545687210484
0.0004965294430528754
0.0004965461904264047
0.0004967194552371587
0.0004967196937333184
0.0004967998799713696
0.000496800456500899
0.0004976705404674042
0.0004976731939913894
0.0004977000653619342
0.0004977000653619342
0.0004977061457289065
0.00044032567038689154
0.00043909634397463316
0.0004391218442060096
0.0004391229340957636
0.00043916384427266763
0.0004392640906466998
0.00043926666948085395
0.0004392707183305936
0.0004392707183305936
0.0004392709967472364
0.00043939375987408753
0.000439632972163225
0.00043963324405977004
0.00043963598078172956
0.0004396388885488117
0.0004396426429779821
0.0004397222460893319
0.0004397247283295239
0.0004254186915221572
0.00042541937485611486
0.000425424528326043
0.00042555434038651674
0.00042589387059383384
0.0003874207593889942
0.0003874217158516821
0.00038752159158029494
0.00038752159158029494
0.000388947065432619
0.00038137680608539435
0.0003814062138432932
0.0003814062138432932
0.00037702895278697476
0.0003770292464796315
0.00037703026621214856
0.0003770304331607179
0.0003770307376633482
0.0003770307376633482
0.000377031195829748
0.00033246963186955235
0.00033260204389834344
0.0003305963710824697
0.00033062195502468967
0.00033001465154775515
0.0003300163984030906
0.0002585246570517425
0.0002585498663289441
0.0002585504644416575
0.00025858396729590906
0.0002585841702308001
0.0002585841702308001
0.0002585877935243272
0.0002443339898920209
0.0002404585546476492
0.0002404585546476492
0.00024046138428040478
0.00019739695127275354
0.00019740034120929953
0.0001974006469774901
0.0001974006469774901
0.00019740149099429586
0.00019740161270183937
0.00019740161270183937
0.00019744408736003394
0.00019749516424343654
0.00019749548402364024
0.0001974967645043074
0.00019749709972804793
0.00019749731070334864
0.0001975659162708627
0.00019756712873348663
0.00019756892834600656
0.00019910824949326544
0.0002019578612336658
0.0002019582251573256
0.0002019584542073811
0.0002019584542073811
0.0002019584542073811
0.00020195892696202815
0.00020196020773652102
0.00020481047186056157
0.000204810715844614
0.000204810715844614
0.00020481139979520457
0.00020481139979520457
0.00020481236663260466
0.00020481236663260466
0.00020481722377940754
0.00019731130578565278
0.00019731160550687823
0.00019731160550687823
0.000197313604433435
0.0001973146564572413
0.00019731816237181539
0.00019731816237181539
0.00019732754259064208
0.00019732808047293773
0.00019732966322399923
0.0001973310311251803
0.0001973313153792723
0.0001973336271151544
0.00019733621405106024
0.0001973379587392255
0.0001973381247037998
0.0001973381247037998
0.0001973381247037998
0.0001973381247037998
0.0001973381247037998
0.00019733829569760358
0.0001973436286172387
0.00011185229897963785
0.00011185858589668258
0.00011185858589668258
0.0001118588193789156
0.0001118605725006606
0.00011186214766295331
0.00011186258553465571
0.00011186258553465571
0.00011186815584170528
0.00011186815584170528
0.00010466267478348662
0.00010466468877103729
0.00010466485972637231
0.00010466485972637231
0.00010466485972637231
0.00010466523425863476
0.00010466523425863476
0.0001046654136205067
0.00010466559739291647
5.4791055975807686e-05
5.4791055975807686e-05
5.4793300301484894e-05
5.489293707562477e-05
5.489293707562477e-05
5.489530248670526e-05
5.489550039015275e-05
5.489550039015275e-05
5.489570332504382e-05
5.4895911463393634e-05
5.4895911463393634e-05
5.4895911463393634e-05
5.489820916678051e-05
5.502773697316234e-05
5.502773697316234e-05
5.502795049440051e-05
5.502839444267741e-05
5.502839444267741e-05
5.502839444267741e-05
5.502999363022939e-05
5.502999363022939e-05
5.502999363022939e-05
5.502999363022939e-05
5.50302306396562e-05
5.503266350206583e-05
5.5032906917152824e-05
5.50331569708331e-05
5.5037805094346294e-05
5.5039562486723966e-05
5.5039562486723966e-05
5.504143970130921e-05
5.504143970130921e-05
5.504143970130921e-05
5.504344788435389e-05
5.504344788435389e-05
1.226145273339599e-05
1.2436440136429042e-05
1.243780849740883e-05
1.243780849740883e-05
1.2438083815978934e-05
1.2438083815978934e-05
1.2438083815978934e-05
1.244039287662264e-05
1.2440684154241578e-05
1.2440684154241578e-05
1.2442290049504589e-05
1.2443993216777684e-05
1.2443993216777684e-05
1.2443993216777684e-05
1.2443993216777684e-05
1.2444154347432326e-05
1.2444154347432326e-05
1.2444154347432326e-05
1.2444154347432326e-05
1.2444154347432326e-05
1.2444154347432326e-05
1.2444154347432326e-05
1.956818369843325e-05
1.956818369843325e-05
1.9568349663007532e-05
1.9571002897003326e-05
1.9571002897003326e-05
1.9571179125311327e-05
1.9571179125311327e-05
1.9571360803979368e-05
1.9573195715459857e-05
1.9573388988095536e-05
1.9577819562218423e-05
1.8563775033477776e-05
1.8563775033477776e-05
1.8563775033477776e-05
1.8563775033477776e-05
1.8563775033477776e-05
1.8563775033477776e-05
1.8563775033477776e-05
1.8563775033477776e-05
1.8563775033477776e-05
1.8563775033477776e-05
1.8563775033477776e-05
1.8563775033477776e-05
1.8563775033477776e-05
1.8563775033477776e-05
1.8563775033477776e-05
1.8563775033477776e-05
1.8563775033477776e-05
1.8563775033477776e-05
1.8563775033477776e-05
1.856565224806302e-05
1.856565224806302e-05
1.856565224806302e-05
1.85676604311077e-05
1.8569812055798427e-05
1.8569812055798427e-05
1.8569812055798427e-05
1.8572121116442136e-05
1.8572121116442136e-05
1.8572121116442136e-05
1.8572121116442136e-05
1.8574603356634123e-05
1.857727653837934e-05
1.857727653837934e-05
1.857727653837934e-05
1.857727653837934e-05
1.857727653837934e-05
1.857727653837934e-05
1.857727653837934e-05
1.857727653837934e-05
1.858016076078865e-05
1.858016076078865e-05
4.7076278164792355e-05
4.992588990519272e-05
4.992588990519272e-05
4.992588990519272e-05
4.9929007983473064e-05
4.9929007983473064e-05
4.9929007983473064e-05
4.9929007983473064e-05
4.9929007983473064e-05
4.9929007983473064e-05
4.9929007983473064e-05
4.9929007983473064e-05
4.9929007983473064e-05
4.9932385901610094e-05
4.9932385901610094e-05
4.9932385901610094e-05
4.9932385901610094e-05
4.9932385901610094e-05
4.9932385901610094e-05
4.9932385901610094e-05
4.9932385901610094e-05
4.993605335558745e-05
4.994004440844515e-05
4.994004440844515e-05
4.994004440844515e-05
4.994004440844515e-05
4.994004440844515e-05
4.994004440844515e-05
5.706407375944607e-05
5.706407375944607e-05
5.706407375944607e-05
5.7068427635290836e-05
5.7068427635290836e-05
5.7068427635290836e-05
5.7068427635290836e-05
5.7068427635290836e-05
5.7068427635290836e-05
5.7068427635290836e-05
5.707318968699606e-05
5.707318968699606e-05
5.707318968699606e-05
5.7078412582414676e-05
5.7078412582414676e-05
5.7078412582414676e-05
5.7078412582414676e-05
5.7078412582414676e-05
5.7078412582414676e-05
5.7078412582414676e-05
5.7084157767375164e-05
5.7084157767375164e-05
5.7084157767375164e-05
5.7084157767375164e-05
5.7084157767375164e-05
5.7084157767375164e-05
5.7084157767375164e-05
5.7084157767375164e-05
5.7084157767375164e-05
5.7084157767375164e-05
5.7084157767375164e-05
5.7084157767375164e-05
0.0
0.0
0.0
0.0
0.0
0.0
0.0
0.0
0.0
0.0
0.0
0.0
0.0
0.0
0.0
0.0
0.0
0.0
0.0
0.0
0.0
0.0
0.0
0.0
0.0
0.0
0.0
0.0
0.0
0.0
0.0
0.0
0.0
0.0
0.0
0.0
0.0
0.0
0.0
0.0
0.0
0.0
0.0
0.0
0.0
0.0
0.0
0.0
0.0
0.0
0.0
0.0
0.0
0.0
0.0
0.0
0.0
0.0
0.0
0.0
0.0
0.0
0.0
0.0
0.0
0.0
0.0
0.0
0.0
0.0
0.0
0.0
0.0
0.0
0.0
0.0
0.0
0.0
0.0
0.0
0.0
0.0
0.0
0.0
0.0
0.0
0.0
0.0
0.0
0.0
0.0
0.0
0.0
0.0
0.0
0.0
0.0
0.0
0.0
0.0
0.0
0.0
0.0
0.0
0.0
0.0
0.0
0.0
0.0
0.0
0.0
0.0
0.0
0.0
0.0
0.0
0.0
0.0
0.0
0.0
0.0
0.0
0.0
0.0
0.0
0.0
0.0
0.0
0.0
0.0
0.0
0.0
0.0
0.0
0.0
0.0
0.0
0.0
0.0
0.0
0.0
0.0
0.0
0.0
0.0
0.0
0.0
0.0
0.0
0.0
0.0
0.0
0.0
