23395
23395
23395
23395
23395
23395
23395
23395
23394
23394
23392
23392
23392
23392
23392
23392
23391
23391
23389
23389
23388
23388
23388
23387
23387
23387
23386
23385
23383
23382
23381
23379
23378
23377
23376
23376
23373
23372
23372
23371
23367
23366
23364
23362
23361
23361
23360
23360
23359
23356
23354
23353
23351
23350
23348
23347
23344
23344
23344
23342
23342
23341
23338
23335
23333
23333
23331
23330
23328
23326
23323
23322
23322
23322
23320
23318
23317
23312
23311
23308
23303
23299
23296
23291
23290
23288
23284
23282
23278
23277
23275
23273
23268
23266
23262
23259
23255
23250
23249
23244
23243
23240
23240
23235
23235
23232
23230
23228
23223
23222
23217
23212
23210
23204
23201
23194
23188
23184
23184
23178
23173
23170
23166
23162
23155
23154
23148
23144
23141
23139
23135
23133
23130
23118
23114
23104
23104
23097
23092
23085
23076
23073
23067
23064
23059
23054
23048
23041
23033
23028
23020
23019
23013
23011
23006
23001
22995
22991
22984
22980
22977
22976
22973
22967
22964
22952
22948
22944
22939
22931
22924
22921
22913
22905
22901
22895
22889
22879
22870
22866
22858
22853
22846
22843
22841
22832
22821
22817
22809
22804
22792
22787
22778
22772
22766
22756
22752
22747
22744
22735
22729
22725
22712
22702
22693
22687
22679
22673
22664
22662
22660
22650
22644
22635
22627
22618
22603
22592
22579
22569
22557
22550
22539
22529
22524
22519
22506
22498
22489
22481
22474
22462
22459
22450
22444
22429
22418
22412
22402
22394
22383
22371
22363
22353
22341
22334
22322
22312
22300
22287
22274
22272
22264
22254
22242
22231
22218
22206
22196
22180
22166
22150
22137
22124
22119
22103
22094
22082
22074
22064
22046
22031
22017
21997
21986
21973
21961
21944
21930
21917
21904
21895
21884
21873
21863
21850
21829
21821
21802
21788
21776
21764
21753
21736
21726
21717
21700
21686
21675
21664
21645
21636
21624
21609
21597
21579
21565
21551
21537
21526
21510
21501
21484
21465
21453
21441
21424
21410
21392
21382
21362
21347
21333
21320
21309
21295
21285
21276
21255
21239
21223
21204
21189
21170
21151
21138
21123
21106
21091
21073
21058
21051
21040
21019
21002
20978
20956
20941
20911
20895
20873
20860
20841
20818
20792
20776
20761
20742
20721
20704
20683
20661
20640
20625
20603
20580
20562
20546
20531
20510
20497
20476
20461
20444
20427
20396
20389
20374
20362
20344
20316
20293
20265
20237
20216
20200
20180
20161
20149
20130
20099
20073
20061
20045
20024
20011
19994
19974
19955
19928
19913
19891
19878
19854
19835
19821
19798
19764
19747
19723
19704
19692
19669
19648
19634
19607
19569
19540
19508
19488
19469
19449
19433
19416
19388
19365
19332
19307
19291
19258
19229
19197
19158
19133
19107
19077
19058
19034
19013
18989
18958
18930
18900
18884
18855
18828
18808
18790
18770
18745
18718
18700
18661
18633
18606
18574
18544
18507
18481
18446
18404
18367
18347
18326
18292
18253
18229
18202
18173
18138
18115
18085
18047
18025
17996
17959
17921
17891
17856
17824
17795
17750
17722
17702
17677
17641
17610
17585
17568
17533
17513
17475
17440
17419
17377
17341
17304
17255
17211
17161
17115
17078
17046
16995
16966
16937
16899
16868
16841
16810
16779
16744
16707
16660
16634
16590
16563
16532
16495
16470
16421
16386
16353
16315
16270
16233
16203
16159
16121
16069
16025
15985
15941
15899
15871
15845
15824
15791
15763
15728
15684
15639
15605
15576
15546
15507
15469
15444
15401
15368
15304
15250
15192
15154
15114
15069
15031
14984
14955
14896
14863
14813
14775
14711
14668
14613
14571
14509
14454
14425
14385
14347
14309
14256
14212
14167
14112
14064
14012
13977
13922
13870
13808
13773
13721
13685
13648
13611
13547
13516
13477
13446
13398
13341
13278
13238
13201
13142
13073
13002
12937
12881
12812
12760
12727
12687
12656
12596
12539
12464
12425
12376
12327
12293
12248
12181
12141
12100
12050
11996
11954
11895
11859
11792
11760
11708
11676
11630
11584
11527
11460
11380
11290
11232
11190
11130
11072
11027
10993
10938
10856
10788
10727
10654
10609
10524
10478
10420
10378
10325
10266
10242
10162
10120
10073
10014
9957
9910
9831
9746
9672
9602
9530
9491
9433
9387
9326
9279
9230
9183
9133
9082
9030
8957
8908
8822
8760
8726
8659
8592
8534
8464
8418
8372
8324
8230
8169
8093
8032
7981
7945
7867
7791
7737
7703
7660
7626
7586
7506
7430
7373
7308
7214
7153
7103
7038
6975
6889
6840
6804
6734
6644
6610
6564
6517
6468
6252
6206
6132
6102
6050
6005
5964
5825
5697
5650
5618
5586
5514
5452
5380
5317
5254
5220
5181
5143
5063
5022
4975
4902
4847
4780
4726
4695
4652
4601
4484
4451
4410
4383
4356
4332
4284
4241
4201
4092
4012
3981
3896
3866
3784
3748
3701
3587
3515
3439
3316
3271
3210
3163
3137
3102
3005
2974
2942
2899
2868
2811
2742
2506
2461
2388
2362
2329
2315
2251
2204
2171
2159
2055
2034
2011
1984
1954
1855
1845
1827
1806
1768
1531
1484
1465
1413
1395
1353
1340
1330
1291
1272
1232
1228
1223
325
227
226
198
195
179
173
169
165
165
158
157
156
153
152
135
132
132
132
131
129
124
124
116
115
114
112
112
111
111
111
38
38
38
38
38
38
37
37
37
37
37
34
34
34
27
26
26
26
26
25
25
24
24
24
24
24
24
24
23
23
22
22
22
22
19
16
16
16
16
16
16
16
16
16
16
15
15
15
15
14
14
14
14
12
12
12
12
12
12
12
12
12
11
11
11
11
6
5
5
5
5
5
5
5
5
5
4
4
4
4
3
3
3
3
3
3
3
3
3
3
2
1
