0.3185766614338043
0.2103465963066407
0.1911199088653348
0.1667319456572888
0.14476524014778328
0.12320644241059467
0.09819961130209187
0.08165308168227216
0.07558413276124273
0.07524543947200964
0.07048745837255106
0.07211004798075493
0.06544156576671299
0.06772879664546694
0.0685946333014939
0.06649498167350715
0.066248001893851
0.0652964742079621
0.06408917678940017
0.05690652386288851
0.053971956946686175
0.05235674443696756
0.05013340875902061
0.05006327937892012
0.04902131713998525
0.04810011559347755
0.0492414650221349
0.045266817781093704
0.0416050972771977
0.038957265455733636
0.03756784920320254
0.035524189872076097
0.03519686181637836
0.03372919724644189
0.03525389132236516
0.03677452130188485
0.03533291563159054
0.03300313707949719
0.03143873707884417
0.030909281446512928
0.029393812546921808
0.029858970050131224
0.03006917556240097
0.028672165793784347
0.028026206797310157
0.02829130066625603
0.028477350264735093
0.027726223578381715
0.02708521391304275
0.026512940836761593
0.026737053066246737
0.02480791440023275
0.024268514207951893
0.023668841108736995
0.023213834962561568
0.022612214319846214
0.02220682539900265
0.021785591383988077
0.020849306637541715
0.021179424186567913
0.021467525743816527
0.019772096005085536
0.018914605725205764
0.018612625098129377
0.018946216641653933
0.01861828251145483
0.01828296206259751
0.018599280052232558
0.01815417382143368
0.01836204404797373
0.017685653121721517
0.01860788391694179
0.01831143404946705
0.0191483309539624
0.019025729987778715
0.018695245632059175
0.01841367151512557
0.0186975470161091
0.01962191246647751
0.01923211713111592
0.018865426590235233
0.018626370362844702
0.017632607428286685
0.01741605904980252
0.0171279819133006
0.016924096572800026
0.016556239910348467
0.016337291254038846
0.016588424233209432
0.01636997286068746
0.01618438073365748
0.016445472447451624
0.016252216347460338
0.016219634416709094
0.015669013789882846
0.015916766449375654
0.015423689490953825
0.015262936077920926
0.014838342776343905
0.015075206058401666
0.014916758883555155
0.01475175160863164
0.014730750188849272
0.014585281937003487
0.014828122355275117
0.015286378925370093
0.015516428958206686
0.015369777711029348
0.015341082939196506
0.015674193216242548
0.015821918370372882
0.015644094768162583
0.015330675861466737
0.014942366595393516
0.014811179726901946
0.014630176580325487
0.01483615939974133
0.015082502754254991
0.014703768497924178
0.014525163355704097
0.014125997188026203
0.013987247043360273
0.013849040928720966
0.013301382992361235
0.013193393868518298
0.013072841541120914
0.012967026753897937
0.01278895311745841
0.012687102270530224
0.012585152117593656
0.012486865335522873
0.01238144062228274
0.012507116572555448
0.012708710969908612
0.012611836542958027
0.012782627066710716
0.012627059947236447
0.012283950321912917
0.01219499658884589
0.012055311160766738
0.011939664929850784
0.012135864637340038
0.01186366116260228
0.011765385439001413
0.011955122870298967
0.011863987688948136
0.011781967779814103
0.011976702223791382
0.011890507605597412
0.01180037135922596
0.011536549206302217
0.011770070962033367
0.011668628365494675
0.011591187289562791
0.011510694612219426
0.011420178426783134
0.011343635272897962
0.011271579050124414
0.011032547882575008
0.010921367143480612
0.01084255464515639
0.010770376854552765
0.010858231607836716
0.010750853929997636
0.010922224516608453
0.010854009708949196
0.0109925389593665
0.010910067999089976
0.010671828417159652
0.010603235578954442
0.010541187018179488
0.010470450731600196
0.010642624974497285
0.010658884378867854
0.010582020052826841
0.01036078650814377
0.010527928653726405
0.010311869262622628
0.010251831129482055
0.010189985391267505
0.010122344407078444
0.01006622444589243
0.009865337041072017
0.009954611183811624
0.00986221857498595
0.009758834761942227
0.009667480071373885
0.00961154553679463
0.009382464000292117
0.009051911141592227
0.009001584218058706
0.00894684364364912
0.009108121649869924
0.009061024006044784
0.008993424037571284
0.008912214718893613
0.008866672365460446
0.008685899798341157
0.008628720794172368
0.00855165963467879
0.008507882496125427
0.008652149205123512
0.008595830132883337
0.00839019136314141
0.00832988994975521
0.008156425397263628
0.008115064844960765
0.008232118110534615
0.008160503699512505
0.008079545133405464
0.008028208664984679
0.007977433054205929
0.007811028619485469
0.007741323017679725
0.007672001909411544
0.007819933904439852
0.00796679752343078
0.0079134079667273
0.007834262324506807
0.00779817255529786
0.007761727758360025
0.0077258893027807845
0.007688458481705272
0.007644909381118818
0.007609380932301194
0.007565195108008532
0.007530776127024474
0.007485679397658169
0.007448666968967799
0.007613861560591602
0.007580427406820671
0.00771893887965901
0.00767438232356384
0.007641512889341216
0.007494503904539439
0.007455120872408488
0.007417595144083317
0.0075563423070516555
0.007519002010218528
0.007481035609621857
0.007449914355097435
0.007407280644958214
0.007374774733219392
0.007197804820991636
0.007162790232005918
0.007296534512116292
0.007266723968798709
0.00720485019527253
0.007172723215073319
0.007300767176456015
0.007271355446363281
0.007242492222237535
0.007273715832866863
0.00722908189395477
0.007200013204271943
0.007165404055842873
0.007137507754611369
0.007108681443445078
0.007079525612274836
0.007022843910400466
0.006995797897419499
0.007116577584101858
0.0070882295118847435
0.00706124287601386
0.006933975880414463
0.006907601981258749
0.007023579103481211
0.006996302780028909
0.006967253194980052
0.006938608723032033
0.00691021403950793
0.006785167244282787
0.006746867434871441
0.006715020617861105
0.006990531133734453
0.007116212844379046
0.006992448113419857
0.006952693319361403
0.006927754168275401
0.0068879417114759865
0.007010734445673692
0.006868708874164489
0.00683916109853883
0.00680282272531416
0.006774616539488679
0.006888682682778159
0.006863684637820445
0.006832987141189206
0.0068092235131004715
0.006774530510589615
0.006889640230279335
0.007002996824917511
0.00697874880715271
0.007094766546145521
0.007070725119329472
0.007045973896417344
0.007022234339645781
0.006998672314444502
0.006972456312891018
0.006947546356980414
0.006826921041758374
0.00678217804126899
0.00689168373558451
0.006845455934214976
0.00692933563836003
0.006906619019424722
0.0070249708236002125
0.007000600056751367
0.006891614623948614
0.006841074714151159
0.006818645065859115
0.0067839501314961885
0.006894055775404315
0.006864418240315287
0.006820282938843705
0.0067962395606239725
0.0069006450496530885
0.0070090916906848716
0.006987109297714016
0.006962777943409967
0.006940568608071457
0.006827926488450106
0.006798396991099363
0.0067762872686379285
0.006753271174467974
0.006855200553935961
0.00699476875894696
0.006972872800161895
0.006951017468101764
0.006909125854536656
0.0070090359490126404
0.006987823924724567
0.006965397391680531
0.006943072453879533
0.006922222775327711
0.006899518402966058
0.006877490980712872
0.0068571058514023935
0.006816925795795999
0.0069121944704398025
0.006889840225803972
0.006791548136673948
0.006892123018636566
0.006871527195876137
0.006850096896522817
0.00683008811024281
0.006808986509211689
0.0067893924057348
0.006769552155830927
0.006748921042014687
0.006705541003117491
0.006686042918411643
0.0065906211293394615
0.006477722682860389
0.006454738228726548
0.006435151610905943
0.006414288206540708
0.006396335327474888
0.006378389548794029
0.006360542856892972
0.006342876031612541
0.006314764747310405
0.006297175623805918
0.006279802105741193
0.006262514360747635
0.006241484646246929
0.0062233367746138855
0.006206273823316133
0.006187769131397985
0.006158908639198758
0.006142231906435266
0.00626480080147716
0.006247143302233697
0.006220841550631368
0.006202938455911456
0.0061862100215458096
0.006169544046237668
0.006082091208176631
0.006058968503572789
0.0060418227255080266
0.006025968539384367
0.006009779122758153
0.0059937291743010265
0.005978082470935259
0.005941208779312394
0.006047208314135365
0.006031579701572663
0.0060154607721801924
0.0059828164889853715
0.005967437108699646
0.0059515238109332695
0.005936069386005288
0.005920952178163232
0.005904532259799087
0.005997656342282585
0.0061170652378547885
0.006101070258550928
0.006085636246529036
0.005999809304736376
0.0059843048653414515
0.005969219958570933
0.005954255706549271
0.005939382736067444
0.006030268230739485
0.005998838962136542
0.005983997963773573
0.005968992306355671
0.0059542741690745615
0.005939514525548443
0.00592487325376106
0.005908563784299829
0.0058865847755847555
0.005872091944876241
0.005857382509905578
0.005836479331949789
0.006112715301886428
0.006097501147507643
0.006082915548754463
0.0060682359892649225
0.006053366592513008
0.006037970479499354
0.006023658112919419
0.0060093787004805894
0.006087743820580057
0.0060716562162233464
0.005992201701785507
0.0059769819190786735
0.005962997170342483
0.005948710324449206
0.00593464235386789
0.00591442116186826
0.005898203575636874
0.005884070241894791
0.005869702425655
0.005852609487245712
0.00583867792707662
0.005825185879858123
0.006026363242959778
0.006010832834664643
0.005996516568405829
0.005922428505313494
0.005907984883993914
0.005894648258830325
0.005881322844018053
0.00586810691041133
0.005852620653820124
0.005824487303598209
0.005811111965797124
0.005798163766954231
0.005782972499733224
0.005770140906338989
0.005757364031457209
0.005743736310347136
0.005819282386257857
0.005747524805278447
0.005732799633316869
0.005810297954560385
0.005796998631306058
0.005885616928470087
0.005808921875162098
0.005795229015217005
0.005768154549246199
0.005751372449708867
0.0058230371949473106
0.005810024740405045
0.005682087962439298
0.00566917879650157
0.00565524682298834
0.00558624628466707
0.0055736553548025956
0.005561331929958359
0.005549466932614633
0.005621760409413302
0.005552019468735793
0.005538891595041082
0.005509973527737414
0.005498409827107422
0.005486872063137168
0.005475392498945263
0.005463856283387356
0.005452386145281919
0.005440523413350777
0.005429239805504365
0.005501621013749683
0.005484299653478599
0.0055575933279936075
0.005545935766531212
0.005533448551321021
0.005519925870971226
0.005508456302331879
0.005495686630939371
0.0054813098233658306
0.005469071990814068
0.005457297733136583
0.005446067759194038
0.005434883376086758
0.005423784607046997
0.0054091046975157245
0.005397788641046314
0.005379703314792458
0.005368463670794243
0.005352441754027177
0.005340276222937166
0.005276664616705879
0.005264483691817937
0.005253937497050498
0.005243560763234464
0.005232961436235906
0.00520953444872266
0.005146936433058607
0.005299492860383097
0.005288512792127775
0.005357130312194937
0.00534621646731154
0.005280325426302808
0.00521842626209189
0.005207940206727043
0.0051951712273753045
0.0051844311251054475
0.005174433036373512
0.005163649250860672
0.00515364369530756
0.0051386749838015396
0.005128857648995357
0.005106016776519121
0.0050836203893248316
0.005073607143893654
0.005063925516323529
0.005054347852725624
0.0050447295457769475
0.00503374262731055
0.0050242800058557914
0.005002233944805212
0.004992644702916633
0.00498302057798342
0.004973720710249272
0.004964429167373021
0.004953721930485065
0.004944426455810403
0.004934078634147458
0.0049232130475381115
0.004864705684757602
0.0048557429989788655
0.004846168234985924
0.004831974578757019
0.004822990550213552
0.0048139683848840605
0.004804312495997763
0.004795167095667837
0.004785403741233955
0.004774241574616457
0.004915484146942726
0.00490659395899876
0.004897293091329925
0.004880960819963089
0.004871918331610641
0.004863128794529228
0.004853491167228955
0.00484450886143797
0.004910645832256234
0.004850462594062095
0.004841495078814009
0.00490736892462341
0.004897289275176841
0.004888519353665779
0.0048761324466097
0.004867474027310343
0.004858845449890941
0.004923625133881103
0.004914860513788594
0.0049062066101352815
0.004897060526595849
0.004887571047115269
0.004878351960745773
0.004869858558587891
0.004856690926671496
0.004848269530215797
0.004792237389332295
0.004736932331150338
0.004806904385106746
0.0047985646617060155
0.004697392476229545
0.0046891398499117045
0.004680964844554115
0.004672137483108825
0.004664165554240524
0.0047246723092015585
0.004716582545679243
0.004708540893344284
0.004652510913623078
0.004644539937459332
0.004635401224075508
0.004693724047496363
0.004685003270651973
0.0047663171826269266
0.004758312728166328
0.004750137582450653
0.004741635032556921
0.0047310664416518895
0.00472237975130396
0.004714474867275302
0.004773033222133513
0.004763704739854732
0.004755712812696059
0.004834315580158699
0.0048254396657188515
0.004805661841738667
0.004796422504384582
0.004777001178834266
0.004768126780582847
0.004760246390601326
0.004752453158566167
0.004743907991791237
0.004723130884031139
0.004713265938395195
0.0047051695125051385
0.004697466555537215
0.0046898650040914135
0.004680392092102862
0.004672792256386093
0.0046652662582557574
0.004679800037799685
0.004672118730152266
0.004621758791487516
0.004614342269289596
0.004605414524375877
0.004595943767892058
0.004588583989993501
0.004581290335380719
0.004573893868920165
0.00455557170451327
0.004546006818012241
0.004538811236368107
0.004600832645121232
0.004593532955402306
0.004586309389348628
0.004578914995030266
0.004571166167467005
0.0045639981124675905
0.004577752154514221
0.004568477585263914
0.0045610071669326315
0.0045519037678080285
0.004502690401201798
0.00449544482750193
0.004488478485663202
0.004481526748844781
0.00447460971414265
0.004467702757235754
0.004526003013630214
0.004519002137279787
0.004511574336589465
0.004504649145923283
0.004497652275414801
0.004490784629963952
0.0044839108659122835
0.004476593087397059
0.00446976428844611
0.004523465401963649
0.004506294311006521
0.004498755540608982
0.004487912180186107
0.004471086778500288
0.0044643530336713885
0.004457624035419306
0.004450872815781421
0.004442078945838343
0.0044254445617965075
0.004418780653562209
0.004411762934465048
0.004365416242477008
0.004358882874398484
0.004311578514944741
0.004305146655099054
0.004298196287023579
0.0042914132252203415
0.004285056442345372
0.0042784015792706334
0.0042720454488376506
0.004265706193092805
0.00430831583112168
0.004301866680178369
0.004294854397891565
0.0042883339640413225
0.004281898348919685
0.004274157765948574
0.004224999945115267
0.0042188298349895015
0.0042716275388405955
0.004265312125604647
0.004258447349456756
0.004252265978037611
0.0042450212174274075
0.004238876648301437
0.004193935603454621
0.004177617921649481
0.004171620202694657
0.0041655686653834295
0.004159602103913211
0.004153523123192373
0.004147426113772582
0.004141412506380088
0.00413544693789156
0.004129393577926781
0.004084935054046244
0.004040515544901485
0.004034795323147064
0.004028363697309002
0.0040226599985515935
0.004016498324863384
0.004010600372566947
0.003966892094204227
0.003961307421943712
0.003955729996870266
0.003948683860938955
0.0039338345741723735
0.003928324826024939
0.003922845036535231
0.003908110575435306
0.003902647129057434
0.0038972335144833187
0.003888087853389811
0.00388271079779687
0.0038772614431662757
0.0038712492064125956
0.0038650904811496915
0.003859210201821145
0.003853805214451853
0.0038482125012551053
0.0038408100178388823
0.0038348383307317043
0.0038295952460456082
0.003844816755905034
0.0038393472089417115
0.0038337183742514092
0.0038281942559118647
0.0038223338209613365
0.0038171130890157596
0.003811944528941237
0.003803131130793341
0.0037979829252209087
0.00379283475564282
0.0037857734731982775
0.0037806798784483305
0.003775572213330977
0.0037799316903415594
0.003774872353567893
0.003769768876925329
0.0037647308449480403
0.00375931725347909
0.0037542451898791634
0.003749196415354833
0.0037441648950188536
0.0037391979374879294
0.003734155994324579
0.003791060287998992
0.0038353774452475706
0.0038303093860016044
0.0038252070055859806
0.0038201701460984093
0.003814929158964856
0.0038095855117647737
0.0038045757812282224
0.0038519217663652823
0.0038468626163349453
0.003841802318119028
0.0038367562878294644
0.0038316249032076836
0.003826609045994253
0.0037865305851430982
0.0037815663176085424
0.003776668676934025
0.0037710563842494773
0.003765957720831001
0.0037563759857653354
0.003750616012314722
0.0037456959551039203
0.0037408058680093365
0.003736002681601211
0.003731212093171319
0.003726427584590206
0.003721043417681372
0.003716265630318029
0.0037115093082866475
0.003706643919864764
0.0036983781269416286
0.0036513237654162245
0.0036466890213747013
0.0036078701677114675
0.0036032218975098344
0.0035986602668233838
0.003594080806277614
0.003589496227296434
0.003581240959721605
0.0035733415057038528
0.003568734724319798
0.0035641959227065995
0.0035588539791849665
0.0035538005498182926
0.003540930766918267
0.003536207486432631
0.0035310023706908653
0.0035265677794708065
0.003521589722392957
0.003516790548563827
0.0035124137737260978
0.003507629367987292
0.003503258551635843
0.0034987227127393074
0.0034943080893257133
0.0034899985125051852
0.0034856985009878634
0.003478122382678164
0.00347368760178845
0.003469426035881849
0.0034647141131107484
0.0034601585491988982
0.003454798922482718
0.0034502950905763215
0.0034460306199097708
0.003441561713748521
0.0034357480359304103
0.0034315279675978614
0.0033907179777600775
0.0034350980543891977
0.003430626112290126
0.0034264512468259365
0.003421807750238846
0.0034176039153164476
0.0034118647884529107
0.0034076829156016336
0.003403557908753062
0.003399415791584348
0.003395333435749485
0.0033911873878614174
0.003386945111762723
0.0033827055359994997
0.0033786681078677053
0.003342859233980068
0.0033388362545733754
0.0033348462587300823
0.003330874639384466
0.003325901087001693
0.0033218680356346085
0.0033147796226092423
0.003310861127368934
0.003299051185653855
0.0032947557405796513
0.0032594527498659297
0.003255416448274853
0.003251589044080115
0.003247768570416594
0.0033066201192404328
0.003302335753778811
0.0032981873367929084
0.003341307913722071
0.003337291926347699
0.0033333958465714777
0.0033294959080737373
0.0033254080027356513
0.003320973403650989
0.003317108270691106
0.0032823484300024152
0.003278286365630757
0.0032744965102753263
0.0032701840532800247
0.0032633008158581387
0.003259523822993832
0.0032557420464581766
0.0032519578719960346
0.0032473400039119823
0.0032434756761495057
0.00323750910154346
0.0032261778021767
0.0032223020901410416
0.00321862058331574
0.0031841852350766565
0.0031805577572365826
0.0031768957436747168
0.0031731128940941894
0.003169495273750423
0.0032112422625109223
0.003306057644583618
0.003301165982067961
0.003294161024788959
0.0032902424553758057
0.0032864987088471365
0.0032791838224386053
0.0032724686026456913
0.0032684360969841226
0.003264751201163846
0.0032610075362778375
0.0032573495184966936
0.0032462462673446906
0.003242389498109048
0.003238753856892287
0.0032343450972377214
0.00323067847078182
0.0032267275077550593
0.0032230637643058595
0.003212068381589043
0.003208507609959396
0.0032049352315156616
0.0032013808712547474
0.0031962398956466155
0.003192665080143498
0.0031888984144545105
0.003185250562620019
0.003181640746252334
0.0031781399049369843
0.0031671206057626196
0.003163583729243649
0.0031601179221987727
0.0031565582818053914
0.003145766683073051
0.003142302494119195
0.0031387867030689375
0.003135352525156738
0.003131928804384466
0.003128462738469132
0.0031250638422902974
0.0031214135689109322
0.0031149613988063953
0.0031115844938507517
0.003108220836174773
0.003104842828313284
0.0031455693642225987
0.003142069722677705
0.003138682636327031
0.0031353077465221344
0.003124599031874762
0.003121115868466733
0.003117716445984499
0.0031143404025762962
0.003110744469263221
