0.0031512762082747097
0.003151296060746773
0.003151585465396567
0.0031530141024616832
0.0030989102097480547
0.003084585923409851
0.0030846060072309872
0.0030846259025955696
0.0030698017263909045
0.0030700546449090142
0.0030696305786807876
0.003069728919270962
0.003069844142092561
0.0030361596361752987
0.00304331556350723
0.00305112315101259
0.003051491851624054
0.003051527849124477
0.0030473125821840327
0.0030473373646642495
0.0030483611779293747
0.0030483818600452292
0.0030484609474900723
0.0030557990567542026
0.0030558997734795416
0.003055902456535785
0.0030563084778906383
0.0030553294456747066
0.0030555328743768293
0.0030562825276745343
0.0030419913662013518
0.0030420002094666866
0.0030420551060255825
0.003041692951918667
0.003043462450679851
0.0029721623933246207
0.0029718835113571366
0.0029282851461675634
0.0029311497962554267
0.0029312729106289077
0.002932153378938671
0.0029322486965245704
0.0029326021273688965
0.002932606469545219
0.0028885872605789774
0.002848756238708763
0.002849775729149665
0.002849984224323825
0.002850017417203438
0.002850054443595044
0.00280793246707263
0.002807937495540793
0.0027523738751988685
0.0027523805211433516
0.0027529341787666233
0.002750080192183543
0.0027502990013141097
0.002735470050957582
0.0027359815114102967
0.002736130969691027
0.0027647123491776624
0.0027933742802059027
0.0027507374744656452
0.0027507576799888603
0.0027424402869961873
0.0027430013379417797
0.0027433627299753957
0.00280188022845555
0.0027871091678396513
0.0027871214021028775
0.0027871312580360465
0.002744523963943036
0.002745306148462381
0.0027024899530487404
0.002659133432780103
0.0026039166908515296
0.002599653346094509
0.0025562130749431145
0.0025562395517387676
0.0025592909962343802
0.0025593205953307768
0.0025595644804808043
0.0025595703932026212
0.002517354435295773
0.002520324171338337
0.0025055437120908427
0.0025055947798728485
0.0025056073387630666
0.002504304224734013
0.0025045480200977595
0.0024611109562560356
0.0024621750313613003
0.0024626721896527613
0.0024463787948872237
0.002446441787434616
0.002446452357517292
0.002397852408556253
0.0023551024074197338
0.0023551315991012746
0.0023552148027782558
0.002355220462107056
0.0023412026642986375
0.0023413342419326905
0.0022985969416724466
0.0023018956685527683
0.0023019057494917516
0.0022950832090005095
0.0022949117581932757
0.0022500968019935844
0.002257293913545535
0.0022572979413603704
0.002257300799691592
0.0022573039581837463
0.0021973726835443257
0.002183016544968628
0.0021823707366470766
0.0021817040376674317
0.0021818954702239714
0.0021643696052369597
0.0021121702506209264
0.0021113919831865936
0.002111632352334644
0.002112055456113844
0.002103401870645046
0.002103741996394005
0.002104607070364104
0.002104652865632729
0.0021037265090471905
0.002096720333004855
0.00209726597397565
0.002097465929244098
0.0020974937812309764
0.002097552458484056
0.002097830393010402
0.0020978378873396076
0.0020978681815184384
0.0020978734980825866
0.002092869346822357
0.0020929990604587347
0.002092999609979356
0.0020930232506141695
0.002093402978175276
0.002093408640556593
0.0020505012047899907
0.0020506012613671644
0.0020475917342173155
0.00204763846415838
0.0020476411785950678
0.0020052071167856764
0.0020054386666193825
0.002005457269341115
0.0020083180002171555
0.0020073244862844363
0.002007324770340015
0.002007374923131488
0.001953112932598518
0.0018663345478893147
0.001866674419537129
0.001866822485159574
0.0018668602890104784
0.0018669652799168574
0.001823978815199867
0.0017798361500126322
0.0017769197134878442
0.0017764110712930404
0.0017764547749325695
0.0017136176412524814
0.001714190814424314
0.0017087295363795397
0.0017085679515633442
0.0017089111180958734
0.0017021209022958172
0.001731166135794264
0.0017314052785925148
0.0017314517835968102
0.001731525507770975
0.0017315775557470233
0.0017316028741131142
0.001688990265042059
0.001689069579930344
0.0016890746806085355
0.0016891068930762756
0.0016891084104723323
0.001689162996681278
0.0016891840400864767
0.0016920402191450356
0.0016922866014747778
0.0016489959241766199
0.00164918449136504
0.0016506464427060428
0.001651236636177888
0.0016512716306185805
0.0016507109995949167
0.0016507652634369892
0.0016508955645277883
0.0016291771407168586
0.0016295522304206115
0.0016366787634641228
0.0016281776957331076
0.0016284448357697472
0.0016287888010667936
0.0016360802769878743
0.0016218794837659768
0.0016220742867038432
0.0016224237720419512
0.0016224344578541527
0.0016225396712894352
0.0016225971778049625
0.0016227566927995666
0.001580505489250317
0.0015806793262523257
0.0015807610105896296
0.0015810022457612672
0.0015817589746009075
0.0015846332949666368
0.0015846388070103635
0.001582877011067551
0.001582952189277882
0.0015778525143331935
0.001577482625535852
0.001575024401894588
0.0015750330892752278
0.0015753730791115733
0.0015757910002458238
0.001571470868039113
0.001571488995461188
0.0015715906647554552
0.0015689782764620951
0.00156069897057291
0.0015607400575778543
0.0015607400575778543
0.0015162238608026606
0.0015090981283906342
0.0014627087640282181
0.0014627492325500425
0.0014507598468370612
0.0014793030469275926
0.001479314997038111
0.0014793837968251945
0.0014797282473313694
0.0014648222901536946
0.0014645257052863481
0.0014653609117675002
0.0014584731929585982
0.0014584762369961662
0.0014584814734434437
0.001487086966208437
0.00148708888378267
0.0014401226293693117
0.0013945335078195344
0.0013950664371141833
0.0013951460805494203
0.0014239836978469688
0.0014239865635949493
0.001380993763971019
0.0013810081703969882
0.0013810299637813932
0.0013359031605128019
0.0013359038350263188
0.0013375187167131823
0.001337526819648708
0.0013355165001183264
0.0013363658476812075
0.0013371978176312845
0.0013372013763010642
0.0013372752824525444
0.001337281307860909
0.0013373272040354473
0.001337330622042592
0.001336683707757082
0.0013369214926110351
0.0013362241234316145
0.0013362252543308775
0.001293445708333262
0.0012934588709742152
0.001296315685286796
0.0012971316514387374
0.0012971632755478205
0.0012971767312684433
0.0012539610354881747
0.0012539992093842042
0.0012540102159097604
0.0012540111430775402
0.0012540111430775402
0.0012540898554484175
0.0012541054617090912
0.0012544950683840556
0.0012545705833042643
0.0012545724107739676
0.001254575598501588
0.0012545815583987934
0.0012545835536601588
0.001255100219522186
0.001255031293047421
0.0012550317676464184
0.0012102515335294431
0.0012103311859338777
0.0012109183312100592
0.0011631765962149198
0.0011632530534101651
0.0011487816403527578
0.001101173923143013
0.0010868866686236252
0.0010875292418082592
0.0010728999389104008
0.001062999031341057
0.0010630023167382608
0.0010630122703080118
0.0010631121789786964
0.0010639624647569275
0.0010639625737013038
0.0010640059305610527
0.001064017327586564
0.0010643573196420966
0.001064512233245815
0.0010645969476006678
0.001064700788776035
0.0010647668097568724
0.0010647691942964738
0.0010647770397213755
0.0010656259701397996
0.0010664465285412962
0.0010673028977810578
0.0010744472366265875
0.0010744472366265875
0.0010744630522234464
0.0010744701651645094
0.0010745174892315013
0.001075349318460956
0.001075384944779443
0.0010609055833795075
0.001018103219562159
0.0010181041070593823
0.001017199097072265
0.0010172043852056283
0.0010172196481511354
0.0010173107582028755
0.0010173142074666624
0.0010173154120762713
0.0010174610694347094
0.0010246849197651435
0.001026126104544829
0.001026137262139928
0.0010276408311732919
0.001027681611102781
0.0010277173891075474
0.0010386999278932953
0.0010387114182632163
0.001038851668843081
0.0010388735101093882
0.0010389350702966044
0.001040365997585166
0.001040366148559154
0.0010432195175496656
0.0010005492789051066
0.0010005817696015144
0.001000754986130759
0.0010007554646645983
0.0010009979693833932
0.0010009982256283054
0.0010010014765916744
0.0010018789830818352
0.001001882974134693
0.0009591333713266007
0.0009521082856947012
0.0009521255734620399
0.0008220328064492062
0.0008248848566718694
0.0008264280544103991
0.0008264594884046533
0.0008265597499469494
0.0008268026664584547
0.0008196654112238486
0.0008122884909279919
0.0007551792895830673
0.0007558660754596855
0.0007558666355318861
0.0007558668027695469
0.0007558682223501545
0.0007558683504073078
0.0007415745827528005
0.0007416046939693476
0.0007416047803566619
0.0007473529239294864
0.0007473779541693097
0.000747394843775642
0.0007473954685584776
0.0006903988682201012
0.0006906369172937774
0.0006914554459525936
0.0006943052772891702
0.0006943059984169214
0.0006943063068622602
0.0006910845665292041
0.0006910850443313068
0.0006910852788962111
0.0006911022681535063
0.0006387480695060056
0.0006387787022485194
0.0006387844474334799
0.0006387846564562544
0.0006388097470044003
0.0006388139808023119
0.0006388140487764481
0.0006388155006222155
0.0006388155701181607
0.0006388240831668047
0.0006389539602952408
0.0006389892037796224
0.0006420694214480529
0.0006420698702383669
0.0006420975291005645
0.000642102875464055
0.0006414285956061824
0.0006370889453196049
0.0005931595668149433
0.0005931597224748651
0.0005931597647069142
0.0005931605355142679
0.0005960145754735116
0.0005960357953370811
0.0005960365947009577
0.000596036670759564
0.0005960367482849515
0.0005960877920997842
0.0005969019668827558
0.0005969064252757127
0.000589729311345783
0.000589729311345783
0.0005898085812764082
0.0005899152500708718
0.0005899156461803712
0.0005899219120995129
0.0005471505184401216
0.0005471508004843667
0.0005501738128463102
0.0005502738283384562
0.0005503735429400071
0.0005503737699644974
0.0005503770997307685
0.0005505066836230373
0.0005066578239961295
0.0005066692859528185
0.0005066731874097935
0.0005068027152161754
0.0005068031627883428
0.0005068155279199564
0.0005068158060720333
0.0005071784413920351
0.0005071842798280799
0.0005071847187689305
0.0005071849441883242
0.0005071851460809103
0.0005071898042750036
0.0004914211281795623
0.0004914211682126009
0.0004914217600844391
0.0004914219526468683
0.0004916599655323241
0.0004917227508444384
0.0004918977024782429
0.0004918977440913741
0.0004919122452768362
0.0004919387537081533
0.0004919387537081533
0.0004919468316296696
0.0004912570417714567
0.0004912616598927442
0.000491262027990354
0.0004912625126142316
0.0004912630385035834
0.0004913049445585894
0.0004941568653596334
0.0004780046270305779
0.00047806895650098167
0.00047832275767969046
0.0004784708357127368
0.00047847130540365203
0.00047847135228586303
0.0004785572862404465
0.00047855774440684623
0.0004787368351846418
0.0004787368351846418
0.000478770013782005
0.0004787702369633184
0.0004791101776077166
0.00047911054371577584
0.00048628632209771135
0.0004862953341632488
0.0004868437382948101
0.0004868442026879989
0.00048684487498111323
0.00048688507088602903
0.00048688546195220945
0.0004868906626661718
0.00048689075918465646
0.00048702039941949803
0.000487020994002096
0.0004870629814494648
0.0004870632216617217
0.0004870632216617217
0.0004412999130205871
0.00044131713083902217
0.0004413173779461074
0.0004416610138961322
0.0004487852426880444
0.0004487859283416219
0.0004487962037933805
0.0004488525963361324
0.00044848201295158733
0.00044848235757587483
0.000448487279813311
0.00044848748568780005
0.00044848798188059546
0.00042712354597925026
0.00042746300506833133
0.0004274633369326898
0.00042746360906021925
0.0004274669224669901
0.0004274669224669901
0.00042764042360879747
0.0004276405598406262
0.00042764382562840994
0.00042772224989796404
0.00042772271902777277
0.0004277228743709641
0.0004277263316754237
0.0004277297398353743
0.0004277303696356312
0.0004277303696356312
0.0004279685038640436
0.0004283124752643485
0.00042831285149057594
0.0004283136083504714
0.00042833519048530983
0.00042833535161596444
0.00038514230971242844
0.00038514568763056543
0.0003851466764294326
0.0003851475600913664
0.00038514820523523666
0.00038517887849908827
0.0003851789498497375
0.00034236464616409505
0.00034236464616409505
0.00034236482784276304
0.00034236482784276304
0.00034288803871660573
0.0003428928944389068
0.00034290315620757555
0.00034291434062997154
0.000342914704608148
0.00034291509732169503
0.00034291509732169503
0.0003429160201077733
0.0003429160973041535
0.0003429163736119708
0.0003429163736119708
0.0003429672595359065
0.0003429672595359065
0.0003408646451136772
0.00034086557260276483
0.00034086621050704517
0.0003408664990168903
0.00034092923243499385
0.0003410288692091337
0.0003410293808620047
0.00034102997951341777
0.00034103152979523085
0.00034103172151135196
0.0003418462256788583
0.00034266069952691323
0.0003426668398061936
0.00033541927690034347
0.0002925197318609651
0.00029251990631856743
0.00029251990631856743
0.0002925202280904442
0.00029252106667518183
0.00029395221205982114
0.00029403105900375603
0.0002940318381183809
0.00029403216363521053
0.0003225286855453583
0.0003225287441811545
0.0003226286910968623
0.0003226412009717817
0.00032264232265586323
0.0003226493414039923
0.00032278776872313137
0.0003229176381591771
0.0003229177389654449
0.00032295276326315184
0.0003229538933729471
0.00028038257166082027
0.00028038323312376675
0.0002806209792143483
0.00028062209531491667
0.00028062244215178866
0.0002806225826617177
0.0002806225826617177
0.00028063164146025063
0.00028063178448757553
0.00028063178448757553
0.00028063260373222074
0.0002806327492751793
0.0002806327492751793
0.00028063322707728197
0.00028063322707728197
0.00028063417286855924
0.00028063485758446604
0.00028063493371012363
0.0002806358993702865
0.0002806358993702865
0.00027540101841368284
0.00026541450644721197
0.00022078755115558475
0.00022078809503689567
0.00022078825152606267
0.00022078833195983595
0.00022078849433551567
0.00022078857782349592
0.00022078857782349592
0.00022078908177380527
0.00021906586770923037
0.00021906595119721057
0.00021906640073042803
0.0002190669439700229
0.00021906845742191377
0.00021906913896712404
0.00021906913896712404
0.00021906913896712404
0.0002190696669252924
0.00021906971284085653
0.00021908117786828104
0.00021908126794467435
0.00021908126794467435
0.00021908189067451273
0.00021976345365571235
0.0002197641537792193
0.00021976468026966284
0.0002197647721007911
0.00021976491539463743
0.00021977798896149057
0.0002197784875375977
0.00021977917897012008
0.0002197807006865209
0.0002197807006865209
0.00021978122125863276
0.00021978176513994367
0.00021978233374313238
0.00021978302791376056
0.00021978318092674104
0.00022002127571531387
0.00022002200947231608
0.0002200221701127273
0.00022002228830138908
0.00022002234929740218
0.0002200371431029055
0.0002200395802934358
0.00022004036437737827
0.0002200565227622452
0.00022007664147616612
0.00022089164899196653
0.0002208918255431399
0.0002208918255431399
0.0002208927021040124
0.00022089288243782028
0.00022089299232037416
0.0002209144179725576
0.00017814122169783082
0.00017814221956032001
0.00017814283950023715
0.00017956772319784836
0.00017956794046824844
0.0001795679977307623
0.0001795679977307623
0.00017956808120504696
0.00017956819939370872
0.00017956882899291052
0.00017956882899291052
0.0001795695093169908
0.00017957021959250473
0.00017957021959250473
0.00017959634207340966
0.00017959634207340966
0.00017959634207340966
0.0001795965626879701
0.0001795965626879701
0.00017959759068643345
0.00017959765718287106
0.00017959765718287106
0.00017959765718287106
0.00017959844703659285
0.000179600217174239
0.00017960031133861423
0.00017960047892062186
0.00017960067933979116
0.00017960067933979116
0.0001796018281914846
0.0001796018281914846
0.00017963138297098509
0.00017963259940218993
0.00013567927471072665
0.00013567953625880352
0.0001356796430194226
0.00013567994652658328
0.0001356812359436604
0.00013568131941794507
0.00013568280319221094
0.00013568280319221094
0.00013568300717459183
0.00013568312888213535
0.00013568321642781094
0.00013568321642781094
0.00013568321642781094
0.0001356833979949518
0.00013568352302179191
0.00013568497690533295
0.00013568523740977866
0.0001356853315741539
0.00013568546731261173
0.00013568556383109637
0.0001356856627828201
0.00013568580236293241
0.00013568580236293241
0.00013996036354164845
0.0001399605690782689
0.0001399954907907738
0.0001399954907907738
0.00013999594699465423
0.00013999594699465423
0.0001400378530496601
0.00014003806935595792
0.00014003806935595792
0.00014003806935595792
0.00014009050196451175
0.0001400907755236261
0.00014009253849226627
0.00014009253849226627
0.0001401569247141033
0.0001401570432188167
0.00014015728995320036
0.00014015728995320036
0.00014015741842114617
0.00014023570445797037
0.00014023587042254464
0.00014033563923318437
0.00014033581022698818
0.00014318559819569658
0.00014318587351426666
9.3309299931201e-05
9.331117714578623e-05
9.331117714578623e-05
9.331117714578623e-05
9.331133362844121e-05
9.331166072367014e-05
9.331200794578195e-05
9.331218962445e-05
9.331237698057642e-05
9.331237698057642e-05
9.331237698057642e-05
9.33143851636211e-05
9.331457843625676e-05
9.331457843625676e-05
9.331477787716806e-05
9.331477787716806e-05
9.331519633944474e-05
9.331519633944474e-05
9.331519633944474e-05
9.331519633944474e-05
9.331519633944474e-05
9.331519633944474e-05
9.344494374200278e-05
9.344494374200278e-05
0.00010074213831579928
0.00010074238087723445
0.00010074289148169903
0.00010074289148169903
0.00010074289148169903
0.00010074289148169903
0.00010098035912673239
0.00010098035912673239
0.0001009809064162582
0.000101320145909163
0.00010132258604369884
0.00010132258604369884
0.00010132258604369884
1.5786898088491725e-05
1.5786898088491725e-05
1.5786898088491725e-05
1.5786898088491725e-05
1.5786898088491725e-05
1.5787829067019775e-05
1.5788163058081708e-05
1.5788163058081708e-05
1.5788509894953712e-05
1.5789244819289476e-05
1.5789244819289476e-05
1.5789244819289476e-05
1.5790039726778344e-05
1.5790039726778344e-05
1.5790039726778344e-05
1.5790039726778344e-05
1.5790039726778344e-05
1.5791359493667377e-05
1.5792335871877207e-05
1.5792335871877207e-05
4.4288453275880914e-05
4.428897384799279e-05
4.428897384799279e-05
4.4289517729303706e-05
4.4289517729303706e-05
4.429008633249238e-05
4.429068117890516e-05
4.429068117890516e-05
4.429068117890516e-05
4.429068117890516e-05
4.429068117890516e-05
4.429068117890516e-05
4.429068117890516e-05
4.429068117890516e-05
4.429068117890516e-05
4.4291303908743535e-05
4.4291303908743535e-05
4.4291956292383734e-05
4.480149948233147e-05
4.480149948233147e-05
4.48022170698363e-05
4.48022170698363e-05
4.48022170698363e-05
4.480459504830056e-05
4.561876983127209e-05
4.562056991163525e-05
4.562056991163525e-05
4.5621543804916315e-05
4.5621543804916315e-05
4.5621543804916315e-05
4.5621543804916315e-05
4.5621543804916315e-05
4.5621543804916315e-05
4.562257180337967e-05
4.5623657990435284e-05
4.562480684212872e-05
4.562480684212872e-05
4.562480684212872e-05
0.0
0.0
0.0
0.0
0.0
0.0
0.0
0.0
0.0
0.0
0.0
0.0
0.0
0.0
0.0
0.0
0.0
0.0
0.0
0.0
0.0
0.0
0.0
0.0
0.0
0.0
0.0
0.0
0.0
0.0
0.0
0.0
0.0
0.0
0.0
0.0
0.0
0.0
0.0
0.0
0.0
0.0
0.0
0.0
0.0
0.0
0.0
0.0
0.0
0.0
0.0
0.0
0.0
0.0
0.0
0.0
0.0
0.0
0.0
0.0
0.0
0.0
0.0
0.0
0.0
0.0
0.0
0.0
0.0
0.0
0.0
0.0
0.0
0.0
0.0
0.0
0.0
0.0
0.0
0.0
0.0
0.0
0.0
0.0
0.0
0.0
0.0
0.0
0.0
