23395
23395
23395
23395
23395
23395
23395
23394
23394
23394
23394
23394
23392
23392
23392
23392
23392
23392
23392
23392
23392
23390
23388
23386
23386
23385
23383
23383
23383
23383
23382
23382
23382
23380
23379
23379
23378
23378
23378
23376
23376
23375
23374
23372
23371
23370
23368
23368
23364
23363
23362
23359
23357
23355
23355
23353
23352
23349
23349
23344
23340
23337
23335
23332
23331
23328
23327
23324
23323
23319
23317
23315
23315
23314
23310
23308
23306
23304
23302
23299
23297
23293
23291
23291
23290
23283
23281
23280
23278
23277
23276
23276
23273
23271
23268
23263
23256
23249
23247
23242
23238
23233
23232
23226
23221
23220
23217
23211
23210
23207
23202
23197
23195
23192
23187
23181
23171
23170
23166
23164
23163
23161
23155
23147
23143
23141
23140
23139
23134
23128
23124
23120
23116
23110
23108
23102
23098
23091
23087
23083
23077
23070
23068
23064
23054
23046
23039
23036
23034
23029
23020
23019
23013
23008
23005
22999
22993
22989
22984
22979
22977
22964
22959
22955
22949
22943
22939
22934
22930
22924
22923
22912
22909
22900
22893
22885
22878
22870
22863
22859
22856
22849
22843
22834
22829
22827
22822
22815
22807
22804
22794
22787
22779
22771
22765
22759
22756
22746
22740
22736
22729
22722
22717
22709
22700
22691
22687
22679
22670
22657
22647
22638
22631
22628
22621
22613
22608
22595
22582
22574
22566
22557
22549
22544
22537
22527
22521
22515
22508
22503
22494
22477
22465
22455
22445
22436
22430
22416
22408
22399
22385
22378
22364
22352
22340
22335
22325
22316
22312
22292
22277
22265
22253
22242
22232
22226
22218
22214
22197
22189
22181
22177
22163
22156
22144
22135
22128
22111
22094
22082
22073
22069
22062
22049
22043
22029
22016
22000
21984
21977
21964
21955
21939
21929
21916
21901
21893
21878
21867
21853
21842
21829
21815
21799
21788
21774
21765
21752
21740
21728
21709
21688
21669
21660
21632
21619
21604
21591
21572
21559
21536
21523
21513
21498
21484
21463
21451
21441
21432
21420
21403
21385
21371
21358
21344
21331
21322
21303
21287
21276
21263
21249
21233
21215
21200
21175
21161
21152
21130
21119
21100
21078
21062
21051
21038
21021
20997
20986
20970
20956
20938
20914
20897
20887
20863
20838
20827
20816
20800
20778
20756
20737
20718
20695
20671
20645
20621
20608
20589
20564
20540
20525
20506
20485
20469
20452
20429
20403
20389
20371
20351
20330
20306
20276
20267
20249
20232
20204
20192
20174
20152
20139
20124
20104
20088
20071
20043
20029
20010
19984
19962
19941
19925
19908
19882
19857
19828
19811
19791
19767
19746
19719
19701
19658
19638
19613
19591
19559
19538
19509
19486
19467
19449
19429
19389
19358
19335
19313
19295
19267
19237
19206
19186
19167
19140
19118
19089
19065
19040
19004
18974
18952
18928
18887
18871
18846
18817
18788
18770
18743
18712
18683
18663
18633
18606
18585
18554
18532
18498
18480
18448
18402
18371
18350
18317
18279
18256
18226
18196
18177
18150
18116
18087
18060
18027
17997
17971
17932
17888
17856
17831
17797
17773
17741
17712
17677
17629
17591
17548
17528
17489
17461
17435
17396
17372
17344
17299
17274
17245
17196
17154
17112
17065
17020
16998
16971
16942
16915
16874
16838
16792
16748
16706
16663
16625
16596
16572
16521
16486
16450
16402
16374
16330
16297
16246
16199
16148
16113
16088
16048
16016
15985
15944
15905
15877
15811
15776
15734
15697
15646
15611
15549
15516
15477
15436
15408
15345
15306
15256
15199
15163
15121
15091
15058
15016
14968
14928
14884
14848
14787
14728
14681
14643
14606
14570
14531
14493
14453
14410
14361
14317
14260
14224
14185
14135
14087
14010
13963
13928
13879
13827
13759
13726
13675
13636
13594
13543
13509
13443
13383
13333
13301
13222
13169
13117
13066
13003
12966
12921
12873
12809
12763
12696
12655
12597
12560
12499
12436
12389
12347
12309
12276
12211
12169
12134
12100
12059
12014
11966
11908
11823
11737
11655
11598
11550
11472
11414
11350
11305
11260
11181
11135
11087
11039
10993
10939
10886
10824
10764
10699
10653
10600
10546
10482
10450
10400
10348
10284
10244
10187
10109
10049
10005
9974
9932
9851
9776
9692
9650
9611
9579
9514
9462
9406
9357
9305
9244
9205
9132
9067
9034
8982
8892
8829
8786
8718
8653
8594
8534
8479
8419
8339
8273
8203
8134
8041
7957
7877
7813
7758
7678
7578
7500
7454
7390
7328
7282
7252
7159
7114
7080
7041
6975
6933
6893
6839
6778
6730
6663
6600
6515
6457
6404
6347
6279
6178
6130
6088
6029
5993
5948
5900
5863
5838
5784
5677
5600
5532
5479
5410
5337
5266
5233
5185
5135
4980
4939
4874
4826
4768
4723
4674
4504
4408
4355
4305
4251
4199
4117
4090
4028
3982
3908
3811
3744
3691
3652
3581
3520
3458
3434
3387
3337
3321
3253
3212
3166
3136
3126
3095
3083
3052
3003
2940
2923
2850
2817
2766
2689
2644
2621
2549
2489
2459
2419
2366
2327
2309
2272
2243
2211
2161
2112
2065
1966
1952
1773
1623
1604
1567
1545
1530
1481
1453
1442
1402
1376
1364
1332
1317
1304
1277
1252
1234
1211
1189
1175
1158
920
902
782
774
767
757
741
734
724
713
681
675
605
580
577
490
481
468
435
433
431
424
408
400
393
384
370
366
364
355
286
281
276
272
272
266
257
238
222
217
208
198
194
187
179
176
165
154
152
151
150
148
141
140
136
132
130
34
33
33
33
33
32
32
32
31
31
31
31
31
31
27
26
25
25
25
25
24
24
24
23
23
22
19
19
19
16
16
16
16
15
14
14
13
13
11
11
11
11
10
9
7
6
4
4
3
3
3
3
3
2
2
2
2
2
2
1
