0.4605994152046784
0.28209141234095586
0.24906389906389903
0.21814344389527904
0.17554749198099487
0.16368064217234246
0.15765380566646947
0.1329414118692834
0.11024743553535296
0.10298418628985134
0.09048450407148052
0.08916963267349007
0.0861838187019412
0.08255662249958086
0.07416719735428365
0.07176691204483787
0.06581064822622458
0.06078470744176743
0.05763925328924184
0.055633093720474744
0.055313210801042845
0.0524241803867716
0.05077356036052378
0.049786222965441614
0.043920263311866464
0.04290648424270462
0.03872005040283623
0.03813299980531859
0.036015474438456145
0.03501299645762126
0.03374258923202116
0.032103199123752826
0.03236313630604144
0.0305051163206615
0.028756196912681477
0.02786554218363603
0.028393791121682003
0.027357381327831894
0.02638454883575671
0.025619597422171392
0.026031179310079686
0.02632782424739989
0.025958435685243662
0.02532492528873398
0.024668750232021086
0.02394947784760672
0.02364794333602525
0.022832201161741866
0.02165743042468443
0.02200938348909901
0.021297624233776423
0.020560379091068313
0.02060399939510562
0.020938476118039045
0.020423457281047577
0.019968177414186564
0.018975649422711422
0.02004945461642429
0.020109296079583155
0.020533984141484225
0.02072929247126445
0.020985308646661573
0.02061517845661069
0.020158415511417525
0.01898885444181945
0.018447571152961483
0.01863305842487957
0.018321288373789837
0.017844040896075067
0.017561236983307152
0.016900548422657344
0.01683307251008844
0.017038438749176165
0.01674588964824504
0.016960521579263633
0.017260402043413146
0.01702285891527846
0.016796184263782318
0.01760900033719718
0.017836129513213485
0.018104248642247394
0.017791674831376798
0.017478481295808822
0.01687380377680356
0.017078252586184048
0.016543150498109806
0.016043648394520302
0.015209250189893305
0.015407677448679805
0.015179979709125858
0.014991969355179921
0.015263028301794906
0.015066661142732933
0.015376044812393195
0.01520563126799221
0.014761795802450935
0.014586953020805685
0.01424837999167968
0.014079402942380128
0.01386076837087984
0.01367351430058558
0.013538360881847697
0.013385586629752293
0.01295070591782767
0.012790862117841056
0.013045105821001294
0.012908572247281517
0.013254788332835497
0.013110652637404973
0.01340770427507137
0.013641603970707504
0.013496308266151683
0.013097182915084162
0.012917942261160687
0.01279191501699913
0.012678715360627186
0.012568770571326047
0.01291739333982905
0.012790199287568534
0.012558197144898926
0.012574873365878168
0.012797600658660738
0.012686007724157157
0.012559842014885032
0.012597622680184684
0.01227414196901969
0.012156447140335558
0.012060724290114384
0.012280790500380253
0.01231633879340397
0.01201711700030335
0.01192277490179404
0.011782730694237267
0.01169318457156988
0.011876140235356472
0.011739857802200854
0.011650204717658591
0.011609079011450281
0.011776713068751372
0.01168686129923822
0.011214556152403554
0.011088473075520697
0.01190893897963926
0.011776321709079024
0.011657993827420584
0.011392967633859072
0.011587723947396199
0.011329042448052594
0.011198141027600896
0.01110415405314444
0.01129400926948603
0.011289664879719122
0.011040303860412534
0.01096312797820634
0.010846456563071242
0.010775853960631304
0.010701227504937762
0.010626808379126648
0.010559068732232712
0.010491562524694244
0.01042592863856802
0.010314537406756821
0.010251102513112075
0.010510326813927164
0.010400540834666327
0.010336960971643513
0.010257844635672923
0.01045836902638505
0.010395964756716128
0.010569549918461346
0.010507555371152322
0.010444624246073274
0.010229532663217104
0.010160036741990135
0.010390594278976964
0.010323683901744473
0.010221954223508273
0.009974536943735695
0.009918519324365061
0.00986144375014052
0.009754783969454296
0.009663153363285076
0.009463983222905538
0.009412354480708948
0.009360092348616622
0.009470354035995528
0.009415105007780858
0.009326545069328946
0.009699926696910529
0.009639613825075643
0.00958743550743174
0.009530890482704595
0.009689580395755765
0.009629696473975985
0.00988697584688066
0.009699497542739601
0.00964258231452254
0.009456356969211935
0.009472191149738607
0.009288498989276552
0.009224824392413603
0.009145893198331444
0.00929608778250428
0.00924369064528639
0.009183594545322778
0.009333867901215086
0.009287608752263437
0.009109768936203506
0.009064449472461837
0.009008011243831783
0.008965114792639532
0.008878648074728743
0.008803799730586984
0.008977298033352862
0.008922877933738875
0.008881179838763095
0.008837543920645735
0.008784699718576424
0.008711298358318928
0.00854891726624753
0.00851017280442988
0.00818129927259635
0.008144386852301483
0.008101023181192702
0.008030557791155062
0.008141319552965653
0.00809334895206596
0.007937801020194792
0.007897853739723971
0.007853690924955149
0.007701833136361605
0.007668280954536748
0.007623706072497105
0.0075614646398051285
0.0075282385186665355
0.007495971831070419
0.007604076638457353
0.0075696887666818246
0.007531965510081647
0.00766689948395968
0.007596597594324496
0.007564994825613661
0.0075274443823577985
0.007493585555264744
0.007451007721573706
0.007282426720745426
0.007145035964822349
0.00711550596471304
0.0069794351412100514
0.006948372562764496
0.00691557237458513
0.006886992005768228
0.007233628240345229
0.007204959961660904
0.007176623307375371
0.007144476176527266
0.0071150794405509775
0.007061144591120296
0.007161935108744163
0.007134023628727413
0.007406149917745431
0.007377769091667309
0.007339398487509589
0.007304539512124117
0.007427758584694254
0.0073960691488528
0.00736816124379066
0.007339643247094417
0.007286439230906633
0.0072537643885914075
0.0072265691437757296
0.00719841515848745
0.007062432263040563
0.006904816508297965
0.006879668696362225
0.0068431461155856336
0.006817696807996497
0.006686675477103699
0.006829735978163076
0.0068044915028055266
0.006919746745408677
0.006766656521834262
0.006741118653373514
0.006716942875600902
0.00666959104984772
0.006644115438282618
0.00675992443882057
0.0067360311547508996
0.006708090178056163
0.006675512649221216
0.006650964034421272
0.006627537604863941
0.006581683206961028
0.006554313581007649
0.00652758367959716
0.006505524896935649
0.006474578761307222
0.0065873021219746775
0.0065340421132004155
0.006595996406007908
0.0065738540740252595
0.006550337458208875
0.006528587137650255
0.0065065505487277835
0.006485201725270195
0.006463611918171272
0.006442479950717174
0.006412706412565356
0.006365911625450781
0.006259142411515212
0.006238707303998426
0.006218673797166228
0.006189655248377862
0.006169092915993276
0.006064861060280723
0.006045613963642683
0.006026321524037487
0.006006207294787032
0.005985816594208204
0.005958769533397641
0.005936020166755136
0.005914788941856183
0.005887245347743326
0.0058358357049915575
0.005772019333373322
0.005737416238099103
0.005717435304298266
0.0056994155330109325
0.005600967931580827
0.005583003211779081
0.005565770517449187
0.005669009400081661
0.0056513576346887565
0.005633449733935331
0.005595652137783545
0.005703587269323709
0.005606411663064228
0.005581798674109848
0.00548422546231053
0.005465506372186557
0.0054493587324374055
0.005431837482911714
0.005521538398879915
0.005485901956978843
0.005469775813149771
0.0054536696461883645
0.0054378010813475874
0.005537495105172227
0.0055211791457386835
0.005619735849511865
0.0056028357525869255
0.005684163092399001
0.005659903115315329
0.005756145501635764
0.005739246780626536
0.005704118756981729
0.0056877433599360145
0.005667821114888997
0.005651382277302701
0.00563128489875867
0.005608234129624655
0.00558522816644504
0.005561080721503931
0.005542001271111717
0.005526097916182078
0.0054378942271518975
0.005422858050576666
0.005407827067412651
0.005374990108616135
0.005351113663954901
0.005372505217475764
0.005354064292224697
0.005339257877396428
0.005252917379145875
0.005238513166795016
0.005223947655677667
0.005350257302440785
0.00532738782999776
0.00524095679916506
0.005226789669001628
0.005212876154830768
0.005193473609997459
0.00517276260652774
0.0051591599818759885
0.005145745105518039
0.0051321610456563135
0.005118452695349342
0.005100357549779225
0.005084055742668062
0.005069583127743174
0.00498121680920667
0.004968420579546643
0.004938795202533373
0.0049241385928546185
0.004911600680233065
0.004882291343101373
0.00480282091705661
0.004790739434101637
0.00477841649688955
0.004749414894002973
0.0047375604593912655
0.004722752744669484
0.004810248183711137
0.004797414230504417
0.004785272707327938
0.004772631237127547
0.004757373031003539
0.004745577466150019
0.004733954971400219
0.0047221822666019325
0.0047101359468519665
0.004804722118792814
0.004712303426868255
0.004694431852159352
0.0046830315091433835
0.004671708074334611
0.0045900503023433015
0.0045789879031123085
0.004567693295123465
0.004556589082196125
0.00454552201696471
0.004534678959311761
0.004508202438871834
0.004434552563116756
0.004424110022902071
0.004507560583612789
0.004709224336936525
0.004791574919707273
0.004780028888158552
0.004767408330285696
0.0047562505548062115
0.004683498321390108
0.004672674201691261
0.004646539309901927
0.004634071936642559
0.004623420893435771
0.004612842423090232
0.004601538555034875
0.004684140416008591
0.004673218764837335
0.004662522570861121
0.0047423376161257885
0.004731608545497898
0.0047209012564064816
0.004815096613104256
0.0048041457102129
0.004792622447333048
0.004721942922370292
0.004703156736540577
0.004633436721625589
0.004622998500684891
0.0046127541803334645
0.004602255671295814
0.004591153442936654
0.004580484714156543
0.004570260146027463
0.004559750873808996
0.00454977367544671
0.004638510856342739
0.004622548214449939
0.004612413244492629
0.0046013070414517
0.004591005067476795
0.004563868696374493
0.004552906056464889
0.0045429831580792715
0.004533210102738825
0.004521139156361175
0.0045114324186314204
0.004501760658785617
0.0044915310592759106
0.004481463626003937
0.004464902685861783
0.004455233982955289
0.004431825369026972
0.004506115658207433
0.004494990964810101
0.004471546065862369
0.004457176506936503
0.0044478769547141445
0.00443634917143204
0.004427073529518606
0.004412032180125669
0.004347833209127386
0.004332357199305696
0.004323192899168348
0.00430059382342939
0.004291311538419861
0.004282321185369998
0.004270811057575439
0.004341093266506691
0.004332267710793639
0.004308993934228261
0.004294751884276744
0.004285965830061907
0.004277301725094932
0.004349183567215771
0.004326021367822591
0.00426384720225637
0.004255309068281916
0.004246749718837971
0.004238217015163925
0.004227121765161787
0.0042026401229687885
0.004193631372975215
0.004185343390744113
0.004177029795888862
0.004168566499193664
0.004098856611220061
0.004088082541286192
0.004079127663490026
0.00407005925590448
0.0040569266402954605
0.004048920096746972
0.004040939831705811
0.004032058901674355
0.0040227175771622575
0.004014928491518528
0.003994160280381843
0.0039864553713587075
0.004054125320882576
0.0040460528174864905
0.004038304256994863
0.004027932457801117
0.00401984778266609
0.004012119751629342
0.004004431402125721
0.0039962278581037345
0.003983455214167095
0.003975927007321439
0.0039558735767698215
0.003948282438168205
0.003940818205749791
0.003933414608868988
0.0038759805469749087
0.003863761149331867
0.0038565219146941923
0.0038492984045653566
0.0038421137309719014
0.0038346872079665
0.0038226695437840264
0.003766398180684582
0.003747179397717567
0.003691256380111943
0.003635435734764254
0.00362788815800235
0.00361949781306771
0.0036117314091088687
0.003605132695822669
0.0036688673621960133
0.0036621995327330258
0.00365464181812861
0.0036408002534093677
0.003634166006413015
0.003577751114089028
0.0035712676308788595
0.003516987342659668
0.0035078321809874887
0.0035015083963145597
0.0034951308872184722
0.0035603496654333365
0.0035534364220942112
0.0036167777014180502
0.0036053376050541553
0.003598657462236389
0.0035922369035799265
0.003585840328244079
0.0035795100626385265
0.0035732005643520286
0.003565652517289979
0.0035835125993792694
0.003577111839103672
0.003569533218112165
0.0035632342828257452
0.0036381721152125854
0.0036318147532709132
0.0036254409235485234
0.0036189572952661352
0.0036126830288413336
0.003606413939021389
0.0036001770054860677
0.0035939907473410814
0.003587728583875511
0.0035815367043978597
0.003563079837500535
0.003556883484604989
0.003550819805068459
0.003544762103041252
0.003538663535753235
0.0035874728436383267
0.003581395895272231
0.0035753414142952102
0.003524341388248163
0.003518356376105141
0.003503350427653478
0.0034974147072213547
0.003568894326843839
0.003562749263884406
0.003556802191683455
0.0035508032676214636
0.0034982943565163432
0.0035763447652658697
0.003559347411814491
0.0036196889779455403
0.00356939501023328
0.0035634972089421246
0.0035543796032944355
0.003548507019784094
0.0035422845732887755
0.0035340164751989397
0.003528120407376994
0.0035196537919240795
0.003513905020121523
0.003507648714051922
0.0035018455552374064
0.0035494955179181374
0.0035431694420966675
0.0035374313735672134
0.003531622132379372
0.003600689144029082
0.003594802210511576
0.0035890162697642205
0.003583212081844057
0.003566717688575126
0.003560915327431053
0.003554451289680854
0.0035487192159480534
0.0035430575661117188
0.0035352907619423633
0.003529649255427789
0.003524027384995789
0.003518036114223635
0.0035124737032371945
0.003506903199671854
0.003501374152273822
0.003495843030290048
0.0034902581288023702
0.0034429984199090278
0.0034371600433949047
0.003431724962498033
0.003426362550480104
0.0034209654623586806
0.003415584671935106
0.0034101862123833097
0.0034033360325875727
0.0033957336699487056
0.003390251585695263
0.00338501258152112
0.003379772888076593
0.0033742323800007006
0.0034388847622133984
0.0034332560581869635
0.0034235657744700206
0.0034183258566451713
0.0034108137607927634
0.003400856984020327
0.0033944911558833643
0.0033893274427437893
0.003374068628070244
0.003368826480816952
0.0033632307123661696
0.0033581390322450166
0.0033517976831732932
0.0033467163704438917
0.0033415946066717504
0.0033364623398874933
0.003291437131632764
0.00328648483724265
0.003241713977421291
0.0032366687322824363
0.003231510854431343
0.0032167724371616516
0.0032119891664762826
0.0032071815432614973
0.0032024231248795735
0.0031541842708989105
0.0031492799017968378
0.0031439276693631993
0.0031000181471374406
0.0030934535964093133
0.0030888918610060445
0.003084170169818461
0.003069896196231851
0.0030654086614266733
0.003060455934202871
0.0030559817874422184
0.0031097662896087353
0.003103308912082587
0.0030987447460051982
0.003094241784229278
0.003085852070250861
0.003080273469302074
0.0030757833850939844
0.003071289453099952
0.003066686633677186
0.0030607814853118947
0.003056259563285758
0.0030516166286487837
0.00304724349522471
0.0030422083202908696
0.0030378630956612385
0.00302937580205029
0.0030250670598833914
0.0030207606334804312
0.0029765830159232485
0.002972337480517168
0.002968115650262916
0.0029545069809816414
0.0029503190460517946
0.00299772247277138
0.0029935062747818626
0.002989120022372861
0.002984919921697361
0.0029793592760546323
0.002975051565271097
0.0029707489350620938
0.002956418377949174
0.0029522577795503525
0.0029444441678496388
0.002938497804892423
0.002934379606918372
0.0029296055334130733
0.0029249587706182928
0.0029209126811252845
0.00291679649598287
0.0029121189101655332
0.002906213665244132
0.0029015640834403433
0.002893259646362261
0.0028886418675176276
0.0028846866467264237
0.002880619116344752
0.002876430120657005
0.0028725097701104464
0.002859512540134155
0.0028545487881059687
0.002850666163310613
0.002846782479032872
0.002897034228124428
0.0028570762721163963
0.0028442197139390978
0.002840378597266173
0.002835256819703491
0.002830960389878174
0.0028181386115620592
0.002814359353911973
0.002810575275865511
0.0027699918534506546
0.0027644331358233688
0.0027589489500620353
0.002755273540266827
0.002751585267030666
0.0027479282981633713
0.002740708980854585
0.0027335472082601056
0.0027263135555883732
0.0027225120951759733
0.0027188818386434917
0.002715289380676668
0.0027115768128321564
0.002698226891211895
0.0026944865341170087
0.0026907293327712066
0.0026871988284430447
0.0026835164759299516
0.002679715789476057
0.0027315471958056126
0.0027279730588759266
0.0027243201717038717
0.002720448235226193
0.0027169038344427264
0.0027133834699369667
0.002709868087150962
0.0027063673847906103
0.0027018426727237247
0.0026983585529035447
0.0026948817959304835
0.0026913195690771875
0.0026876384364103454
0.0026829514138793876
0.0026795054148439474
0.0026757145563090323
0.0026714758966700242
0.0026680652101842665
0.002664558452150648
0.002661158475042249
0.002657770543358085
0.0027085285287793306
0.0026964394760481264
0.0026930198921204713
0.0026896133745508617
0.002686206483704433
0.002682802465592119
0.0027299021542942694
0.002692516262495977
0.00268683320539816
0.0026834589534483456
0.0026796627052946284
0.0027266486508621137
0.002723122329483676
0.0026864305711636447
0.002681425151917398
0.002669274595517716
0.0026540697317009886
0.002617646762537978
0.0026028170485744248
0.0025992498290929975
0.0025960162077471077
0.0025926919463659407
0.002589273184906214
0.0025825538426787575
0.002579254217016834
0.0025760668093877397
0.0025725099211369017
0.0025692005545394723
0.0025660372949118954
0.00256288230607196
0.002559749471153762
0.0025566165536138764
0.002549630380516311
0.002546523553538547
0.002542488579149897
0.0025384145178977335
0.002535331646081643
0.0025241650689620744
0.0025210990185966717
0.002518046500056892
0.002514769035925533
0.0025101486340863453
0.0025563579618248034
0.002553262610664364
0.002550190835234333
0.0025471264999952963
0.0025437725150085407
0.002540700450804813
0.002537016310979803
0.0025339854680318866
0.002529359710714617
0.0025262400428114756
0.0025229575914186963
0.002519198327636712
0.002516205236583107
0.0025130442886759415
0.002510036582713221
0.0025069821745413935
0.0025040117605231614
0.0025008675660587007
0.0024900192956589322
0.0024865183011887507
0.0024835689115879312
0.0024806505377320976
0.0024767730268466653
0.0024738623392238463
0.002470406890893336
0.0024675112541760625
0.002464364047612945
0.002523096108537463
0.0025201545232953707
0.0025171958277954184
0.0025142594707078364
0.002511336682423461
0.0025083304655473325
0.002474487927621418
0.0024715924875118693
0.0024687330160521816
0.002465880247926549
0.00255775075318507
0.002524056108610775
0.0025205963806435184
0.0025175890701218803
0.0025146718577330903
0.0025117840893948136
0.00250889727899417
0.0025023810072485483
0.002499460322527265
0.0024965983131817666
0.002493559520502455
0.0024907162398157857
0.0024878647670534353
0.0024816298247694437
0.002478811610153491
0.002475990433832699
0.002465619401897928
0.002462827341689789
0.0024600385060951284
0.0024571913206859995
0.002454164861501004
0.002449360854894172
0.002443577760130177
0.002440819619910337
0.0024345522744453263
0.0024317331341896053
0.0024290064019570146
0.002426269500437879
0.0024235530246964915
0.002420839563293186
0.002417956771065807
0.002407832947555854
0.0024051275100134316
0.0024018996910218564
0.0023992333670543368
0.0023962103997295756
0.002393504414426018
0.0023907530656610714
0.0023879228302614735
0.0023852866428893346
0.0023826306087712883
0.002379974838860102
0.002377345198786436
0.0023732632750232624
0.0023705411144832027
0.0024121684658272593
0.0024090036818031333
0.002403417301315075
0.00240078968709341
0.0023979890335299385
0.0023952915150349534
0.0023854200853814923
0.00242289829252322
0.002420245813870163
0.002417551972257171
0.002414926789150066
0.002412303895795392
0.0024091755067963748
0.0024051082969334
0.002400940990325871
0.0023983350575210068
0.002395725678145208
0.0023931391384398276
0.002390554850435385
0.0023878866183331
0.002385324758400934
0.0023827669334143195
0.002372838748003039
0.0023703012099878804
