0.0023694743769682148
0.0023075674766632834
0.0023076604350392117
0.002309148036620312
0.002310755470938361
0.002310676926821989
0.002253742207456438
0.0022525388800896384
0.0022553048982699004
0.002257255977696672
0.002259327842995734
0.0022163513806600053
0.00222350711625181
0.0021666963644075485
0.002124301781515694
0.002124455765935315
0.0021244788480174015
0.0021208339027931023
0.002120839241592053
0.002121152693251856
0.0021226060958301936
0.0021226121048257456
0.002122706581016218
0.0020793310490084954
0.002076884253488856
0.0020791519032288867
0.0020791946292967097
0.002035575108430669
0.0019495285491420876
0.0019137605440497066
0.0019065515308986653
0.0019001485027135552
0.0019001544434756215
0.0019009961006645469
0.0019011083535586163
0.0019011097870241308
0.0019068960600871012
0.001907549923883503
0.0019147008978310613
0.0019147555252801481
0.0018715582622699767
0.0018705437700257223
0.0018339142262864556
0.0018463819355729611
0.0018493495096809013
0.0018493961031785676
0.001847352702016534
0.0018289499112203395
0.001828893724675429
0.0017861456826268776
0.0017749707379841858
0.0017751951881997492
0.0017752144541821572
0.0017752654880623343
0.0017752704475778563
0.0017270948707633277
0.001727113442501021
0.001727171838301917
0.0017277652424546343
0.001728151088075473
0.001728170619298813
0.00174134081934552
0.0017418140153935746
0.0017231072125548838
0.0017239247667732974
0.0017246067071825157
0.0017232465569742216
0.0017232631029071523
0.0017233364305776304
0.0017235766538044176
0.0017236444176952428
0.00171654712397717
0.001717060848692675
0.001717068871231797
0.001717434869572944
0.001717695387710914
0.0017177155667352137
0.001718060873203623
0.001710408273732842
0.0017104170171084432
0.0016558321497144048
0.0016545101106864757
0.0016546257656631707
0.0016575392667465987
0.0016575461958370486
0.0016590059295692376
0.0016596532590787585
0.0016575059167243146
0.001657327022311083
0.001600354571960447
0.001600393421407481
0.001591745714147089
0.0015918843259210408
0.0015918982838927034
0.0015900709002008627
0.0015471879931819239
0.0015475389377024313
0.0015475991485189849
0.0015504690472056327
0.0015508831536011703
0.0015484503662639357
0.0015484556792671438
0.001548504160570207
0.0015413682308305751
0.001541382607572618
0.0015415537554509522
0.0015414064390780466
0.001541516292534668
0.0015420376797864802
0.0015421292957748173
0.001537312169053663
0.0015375512513920299
0.0015361932336073558
0.0015364145842481991
0.0015364653840670081
0.0015372819988597947
0.0015372924059250932
0.001537346481967095
0.0015373593698288753
0.0014942529413007053
0.0014971311134136618
0.0014971782298706924
0.0014544907897465983
0.001449133809035355
0.001402113053809628
0.001402120389821883
0.0014025086767995036
0.0013882355151630063
0.0013882436592290127
0.001373047145197482
0.0013803893051858552
0.0013804359979095557
0.0013805601101023607
0.0013806162967902186
0.0013806406092174918
0.0013469406406566267
0.0013469496797585787
0.0013469590921712726
0.0013469952582364892
0.0013482754755340391
0.0013271193495192877
0.0013261944275615707
0.0013237208195863534
0.0013237315955646834
0.0013241512463583315
0.0013243302916404404
0.0013243335905372903
0.0013243367086155707
0.001280653006440422
0.001280667444101744
0.001280793940443131
0.0012811337050110845
0.0012666579000179872
0.00126666806768105
0.00126633648759858
0.00126634308148541
0.0012663508456236012
0.0012692090728518267
0.0012692156690719888
0.0012710319740804467
0.0012688972110239194
0.0012750611588808643
0.0012751099708126269
0.0012751263702878081
0.0012751282836864877
0.0012328747210053927
0.0012399989482794068
0.0012400554829582555
0.0012473591236041516
0.001247368064895533
0.0012473715242145617
0.0012473807220735164
0.001247380848243727
0.0012474619567517213
0.001247464856182257
0.0012545936995670074
0.0012546192095918862
0.001254552403172076
0.0012547959500959444
0.0012548282574447523
0.0012549278955800351
0.0012404842699504108
0.0012406964763196184
0.0012407384646347611
0.0012344221912871987
0.0012349335596383746
0.0012349399397017459
0.0012350134783135358
0.0012635152101771012
0.0012635382736651574
0.001264991024085752
0.0012579087035691331
0.0012579428080286557
0.0012503805089818679
0.0012360567348301144
0.0012360666714567516
0.0012389502380827796
0.001195982431985127
0.0011929657368794989
0.0011929684568295893
0.0011929908998722584
0.0011929975024910174
0.0011930090633618378
0.001193013106798241
0.0011930399191934734
0.001193066431074248
0.0011215211565788574
0.0011217727033332801
0.0011146549000627963
0.0011129264222894926
0.001112934996152513
0.0011129591581065055
0.0011130319776762132
0.001113035682045363
0.0011130380315680674
0.001113042432460919
0.0010691062636508548
0.0010167121748582682
0.0010171608660380675
0.001017989444215011
0.0010102210616287613
0.0010102228816015733
0.001010234495807123
0.0009939649202544189
0.0009896651457436153
0.0009896774514836105
0.0009898328704694957
0.000989836592951073
0.0009899148425084644
0.00099703970719611
0.0009970507079764717
0.0009891109404282995
0.0009747248742387639
0.0009761514334957554
0.0009761514815081382
0.0009761584408443267
0.0009761731515141509
0.0009762137479206225
0.0009762312409961563
0.0009762352185917017
0.0009762755320851376
0.000968952563763836
0.0009718063763360128
0.000979747026548123
0.0009797639891688012
0.0009798321287528323
0.00097884070640331
0.00097885569805974
0.0009760558382176173
0.0009760762555440409
0.0009761921108499732
0.0009763248804144989
0.0009763473803227167
0.0009767194678656495
0.0009767195372198934
0.001005224173348109
0.001005233585250253
0.0010052356412471796
0.0010052457832851816
0.0010052673689170883
0.0010052838332574971
0.0010081370919756403
0.0010089898766068978
0.0009969968983464309
0.0009958028571581817
0.0010029295753634124
0.0010029359251121893
0.0010031086288540317
0.0010031154319194737
0.00100311887975018
0.0010032541000931738
0.0010047267887748896
0.0010047910708966613
0.0010048043660208117
0.0010048524654335319
0.001004860769364406
0.0010049155910062941
0.0009906556072168862
0.0009910116071949837
0.0009910313307840625
0.0009910592001518346
0.0009911142643031672
0.0009911185708480986
0.000991136151888328
0.0009911438084719006
0.0009912067157469083
0.0009912562139187118
0.0009912613328566207
0.0009912901920205181
0.0009912932538555562
0.0009414946870208856
0.0009415274726969215
0.0009415297383422189
0.0009272704195567153
0.000832924067957254
0.0008329281609808017
0.0008329680931681466
0.0008182012943983071
0.0008182076161071478
0.0008182405162666498
0.0008182828424293978
0.0007900244177657013
0.0007900894310747377
0.000790314212755249
0.0007471656413335935
0.0007471745319285305
0.0007328562608729639
0.0007328849500912763
0.0007329179578434737
0.0007329503214616328
0.0006403033671960346
0.0006403092346986525
0.0006407356224154054
0.0006409770273070644
0.0006409957591949152
0.0006410323247040289
0.0006410391469046031
0.0006410568093079578
0.0006410693780550211
0.0006407920997993929
0.0006094734368129597
0.0006094751242921938
0.000609483380747566
0.0006095159998305182
0.0006095445982939599
0.0006062323340577433
0.0006062432376719583
0.0006063487871039974
0.0006064108310330525
0.0005563904694911245
0.0005564073706022081
0.0005564082146190138
0.0005564120730231817
0.0005564859111341796
0.0005564892811802304
0.0005564906958065897
0.0005574516859611331
0.0005502987970432525
0.0005503057420000488
0.0005503478243802913
0.0005503563332960665
0.0005504213599127062
0.0005504295929267898
0.0005505004290067002
0.0005505031207050953
0.0005505928385507219
0.000550596752862616
0.0005505973097537124
0.0005507837828249271
0.0005507847609486189
0.0005508009374774422
0.0005499199007552192
0.0005498687124987539
0.0005498730259101054
0.0005530696757524429
0.0005386134054029613
0.0005386813179058334
0.0005341042544939028
0.0005341259477290001
0.0005341312069400143
0.000537008022040756
0.0005370432344868467
0.0005655743560576186
0.0005655743560576186
0.0005660892591010206
0.0005661004837752418
0.0005661037805878417
0.0005592332812019144
0.0005023106459729187
0.000502323162672759
0.0004552989148529672
0.0004552996055901837
0.0004624242586625887
0.00046242792611656604
0.00046243140068742396
0.00046247554740932626
0.0004627159148241416
0.00046271597563059133
0.00046279497097137
0.0004632227080754199
0.000463223734532533
0.0004633050482781797
0.00046364616798366264
0.0004650824736767671
0.00046508721318907516
0.00046521594053058093
0.00046521698071254146
0.000466647945466224
0.0004666512616137659
0.0004665077427112385
0.00046652769870916876
0.00046652769870916876
0.0004665309210870765
0.0004644769439245562
0.0004644807656699644
0.0004645617884287481
0.00046457661154136623
0.00046458026660031715
0.0004646241743013327
0.0004646248582519233
0.00046464225412767087
0.0004646429223271848
0.0004646480871119911
0.0004646499182029904
0.00047177643741613687
0.00047177643741613687
0.00047179191368647717
0.0004718059927958665
0.00047182406453730787
0.0004718653218233035
0.00046485940007955117
0.000464859600923718
0.0004630318199874309
0.0004701566606178292
0.0004553242311926769
0.000455346323613451
0.0004581978888007614
0.0004583188390626583
0.0004584069077989465
0.00045842189074255267
0.0004655700784727084
0.00046557688448724423
0.00041567302642747574
0.00041567404394777244
0.0004426416246946416
0.00044264446413278793
0.00044264452293495333
0.0004283933710054765
0.0004281101674597989
0.0004303492568259166
0.00042731249634629653
0.00042732273718476397
0.0004127109969763132
0.00041271226655717117
0.0004127311646046528
0.000355793995971288
0.0003563033757827571
0.0003563226046948241
0.00035635208921781114
0.0003564566774121285
0.0003564580229913641
0.00035646355320407836
0.00035646360035138894
0.00035697827356601005
0.00035792621064827823
0.0003579270024270335
0.000358099706168876
0.0003581009721979906
0.00036095073199432856
0.0003609525266054324
0.00036121159007259507
0.000361212859653453
0.00036124047622720814
0.00036124135683991996
0.0003612480478913854
0.00036142794108261103
0.0003614332132597441
0.00036143373383185594
0.00035986564843832063
0.00035986581590861027
0.00036131828636985525
0.00036132986411985566
0.0003613299719789162
0.0003613437941760609
0.0003898652125933171
0.00038986532357858876
0.00038986630339409023
0.00037558505399709185
0.000375585859117369
0.0003757592377455644
0.00037580114380057024
0.00037585305628397444
0.00037585322989385736
0.00036070939838795963
0.00036071605866399556
0.0003607161289277979
0.00036074498124225165
0.0003608384182737819
0.0003608428092997255
0.00035901602850161256
0.0003590223844831473
0.0003590293116650784
0.0003599440144243046
0.00035994459424529285
0.0003599559725534174
0.0003600059590037921
0.00036001915884874785
0.0003600203025619358
0.00036005037461101966
0.00036005152848111614
0.00036005561842386276
0.00036005906057199125
0.0003600591850206531
0.00036148527268757373
0.00036148606446632914
0.00036148880499965535
0.000361494375306705
0.0003615336495522625
0.00036155211556712587
0.00036155211556712587
0.0003615522372971573
0.0003616099645409182
0.0003616135565762557
0.00036161939579408894
0.00036162083096909865
0.000361684913682099
0.00036172104669243937
0.0003618741298146032
0.0003618741298146032
0.0003618750063754758
0.000362000039448925
0.0003620161936112606
0.000362088958092961
0.0003620890942902252
0.00036226593573933694
0.00036237736397638266
0.00036239107208706846
0.00036249070886120837
0.00036249084955498445
0.00036250113641738123
0.0003625794224542054
0.00036258232502965653
0.00036259087476770406
0.00036973438695275904
0.00036973582393166486
0.0003198306706155054
0.00032006821764686127
0.00034856433505086503
0.00034856614012205857
0.00033421767323384144
0.0003342273928802421
0.0003344649422812234
0.0003344951326853275
0.00033449768245476957
0.000334498831306463
0.0003345571309789377
0.00033455841463731026
0.0003350673418480474
0.00033507582402998596
0.00033589183742519196
0.0003358932057861717
0.00033590115428512693
0.0003362423779675467
0.0003334688329089808
0.0003406926513534804
0.00034069425965186907
0.0003406971438742784
0.00034069814690547304
0.0003407617929250189
0.0003259702494667563
0.000325987156461555
0.00032598725309000834
0.00032598913030459356
0.00032600010620317886
0.00032609991919550654
0.0003261250837655512
0.00032612634033339134
0.00032640667168847546
0.00032640786766388965
0.0003269794230489439
0.00032697953464700064
0.0002821701195354994
0.00028217140696688213
0.0002821739980533969
0.00028217564560875094
0.00028217575905649926
0.00028218100970555814
0.00028218100970555814
0.00023914380899354393
0.00019208403580414226
0.00019209920192607706
0.00019209920192607706
0.00019210035945126135
0.00019210035945126135
0.00019495021579721844
0.00019495021579721844
0.00019576439058018998
0.0001958939183865718
0.00019589424363153907
0.00019589424363153907
0.00015310336533955852
0.00015310451419125196
0.00015313513838035564
0.0001531354589670434
0.0001532486667163725
0.0001532835884288774
0.0001533258283602417
0.00015475522061290343
0.0001551028585783436
0.00015510300245867264
0.00015527577949048474
0.00015517673024263568
0.000155177078018015
0.0001552021372333513
0.00015521586526988997
0.00015521586526988997
0.0001553524174398809
0.00015535287426094428
0.00015535300517424854
0.0001553545314600758
0.0001553545314600758
0.00015563557042459414
0.00015614449638568244
0.00015903624263314728
0.0001593387065274176
0.00014074446061859518
0.00014098192826362855
0.00014155880237752712
0.00014155887264132944
0.00014241833150889594
0.0001281013205461915
0.0001281013205461915
0.00012815383375126317
0.00012832683039786834
0.0001283477376103536
0.0001283541472174129
0.00012835420725980105
0.00012835439452327823
0.00012835769860027402
0.00012837017765929577
0.00012862115256519189
0.00012862121423762424
0.00012863415842418092
0.00012863422178619943
0.00012863428601619082
0.00012863616323077607
0.00012863837816961545
0.00012866827732711502
0.00012866849709222277
0.0001357928168008536
0.0001357928168008536
0.0001358052064171162
0.00013581049624347943
0.0001358734219878591
0.00013588985106648073
0.00013590970256394076
0.00013590970256394076
0.00013592551211977032
0.00013594184651455343
0.00013595939006603712
0.00013595946498090488
0.00013596172241384484
0.00013596197708221612
0.0001360388048497269
0.00013603914109536834
0.00013608722831798476
0.00013608750021452983
0.00014188044683517006
0.00014188073754958232
0.00014188103492157657
0.0001427460956284838
0.00014274639986290867
0.00014274639986290867
0.00014274861280456035
0.00014283397982165305
0.00014293374387928159
0.00014368793446205438
0.00014381746226843623
0.00014399023209083698
0.00014422807813750982
0.00014424046775377244
0.0001443052482079225
0.00014511942299089405
0.0001451195602927207
0.0001451195602927207
0.00014512435159355638
0.0001451270247753016
0.00014513022760367475
0.00014513892605221075
0.00014515612323988042
0.00014658916858200022
0.00014658963853607834
0.00014658997243321704
0.00014659031434388707
0.00014660020500599803
0.00014660063116619037
0.00014661194993508965
0.00014684941758012302
0.00014684949477650325
0.00014684986232132278
0.000146852535503068
0.00014687149457439242
0.00014687149457439242
0.00014689386283410052
0.00014723318466827422
0.0001483875047891749
8.517462453689187e-05
8.517479899449423e-05
7.09179545308484e-05
7.092083875325772e-05
5.0871845357200556e-05
5.087255594425545e-05
5.08737215157643e-05
7.972640367014131e-06
7.988730777744796e-06
8.013727371958833e-06
8.014112775796317e-06
8.014112775796317e-06
9.442036724276842e-06
9.442499458608671e-06
9.951392893033203e-06
9.951463118659631e-06
9.970003150897094e-06
9.97052251974684e-06
1.0036568030714876e-05
1.0850782294898278e-05
1.0850822511784904e-05
1.0854908706099115e-05
1.0854908706099115e-05
1.0854908706099115e-05
1.1194578903350404e-05
1.1194578903350404e-05
1.1194619874303654e-05
8.376765677143283e-06
8.376765677143283e-06
8.377111444577363e-06
8.406561739073743e-06
8.406561739073743e-06
8.191790982780629e-06
8.19195211343527e-06
8.227039790514456e-06
1.0466020443686175e-05
1.0466020443686175e-05
1.0470358718655686e-05
1.0470358718655686e-05
1.0979399636680938e-05
1.0979399636680938e-05
1.0979399636680938e-05
1.0979399636680938e-05
1.0983940868652128e-05
1.0984134141287803e-05
1.09890956339043e-05
1.0989301508393364e-05
1.1808699186783523e-05
1.1808911774571142e-05
1.1820996473970784e-05
1.1821216070147008e-05
1.1821442986195775e-05
1.1821442986195775e-05
1.1828461734324838e-05
1.1836260343357136e-05
1.4685872083757506e-05
1.4694570532293523e-05
1.4694805097197867e-05
1.4695298584255628e-05
1.4695298584255628e-05
1.4716000891771358e-05
1.4716000891771358e-05
1.4716000891771358e-05
1.4758166625619234e-05
1.4771103531407639e-05
1.4771103531407639e-05
1.4771392041252772e-05
1.4771392041252772e-05
1.4771392041252772e-05
3.3606834112330454e-06
3.3606834112330454e-06
3.411569335168766e-06
0.0
0.0
0.0
0.0
0.0
0.0
0.0
0.0
0.0
0.0
0.0
0.0
0.0
0.0
0.0
0.0
0.0
0.0
0.0
0.0
0.0
0.0
0.0
0.0
0.0
0.0
0.0
0.0
0.0
0.0
0.0
0.0
0.0
0.0
0.0
0.0
0.0
0.0
0.0
0.0
0.0
0.0
0.0
0.0
0.0
0.0
0.0
0.0
0.0
0.0
0.0
0.0
0.0
0.0
0.0
0.0
0.0
0.0
0.0
0.0
0.0
0.0
0.0
0.0
0.0
0.0
0.0
0.0
0.0
0.0
0.0
0.0
0.0
0.0
0.0
0.0
0.0
0.0
0.0
0.0
0.0
0.0
0.0
0.0
0.0
0.0
0.0
0.0
0.0
0.0
0.0
0.0
0.0
0.0
0.0
0.0
0.0
0.0
0.0
0.0
0.0
0.0
0.0
0.0
0.0
0.0
0.0
0.0
0.0
0.0
0.0
0.0
0.0
0.0
0.0
0.0
0.0
0.0
0.0
0.0
0.0
0.0
0.0
0.0
0.0
0.0
0.0
0.0
0.0
0.0
0.0
0.0
0.0
0.0
0.0
0.0
0.0
0.0
0.0
0.0
0.0
0.0
0.0
0.0
0.0
0.0
0.0
0.0
0.0
0.0
0.0
0.0
0.0
0.0
0.0
0.0
0.0
0.0
0.0
0.0
0.0
0.0
0.0
0.0
0.0
0.0
0.0
0.0
0.0
0.0
0.0
0.0
0.0
0.0
0.0
0.0
0.0
