23395
23395
23395
23395
23395
23395
23395
23395
23394
23393
23393
23392
23392
23392
23392
23392
23389
23389
23388
23386
23384
23382
23381
23381
23380
23380
23380
23379
23379
23375
23375
23374
23374
23373
23373
23372
23372
23369
23368
23366
23365
23363
23361
23360
23359
23358
23357
23357
23354
23351
23350
23348
23344
23343
23341
23339
23338
23335
23333
23330
23327
23326
23325
23319
23316
23315
23313
23310
23308
23304
23302
23299
23294
23292
23287
23284
23281
23280
23277
23277
23277
23276
23273
23271
23268
23267
23265
23262
23257
23254
23252
23250
23249
23248
23244
23241
23240
23238
23233
23231
23226
23224
23221
23215
23214
23211
23209
23205
23202
23197
23196
23192
23188
23186
23181
23176
23171
23165
23160
23156
23150
23149
23145
23143
23138
23133
23132
23129
23123
23119
23114
23112
23109
23098
23094
23091
23086
23080
23075
23074
23068
23063
23053
23050
23040
23028
23023
23019
23018
23012
23009
23005
22999
22995
22991
22987
22979
22973
22968
22965
22959
22955
22949
22944
22940
22932
22926
22919
22912
22904
22893
22885
22878
22874
22867
22862
22855
22850
22844
22840
22835
22825
22823
22813
22809
22801
22794
22784
22778
22769
22761
22755
22748
22739
22735
22727
22724
22712
22709
22704
22692
22684
22675
22667
22660
22644
22633
22626
22621
22611
22598
22589
22580
22569
22563
22556
22548
22542
22534
22524
22521
22513
22505
22494
22482
22477
22473
22464
22455
22445
22441
22428
22421
22401
22391
22380
22371
22364
22351
22342
22334
22326
22314
22305
22298
22292
22284
22273
22261
22255
22232
22217
22202
22186
22173
22163
22155
22145
22137
22128
22121
22115
22106
22091
22078
22066
22054
22042
22025
22016
22009
21994
21979
21973
21961
21948
21938
21924
21912
21900
21890
21878
21859
21836
21824
21808
21796
21782
21765
21751
21737
21721
21707
21692
21682
21676
21658
21642
21627
21619
21608
21598
21586
21574
21565
21550
21536
21523
21510
21499
21488
21474
21460
21451
21435
21419
21409
21389
21380
21365
21352
21336
21322
21308
21298
21281
21269
21252
21246
21228
21208
21196
21179
21163
21153
21136
21117
21101
21079
21060
21048
21030
21013
21000
20985
20969
20957
20933
20917
20907
20891
20877
20863
20847
20830
20808
20784
20772
20753
20738
20728
20708
20688
20681
20662
20639
20612
20596
20589
20568
20555
20543
20519
20492
20470
20447
20423
20403
20384
20364
20351
20332
20315
20296
20270
20252
20240
20215
20195
20174
20155
20129
20106
20094
20066
20039
20015
19991
19956
19925
19906
19884
19859
19835
19807
19782
19764
19746
19708
19674
19657
19631
19605
19585
19559
19537
19512
19495
19478
19457
19438
19421
19401
19384
19362
19336
19307
19282
19262
19240
19219
19196
19176
19149
19111
19080
19049
19028
19006
18972
18944
18916
18882
18857
18835
18808
18794
18771
18739
18715
18690
18656
18631
18604
18556
18534
18514
18487
18454
18426
18395
18370
18343
18321
18291
18246
18218
18197
18164
18123
18084
18038
18013
17975
17946
17908
17869
17840
17813
17790
17760
17728
17699
17665
17634
17604
17566
17524
17482
17453
17421
17382
17351
17319
17283
17248
17219
17186
17156
17123
17086
17058
17024
16981
16951
16915
16887
16853
16810
16764
16731
16687
16661
16628
16586
16552
16511
16490
16451
16416
16385
16345
16304
16264
16217
16182
16135
16096
16063
16039
15993
15957
15900
15864
15829
15786
15752
15708
15670
15628
15568
15506
15474
15443
15409
15359
15317
15267
15225
15171
15141
15105
15059
15024
14969
14940
14897
14850
14804
14744
14717
14682
14632
14591
14529
14495
14444
14419
14384
14345
14304
14246
14197
14162
14115
14072
14027
13993
13933
13874
13827
13785
13757
13720
13677
13609
13555
13524
13475
13437
13388
13351
13319
13270
13214
13173
13131
13088
13037
12971
12935
12905
12851
12804
12756
12704
12656
12600
12545
12499
12436
12388
12362
12305
12271
12233
12197
12132
12061
11991
11923
11870
11829
11785
11739
11705
11619
11580
11538
11450
11392
11340
11277
11199
11151
11101
11044
10995
10949
10911
10871
10813
10758
10701
10663
10584
10541
10480
10437
10392
10333
10292
10229
10162
10094
10039
9969
9926
9864
9806
9762
9709
9656
9604
9539
9499
9417
9345
9258
9221
9176
9132
9086
9030
8974
8893
8857
8780
8695
8643
8611
8562
8498
8430
8368
8279
8250
8181
8133
8068
8002
7934
7874
7841
7757
7727
7656
7604
7541
7448
7387
7350
7309
7236
7185
7120
7048
6978
6921
6844
6791
6727
6661
6596
6525
6441
6340
6254
6182
6137
6046
5953
5858
5767
5711
5659
5630
5570
5532
5426
5366
5311
5264
5222
5188
5128
5089
5038
5000
4924
4847
4796
4749
4725
4677
4634
4590
4455
4343
4313
4274
4188
4144
4042
4010
3969
3875
3710
3663
3638
3588
3551
3513
3441
3408
3374
3345
3232
3207
3162
3085
3033
2973
2880
2863
2800
2741
2697
2646
2617
2216
2163
2144
2110
2049
2025
2010
1946
1875
1853
1843
1698
1681
1610
1583
1534
1512
1468
1417
1392
1372
1212
1045
982
909
900
884
754
747
736
702
689
644
639
633
625
614
609
604
575
571
570
562
529
520
516
510
507
501
491
490
475
473
470
466
461
459
447
437
436
426
419
408
406
399
394
391
380
374
373
372
370
357
352
343
338
334
331
260
251
247
243
227
190
188
186
174
173
171
164
161
156
147
143
139
137
136
136
129
104
103
88
88
87
84
84
71
71
71
67
65
64
64
64
52
51
50
50
44
41
39
35
34
33
33
31
30
30
28
24
21
21
20
18
18
17
14
14
11
10
9
9
9
8
7
6
6
6
5
4
3
3
2
1
1
