0.21275510204081632
0.15822730420399675
0.14229018844403457
0.18089748133325714
0.13548792178520797
0.12128296353537128
0.11200366058264274
0.1082553332988727
0.09435318516293185
0.08672749122376187
0.0748100273595253
0.06749344683400381
0.056676065992387906
0.055852893600926865
0.04970333127624312
0.0430188023874175
0.03852870606861021
0.03719588331717561
0.03438120507677772
0.03247649985313049
0.029179858620989207
0.027523792972713002
0.030234589322882408
0.02773858229422132
0.030049637842664442
0.028241899191512158
0.02589874977768522
0.02609875080810122
0.024596492433773025
0.02316635872011143
0.023506451292814493
0.021792520767855116
0.019452638849968788
0.01777155638149272
0.017074272566377287
0.017319784589950572
0.016535155921830823
0.017860855472296266
0.017336828663309392
0.01552757419545218
0.014815310347918498
0.014231466094455398
0.013890567811475397
0.014227172057849903
0.013839813609817326
0.014658055063498002
0.01504431147014767
0.01472163571490047
0.014271919932385847
0.015520216053917719
0.016800406810457205
0.016706522159159035
0.017379797075617084
0.01652705394390544
0.016585319211848148
0.01620837193969899
0.016148333856456316
0.01526916416214987
0.015639470763236636
0.015597646002961313
0.015338220986573815
0.015726058050974972
0.016150031031805727
0.016539633616397126
0.01621718184156517
0.015081648954424588
0.01485476211067294
0.014608911057423594
0.014391850547700957
0.014090424326106984
0.013512577797349514
0.013270725365436796
0.01362057479413659
0.01341788778896524
0.013235014361835636
0.013038015067724784
0.012772019942954667
0.01218981683494144
0.011588242065554985
0.011937997958537807
0.01175319157402756
0.011593385667910244
0.011440429568681373
0.011300856494449923
0.01116687593906242
0.011034995793928176
0.010902682449804331
0.010396578593677298
0.010200743952447914
0.010078368542646722
0.009352494866589846
0.00924426458520306
0.009144384903074216
0.009525069752067114
0.009395539937339175
0.009206555108113553
0.00968637691793936
0.009586057898583309
0.010252985244490942
0.010121119240002446
0.010013878884375486
0.010313556199236363
0.009941124560958988
0.009839218343472062
0.009465697280791512
0.009361185409774557
0.009259083486443042
0.009665492770953903
0.009331817737819204
0.009164582742542109
0.009823034739455635
0.010129193772968009
0.010034070589218205
0.009707150995062346
0.00961858097511195
0.009305761602842048
0.00950876696251801
0.009403788646231908
0.009092603443667031
0.008967270132403447
0.009232303139277366
0.008858497567037925
0.008730341756966372
0.008956708584176328
0.008810024997746236
0.009023879696119116
0.009315931620951432
0.009239987263929581
0.009162467240939455
0.008875596515739336
0.008752501270693642
0.008675582861417702
0.009210300840022993
0.009120733941560584
0.009052564117582212
0.009268621428329847
0.009365476114739002
0.009578248769736819
0.009503785821665405
0.009435126871069762
0.009367061627242924
0.009289303019995806
0.009214382214448775
0.009149666869871906
0.008901130197154798
0.009079139401305503
0.008948950179548889
0.009005443343457976
0.009213475855839051
0.009337376068247558
0.009265058260320196
0.009203488418397908
0.008968398997452637
0.008892340998252047
0.008820981218704003
0.008590668362926627
0.008790525990748359
0.009026476946030527
0.008969631874284517
0.008896645962854067
0.008823838961098167
0.008687109584888827
0.008954031919372477
0.008849798655145527
0.008794065204602025
0.008568747633856065
0.00834993033111638
0.008299158707164656
0.00820944474295273
0.008159404722944024
0.008109829545024476
0.007903845355370287
0.007857186415813464
0.007811488790560773
0.007613900202229621
0.007708976846228671
0.007659713477744119
0.007462568412617514
0.007418916345239605
0.007605165538900505
0.007548263611265934
0.007950369060605764
0.007904246182718452
0.007859178922804692
0.007766093408735252
0.007723378217819958
0.007667722981030429
0.007623215662424907
0.007794840258978717
0.007751839920403724
0.007708751624787574
0.00805639063846867
0.008007464743554012
0.007924806815000929
0.007880292260600786
0.007839005714720427
0.007797328103758197
0.007819598998838592
0.007645578794705246
0.0076071120499193335
0.007568613189984212
0.00739773773263453
0.007350853099054617
0.007314472318911485
0.007273763916412836
0.007225152583611393
0.007188115284239659
0.007144363896090137
0.007107459286946205
0.007073444588971056
0.007038367816997525
0.0070050883954870455
0.0071484529992821896
0.007102553432096034
0.007069232888191678
0.007021593538618016
0.0068663796147074695
0.00683264580746387
0.006801044023993651
0.006646790091617615
0.006580462175784805
0.006550620154610107
0.0066944585531340285
0.0066642877190530485
0.006633787021996349
0.006601752947961263
0.006542814003174788
0.006510646268421208
0.006482042309157783
0.0066294486413009
0.006780729833546644
0.0067506777230999186
0.006606044620166832
0.006574170547574229
0.006539583601818782
0.006387385388196527
0.006360029714566489
0.006332978618355941
0.0061837380498410335
0.006154289048247144
0.006127901435759785
0.0061023092444185655
0.006021891439006667
0.005996247351794879
0.005970997352845717
0.005946397215968793
0.005919437670724905
0.005893825251294978
0.006032376144048555
0.005986237223655406
0.005962312348102977
0.005937056903411541
0.005912775414274209
0.005889331901869406
0.005865911149950701
0.00581690668308964
0.005791046097041585
0.005758053367050099
0.005734581890095828
0.0057073765704788474
0.005685281899580399
0.005662243263364487
0.00563943836892643
0.005613010708009538
0.005591805619810061
0.005567512787710311
0.00554641546926631
0.005521065911675786
0.0055002699146969895
0.0056515479044815485
0.005530905008511135
0.005412461666970561
0.005382841839592273
0.005363112556543535
0.005343387051107897
0.005323310182409299
0.005278930616926319
0.0052359223332252
0.005216967164089506
0.005196564488724782
0.005178044222609072
0.005157933132889181
0.005137420117470398
0.005119279623288016
0.005101250349809884
0.005073976066499016
0.0050560263581802935
0.005038326352984194
0.0051455088037756416
0.00512441349825087
0.005106512906068253
0.005088644691485666
0.005071245603391905
0.0050468178997085415
0.005029699392656768
0.005006728623032856
0.004989283261959987
0.004969911315443328
0.004944320940037374
0.004925595553335598
0.004908596391219487
0.0048898236048007596
0.004864466757124998
0.004839610944625366
0.00482296762507471
0.004717764372674659
0.004832031071620159
0.004816155282544531
0.004796924156030536
0.0047810950869010245
0.004765657096446575
0.004749936515639611
0.0047345979852376555
0.004888462947839892
0.004788166860790507
0.004751839973904179
0.004735285553922815
0.004711112369657822
0.00469573095794977
0.0046803156823453365
0.004665311182809536
0.004649553852980343
0.0046347271097834245
0.004620392517052004
0.004605042812058498
0.0045908863729448805
0.0045727591257363545
0.004396263915949293
0.004380538438153876
0.0043558938406955214
0.004342012957345933
0.004488059406552862
0.004474217069580256
0.004456822340151165
0.004685387449051496
0.004666709111482776
0.00463291948420592
0.0046191270597784944
0.004605305941482527
0.004585374601540653
0.004571233564571965
0.0045570125290038555
0.004543527048244357
0.004529033336985343
0.0045159062831450205
0.00450284554472037
0.004489391608585315
0.004476189949762739
0.004577882154069365
0.004564682192396103
0.0046710828002147955
0.004657703545295541
0.004644493490935425
0.0046114311884547276
0.0045983492704640486
0.004584815445971555
0.004571954873032487
0.004557845898721591
0.004543701213691459
0.004529528330918833
0.004513033319973829
0.004498456583931473
0.004485442666186183
0.004465780563856326
0.004563123533044777
0.0045303441430135215
0.004516839534712562
0.004504508819878415
0.004604490657831685
0.004591974522975194
0.004561447284184495
0.0045469006215041975
0.004531999050219182
0.004502062390915398
0.004490047914958064
0.0045915026012099125
0.004577270857857629
0.004564815750969511
0.004552669620969652
0.0044668853388633075
0.0045629974438701456
0.00455095630666042
0.004539006932205725
0.004523559140185217
0.004511551309347214
0.004499799746647648
0.004483445824962267
0.004471740591809926
0.004460232293457792
0.004448594095017483
0.00443708474059996
0.004424954296207689
0.004410292939263393
0.004399092967407683
0.004490948536437622
0.004479573127440848
0.004461541479135165
0.00444818046330466
0.004436816305019043
0.004425624700039794
0.004414326770176955
0.004403327298055382
0.004325379690831482
0.004314429619397015
0.004303396189890686
0.004274208287897088
0.004247292924875021
0.004334978358677245
0.004324339527984301
0.004313684346827987
0.0043031918279847585
0.004292169959032426
0.004281565540509995
0.004383568348024636
0.004371857139621293
0.00436020064619705
0.004442629855911706
0.004415871184903745
0.004500776622300232
0.004480288925121218
0.004596273119700719
0.004585364151195425
0.004573468182457358
0.00456231816424941
0.004551504665263874
0.004666719560061987
0.004592567053518404
0.004581814874757933
0.004564915396476331
0.0045542255933315925
0.004543422203863317
0.004531779316768032
0.004521295731736483
0.004510879909903932
0.004497081373536655
0.004480438979754028
0.004469758012271569
0.004458762984454207
0.0044473807176172225
0.004437225612519785
0.004427147428276459
0.0044171111832783565
0.00440092038707015
0.004389916360585675
0.004379875797022908
0.004355014502719699
0.004330361004201975
0.004320688408289249
0.004310911662196962
0.004236136593737142
0.00422670805333998
0.004211388005129566
0.0042020483618308915
0.004192426499446762
0.004183207081929934
0.0041681582730720935
0.004155854900518495
0.004234034423296075
0.004224331356404315
0.004297384795024236
0.004288039160158057
0.004278757441950962
0.004267717476049206
0.004257710389863528
0.004248360143108869
0.004236373998148848
0.0041700358275092095
0.0041611167629653665
0.004151981168586553
0.00425658743916724
0.00424748337459774
0.0041254419737099335
0.004116669427077062
0.004107639003150815
0.004098855351563736
0.0040901556581008185
0.004078408267705929
0.004069756995183378
0.004060915868060165
0.00403833867345259
0.003974513745712733
0.003966255183350329
0.0039024816421628877
0.0038943848734452656
0.0038862126716744847
0.003875082894026625
0.0038668758670972613
0.003803779881590229
0.0037955103919971893
0.0038578889902045276
0.00384999587327804
0.003841986792620503
0.0037800789208082405
0.0037721850887606836
0.0037645542068192534
0.0038363237419194425
0.0038284901126489418
0.0037657197604505943
0.003752821515054385
0.0037453102977974993
0.003735989432423366
0.003675359799509102
0.0036644907390852945
0.003657129841311609
0.0036446051678781367
0.0036321347919776735
0.0036249703932409007
0.0036175530351397764
0.0036886466437098466
0.0036264664732518896
0.0036188558363650686
0.0036117790130004187
0.0036047175192398234
0.003597081599639932
0.0035891702835465756
0.0035822161444247695
0.003595950550724159
0.0035885647733798804
0.003580072742195676
0.003571715751234491
0.003561896196008696
0.003554983919778582
0.003547884361948933
0.003526932463177591
0.0035183012928991487
0.003511176181663573
0.0035044949098620238
0.0034978546900647635
0.003491189292972574
0.0034845354298934116
0.003477755201275527
0.003471145375135632
0.0034137118963290707
0.003407314908881194
0.0034008798473541767
0.0033945129913744232
0.0033867671740696187
0.0033804188817759266
0.0034523987924208093
0.0034447061825971363
0.003438204639317025
0.003431782132469341
0.0034254480857435193
0.0034068296997658695
0.003400127273190751
0.003393878351981945
0.0033861762637590128
0.0033785950724696443
0.0033724256461306586
0.0033662245724488168
0.003360100316020786
0.0033539430566014313
0.0033358261244192293
0.003329547356663129
0.003318728092341905
0.0033127534754970505
0.0032942595277076782
0.003240571854665301
0.0032347377850524637
0.003226568665751167
0.003220512712859375
0.003214773114490828
0.003208864917356164
0.0032031493973900134
0.003196887047756801
0.00319123601313446
0.003185598022034201
0.003250647916781063
0.0032449354748102324
0.0032339717026073377
0.0032266292147573985
0.0032209382379023324
0.003214610502840385
0.0032055674281259274
0.0031999805242935
0.0031941448725237567
0.003186275317172609
0.0031760126979470038
0.0031705003356436
0.00316502828242884
0.003159567950166918
0.0031540221471715664
0.00314818396311583
0.0031424117788399937
0.0031362605522168912
0.0032002246898855053
0.0031493472667622332
0.003141573695345095
0.0031362223240812095
0.0031308109720987088
0.003125504659569747
0.0031201657495153394
0.003114841281724079
0.003109205292304989
0.0031039412383341005
0.003098154684185097
0.0030926576043587817
0.0030869421908897576
0.0031702085695484526
0.0031644629856595924
0.0031591613380950894
0.00315391201922035
0.0031484019338064964
0.003143154185462342
0.0031365686425026996
0.0031313618863983705
0.003126195327048157
0.003121039585824579
0.003115766781637008
0.0031105220344801194
0.0031051139612116286
0.0030999358748014356
0.0030945627821771533
0.0031652485004236546
0.0031599446277671725
0.003154042547742592
0.003148929916900178
0.0031438311465062795
0.0031377711622097796
0.00312169558766298
0.0031810336092241032
0.003175751306832212
0.0031694164248746264
0.003164258873752476
0.003159193108311857
0.0031541310148523265
0.003149036567311425
0.0031328990144600293
0.003127910346746476
0.0031228812667277997
0.0031171579737804154
0.003111844319977536
0.003106562030755183
0.0031016626500720203
0.003096716327867678
0.003160058387066284
0.0031550941499902487
0.0031497531943813157
0.003144823027114632
0.003139908693307492
0.003134860071384103
0.003087654007491682
0.0030704052953706524
0.0030652866992311903
0.00312286386773526
0.0031816557906583142
0.0031767279117031534
0.0031718086165936914
0.0031661272076552614
0.003160984437691903
0.0031561220183769566
0.003212623322537979
0.0032071950488017594
0.0032022173964709045
0.0031957362179069536
0.003150217129698154
0.003145410047697083
0.0031405732253780307
0.0032670070836437015
0.003261780224644205
0.0032547481994797648
0.0032498150519453626
0.003305421208065804
0.0032892547909575964
0.0032840247133593425
0.0033383390362741582
0.0033332147115087076
0.0033282202673222765
0.0032833833017647494
0.0032386756057790228
0.0032234720352163192
0.003218488480886239
0.00321355274133677
0.0032087857076612573
0.0032039994389298915
0.00319925111112766
0.0031945239572662293
0.0031897257192615045
0.003185015234596846
0.0031802823233929092
0.00313598766141501
0.0031313655020209392
0.0031169335074029284
0.003112186879303488
0.003107535874142315
0.0031027566469062967
0.00309822602825313
0.003093723210978394
0.003088535630277079
0.003084047134939449
0.0030795749847553956
0.0030751092954895754
0.003070615587513123
0.0030620285841900783
0.003057606868821381
0.0030527392925546073
0.0030482264692447115
0.0030427160852755657
0.0030383542801441323
0.003033783677330671
0.00302943837015698
0.003025014964589433
0.00302064169334057
0.0030162794688667967
0.003011994676346954
0.00299999960024339
0.0029956628567872697
0.002991253810823931
0.0029494187751661714
0.002945180289210287
0.0029971860095482413
0.002992951082389299
0.002951277943537401
0.002947133637948259
0.002943006615965691
0.0029388939569729147
0.0029337321434870847
0.002929434090972763
0.0029253604536229843
0.00292125480969646
0.002917129037064033
0.0029130699394285834
0.0029090378033922266
0.0029049990209377317
0.0028909204918110497
0.0028868107570770513
0.0028826083841813985
0.0028782108072847325
0.0028742536417600923
0.0028703160900008197
0.0028662346259072462
0.002862314516381149
0.002858241865494539
0.0028523114867466575
0.002848425624692952
0.002844400336014195
0.0028405294149495253
0.00283668009707382
0.0028328360115816
0.0028289939473671198
0.0027891031175685463
0.0027853402246044256
0.002781558825449556
0.002774236427225023
0.0027705018835196588
0.0028206202617052727
0.002816682488497635
0.0028129164721186774
0.002808790478847681
0.0027961472204772924
0.0027923532877026243
0.002785081220163593
0.0027812526550648397
0.002777347049919144
0.0027735272541249737
0.0027698401358095524
0.0028184261659188184
0.002814676968404546
0.002864161011877646
0.002912053523611243
0.002908226023376087
0.002904400217409145
0.002900579188365129
0.0028967773093161882
0.002892987457939717
0.002889209920965345
0.0028849417666878797
0.0029158895813348818
0.0029120966103457794
0.0029082819575873046
0.0029045076485534147
0.0028921044006889707
0.0028883623534678247
0.0029362794405340775
0.0029324607446769902
0.0029280044698658746
0.0029240772541755168
0.0029202596507357185
0.002916502185419538
0.002912678263164759
0.0029083062314656846
0.0029045665119663447
0.0029008452311272597
0.0028970071045193047
0.0028927575895574082
0.0028889739218410466
0.0028852963093886656
0.0028813903164944094
0.0028439396153378716
0.0028403124895825843
0.0028350312555426777
0.0028313884132955226
0.002826850724531483
0.002823206973103901
0.0028196498364632247
0.0028161030700727323
0.0028125388415985394
0.0028090143562795058
0.002805495477847254
0.0028019870546234847
0.0027982112051545284
0.002794695542069238
0.002790604300713397
0.0027871137768570114
0.0027833801425755584
0.0028300256200534364
0.0028264955372760735
0.002822438859198628
0.0028185566004168003
0.002815072924837096
0.002811453333289103
0.002824427209260807
0.002820874389407161
0.0028174044106238872
0.0028055560970081375
0.0028021058040957063
0.0028525134445053385
0.0028490179642220227
0.002845391911553413
0.0028419197943870184
0.002836826213883793
0.002832971070718618
0.0028295162401508795
0.002793717094574166
0.002809678138060999
0.002806276009074601
0.0028028815120682998
0.0027672753761415897
0.0027639178323921355
0.002760576064758238
0.0027572447029155433
0.0027539262113848912
0.002750578883472748
0.0027472806640640385
0.002743974270297215
0.00274068659894898
0.002737399695706327
0.0027341330167630446
0.0026990880685222886
0.0026953080197537347
0.0026921032985019904
0.002649154458738206
0.002646002913554417
0.002642802304775061
0.002639669031395364
0.0026365361683257866
0.0026334129043091427
0.002630306103852807
0.002627115931727698
0.002624023116548625
0.0026203704334940648
0.002664520654243596
0.002661328009394325
0.0026582038356698567
0.0026549226608967983
0.002651744802946851
0.00264855299569837
0.0026454409831129563
0.00264235776058274
0.0026385374101983686
0.002635438647641445
0.0026321722526493957
0.0025950925862470832
0.002591176983770693
0.0025881113372856605
0.002584710116235168
0.002581644830934984
0.002578664163114237
0.002574440007016629
0.002571470927396548
0.0025684874978719858
0.0025621312870625847
0.0025591918713198636
0.002602027256986721
0.0025986799656785783
0.0025648308543972215
0.002561866467881546
0.0025589158908008464
0.002556004974138775
0.0025379475744622955
0.002535061957927786
0.0025018995685292806
0.002499066545193234
0.002495908057553197
0.002493069701279551
0.0024902482242385284
0.0024874353252245067
0.002484600555282089
0.0024981320753659185
0.002495283088964522
0.0024924802807597176
0.0024881247344119843
0.0024853378215106314
0.002482526936271715
0.0024797501029922807
0.0024769142559000644
0.0024741228655961026
0.0024712964233709863
0.0024685468868750806
0.002464076120015584
0.0024613356298464986
0.0024576812567310277
0.002454947714113329
0.002452229189237779
0.0024495119078565375
0.002446804470505183
0.002444006560751237
0.0024339731953575616
0.002430912207105711
0.0024253109794710277
0.0024197173931777517
0.002414522241176163
0.002411857775832272
0.0024088644459358114
0.002406228544232397
0.002403601493093436
0.0024007976761849185
0.0023981827699894485
0.0023955713718879505
0.002392925077451794
0.002390193057398442
0.002387357627979584
0.002384767329939955
0.002374972677733957
0.00237188203579583
0.002369320940002849
0.002365319826763908
0.002355582571027397
0.002353005795688898
0.0023504746589189597
0.002347913356446197
0.0023453068843182307
0.0023427902822369282
0.0023402803379625483
0.0023376754982516183
