0.002336002061591611
0.0022505702797253157
0.002250600843838322
0.002250943057326768
0.0022580736219779385
0.002257330421767909
0.0022573734039278964
0.0022573962097507416
0.002255890899642026
0.002255922789797756
0.00223874031393915
0.002238828849350158
0.0022396766218493198
0.0022239365580954272
0.002223920967271805
0.0022239244239941436
0.0022096501537859393
0.00220965559754691
0.002209765523342535
0.0022098163730706433
0.0022142177387113283
0.002159990930880396
0.0021600955125727368
0.002145501407749599
0.0021430806596461436
0.002100697475463109
0.0021008656513256375
0.002100998458578397
0.00210100243394924
0.002101028593727182
0.0021010416094299246
0.0020863904229917758
0.0020873392560540583
0.0020873600916930714
0.002087375998672013
0.0020847196581288718
0.002092437970797005
0.0020954629991158332
0.0020954746710225374
0.0020962883774978867
0.0020963022853173877
0.0020801551327413494
0.0020830831550518215
0.0020845178158283603
0.0020755371756350587
0.0020758257727703944
0.0020330575447122844
0.0020185711748783534
0.0020185802059478164
0.002018586770973974
0.0020189505151208065
0.0020195353995893237
0.002019119447464063
0.0020181675110554505
0.002018362373799288
0.002018421198507636
0.0020144944894526407
0.002007269733435726
0.0020070167141591523
0.0020070205275566026
0.002000405572022934
0.0020005152944887823
0.0020005328221482347
0.0020005341567575956
0.001983634648550441
0.001982178309458939
0.0019812311521704954
0.0019813209095509454
0.0019813588327217244
0.0019828188090127963
0.001982866259204874
0.001983139465941642
0.001981074005079354
0.001981219362847517
0.0019826747534902886
0.0019829955451656127
0.001982945601415971
0.0019831212474997204
0.0019831867377049194
0.001983231617205361
0.0019647402370476918
0.001964740990514572
0.0019647809362579854
0.0019648116290814435
0.00196481962256889
0.0018933568835561168
0.001893316552371062
0.001893349045515508
0.001893357811539213
0.0018933658432605872
0.0018934062416490847
0.001893409172351965
0.0018934217645568592
0.0018934248876634405
0.0018940055383644973
0.0018940240169631837
0.0018945781400058557
0.001897500539586872
0.0018975203370386808
0.0018961572716312744
0.0018819715385885597
0.0019105252554317946
0.0019108984562220426
0.0019088497595099187
0.0019088647940363223
0.0019093022139810892
0.0019093344668250345
0.0019093751286951809
0.0019069066907515476
0.0019069207274953312
0.0018641377770675458
0.001861366711631855
0.0017737251388041044
0.0017737347691488708
0.0017306608872190636
0.0017306914183270697
0.0017308549862216618
0.0017310332796216905
0.00173104129984256
0.0017310435132854285
0.0017296777923258785
0.001730023914291639
0.0017152841451318253
0.0017147757877252075
0.0017028372055054796
0.0017028454574733313
0.0017028939104229565
0.0017029011180822997
0.0017029715020834635
0.0017030254164524944
0.0017315759547746846
0.0017290531845982496
0.0017576511884231634
0.0017533716734019892
0.0017533739212987028
0.0017512446287109953
0.0017512825712385069
0.0017014396560259821
0.0016870036100277886
0.0016870289708637758
0.0016443903674145542
0.0016439843340812113
0.001635768171424438
0.0016357714884386923
0.001635776287983208
0.0016361075642337354
0.0016361085292356749
0.0015930751000415768
0.0015930919202020723
0.0015936007794414295
0.0015512018677045606
0.0015512057085305955
0.0015512139416100769
0.0015513022432276193
0.0015513477059148739
0.0015513498314566666
0.0015513533246682065
0.0015440819884079578
0.0015010685939236487
0.0015010834478760024
0.001501089766538518
0.0015010924090433744
0.0014967313236086178
0.0014967787066096174
0.0014967424680072236
0.001495833444040441
0.0014960018696974112
0.001496003795232347
0.001496006900246306
0.0014960304477121412
0.0014817136494100257
0.0014807590679260507
0.0014807591558797452
0.0014766557495502679
0.0014486630544711875
0.001448732458069623
0.0014487439868881788
0.0014487442794804864
0.0014487464944560277
0.0014487781766266811
0.001448920389419013
0.0014489272970117171
0.0014489936210249636
0.0014498594395133497
0.0014500780221425038
0.0014500798116669415
0.0014500835210563981
0.0014501759004150615
0.0014501891956140765
0.00144588662625837
0.0014467062510677858
0.001446708384951278
0.0014467101326682608
0.0014467133963087212
0.0014481545315239046
0.001448160365113948
0.0014481989280925006
0.0014482777019313258
0.0014340340846252142
0.0013913395005010671
0.0013915935756011037
0.0013916342227524375
0.0013924494450390924
0.0013924536456003927
0.001348910636430047
0.0013489374340237689
0.0013560657888463733
0.0013560680762911815
0.0013397618327742663
0.0013397638882203765
0.0013397670347871176
0.001337712356281533
0.001337718806097674
0.0013305544277515619
0.0013242568976714216
0.001308749768602304
0.001308788402426348
0.0013159150763573638
0.0012731352526735894
0.001273136186528598
0.001273140580561052
0.0012739712473736997
0.0012739737998016146
0.0012588055282150986
0.0012588216186258294
0.001243580316538911
0.0012436017847871192
0.0012436881766223784
0.0012439609348894253
0.0012439766027524395
0.0012439969866659994
0.0012440105191523303
0.0012439918202161156
0.0012154962621271647
0.001215536055666663
0.0012155393576202473
0.0012155427227089983
0.0012140085813571596
0.0012142608353496321
0.0012142717520369447
0.001171498812549257
0.0011715015512224513
0.001171514623640895
0.001171517433593393
0.0011572657685963088
0.0011572710822266821
0.001112536276328364
0.001112716354576928
0.0011127813809964579
0.0011096244569729333
0.0011091396923666181
0.0011119895866001442
0.001112072544021738
0.001112081826790267
0.0011121132093545633
0.0011082649966828101
0.0011087962918297986
0.0011088003124468029
0.0011088846786935576
0.0011088885635915891
0.0011086937912808106
0.0011087061865009754
0.001108708067318023
0.0011087084472904197
0.0010611878160125719
0.0010611931090388385
0.001060858323309338
0.000975346951458218
0.0009754883538907146
0.0009754932986571004
0.0009754972192188476
0.0009754973060852044
0.0009618994469058932
0.0009619378063783191
0.0009619399870066588
0.0009619412646973908
0.0009622891812409116
0.0009623310872959174
0.0009623344831706094
0.0009623345328327172
0.0009626884803569678
0.0009627014787779037
0.000962703486598802
0.0009630609734649695
0.0009630642408711322
0.0009630844914216402
0.0009636372081905173
0.0009639782168907492
0.0009711081386745596
0.0009711533736619731
0.000971189098000263
0.0009712406928872197
0.0009712434188127901
0.0009714653465832846
0.0009267813109507677
0.000927021505381608
0.0009270253099586442
0.0009270348975822293
0.0009270772762590149
0.0009271025048186434
0.00092723470311907
0.0009114601371600132
0.0009117016944030265
0.0009145831821207112
0.0009145869045159654
0.0009145883236765826
0.0009217175706236871
0.0009233912266952894
0.0009079636042585436
0.0009108146735074411
0.0009108708384126822
0.0009137213766421408
0.00091372442360356
0.0009139868878428073
0.0009139871876997067
0.0009140020250576022
0.0009140187440951496
0.0009140316796259823
0.0009140344819269361
0.0009140695257893904
0.0009140756464520093
0.0009140786831969585
0.0009140891641531297
0.0009141571639656973
0.0009141599013469174
0.0008997843588032084
0.0008555153785521954
0.0008555938957482199
0.0008555939608621106
0.0008555973679170739
0.0008627413928160647
0.0008641980839126201
0.0008642178797704671
0.0008656442679640128
0.0008656489490126829
0.0008584867996035638
0.0008585140186717977
0.0008726214796230139
0.0008298744913007341
0.0008298745639793373
0.0008298789734137699
0.000829890934350325
0.0008298932022131531
0.0008298934591490448
0.0008298986111063152
0.0008298995083015654
0.0008299014959885255
0.0008299099195626993
0.0008299128538680596
0.0008299658230056425
0.0008299887306660982
0.0008303484144455785
0.0008318380703845792
0.0008318386931144175
0.0008319062674328746
0.0008319105258283579
0.0008171813338704958
0.0008186098071946732
0.0008186350240583798
0.0008186421101563081
0.0008190155585766611
0.0008190176509032144
0.0008190329963056603
0.0008190477591339843
0.0008190526917379996
0.0008190551007103993
0.0008190924786931426
0.0008191087172260644
0.0008191119061868691
0.0008191132675801612
0.0008191147293971644
0.0008220778999446654
0.0008220814806033965
0.0007778188578534403
0.0007849813055828805
0.0007850006225138395
0.0007850018389450443
0.000785012251014944
0.0007850243804423408
0.0007850519710986223
0.0007850535864351028
0.0007840138772454542
0.0007911382485840629
0.0007825058045158573
0.0008110071390199458
0.0008110113631833735
0.0008110478773891863
0.0008110488532995307
0.0008010869075644868
0.0008010870713750262
0.0007583372988383267
0.000758337561518698
0.0007583446011673176
0.000758495901215445
0.0007585002113924351
0.00075850050876384
0.0007585403648982457
0.0007585805286021161
0.0007585852463670241
0.0007589423943691498
0.0007589695429669315
0.0007159501633511197
0.0007158070866456245
0.0007158070866456245
0.0007158085249331232
0.0007158086316937423
0.000715808838449537
0.000715825518864408
0.0007158815922930405
0.0007158837825631416
0.0007158839935384425
0.0007159031371015065
0.0007159304702617036
0.0006730958796608271
0.0006730996916453835
0.000673175177582706
0.0006731757178212809
0.000673180479872986
0.0006731830202657121
0.0006731832541548532
0.000673187846896204
0.0006589531574564191
0.0006589538266160468
0.0006589545150582944
0.0006589548094786122
0.0006589609098075654
0.0006498405865175477
0.0006498656561409343
0.0006503753429559567
0.0006503775454108901
0.0006503778585626021
0.0006503779197139914
0.0006507176130389937
0.0006507346413370023
0.0006507376406950914
0.000650742160642283
0.0006507450626345013
0.0005935711204041256
0.0005936641287601922
0.0005936714311996044
0.0005936727492091612
0.0005936735995603117
0.0005936810775461776
0.0005936821461992802
0.0005937451484517884
0.0005937454569461654
0.000593830320900779
0.0006223492756276245
0.000622404802672817
0.000622539856205528
0.0006225404413594864
0.0006225459485089969
0.0006226092284259009
0.000622609433021794
0.0006226098999645142
0.0006226100961859494
0.000622618461750375
0.000622621542738849
0.000622621542738849
0.0006226341925057662
0.0006226348101768134
0.0006226364047720412
0.00062263673866918
0.0006226491282854425
0.0006226531969297342
0.0005680047764598811
0.0005680401226753762
0.0005688914413205511
0.0005688916407614623
0.0005688943362608988
0.0005760205224333424
0.0005762033201187945
0.0005762036418906711
0.0005189907880918887
0.0005190094573367737
0.0005190301657406033
0.0005190316829683074
0.0005190406043389762
0.0005190422923826262
0.0005190677795158512
0.0005190677795158512
0.0005190704631002116
0.0005190928439488048
0.0005191178405430188
0.0005191219647413057
0.0005191473701554191
0.0005191494903130674
0.0005191522270350271
0.0005191590701571784
0.0005191624385873596
0.0005191968518614102
0.0005192849668669552
0.0005192851582873588
0.0005192868811777469
0.0005192876378998167
0.0005193350850581455
0.00047370940752515734
0.0004737949719889525
0.0004737964258724936
0.00047380434181587273
0.0004739069942870367
0.00047400663106117664
0.00047400736554957827
0.0004740113436852519
0.00047401711213007045
0.00047401885438962897
0.0004740195719771338
0.0004742663849158175
0.000474271344920153
0.0004743342633050663
0.00047447219097798823
0.0004744752001892103
0.00047447886764318757
0.00047455756046295135
0.00047456782587865617
0.0004747468907433726
0.00047477665245278624
0.00047477673833878247
0.00047477695469816573
0.0004747769988812068
0.00047483119560363214
0.00047483320289598747
0.00047483429373982623
0.0004748353715255401
0.0004748353715255401
0.0004819597904338535
0.0004818824177353245
0.00048201272465633123
0.000482827236724682
0.0004828276420748584
0.00048292846555143874
0.00048293143808510885
0.00048293248597385875
0.00048293275305922055
0.0004831059265493326
0.0004831703953776451
0.0005116673721703427
0.0005116707892365976
0.0005116732637721135
0.0005401709203925076
0.0005401742095298222
0.0005401785660955064
0.0005401800608662501
0.0005401800608662501
0.0005401825183725419
0.0005401837864926953
0.0005402335895628642
0.0005402343583681512
0.0005402368122500332
0.0005404743326388918
0.0005689743601432431
0.0005689774534083576
0.0005695076014290246
0.0005695093963659533
0.0005695197072315024
0.0005696202802325323
0.0005704397339968094
0.0005704401966094997
0.00057045161123644
0.00057045161123644
0.000570455911193072
0.0005718832426647817
0.000571886113391969
0.0005718919278310643
0.0005719034840602716
0.0005719079645919612
0.0005719079645919612
0.0005719108277716231
0.0005719127525688598
0.0005719982052493493
0.0005720993872691246
0.0005293247020808786
0.0005258338653151038
0.0005262159327153855
0.0005262233601804404
0.0005263541630436596
0.0005264908401702597
0.0005268313958161232
0.0005270120202681698
0.0005270253314935907
0.000527042397761823
0.0005270554075662121
0.0005270581597810696
0.0004800328371385393
0.0004355957910954173
0.00043560844549758856
0.00043561285503854327
0.00043561399992562803
0.0004357883885671456
0.000436027680817774
0.00043602836816818174
0.0004286600447825994
0.000428661998449782
0.0004286697883313387
0.00042867115623251975
0.00042867134950515544
0.0004286747965614914
0.0004286747965614914
0.00042737202376675893
0.0004273750151359908
0.00042738145116891446
0.00042738145116891446
0.0004278930317739749
0.0004278930317739749
0.00042789323219314415
0.00042789804459111776
0.000427898771390131
0.00042790687632531573
0.00042791052385479926
0.00042791052385479926
0.0004279151201097264
0.00042791535467463077
0.0004279165035263241
0.00042791674608775936
0.0004272278388964133
0.0004272307351104697
0.00042723457780356305
0.00042723508282163685
0.00042723902593645176
0.0004272406914021095
0.0004272426647697772
0.0004272447507182618
0.00042724486026394045
0.0004272533459401523
0.0004280708986412609
0.0004279114393607877
0.0003848087702527112
0.000384814052730184
0.00038563345759105367
0.0003856368641791792
0.00038564147160444944
0.00038564147160444944
0.0003856452664299929
0.0003856466383541634
0.0003856466383541634
0.00038707174328944704
0.00038707774738903396
0.0003870907736305456
0.00038709572511937194
0.00038709572511937194
0.00038709660168024444
0.0003871027651072133
0.0003871081622719849
0.0003871089788024804
0.0003871136666693871
0.0003871234063274188
0.00038746367381878685
0.0003874675397051242
0.0003874691332294074
0.00038746949357940433
0.00038747269935306497
0.00038747269935306497
0.0003874774614047702
0.0003874774614047702
0.0003874786102564637
0.0003874789848308026
0.00038765168857264495
0.00038765548383800405
0.0003876578831257733
0.0003876601921864171
0.0003876617305954229
0.00034486185048805755
0.0003453811686933921
0.0003453811686933921
0.0003453882592911965
0.00034437571584703433
0.00034438332231213914
0.000344383780478539
0.00034438426730871286
0.0003443847451108156
0.0003443847451108156
0.0003443904681135948
0.00034439168454479963
0.0003443929739618767
0.0003443929739618767
0.0003443929739618767
0.0003443944278454177
0.00034439813582961973
0.000345824589255174
0.00034582580568637885
0.0003458276232494554
0.00034583292825499193
0.0003458450129543916
0.0003458467703467692
0.0003458472909188811
0.0003458486592798609
0.0003458486592798609
0.0003458506714838511
0.0003458506714838511
0.00034585744106388776
0.0002603615515258132
0.0002603702178292963
0.0002603702178292963
0.0002603772365774254
0.0002460017013801409
0.0002460017013801409
0.0002460094999891732
0.0002460116880858973
0.0002460122319672083
0.0002460126750957186
0.0002460126750957186
0.0002460126750957186
0.0002460136005788495
0.0002460136005788495
0.0002460141691820382
0.0002460141691820382
0.0002488730742173874
0.0002488744425783672
0.0002488749259703311
0.00024887554870016947
0.00024887554870016947
0.0002488774259147547
0.0002488780782983949
0.0002488805843751624
0.00024888178130716437
0.00024888178130716437
0.00024888178130716437
0.0002488824988946692
0.0002488824988946692
0.00024888465051935995
0.00024888465051935995
0.00024888465051935995
0.00024888465051935995
0.0002488896956153487
0.000248897494224381
0.0002488980392603852
0.00024889958594500325
0.0002489001480133825
0.0002489017955687366
0.00024890297370937746
0.00024890545594956944
0.00024892690943967353
0.00024892756822820225
0.00025605426657254374
0.0002568692740883441
0.00025687083139736293
0.00025687621645686584
0.00025687694414117134
0.00025687984854272985
0.00025687984854272985
0.00025688062757925584
0.00025688062757925584
0.00025688062757925584
0.0002568814341111886
0.0002568814341111886
0.00021406406371624834
0.00021406576458242837
0.00021406666177767848
0.00021407144174042186
0.00021407244371360762
0.00021407244371360762
0.00021407456527421432
0.00021409838566001038
0.00021409838566001038
0.00021411163810011966
0.00021411163810011966
0.00021411285415064903
0.00021412862168504866
0.00021412862168504866
0.00021412862168504866
0.00015707347245764625
0.00015708586207390884
0.00015708586207390884
0.00015708855534936732
0.00016421258470036826
0.00016422666380975758
0.00016422666380975758
0.00016422809721606562
0.00016422809721606562
0.00016422959294438706
0.00016424568335511773
0.00016424724507145335
0.00016424724507145335
0.00016425058252495217
0.00016425058252495217
0.00016425236706419047
0.00016425236706419047
0.00016425236706419047
0.0001642542352537056
0.0001642542352537056
0.00016426831436309493
0.0001642844047738256
0.0001642844047738256
0.00016428636192474617
0.00016428636192474617
0.00016430691774885805
0.0001643283434010415
0.0001643283434010415
0.0001643283434010415
0.00016433049616355598
0.00016433049616355598
0.0001643327565641962
0.00016433513190046214
0.00016433513190046214
0.00016433763009894876
0.00016433763009894876
0.00016433763009894876
0.00010449841323315847
0.00010449841323315847
0.00010449841323315847
0.00010449841323315847
0.00010449841323315847
0.00010450118379163047
0.00010450118379163047
0.00010450118379163047
0.00010450410547147366
0.00010450410547147366
0.00010450410547147366
0.00010450718946686371
0.00010451044802803054
6.151143243006929e-05
6.152993640240955e-05
6.153724580236027e-05
6.153998252431983e-05
6.153998252431983e-05
6.153998252431983e-05
6.153998252431983e-05
6.154289029140188e-05
6.155279355610158e-05
6.155654798527207e-05
6.155654798527207e-05
6.156056435136143e-05
6.156056435136143e-05
6.156056435136143e-05
6.160698659775893e-05
6.160698659775893e-05
6.161128984714038e-05
6.165028020671064e-05
6.165028020671064e-05
6.165028020671064e-05
6.165562657020107e-05
6.165562657020107e-05
6.165562657020107e-05
6.165562657020107e-05
6.165562657020107e-05
6.165562657020107e-05
6.165562657020107e-05
6.165562657020107e-05
6.165562657020107e-05
4.61147575882605e-06
4.61147575882605e-06
0.0
0.0
0.0
0.0
0.0
0.0
0.0
0.0
0.0
0.0
0.0
0.0
0.0
0.0
0.0
0.0
0.0
0.0
0.0
0.0
0.0
0.0
0.0
0.0
0.0
0.0
0.0
0.0
0.0
0.0
0.0
0.0
0.0
0.0
0.0
0.0
0.0
0.0
0.0
0.0
0.0
0.0
0.0
0.0
0.0
0.0
0.0
0.0
0.0
0.0
0.0
0.0
0.0
0.0
0.0
0.0
0.0
0.0
0.0
0.0
0.0
0.0
0.0
0.0
0.0
0.0
0.0
0.0
0.0
0.0
0.0
0.0
0.0
0.0
0.0
0.0
0.0
0.0
0.0
0.0
0.0
0.0
0.0
0.0
0.0
0.0
0.0
0.0
0.0
0.0
0.0
0.0
0.0
0.0
