23394
23394
23394
23394
23394
23394
23393
23393
23392
23392
23392
23392
23392
23392
23391
23391
23389
23389
23388
23387
23387
23386
23385
23384
23382
23382
23379
23379
23376
23374
23371
23371
23370
23370
23370
23368
23368
23367
23367
23366
23365
23364
23364
23363
23361
23360
23359
23355
23354
23353
23352
23352
23352
23351
23349
23348
23346
23346
23345
23344
23343
23342
23341
23340
23339
23338
23337
23335
23335
23334
23332
23331
23328
23326
23323
23322
23318
23314
23311
23309
23309
23306
23299
23299
23298
23296
23290
23287
23284
23281
23280
23277
23273
23271
23270
23265
23263
23259
23258
23256
23252
23250
23240
23237
23232
23229
23226
23219
23214
23208
23199
23194
23192
23190
23187
23183
23183
23178
23175
23165
23161
23159
23157
23153
23149
23144
23139
23138
23134
23129
23120
23116
23110
23106
23101
23099
23086
23081
23076
23067
23064
23058
23051
23046
23037
23031
23027
23023
23021
23012
23010
23000
22997
22992
22986
22982
22979
22977
22971
22966
22959
22951
22943
22938
22928
22924
22919
22914
22911
22904
22899
22895
22889
22883
22879
22874
22870
22867
22861
22850
22844
22838
22828
22820
22812
22797
22792
22786
22776
22768
22761
22756
22749
22738
22726
22719
22712
22703
22693
22687
22680
22666
22663
22654
22645
22631
22622
22617
22610
22604
22599
22596
22586
22579
22571
22561
22556
22551
22540
22529
22517
22504
22495
22482
22468
22458
22449
22439
22434
22417
22407
22404
22398
22387
22383
22371
22365
22354
22343
22336
22326
22320
22304
22293
22286
22277
22271
22259
22249
22238
22232
22226
22221
22208
22200
22194
22186
22178
22169
22158
22150
22138
22129
22122
22114
22107
22096
22090
22087
22076
22064
22054
22045
22040
22033
22016
22006
21998
21985
21971
21958
21956
21944
21936
21924
21912
21898
21883
21872
21864
21853
21841
21821
21810
21799
21780
21767
21752
21729
21720
21704
21688
21679
21656
21643
21625
21615
21594
21579
21570
21548
21536
21523
21516
21503
21492
21482
21475
21466
21445
21427
21402
21386
21375
21357
21335
21310
21292
21270
21256
21248
21224
21210
21195
21184
21170
21159
21137
21117
21102
21080
21063
21046
21025
21007
20991
20974
20956
20938
20916
20905
20892
20875
20861
20840
20828
20809
20792
20773
20745
20730
20713
20700
20673
20647
20633
20616
20599
20572
20548
20529
20518
20502
20483
20464
20453
20428
20404
20379
20356
20333
20317
20301
20280
20262
20237
20222
20206
20188
20160
20137
20114
20102
20077
20050
20026
20003
19982
19966
19944
19928
19900
19873
19836
19810
19789
19767
19750
19732
19713
19685
19660
19629
19610
19584
19564
19541
19508
19489
19461
19432
19411
19386
19348
19321
19296
19276
19247
19222
19194
19175
19141
19114
19075
19048
19026
19002
18981
18926
18905
18881
18851
18828
18794
18772
18750
18729
18708
18688
18663
18629
18603
18563
18545
18517
18491
18458
18428
18392
18365
18336
18296
18271
18242
18217
18192
18162
18138
18117
18084
18055
18030
18002
17974
17955
17927
17891
17849
17811
17770
17749
17715
17681
17652
17627
17600
17562
17519
17470
17433
17397
17349
17310
17273
17242
17220
17179
17137
17094
17052
17014
16972
16929
16899
16868
16828
16799
16762
16738
16712
16684
16636
16604
16552
16521
16500
16464
16427
16386
16352
16308
16260
16223
16188
16152
16093
16052
16016
15978
15934
15891
15860
15817
15788
15744
15688
15660
15633
15581
15560
15525
15477
15431
15398
15355
15319
15285
15249
15188
15143
15095
15058
15015
14968
14922
14886
14847
14818
14774
14734
14702
14670
14629
14584
14540
14509
14474
14440
14395
14373
14333
14299
14268
14212
14170
14117
14072
14033
14001
13955
13907
13874
13835
13792
13729
13694
13643
13595
13547
13502
13460
13424
13376
13337
13300
13252
13210
13165
13127
13096
13005
12963
12923
12848
12777
12744
12682
12629
12563
12530
12490
12417
12362
12309
12264
12227
12165
12133
12094
12041
11984
11926
11882
11842
11798
11740
11665
11616
11546
11490
11449
11380
11326
11268
11225
11191
11109
11071
11023
10958
10912
10863
10807
10743
10679
10634
10576
10500
10425
10308
10218
10161
10068
10007
9949
9904
9847
9788
9741
9687
9643
9583
9502
9432
9383
9325
9264
9204
9122
9082
9027
8943
8857
8799
8747
8676
8605
8561
8500
8436
8363
8332
8245
8177
8118
8068
8021
7950
7874
7820
7749
7700
7622
7552
7484
7452
7396
7325
7251
7175
7046
6971
6923
6875
6818
6773
6740
6683
6645
6609
6550
6516
6464
6406
6366
6332
6294
6214
6133
6092
6058
5971
5918
5859
5778
5743
5626
5588
5555
5519
5435
5342
5233
5153
5096
5042
4959
4905
4881
4841
4738
4701
4672
4549
4483
4446
4380
4318
4240
4203
4168
4028
3966
3924
3898
3817
3750
3728
3673
3481
3375
3325
3292
3256
3200
3169
3121
3075
3029
2980
2940
2911
2886
2853
2759
2655
2616
2562
2524
2487
2341
2293
2250
2196
2178
2155
2117
2096
2072
2010
1976
1939
1803
1774
1743
1725
1615
1605
1596
1568
1499
1463
1442
1422
1378
1359
1314
1296
1255
1234
1223
1204
1149
1130
1055
1031
1015
992
978
960
925
845
836
747
734
717
703
691
685
681
667
652
646
643
641
633
630
609
448
447
439
431
427
422
80
78
77
76
76
76
73
73
72
72
72
72
70
70
69
67
65
61
60
60
60
57
56
56
54
53
49
49
49
49
47
46
44
44
42
41
40
39
38
33
33
33
32
32
32
31
30
30
29
28
27
26
26
26
25
24
22
21
21
21
21
20
20
20
20
20
19
19
19
18
18
18
18
18
18
17
17
17
11
11
9
7
7
7
4
3
2
2
2
1
1
