0.0015502285014892703
0.0015502808376754902
0.0015322495577887848
0.0015326151573851275
0.001533440994619375
0.0015619448743356052
0.001561980719567601
0.001561984684154864
0.0015620859022288686
0.0015622152384754495
0.0015622220020055128
0.0015706755760514577
0.0015633681137998642
0.0015633732118677476
0.0015653326377943096
0.001566761641394778
0.0015199876444486515
0.0015210539144950594
0.001521054799078693
0.0015210591153202674
0.0015213105403596957
0.0015213385400115504
0.0015221980523635287
0.0015224749046128345
0.0015152561771687037
0.0015152611845974222
0.0015152646200654856
0.0015157810878023389
0.0015172385022998326
0.001517272951498161
0.0015461138149518792
0.0015428247736527826
0.0015443902449528805
0.0015443911216259589
0.0015015808506914955
0.001501761563410224
0.0015022020639367073
0.0015022681428350693
0.0015022705204654242
0.0015040867687148873
0.0015041634323099396
0.0015042450304481533
0.001504249778340681
0.0015042570201320759
0.0014566559259649638
0.0014570872509111188
0.0014571059408118087
0.0014610001139106824
0.0014611791395947962
0.001461186132490248
0.0014611951986137298
0.0014612050745997313
0.0014612503155867378
0.0014612554616713163
0.001461327939850174
0.0014601140818110722
0.0014601223444919383
0.0014601416140037047
0.001458885984774861
0.0014589881560788279
0.0014597450334539188
0.0014597456659433006
0.001459751950210832
0.0014597698653181924
0.0014597759837400972
0.0014607611190009134
0.001461117187434429
0.0014611604939807374
0.0014686302299606396
0.0014747392457706517
0.0014747708035800053
0.001474840440673548
0.001474843012245266
0.0014704605101103618
0.001470496903399611
0.0014488816159151127
0.001448898935160308
0.0014489806564331462
0.0014337129819719048
0.001387552988464021
0.0013889809464535585
0.0013720993262958542
0.0013726086364553728
0.0013754881183313523
0.0013754925681986048
0.0013789691481928695
0.0013799195513244254
0.001380747616292257
0.001380817272774756
0.0013808209381761774
0.0013824652440557975
0.0013824928376519558
0.0013824974700896884
0.0013815235971429995
0.001381552669352852
0.0013829791332283044
0.0013857165535210404
0.0013857263751603877
0.0013858237865485362
0.0013360566804259811
0.0013360635227347138
0.001336132837505899
0.001336139745656133
0.0013362341191697272
0.001335496351717879
0.0013354997361880918
0.0013355017938209638
0.0013355547350747624
0.0013356911557587752
0.0013365602053723741
0.0013362896277190376
0.0013391555349841092
0.0013393968364261942
0.0013394063776279543
0.0013395369894291433
0.0013396203705713734
0.001339684116845075
0.0013396849891330867
0.0013397123366216401
0.0013397382494797128
0.00133988930542178
0.0013401282891440083
0.0013401594043006624
0.0013402461118579138
0.001340300517107705
0.0013403006701171042
0.0013403330087608464
0.0013403345457462467
0.0013403521349250153
0.0013408810058981899
0.0013406466344448584
0.0013420816090586659
0.0013421104680551028
0.001343544411110586
0.001342211037737955
0.0013422234869489233
0.0013421859031037893
0.0013422583104517368
0.0012899846917708796
0.0012899872362110362
0.0012904451666330015
0.001290450066006887
0.0012920480135468373
0.0013122593201150708
0.001269524201768468
0.0012695284094868745
0.0012695799906134893
0.0012725300498283823
0.0012739600063393763
0.0012739652131704602
0.0012695016565758548
0.0012695049729387993
0.0012650382006398934
0.0012651842960573762
0.0012651963597949114
0.001265199571866442
0.001265202291375582
0.0012552297575269841
0.0012552398719314945
0.0012560666910472183
0.0012561221434815983
0.0012545968943314502
0.001254601171354623
0.0012546766607015973
0.0012534220832268797
0.0012534235980735725
0.001253426515551245
0.0012535787527637099
0.0012104071231903773
0.0012104179978036252
0.0012175506795028782
0.0011746657859127798
0.0011756470760361873
0.0011613934038543917
0.0011622216332182612
0.001162275956633676
0.0011551501712450218
0.0011551562118489892
0.0011552016074617168
0.0011552036634586435
0.0011560516374766628
0.0011563307854741082
0.00115636478305728
0.0011092812130198927
0.0011092812130198927
0.0011092837835561516
0.001109293322469444
0.0010601691849111898
0.0010166533138200116
0.0010167346605238332
0.0010167376148693093
0.0010167469148470887
0.0010084624408600547
0.0010084824099595036
0.0010084948755302407
0.0010093146482708676
0.0010095883591111794
0.0010096261675138815
0.0010096297375166952
0.0010096344631113168
0.0010096435702689236
0.0010018232258390413
0.0010019566067988078
0.001001792860023549
0.0009896195038700901
0.0009901307270760561
0.0009928512734975483
0.000993229472429287
0.0009946573062937546
0.000994698851688634
0.0009949408173252473
0.0009949447581731787
0.0009954743768420989
0.0009954836103791395
0.0009954850887036943
0.0009970461459782377
0.000997050183030083
0.0010255540965402228
0.0010255564056008664
0.0010255636328368313
0.0010255647995127141
0.0010255772023666922
0.0010255806779905959
0.0010256417119797318
0.0010256555277577612
0.0010256592610489719
0.0010257404392589686
0.001025763467506953
0.0010257636884221579
0.0010257636884221579
0.0010259635993292277
0.0010257970350599477
0.0009830427472521332
0.0009830676807527595
0.0009830796164927323
0.000983025939163212
0.0009391029163124634
0.0008943246352073209
0.0009016532890922622
0.0009016587460925016
0.0009016615629265832
0.0008497683767015653
0.0008497815588155694
0.0008499542625574118
0.0008499857115046013
0.0008499901128813262
0.000849910676320504
0.0008068994044392145
0.0008069319387457555
0.0008069351502822062
0.000804898452188593
0.0008063485566235497
0.0008048234890638665
0.0008048537189925151
0.000762284730576986
0.000762526775314494
0.0007548793245133986
0.0007548824961431007
0.0007406200021584228
0.0007406622758215512
0.0007406664898531941
0.0007394751129239925
0.0007395668831616477
0.0007396818810652167
0.0007396894935021693
0.0007396942319143756
0.0007397290859175821
0.0007397411569217903
0.0007399700863944795
0.000739978268912209
0.0007400350702104247
0.0007400382634566635
0.0007400502582074239
0.0007401500532130394
0.0007401505725707232
0.0007402397013001108
0.0007402398627829182
0.0007402402436283665
0.0007436053762816878
0.0007512857365341953
0.0007513602424574909
0.0007798722375135098
0.0007798736726885194
0.0007798824832128229
0.0007870065125638238
0.0007870097465112855
0.0007870115362194254
0.00078702708933326
0.00078702708933326
0.0007870564431941778
0.0007860783303304769
0.0007860888732220643
0.0007860953107794665
0.0007860998438044408
0.0007861013309552263
0.0007675871312403101
0.0007675873142283493
0.000767592787554968
0.0007676292214692424
0.0007677313320419474
0.0007677773799975067
0.0007654967393320296
0.0007655018014606923
0.0007655094808251749
0.0007683597392503452
0.0007684032404827676
0.0007681653731553839
0.0007690135045375545
0.0007690156650071041
0.0007690223872082472
0.0007606367315182965
0.0007608181337086751
0.0007608184327737585
0.0007608228566504697
0.0007608352640435705
0.0007180942146196414
0.000718484732952568
0.0007185498774957287
0.0007187979812488143
0.0007188013147915778
0.0007188025763254961
0.0007188043262135698
0.0007188045492425655
0.0006239972117348524
0.0006312612108459594
0.000638389751873777
0.0006383899834599698
0.0006170122739839803
0.0006173562232228243
0.0006173785794021519
0.0006032634914692244
0.0005889966208948567
0.0005835432977324615
0.0005835528137000862
0.0005837929485900103
0.0005837939764162313
0.0005838310497534269
0.0005841730767932425
0.0005861076170906808
0.000586150572983692
0.0005861724507021135
0.0005867613536990506
0.0005867638397244311
0.000586764080734885
0.0005897434543610137
0.0005899214112543217
0.0005899276422702605
0.0005913553522461323
0.0005913650017383144
0.0005837601404134371
0.0005841001716850972
0.0005841005612424096
0.000582051952304842
0.000536255284557613
0.0005647642855221881
0.0005647655939795554
0.0005647655939795554
0.0005647753508031389
0.0005651145902960436
0.0005651225189532722
0.0005937375579916047
0.0005937417507457509
0.0005938119813659446
0.0005040506861959823
0.0005040621286763533
0.0005037670756157654
0.0005037675534178681
0.0005037956764826347
0.0005037958648113853
0.0005037973133919136
0.0005046295728900445
0.0005051826123034357
0.00046218538734232005
0.0004621893788382158
0.00045779337020456136
0.00045783952166434744
0.00045783952166434744
0.0004563827097571963
0.00045638527533151504
0.00045639259985958303
0.0004563939871451774
0.00045639645502821023
0.00048491258331680094
0.0003960893945705799
0.00039609314899975034
0.00039609314899975034
0.0003960934078775819
0.00039613572146053903
0.00039694989624351057
0.00039695845088834125
0.0003969625727420809
0.0003969747364079058
0.0003969790027569513
0.000397137955732581
0.0003971423546921642
0.00039720618655541336
0.00039721081394731287
0.0003972131933329639
0.00039729601903994513
0.00039731210945067577
0.0003971958082933696
0.0003980194718099896
0.0003980234628628473
0.00039977558010439627
0.00039980748410755294
0.0003998084528840775
0.000399826937748371
0.00039989354940401676
0.0003998984135034618
0.000399901052692501
0.00035685512038389323
0.00035691774921335254
0.00035691785179855454
0.0003640430179213629
0.00036404496048023083
0.0003196282072417753
0.00031969344560579544
0.00031970044058315136
0.00031970342410091835
0.00031981734847228333
0.0003037422196370956
0.00030659665875253843
0.0003065983609456415
0.0003066045855227017
0.0003066086867103057
0.00030661583575189986
0.00030661698843539317
0.00030661719481489156
0.00030662692885241594
0.00030663169090412116
0.00029941720841863674
0.0002994202183487684
0.00029942257332859427
0.0002752040679773918
0.00027520414951041406
0.00027520443640171867
0.00027528272243854286
0.0002752853251737773
0.00027530419483233845
0.00027530436378429065
0.0002753725751957283
0.0002754810807221851
0.00027548157094072455
0.0002754860305405948
0.00027548613730121393
0.00027548788682629164
0.0002755062175452124
0.0002783559916451518
0.00026409573501029736
0.0002640973825656514
0.00026411052793603323
0.00026411065554582576
0.00026411690904518505
0.0002641344930292133
0.00026413887562826073
0.0002641399800308791
0.00026414467545574343
0.0002641458068859973
0.00026414843763360694
0.00025995369338369274
0.0002601342422286002
0.0002601385631669903
0.00026013870091368265
0.00026013894112593953
0.0002601404528643131
0.0002416142964442841
0.00023019610563070343
0.00023020583186645567
0.00023020680575973676
0.00023020920236605603
0.00023020920236605603
0.00023021049178313316
0.00023024464193752495
0.00023025243949387986
0.00023025355327607272
0.00023025927903313158
0.00023026928154495333
0.0002302765813159054
0.00023027686904041097
0.00023028146444718472
0.00022991347529868766
0.0002318471404082451
0.0002318472345726203
0.0002318472345726203
0.00023184878125723845
0.00023185832394010945
0.00023185872319906372
0.00023189015478945684
0.00023189015478945684
0.00023189249424488063
0.00023199368049914648
0.0002321301591909896
0.00018855202899375686
0.0001887728896770273
0.00018878096447864348
0.00018878189490334732
0.0001887865349995186
0.0001887881857533116
0.00018879108892097822
0.00018880276847229016
0.00018880288090074993
0.00018898396595839527
0.00018898483555762207
0.0001892242254188639
0.00018922434083215
0.0001892254119123397
0.00018940681410271822
0.0001608874153012927
0.00016089067491165704
0.00016089084590546082
0.00016089263965740193
0.00016089409733213968
0.00016089647021348994
0.00016134579227137187
0.00016134789686516015
0.00016134807601428958
0.00016136078857349458
0.00016159825621852794
0.00016159825621852794
0.00016160129109833924
0.00016160141280588272
0.00016160141280588272
0.00016160173457775947
0.00016160299208831206
0.00016160597418844277
0.00016160786361732034
0.00016160799935577814
0.00016160975674815582
0.00011882433235023219
0.00011895399973672632
0.00011905564469391085
0.00011909056640641577
0.00011910556380149839
0.00011910613164847293
0.00011910842684127914
0.00011911229879342763
0.00011911376718659035
0.00011911376718659035
0.00011911376718659035
0.00011911396237037856
0.00011917529621693978
0.00011917529621693978
0.00011917545269959475
0.00011918014815203546
0.00011918056056228011
0.00011918224565254679
0.00011935516743019842
0.00011982393472948507
0.00012034936172651594
0.00012034936172651594
0.0001204792948830742
0.00014831344796625365
0.00014836621110477462
0.00014837324789570774
0.0001483759891403153
0.00014837616423166646
0.0001512260028881156
0.00015122848512830758
0.00015123400809610762
0.000152055953674339
0.00015206415877037943
0.0001521089217795403
0.00015211074879663527
0.0001521177675447643
0.0001521244527836246
0.00015226078928386923
0.0001522684115423101
0.00015227157524184392
0.00015227313695817955
0.00015227313695817955
0.0001522833607399133
0.0001522833607399133
0.0001522837413686754
0.0001527926006080326
0.00015279579484800477
0.00015279579484800477
0.00015564566626724715
0.00015564635317210482
0.00011093942939501907
0.00011093942939501907
8.955249824038207e-05
8.955555341122385e-05
8.956316191274086e-05
8.957590836498267e-05
8.957928628311969e-05
8.960869404101854e-05
8.961268509387625e-05
8.961905492085502e-05
8.962083946009334e-05
8.986281555244804e-05
8.986542865809186e-05
8.986790205465933e-05
8.986790205465933e-05
8.987413821122002e-05
9.00554294432001e-05
9.009938359530296e-05
9.092119211029397e-05
9.09314947307645e-05
9.093193867904138e-05
9.09342477396851e-05
9.094208320815139e-05
9.111478694999383e-05
9.112146913443126e-05
9.112476781613793e-05
8.822130257330431e-05
8.904338330923236e-05
8.91108417310545e-05
8.91108417310545e-05
8.912581065286348e-05
8.913704368182978e-05
8.913704368182978e-05
8.913732212737798e-05
8.913732212737798e-05
8.914381812379535e-05
8.915661795744659e-05
8.8620463574501e-05
8.862261633701545e-05
8.862937217328952e-05
8.863275009142654e-05
9.575677944242748e-05
9.575989752070782e-05
9.576703145610059e-05
9.576703145610059e-05
9.576703145610059e-05
9.576703145610059e-05
9.578312186683126e-05
9.579016723894564e-05
9.579016723894564e-05
0.00012431154391828427
0.00012437694330621563
0.0001246147210928169
0.00012461498159726264
0.00012461977222409976
0.0001246201062151617
0.0001246334701927452
0.00012463689044869554
0.00012464410507705554
0.00012464845895290033
0.00012465281282874512
0.00012465716670458988
0.00012465716670458988
0.00012465752705458676
0.00012465767062270225
0.00010992249596917699
0.00010493604999781523
0.0001049419516654307
0.00010494211279608535
0.00010494211279608535
0.00010494576091456461
0.00010495052296626982
0.00010495052296626982
0.00010495396952135013
0.00010495437487152657
0.00010495471182990466
0.00010496033548209908
0.00010496767039005379
0.00010496784661836179
0.0001049784714105535
0.00010499022117653768
0.00010499041444917334
0.00010499615963413384
0.00010500365618436559
0.00010501574088376524
0.00010503056108002694
0.00010503056108002694
0.0001020942700314221
0.0001020942700314221
0.0001020942700314221
0.00010210128877955117
0.00010210128877955117
0.00010210180935166306
0.00010211717059013532
0.00010211773919332401
0.00010211773919332401
0.00010215083170577107
8.670480071872323e-05
8.672979731293725e-05
8.67395395752976e-05
8.674824732698714e-05
4.348390399852755e-05
4.348390399852755e-05
4.348390399852755e-05
4.348390399852755e-05
4.3513311756426415e-05
4.3513311756426415e-05
4.354823346893132e-05
4.354823346893132e-05
4.356871761749714e-05
4.358521231669909e-05
4.358521231669909e-05
4.358521231669909e-05
4.359565810753634e-05
4.36000197581594e-05
4.36078183671917e-05
4.361245842104602e-05
4.361245842104602e-05
4.361245842104602e-05
4.361245842104602e-05
4.361245842104602e-05
4.361245842104602e-05
4.3621156869582036e-05
4.3626099535644245e-05
4.363758990556522e-05
4.363758990556522e-05
4.363758990556522e-05
4.363758990556522e-05
4.3642862082698244e-05
4.3642862082698244e-05
4.3642862082698244e-05
4.3655541111576555e-05
4.367091501769264e-05
4.3676939566826664e-05
4.368789961198206e-05
4.373626054106013e-05
4.375063444356721e-05
4.375063444356721e-05
4.376467193982534e-05
4.377875104921467e-05
4.377875104921467e-05
4.377875104921467e-05
4.3857623807477594e-05
4.3857623807477594e-05
4.3857623807477594e-05
4.348702361098172e-05
4.348702361098172e-05
4.348702361098172e-05
4.3492792055800345e-05
4.3492792055800345e-05
4.349902821236102e-05
4.357905393889241e-05
4.357905393889241e-05
4.357905393889241e-05
4.357905393889241e-05
4.357905393889241e-05
4.3585809775166474e-05
4.3585809775166474e-05
4.3585809775166474e-05
4.3585809775166474e-05
4.3585809775166474e-05
4.359314468312118e-05
4.360112678883658e-05
4.360112678883658e-05
4.362061131355727e-05
4.362061131355727e-05
4.3629319065246803e-05
4.3629319065246803e-05
4.3651239155557573e-05
4.3651239155557573e-05
7.007792515111772e-07
7.007792515111772e-07
7.007792515111772e-07
7.007792515111772e-07
7.007792515111772e-07
7.055413032163919e-07
7.055413032163919e-07
7.055413032163919e-07
7.055413032163919e-07
7.196204126057216e-07
7.357108233363844e-07
8.139968601605703e-07
8.325008325008324e-07
8.325008325008324e-07
8.325008325008324e-07
8.325008325008324e-07
8.377237279194548e-07
8.377237279194548e-07
8.377237279194548e-07
0.0
0.0
0.0
0.0
0.0
0.0
0.0
0.0
0.0
0.0
0.0
0.0
0.0
0.0
0.0
0.0
0.0
0.0
0.0
0.0
0.0
0.0
0.0
0.0
0.0
0.0
0.0
0.0
0.0
0.0
0.0
0.0
0.0
0.0
0.0
0.0
0.0
0.0
0.0
0.0
0.0
0.0
0.0
0.0
0.0
0.0
0.0
0.0
0.0
0.0
0.0
0.0
0.0
0.0
0.0
0.0
0.0
0.0
0.0
0.0
0.0
0.0
0.0
0.0
0.0
0.0
0.0
0.0
0.0
0.0
0.0
0.0
0.0
0.0
0.0
0.0
0.0
0.0
0.0
0.0
0.0
0.0
0.0
0.0
0.0
0.0
0.0
0.0
0.0
0.0
0.0
0.0
0.0
0.0
0.0
0.0
0.0
0.0
0.0
0.0
0.0
0.0
0.0
0.0
0.0
0.0
0.0
0.0
0.0
0.0
0.0
0.0
0.0
0.0
0.0
0.0
0.0
0.0
0.0
0.0
0.0
0.0
0.0
0.0
0.0
0.0
0.0
0.0
0.0
0.0
0.0
0.0
0.0
0.0
0.0
0.0
0.0
0.0
0.0
0.0
0.0
0.0
0.0
0.0
0.0
0.0
0.0
0.0
0.0
0.0
0.0
0.0
0.0
0.0
0.0
0.0
0.0
0.0
0.0
0.0
0.0
0.0
0.0
0.0
0.0
0.0
0.0
0.0
