0.003484677862727028
0.0034875815110028342
0.0034718140885974646
0.0034499101788020062
0.0034499807989715457
0.003402227316276116
0.003409718498466268
0.0034068927571458923
0.003406985421789454
0.003407158181184711
0.0034073040600512056
0.003407424369613156
0.0033644143809601636
0.0033646056447934783
0.003331084501348749
0.003332153128508128
0.003271984672040639
0.0032226101205702915
0.0032096084713096303
0.0032096493751443598
0.003209669615346692
0.0032068375183735265
0.003108751991538836
0.003108922943252678
0.003094531722052682
0.003094801652438328
0.003078728358884194
0.003078815307856251
0.0030289873726599536
0.002987319715472108
0.0029877225895918952
0.002987816291855914
0.002987910733166206
0.0030164734914310295
0.003020180149897645
0.0030207898361362413
0.003020253729394868
0.0029754873464912382
0.0029758682513443416
0.0029758577497946965
0.002975910544443018
0.002976006764038222
0.0029572519164741996
0.002958621281883212
0.0029587608901588043
0.0029649039869916543
0.0029075845000803204
0.002908116832381461
0.002898810438411808
0.0028839370756344484
0.0028844527832405627
0.00284507778061999
0.0028015691968539657
0.002785788053747841
0.002785879939126564
0.002814908496980832
0.002843666509491586
0.0028433778087378595
0.0028398607297842452
0.0028399871055210177
0.002840443440664885
0.002797455186276037
0.002797552698467724
0.0027981456366125727
0.00279605562261463
0.002796354559267756
0.002780768130545876
0.0027807882090899114
0.00272387877668783
0.002719628512990141
0.0027176127632009537
0.002674149751641969
0.0026741568039033
0.0026733919121852494
0.0026735047355151776
0.0026282440346671095
0.0026282601602911843
0.0025801347266674666
0.0025801584899536626
0.002580192223725171
0.0025802289107501432
0.002579875699481653
0.002580033727920647
0.0025786382526321165
0.0025746947894419547
0.0024819740841895634
0.0024820669493185728
0.002484941296491905
0.0024846585210432743
0.002484765252473101
0.0024843971718766355
0.002477041507296063
0.0024774011616611503
0.002434302396148042
0.002435785739205088
0.002435824395524252
0.0024343651919339453
0.0024343647585451434
0.002432815685047599
0.0023898738547868037
0.0023899161628288404
0.00238992912918462
0.0023912682892231044
0.002391377518803832
0.0023915536274700753
0.0023915605423114362
0.002392091819949765
0.0023943373967224594
0.0023945327030673027
0.002394535186484038
0.00239460126373778
0.0023946527796994345
0.0023946902820587753
0.00234491828307106
0.002342144203502796
0.0022547565482318095
0.0022523935669744315
0.0022533514267607134
0.0022534190208969786
0.0022542970458526604
0.0022100762967414028
0.0022099146393654923
0.0022099569539383583
0.00216009548359175
0.0021603467735048267
0.0021605421683513763
0.002160657195102371
0.002163682952015372
0.0021637146118467943
0.00216524728669916
0.0021651046309826005
0.002165177458795576
0.002151506005212066
0.002108399597474366
0.0020587320299191277
0.0020587884371622077
0.0020156806525474555
0.0020005310895924522
0.0020006222884554575
0.0020006348430624227
0.0020007324597712643
0.0020078584491346313
0.0020078658138995994
0.0020080040433949004
0.002008105754702314
0.002008139775448572
0.0020082329453646793
0.0020153610746128287
0.002015483858800539
0.001996946223842055
0.001997014568468577
0.0019971548846453952
0.0019972181213915277
0.001997307314775015
0.001997360424196797
0.0019973688454657614
0.001997377059826795
0.0019975554269878906
0.0020058900371799303
0.0020059766313323154
0.0020064171112446215
0.0020069488279681907
0.0020070811845220482
0.0020070861434075497
0.0020070955289053574
0.002007348294734075
0.0020073788061648287
0.0020074134015785837
0.002007495969298444
0.0020075893012447663
0.0020121288054328426
0.0020121711506802015
0.0020122041333922097
0.0020150557784749364
0.0020154087163803485
0.002015523710810935
0.0020111928928709917
0.002011207448638255
0.0020112378194187723
0.002011353994086158
0.0020027146576602254
0.0019671089313221314
0.001937709718188522
0.001936040360500459
0.001936120995189175
0.0019338015040687537
0.00193387819893198
0.001935333418930633
0.0019354507351019214
0.0019367288577382988
0.0019368238247007678
0.0019371765540293882
0.0019376868165549
0.0019377806390576023
0.001937822520772634
0.0018879341520054624
0.0018883367929534553
0.0018912153633333093
0.0018913754591344879
0.0018920422651374687
0.0018465633293798017
0.0018465660499260674
0.0018429140797869982
0.0018429452576046229
0.0018430114225496366
0.0018430284788367017
0.001843076462769647
0.0017831977360057043
0.0017689306062192414
0.0017689436478295557
0.0017692221228162814
0.001682973641082219
0.0016901292659929387
0.0016901431855404006
0.0016901596360269604
0.0016905429429918128
0.0016907170290292556
0.0016921418348994559
0.0016922679378033195
0.001692268859765513
0.001692321766036608
0.0016923264207010368
0.0016923959920301793
0.0016924020463029896
0.0016925535029664424
0.001692718195338249
0.001693805326583264
0.0016940642460454272
0.0016940777899640764
0.0016940803327911774
0.0016898253150654614
0.0016898627047117298
0.0016898716414182433
0.0016944845834346483
0.0016944901432207813
0.0016419464186831487
0.0016420494952746347
0.0016420786420029837
0.0016421694417398168
0.0016422244015447728
0.0016422737660037605
0.0015947504022885976
0.0015802413998302976
0.0015802951842023604
0.0015803392277168608
0.0015385513024611043
0.00153863784533313
0.0015226019018140776
0.0015217733011224307
0.001521838718454201
0.0015220128722029098
0.0015239972888328422
0.001527749604000947
0.001527220843310606
0.0014846863876012578
0.0014847752485397455
0.0014862904701748694
0.0014867996399166032
0.0014868059299360966
0.0014868200681727253
0.0014412247307777767
0.0014352595777510195
0.001436383605401733
0.0014393019194832686
0.001446437993513703
0.0014446963904026558
0.001432443328875885
0.001432995905144409
0.0014332468955844315
0.0013885077553185674
0.001373099197640335
0.0013729238347629069
0.001374355659381236
0.0013743608678315619
0.0013600989576236873
0.0013883273943127376
0.0013366847300995172
0.001337649617979542
0.0013376507173285949
0.0013376550056532115
0.001293958517170773
0.0012940210997660186
0.001294033861789136
0.0012941162716315748
0.001294354161285011
0.001323193042263143
0.001323382693599867
0.0012778034330555772
0.0012778287602146588
0.001277918184877775
0.0012779238442018823
0.0012780058627389654
0.0012780135417477855
0.0012780147246426903
0.0012780789826460771
