0.42423969587835136
0.22817119986931306
0.20472528012315808
0.1741457238233274
0.12672983769081514
0.10871033765558141
0.09249326620727256
0.09026262383308886
0.08878418437153576
0.08772996311557671
0.08884540212583404
0.07897527890341689
0.06730741145072268
0.0626666026343884
0.061438000188457666
0.058269522770037906
0.058738048763111006
0.05449946033094598
0.05379645841607047
0.04879761797934555
0.05110610755230332
0.0514255489317799
0.05250143410312345
0.05211257192855683
0.05112043997797672
0.04743732897283568
0.04380063008235097
0.04195243665140811
0.04278138839683115
0.04251911381032307
0.0416403411370719
0.040279016691253416
0.03807694315735556
0.03714207647878346
0.03711967079920236
0.03514888552348517
0.032266948460389966
0.03134484415808416
0.029164163751076732
0.02860230024436735
0.02788937290492562
0.028607950646723793
0.027730105030621826
0.027961014270968393
0.027300162885467147
0.026435727854156613
0.02580168946825458
0.026033898031293575
0.026156878676927973
0.025592844757746796
0.02441968248004959
0.023924305743714912
0.02327374196548183
0.02276562189980715
0.02205808895154966
0.022271903346817293
0.02256310813050017
0.021661961024314808
0.02069553986727944
0.020326486065851312
0.020652799889606128
0.020966193700249304
0.021920505632954442
0.02211379890358212
0.022372829674100304
0.022003169072338877
0.02173584663403344
0.021624062477295106
0.021295219704582508
0.02096835755391615
0.020659538910331537
0.02021239041189323
0.01954369502509361
0.019256732927082413
0.019492113263958735
0.019139545665544835
0.018493715670607553
0.018251460201970056
0.01863528865966821
0.01831148688386263
0.018078427009781642
0.01784654800648594
0.017301807316909397
0.017061297255420042
0.01682218012556384
0.016625509680727603
0.01643278240151012
0.016166134950263734
0.016417033152773618
0.01673428528633317
0.01674742589304656
0.017449011241240573
0.01773598386679473
0.0176836861476465
0.017755608337712517
0.01736096139357509
0.016864915462555953
0.01668555869651439
0.016245916747853494
0.016401742262205178
0.016206903013552317
0.01601319497332655
0.015765251823985152
0.015592575928504214
0.015442599520176396
0.014993255418845945
0.0148418729478566
0.014681082580147735
0.014544499114944289
0.01447389323786475
0.014320975293679618
0.01416639282967572
0.013799041543503697
0.01344208745093671
0.01331950798615747
0.01348510501703434
0.013686307888211206
0.013324253446679282
0.013211846726613241
0.013041046474585639
0.013229590805036554
0.013393458694646174
0.01361143171134353
0.013279195384581995
0.012945822143548343
0.01316066616202941
0.013029502089767246
0.013239207017045132
0.013133069064694664
0.013031258393605718
0.01266626023247408
0.012862040691435907
0.012556567594540585
0.012439906536107636
0.01234132238610357
0.01250494445831633
0.012413034806022023
0.012114760751507787
0.012026633922184353
0.011892059670677937
0.011805272953136535
0.011158259664596456
0.01102799485029017
0.011219013239586897
0.011119344796864227
0.010835850868021994
0.011033852869075695
0.010955988407133847
0.010879153933474278
0.010796937125310426
0.010704882165354557
0.010632194825288427
0.010819333876127692
0.0110073367812692
0.010927298714470922
0.010857231783385643
0.010786813978004848
0.010806223059924583
0.011056640399689248
0.010816349245182474
0.011086286178954623
0.01099959935047489
0.010930928119172472
0.011107912699192736
0.01087660724493512
0.011043194115611303
0.010973783625290986
0.010746677275022331
0.010516950638551946
0.0102968941760219
0.010236540677065432
0.010169800157730368
0.010341112752799943
0.010238610061131257
0.010179822828140324
0.00996747139301183
0.009910839963484241
0.00980470582467927
0.009745650782699844
0.009916922569443957
0.01008368828557611
0.009991679828474577
0.00993273212037893
0.010088925776816948
0.010034239091480487
0.009946379796763763
0.009735442065375563
0.009680341332376493
0.009486713144669427
0.00971623973477147
0.009524823184591908
0.009474644322270744
0.009424804417292
0.009373016633313198
0.009276850807072237
0.009228644864831447
0.009147554216780462
0.00909270683473538
0.008982854258282135
0.008937720411704993
0.008727094844021644
0.008682926945382315
0.008833940764347046
0.008754133314608658
0.008706473449549838
0.00885494197305892
0.008805387924151472
0.008748886697333771
0.008698535642069275
0.008656832979161184
0.008611395410597791
0.008569414748988206
0.008526912958327202
0.008473043252645824
0.008432648403053552
0.008380778319105824
0.008340277489822629
0.008301466307409034
0.0082634089832051
0.008221950007554848
0.008182083170215088
0.008143769992986282
0.008106759696398581
0.008039175111584211
0.007982767953068935
0.007825775107735833
0.007761449049523814
0.0076042402193103745
0.007541061595271417
0.007506995330725631
0.007472965375113968
0.007400219281797329
0.007136954991937181
0.00710530106343877
0.00707439688093326
0.007015109981033441
0.006865942822927694
0.006831001111228524
0.006773959516131269
0.006745396217774572
0.006605851146372698
0.006578349284727163
0.006551159311049405
0.006512623410270409
0.0064583721044211674
0.006431835548767776
0.006378702679864659
0.006351327002323831
0.0063246472263993
0.006295528879336144
0.006434981821806166
0.006403937080425442
0.006378565004394792
0.006351083127511679
0.006325201802010914
0.006292046215967099
0.006319315426969751
0.006293728618936626
0.0062575056300816214
0.006232135131577875
0.006197920849677744
0.006142087564479207
0.006096011880523804
0.006072899706551125
0.0060467427963192665
0.00602362700481838
0.005998578993828691
0.005973831832748879
0.005950229527067817
0.005898536303729044
0.005875794361765443
0.005849110423915254
0.005802411162744006
0.005770364634165637
0.005724607524368441
0.005702676159191835
0.0056701174542531
0.005545539459356833
0.005525488760677819
0.00550376338784862
0.005484128778418301
0.005430587573610107
0.005410486004925198
0.005532132910685232
0.0055123218741348744
0.005483367474826439
0.005464102582531457
0.005445068538187342
0.005425710666770698
0.005397756624026455
0.005379152634456003
0.00536020432366351
0.005341637791209596
0.005321754347563945
0.0054412570933218335
0.005535739569349666
0.005505465207886474
0.005486809520055066
0.005468399961876896
0.00545016953739172
0.005431515634752936
0.005411479545527206
0.005388876465316744
0.005367242378092858
0.005479779845404561
0.00545929958278683
0.005437025797531514
0.005417650150723866
0.0053999792271968595
0.005381893096862483
0.005363532682872853
0.005345705662997141
0.005328537088834953
0.005436895809600942
0.005406624488323924
0.005388754784962642
0.005287400325954495
0.005266499982439236
0.005245819924982041
0.00535435022515942
0.005254224542283112
0.005234896809598071
0.0052186701247043015
0.0052010750385231485
0.0053083593533438545
0.0052919779934435555
0.005418286972549687
0.005401610127760283
0.0053000358550666675
0.0054055431671713354
0.005386823975428594
0.005369084487975819
0.005272199580598441
0.0052483758509947985
0.005231495538086912
0.005213287439201723
0.005189387667042715
0.005173923513925185
0.005156820795816962
0.005141629863518158
0.0051175880570393985
0.005100276911660359
0.00508508107359957
0.005066415696368476
0.004966719533558376
0.0049485048259227836
0.005049587067011277
0.005030585043803015
0.0050161578545601425
0.0049931998076869774
0.004978237617328872
0.004944836447076256
0.005051516966357185
0.005036464883437075
0.005021305419938162
0.005006858439326313
0.004974158683002916
0.0049602574165015945
0.004946335850979084
0.0048561372641981486
0.004842686103175507
0.004826741614595991
0.004813442563985333
0.004799929119951702
0.004784775377087559
0.004769284196229485
0.004679885033213867
0.004666887088203115
0.0046361464705259176
0.004623601715570975
0.004754843751860723
0.004742017106883011
0.004729234962300694
0.00471515182470122
0.004702559686262825
0.004795492764433948
0.004711792262774664
0.004699175760369752
0.004685486454299315
0.004672549042387818
0.004657801428222214
0.004644600012935544
0.004632114269201228
0.00461916064174822
0.00460673591075632
0.004522175681973059
0.004510108911186725
0.004479205310919406
0.004467421557739923
0.004449101415825353
0.004437132836798676
0.0044257096840813505
0.004440754596704485
0.004534507514283523
0.004520786031308494
0.004474703386554317
0.004462858154706024
0.0044503959359000695
0.004372362782303481
0.004361371380506943
0.004350426715993603
0.004338014860781165
0.004326320730011755
0.004314690095758902
0.004302448626084817
0.004291847822576194
0.004280761121814525
0.004260468996699738
0.004250012718025568
0.004277673289561024
0.004267104223724426
0.004256657180762068
0.0042459006903919575
0.00423557701498238
0.00422202825491716
0.004210957522800021
0.004195291088917299
0.004185003506345937
0.004174781546033732
0.004259763611064997
0.004184353681124575
0.004174151967096969
0.004164282907409685
0.004154375774207745
0.004144390117744778
0.004134092871382889
0.0041240712827642755
0.004114423829282758
0.004089268330455528
0.004077949421523889
0.004068276964252289
0.0040578090240261586
0.0040419466783109615
0.004031962144476497
0.0040213657053471035
0.004012083839017468
0.004002853148544186
0.003962994642993158
0.004075434883660657
0.003998715055909088
0.003988502304513119
0.003964011394886523
0.00394860821373363
0.003939133653703792
0.0039302098784781084
0.003921121260121393
0.0039112372329657774
0.0039024751093708118
0.0038923055933922385
0.0038774528711123337
0.003867759685127822
0.003858697278155001
0.0037907856680071306
0.0037758707184551202
0.0037674030846562884
0.003744520168058838
0.0036771063373445497
0.0036690382810087227
0.0036604903166581257
0.0036524703151867167
0.00364379337521128
0.0036352196145968347
0.0036271257483491597
0.003619107446546923
0.003610365377797254
0.0036008939159175276
0.0035931749786994953
0.00358547937882845
0.0035777662535180594
0.003555922805042087
0.003533449753105487
0.003525840545479053
0.003518267344561878
0.0035019232082083036
0.0034945295625355578
0.0034871478526980197
0.003479235725887403
0.003471947378488731
0.003464690487711925
0.0034513925646240964
0.003527337138895888
0.0035198300984048583
0.0035122522167545544
0.003502038753844191
0.0034947787591352543
0.0034873147591591644
0.0034798882845346103
0.0034724150121966074
0.0034651485433289993
0.0034578826569018613
0.003450705084646039
0.0034409245065447993
0.0034334679508245666
0.003426246891960342
0.0034190909764057905
0.003406806930299238
0.003344640645224403
0.0033377761384670956
0.003331030777306001
0.003313551834925479
0.0033067961144298626
0.003300196910279163
0.0032935714357448464
0.0033668165513835004
0.003359464425456461
0.0033523403404115038
0.003345354710152181
0.003338559226143707
0.0033189035463067266
0.003312342692220174
0.0033058513168069555
0.0032991474565414545
0.0032870874250394443
0.0032805978838818662
0.003272914656369172
0.003266528908821766
0.003254913470771515
0.0032431189035948913
0.003299918946935727
0.0032935446760719413
0.0032871492961933212
0.003279905854465385
0.003273452748818948
0.0032666470580428398
0.0032604001335400433
0.0032539919310485992
0.003247773887838016
0.003241392173636209
0.0032350169631404427
0.003226356423105061
0.0032198559777935386
0.0031962647021677995
0.0031896738314076928
0.003181323034908037
0.0031752468427058735
0.0031692074200776552
0.0031616524983802147
0.0031557728153760564
0.003149894088517401
0.003143307923899047
0.0032358033027367413
0.0032297917397147075
0.003223566044360593
0.0032176226713184495
0.003113745634322399
0.0031080012238499976
0.0031022576534198484
0.0030965860602123873
0.0030906287106016663
0.0031586611737629516
0.003150482178072838
0.0031447543211786414
0.0031389682283100373
0.0031330568115028575
0.003124834269045486
0.00321510592905322
0.0032045044663724367
0.003196371027468774
0.003189132094535531
0.0031834231439477347
0.0031777346778429365
0.0031720510028795607
0.003165035518804984
0.003159382128105575
0.0031535863848384388
0.0031477468244468544
0.003142194338864816
0.0032022834530297225
0.003196445850371128
0.0031907999046565613
0.003215161522804161
0.0032094861098072853
0.0031922404655239846
0.0031853393831800473
0.003179798935694663
0.003174272950439766
0.0031687585301145224
0.0031630515013590923
0.0031575743494012196
0.003151988774168757
0.003145792913567819
0.003140293250574712
0.0031347574279467633
0.0031179647940150546
0.0030656933736830567
0.0030149641292422902
0.003009537463520572
0.0030043313853755083
0.0029987528207673004
0.0029935068609350268
0.002988359748308802
0.002983223705372177
0.002978103562938221
0.0029729161845260727
0.0029674656241589024
0.00296248223292421
0.0029574376562694744
0.002952417691419192
0.002946144548320946
0.002929964992072824
0.0029250022063776583
0.002919960397112316
0.002915062899977424
0.0029760735114493977
0.002969723903331782
0.0029648113520270593
0.0029597595473590697
0.0029548870478071625
0.0029365414852301546
0.0029964753546586637
0.002991569659830666
0.0029866688010166597
0.0029815309693099375
0.002976599138293965
0.0029608012862689216
0.002955871210508215
0.002951005624107195
0.0029461933610969303
0.0029409829661061816
0.0029361876640603382
0.0029313846540396284
0.0029266604754506964
0.0029198162044885446
0.002872409686687073
0.0028675885013666976
0.002862981096629976
0.002858092089113944
0.002853531556468361
0.0028489917180205856
0.0028444202438359083
0.0028399036044973987
0.002897959970379287
0.0028933797188761532
0.0028782929827936236
0.002873567005943322
0.002931931686541958
0.0029272338882216026
0.0029225333739339365
0.0029179504103702568
0.0028717319061147255
0.002928344998862454
0.0029237584296559174
0.002919209482702523
0.0029146063662420034
0.0029099574075255527
0.00290375982829375
0.0028992473486152623
0.002852594362306351
0.0029096094080616136
0.0029046988030919704
0.0029002345188513723
0.0028957661145666068
0.0028912518146372427
0.0028766349253448167
0.00287221787411145
0.002867798621143907
0.002924658073459891
0.002920196158465483
0.0029145106276602696
0.0029089407605216544
0.002904382208043211
0.0028999957188750192
0.002895371328280834
0.002890727800845468
0.002886375656251165
0.0028819647909532112
0.0028776214940403524
0.0028732519476459147
0.0028687743554290258
0.0028644380378455795
0.0028203438476734066
0.002816090882694525
0.002811763940180096
0.002807579774805655
0.0028034197424449867
0.0027992587250990192
0.0027939758281603755
0.0027893766876363846
0.002781334517825089
0.002775277956358683
0.0027711974604881554
0.002728037434622893
0.0027240377020797605
0.0027200454782639414
0.0027160753044575075
0.0027120941878818945
0.002669221549748344
0.0026633195630150954
0.002649456570591729
0.0026456081089632306
0.0026417656573305783
0.0026281992333198555
0.0026243896333503353
0.0026199196623307676
0.002616143613234405
0.002602064428930092
0.002597606710009842
0.002593880711056418
0.0025899925838905207
0.0025862679872707623
0.0025825764816458973
0.0025788383429377836
0.002573563114815635
0.0025319233612553517
0.0025281680295334234
0.0025133690935749296
0.0024986359068480137
0.0024949848254122962
0.002491130585536652
0.0024869365806887097
0.0024830982122983655
0.0024795936238762237
0.0024759827657561085
0.0024724591761230226
0.002464121974338684
0.0024606241608573867
0.002457132714710379
0.002453706040314231
0.0024502008926524156
0.002446507763912304
0.0024430883822360756
0.00243953730969488
0.0024361624201725803
0.0024316828801188343
0.002422807281324091
0.0024191484030436907
0.0024143135971940463
0.0024109880613102704
0.002407661416464371
0.002404348708041125
0.0024005509926640525
0.0023971054934050595
0.0023936103311750657
0.0023903467087466245
0.0023860557817002776
0.0023826836417390846
0.0023757885243567006
0.0023711747571052827
0.0023678058088361623
0.0023646035446290912
0.0023506082386657518
0.0023473049815622435
0.0024160316839120333
0.002403719098866747
0.0024004856016328633
0.0023972648744770776
0.0023933262758484464
0.0023899593421327974
0.0023867675933953803
0.002383154500558056
0.0023799777534513422
0.0023767737547762935
0.0023730748320845724
0.0023610785642710396
0.0023573170320749883
0.002354171025089312
0.00235100620197932
0.0023443016549611136
0.0023410446345588755
0.002337945416345075
0.002334872109669376
0.0023313528640302762
0.002328294042823963
0.0023252330799075466
0.002322187597396114
0.0023751767804041047
0.002372049921212088
0.0023340915992759396
0.0023309190640189593
0.0023276212163218916
0.0023245942377831193
0.0023212129277564563
0.0023181964671695004
0.00231515720609281
0.002308717418009265
0.0023057409199238503
0.0023027474839233623
0.0022996587118489435
0.002296681028648133
0.0022937252389458153
0.0022903798534683133
0.0022873746274725574
0.0022844490640463737
0.002281507288752834
0.0022445475128383924
0.0023010821707721545
0.0022981500194705277
0.0022867047633406876
0.0022837028389901238
0.0022807564760456873
0.0022778725189257815
0.0022665765928471045
0.0022602534489123815
0.0022573401301440063
0.002254446882709781
0.0022515926794182545
0.00224837583363535
0.002245534777239319
0.0022427059252726543
0.002239748973754779
0.002236912409054962
0.0022258117121289737
0.0022213270978725676
0.0022185621205028177
0.0022705791448022036
0.0022643880702806107
0.002261580816843157
0.002258756137096502
0.0022557604789505315
0.0022527515752293332
0.0022499709822667354
0.0022638414508793694
0.002261056738825714
0.00222552027932173
0.002222786612969319
0.0022200467916316997
0.0022163964872788495
0.0022127416190789242
0.002210020757996794
0.0022073246377333727
0.002203011309529943
0.00220031701814792
0.002197616844061409
0.0021917070268472564
0.0021881033335937783
0.002185421268900261
0.0021827053608507742
0.0021800644329419486
0.0021774345904473523
0.0021747757480989525
0.0021715056404376246
0.002165667204944325
0.0021629568123988237
0.002158764053025476
0.0021561610962492228
0.002153387027201227
0.002118953840143106
0.002114828466733144
0.0021122886409705084
0.002109749830138563
0.002107238693382997
0.002104731979847406
0.0021022044108823757
0.0020996833611919177
0.0020971942810413236
0.002094711351592314
0.0020921420248673525
0.002089491375251079
0.002086758621007253
0.0020843033285977055
0.0020818535829961746
0.002126471640732264
0.002123415893506506
0.0021209183134586755
0.0020869891019476496
0.002083620844593754
0.0020811882129230072
0.002078672837088501
0.0020761072124886428
0.002073646019759344
0.0020712360699522564
0.002068772662299672
0.002066221277653822
0.002063818922019691
0.0020305926942567835
0.0020282331870140604
0.0020258794294352486
0.0020235427684004935
0.002013537447362235
0.0020112177155620745
0.0020088880635883025
0.0020060668586927392
0.0020037675523212526
0.0019984122995888587
0.002041836151081946
0.002035917745312337
0.0020259084673945795
0.002022516212914264
0.0020202001412495244
0.002017897092932521
0.0020155818191061815
0.002013286469868591
0.002010467400876669
0.0020080187827013836
0.002005728589922184
0.002002460961435701
0.0020001811822935507
0.0019969531918800363
0.0019947070730930673
0.0019924295479444494
0.0019901889852008167
0.0019864399982054103
0.00202905918054026
0.002026786283041747
0.002024522020950584
0.0020222250442888767
0.002012002814719105
0.0020097497966218487
0.0020060312681101076
0.002003802067994797
0.0020015490126069338
0.0019990603625653354
0.001989459353542623
0.001987147516541399
0.0019848888759712827
0.0019825951969279733
0.001980023792415367
0.0019778282997721134
0.0019753625007376025
0.001973190528900204
0.0019633589319204047
0.001960837283494535
0.0019513584018138585
0.0019418879707871187
0.0019396727372080571
0.0019375424572102029
0.0019354280787713919
0.001933062314314713
0.0019308918974973136
0.0019287158370488128
0.0019249985399515045
0.0019229027325688294
0.0019208109965973066
0.0019172033717563296
0.0019150668579628791
0.0019128655341786797
0.0019108019307459059
0.0019064805236729695
0.0019044268240093324
0.0019021330265217224
0.001900052048500996
0.0018979869592990616
0.001895948707812129
0.0018939091928353456
0.0018918729134240488
