23395
23395
23395
23395
23395
23395
23395
23395
23395
23395
23395
23394
23394
23394
23394
23393
23392
23390
23389
23389
23389
23388
23388
23387
23385
23384
23384
23384
23383
23382
23381
23380
23379
23379
23379
23379
23379
23377
23375
23374
23374
23374
23373
23372
23372
23372
23372
23371
23371
23370
23369
23367
23366
23363
23361
23357
23356
23355
23353
23352
23351
23350
23346
23345
23345
23343
23342
23338
23338
23338
23334
23331
23330
23330
23329
23328
23325
23322
23321
23317
23314
23311
23308
23305
23303
23298
23295
23294
23291
23290
23286
23282
23278
23277
23277
23274
23267
23264
23257
23252
23247
23246
23239
23236
23234
23231
23229
23228
23223
23220
23217
23214
23210
23204
23200
23195
23190
23186
23182
23178
23175
23168
23165
23165
23160
23155
23153
23148
23143
23140
23136
23130
23128
23123
23121
23114
23108
23103
23097
23095
23085
23080
23074
23071
23068
23063
23060
23055
23048
23044
23039
23032
23030
23027
23021
23014
23011
23007
23003
22999
22998
22994
22987
22984
22979
22970
22964
22957
22954
22949
22942
22938
22934
22926
22924
22915
22911
22903
22899
22892
22886
22874
22865
22857
22850
22847
22835
22830
22816
22810
22799
22791
22782
22777
22765
22758
22749
22738
22728
22721
22715
22706
22700
22692
22684
22676
22669
22664
22657
22649
22639
22633
22624
22612
22600
22596
22589
22579
22570
22561
22555
22545
22534
22525
22517
22505
22499
22490
22482
22474
22465
22455
22446
22439
22423
22415
22409
22399
22393
22381
22374
22369
22363
22356
22350
22340
22332
22325
22314
22306
22291
22285
22273
22265
22256
22253
22241
22228
22214
22207
22196
22189
22180
22167
22156
22152
22141
22127
22115
22103
22098
22092
22082
22070
22061
22048
22038
22021
22008
21996
21987
21972
21963
21953
21941
21932
21924
21914
21903
21891
21878
21862
21845
21823
21811
21800
21788
21778
21767
21746
21732
21720
21706
21693
21671
21657
21640
21626
21610
21599
21586
21578
21561
21544
21528
21516
21504
21493
21482
21470
21463
21448
21428
21414
21398
21376
21361
21341
21320
21301
21280
21264
21247
21223
21204
21190
21170
21156
21149
21132
21113
21089
21078
21056
21035
21016
21005
20992
20981
20972
20959
20943
20933
20920
20897
20882
20852
20828
20808
20789
20765
20744
20724
20705
20686
20667
20649
20635
20617
20598
20581
20565
20553
20528
20511
20488
20472
20451
20434
20415
20398
20374
20342
20322
20290
20265
20235
20219
20212
20189
20164
20132
20104
20083
20064
20049
20028
20008
19991
19964
19933
19913
19891
19868
19838
19819
19797
19779
19752
19726
19689
19663
19622
19585
19559
19527
19496
19477
19457
19430
19401
19364
19334
19302
19266
19235
19210
19180
19153
19113
19090
19070
19037
19010
18992
18973
18950
18922
18896
18875
18856
18815
18784
18756
18722
18690
18657
18623
18593
18558
18526
18505
18477
18439
18406
18374
18334
18305
18289
18265
18246
18217
18193
18167
18128
18097
18062
18040
18013
17977
17942
17912
17879
17849
17818
17790
17757
17733
17705
17682
17644
17615
17585
17565
17537
17517
17488
17451
17408
17375
17337
17298
17265
17239
17208
17177
17134
17103
17079
17053
17028
16997
16970
16940
16908
16873
16851
16817
16776
16732
16700
16656
16619
16571
16535
16507
16462
16438
16392
16345
16327
16279
16237
16204
16160
16111
16074
16035
15986
15965
15928
15893
15855
15811
15770
15730
15691
15658
15606
15571
15538
15504
15472
15425
15390
15361
15321
15266
15217
15185
15152
15106
15063
15028
14986
14953
14892
14843
14819
14780
14743
14700
14665
14637
14574
14532
14497
14471
14428
14398
14329
14296
14264
14207
14169
14130
14100
14050
13998
13948
13885
13836
13805
13756
13725
13688
13654
13624
13573
13520
13487
13433
13384
13341
13294
13249
13196
13150
13086
13040
12998
12951
12904
12846
12806
12766
12689
12644
12584
12549
12472
12420
12343
12256
12216
12170
12112
12068
12026
11977
11942
11863
11800
11753
11706
11638
11592
11531
11495
11443
11343
11298
11225
11186
11132
11031
10964
10914
10853
10783
10727
10669
10639
10591
10538
10495
10448
10393
10335
10276
10225
10139
10075
10034
9956
9879
9821
9766
9725
9681
9625
9573
9502
9454
9414
9369
9328
9274
9188
9125
9068
9016
8965
8899
8847
8792
8732
8659
8593
8543
8475
8429
8348
8284
8236
8186
8127
8058
8016
7935
7877
7814
7754
7720
7643
7591
7524
7472
7427
7361
7319
7251
7191
7099
7048
6995
6938
6859
6755
6710
6653
6602
6564
6476
6441
6401
6357
6300
6229
6162
6118
6041
5985
5909
5863
5774
5680
5646
5546
5496
5462
5430
5348
5213
5195
5123
5080
5038
4972
4852
4769
4677
4593
4521
4484
4417
4372
4269
4186
4081
3954
3879
3833
3800
3760
3719
3646
3605
3543
3492
3463
3407
3317
3264
3245
3210
3169
3105
3056
3028
2978
2945
2899
2850
2776
2722
2662
2539
2495
2451
2324
2212
2192
2130
2069
2040
1939
1908
1895
1867
1852
1826
1808
1753
1717
1630
1614
1605
1586
1559
1529
1499
1483
1438
68
68
68
68
68
67
67
63
63
63
63
61
61
60
57
55
55
55
55
54
54
54
54
48
47
47
47
46
46
46
46
46
46
46
46
46
46
46
46
45
45
45
45
44
44
44
43
42
42
40
40
40
40
39
39
39
38
35
35
33
33
32
32
24
23
23
19
18
18
18
18
18
18
18
18
18
15
15
15
13
13
12
11
11
11
11
11
11
11
11
11
11
10
9
9
9
9
9
9
9
9
9
9
9
9
9
9
9
8
8
8
8
8
8
8
8
8
7
5
5
5
5
5
5
5
5
5
4
3
1
1
