0.0020508007141674203
0.002050620985307492
0.00205070897200386
0.002036445405974342
0.002036667278485179
0.002029555767125982
0.002029574796071451
0.0020290451582252807
0.00202904943601147
0.002029059867225634
0.002028951069847272
0.0020289561446601937
0.0020291251831139217
0.0020278932845355147
0.002028133678864659
0.0020281616996465695
0.00199966258356427
0.0019997211939534725
0.001999712963565979
0.001985494687506576
0.001985524191239325
0.0019856442059577603
0.0019865153972530706
0.0019868627569461185
0.001986919051370724
0.001986928360290426
0.001987282019623304
0.0019873103169407314
0.0019874939025233715
0.0019875432413978523
0.001986978348667133
0.002015475450097136
0.0020155023416396837
0.002015518596190269
0.002015527587289634
0.002015529626814879
0.0020076313506831546
0.002007646486659655
0.0020076515895207946
0.002007697783203082
0.0020077028727490957
0.0020076750919954985
0.002007706921658247
0.0019606380556654555
0.0019609960424023395
0.0019610897102379913
0.001961906481439764
0.0019622563271473334
0.0019622634852513557
0.0019630800486103873
0.0019631247276887874
0.001958896476861982
0.0019589057971482852
0.0019589221331898564
0.0019590229399295543
0.0019618454769139864
0.0019504190240104376
0.0019504335695442424
0.001950446629854534
0.001950478077808179
0.001950479128909044
0.001950872063702383
0.0019512991949303103
0.0019514163985272922
0.0019522730031962944
0.0019523265151331793
0.001952343592742689
0.0019525216682055734
0.0019525229840605877
0.001952539913412135
0.0019515700059210468
0.0019547129151447377
0.0018819681081410173
0.0018821140723216602
0.0018162318539449432
0.0018162363708943276
0.0018163002913250067
0.001816338426418258
0.001673765345412258
0.0017023750963952912
0.0016935544695898003
0.0016935553781852498
0.0016935874960388787
0.001650865036378738
0.0016523050229420924
0.0016524100211009155
0.0016524234963175713
0.0016292068651230544
0.0016297317280687706
0.0016297393442659782
0.0016302573869090094
0.0016302400406796383
0.0016330953976049993
0.0015718018056389714
0.0015718223060168905
0.0015719978424523706
0.0015632746095209922
0.0015619635567615073
0.0015121032342990625
0.0014692406176976204
0.0014549370514741978
0.001412416704708332
0.0014124453214404264
0.001412489806682577
0.0014139157009270056
0.001412306919933008
0.001413200570005869
0.0014132541352519176
0.0014132733466961625
0.0014132913474997127
0.0014115015475700341
0.0014115186969833634
0.001411539863456521
0.0014115433767100181
0.0013590885283770214
0.0013071867249765756
0.0013072028014282301
0.0013072279009227073
0.0013072290145053828
0.001304556169959067
0.0013037937813091549
0.0013237291528309166
0.0013237310589019162
0.0013237569556161742
0.0013239587690132568
0.0013155587203426075
0.0012614305862218643
0.0012686082551358086
0.0012686126737055114
0.0012686160043369858
0.0012693109979490923
0.001269696889893969
0.0012269307120939864
0.001219847333607416
0.001219847894393372
0.0011698869606548367
0.0011700129299980833
0.00117005499667263
0.0011702307742518625
0.0011773654101145615
0.0011782256772020834
0.0011783677409567513
0.0011784337406990778
0.0011785449133263892
0.001178559953494747
0.0012071017614951923
0.0012099638709182259
0.001209412268690449
0.0012094272807529273
0.001166928009331853
0.0011668022740472567
0.001166585209536437
0.0011661620772540548
0.0011177643425431306
0.0011159643777354377
0.0011154267995949795
0.0011154298472052738
0.0011156741319830463
0.0011157161983202425
0.001115716862836562
0.0011159083673277727
0.0011452225324280777
0.0011023118584698724
0.001073803436702665
0.0010279777264704285
0.0010279855872681184
0.001027987860517011
0.0010279912518414347
0.0010280408747110447
0.0009416049498856621
0.000941741360452331
0.0009421021278259395
0.0009421269782930329
0.000942135265965696
0.0009408678181735299
0.0009408846620511407
0.0009408922577914747
0.0009408924415638846
0.0009410354085735068
0.0009410379697386826
0.0009410389668908968
0.000941041149470208
0.0009413970063418158
0.0009419251452416004
0.0009419468135475248
0.0009320065458402925
0.0009401196016013992
0.0009401235702805217
0.0009403138387973272
0.0009407123063323765
0.0009407295072373186
0.0008903078153042023
0.0008902042395205992
0.0008904029039881719
0.0008904580697558084
0.0008904641260112442
0.000874199770414187
0.0008742030955648123
0.0009027221250032047
0.0009027242165109749
0.0009027304294112613
0.0009027339034333915
0.0009027404139577599
0.0009027516753397783
0.000902753957249273
0.0009028025780801873
0.0009028298778137741
0.000902831160694867
0.0008814651443298183
0.0008815952308561786
0.0008816218529324721
0.0008816455951068716
0.0008816469619900152
0.0008816651763723121
0.0008814578306642134
0.0008815195701151464
0.0008729197538449267
0.0008729477618148124
0.0008729772880774246
0.0008729964038953817
0.0008729977880896048
0.0008729992663343101
0.00087355622950888
0.0008736295473694824
0.0008736378547352639
0.0008726748414309282
0.0008704271535161014
0.0008704519874901198
0.0008704543396935454
0.0008705117863003752
0.0008705141808096412
0.0008705170067094935
0.0008665835721042256
0.0008655247810688733
0.0008655256457839622
0.0008159230186595478
0.0008159933761839327
0.0008160682640897927
0.000816247212416751
0.0008162844085307415
0.0008162865902536671
0.0008162875550229958
0.0008162911218991478
0.0008162931839277614
0.0007733933294888687
0.0007733988035063164
0.0007734113366906944
0.0007736553184190882
0.0007308987531500276
0.0007309008719411542
0.0007309024554986648
0.0007309292002923222
0.0007309502824950761
0.0007311375553160593
0.0007311388472085326
0.0006883902491709298
0.0006886220051083289
0.0006886225930587372
0.0006886883746646198
0.0006886892611730814
0.000688692982495427
0.0006915434902433014
0.0006915440926968591
0.0006915591065367726
0.0006917364944386387
0.0006917397604782609
0.0006917479898046564
0.000691748216720705
0.0006917801690570375
0.0006918243355126836
0.0006918250492542466
0.0006921664726157741
0.0006921687279201088
0.0006423087772421376
0.0006423277754913093
0.0006433258660390855
0.000643327004935348
0.0006433918928734746
0.0006433949019386965
0.0006434576858189307
0.0006434613936549105
0.0006434613936549105
0.0006434677601890368
0.0006434695179166853
0.0006009464642616188
0.0006009604047653093
0.0006009630027405928
0.0006009653056143666
0.0006010432773634297
0.0006010562312819311
0.0006010562829708798
0.0006010613006554932
0.0005870373006297065
0.000587054514358523
0.0005870572510804827
0.0005870951850059237
0.0005885415833503797
0.0005885713838235774
0.0005885747690954165
0.0005875922829883734
0.0005875941195923234
0.0005875943381967633
0.0005871573072523921
0.0005871603587355233
0.0005871607602780585
0.0005871867693791687
0.0005871874778152326
0.000587241692931709
0.0005872435180456881
0.0005872436978614144
0.0005872439763069626
0.0005833653892568754
0.0005836008404006095
0.0005836113373327269
0.0005836114869410834
0.0005807670870476885
0.0005379950695382093
0.0005380073186104986
0.0005380115018338181
0.0005380128495112448
0.0005382665641149981
0.0005382668742565661
0.0005382813392384242
0.0005382822182270243
0.0005383076546812954
0.000522870620422628
0.0005228893857833152
0.000523423783086082
0.0005234303946592832
0.0005234620178607717
0.0005231026495758976
0.0005231061946921207
0.0005231129380842853
0.0005231343556593628
0.0005231393417895618
0.0005265001278976502
0.0005330382806795223
0.0005401624194223489
0.0005402318480458825
0.0005687300978686947
0.000568751974263286
0.0005695955568041564
0.0005696305879084871
0.0005696615097834925
0.0005696622383101316
0.0005695554181088847
0.0005695593167888269
0.0005695673496860168
0.0005695686391030938
0.0005696237945254355
0.0005696246336151502
0.000569666539670156
0.0005696683054348647
0.0005696700571895749
0.000563342463796521
0.0005633442093292574
0.0005633445730358121
0.0005635956884281943
0.000563597056789174
0.0005636323553763675
0.0005636325624360557
0.0005636325624360557
0.0005533463461746772
0.0005533816732373585
0.0005533837292342852
0.000553386379546287
0.0005533878834974197
0.0005105201837728747
0.0005106198205470146
0.0004920638193904075
0.0004920655623257261
0.0004747180628538266
0.0004747182774291299
0.00043154475175108284
0.0004315470342132143
0.0004315479414472465
0.0004315493953307875
0.00043154985010369765
0.00043163807337739425
0.00043197778179930265
0.0004320201656564112
0.0004320205824742778
0.00043204200812646125
0.00043918390309764555
0.00043926247528028745
0.0004392688710532553
0.00043926912813127637
0.00043926912813127637
0.0004392694185479272
0.00043926956593437754
0.0004392714096138025
0.00042436234616116084
0.0004272119579015612
0.0004199493335309577
0.000419968487954555
0.00036266195773400345
0.00036272707576737043
0.0003627435734325444
0.00036986862790126416
0.0003698694296907187
0.0003698694296907187
0.0003712950483328516
0.0003712959831430445
0.0003712963985494212
0.0003712968964018398
0.0003712969904898348
0.00037414926377317545
0.0003741499392166642
0.00037415227979728825
0.000374257299540013
0.0003742614419156052
0.000374263593540296
0.0003742850741443625
0.00037407989284247664
0.0003721016299015965
0.0003721016299015965
0.00037210653363089184
0.00037261594787562144
0.00037261667687609807
0.0003797408534583477
0.00037980348228780703
0.00037980370025585716
0.00037980381185391397
0.00037980381185391397
0.00037980423188185993
0.00037980423188185993
0.0003800423519105335
0.000380043463927626
0.00038004358895446614
0.00038012815167611706
0.000387253436757881
0.0003872748624100645
0.0003872750218370788
0.00038730029579620484
0.0003725319860085836
0.00037253212550615464
0.00037253964220776447
0.00037254264370176616
0.00037254340110606544
0.00037257884339068225
0.00037257895757916866
0.00037257950146047953
0.00037258007006366826
0.00037258007006366826
0.00037258007006366826
0.000372709883247851
0.00037271003095735447
0.0003727102755629111
0.0003727105717478132
0.00037271069719847316
0.00037271468825133094
0.000372715527001461
0.0003727261313577655
0.0003727310255004424
0.00037273771269030563
0.00037281614778722965
0.0003728166609739158
0.00037281681256045793
0.00037281742958020074
0.0003733265438785749
0.00037198142300690865
0.000371982396464332
0.0004033288851188438
0.0004033288851188438
0.0004034317941416677
0.0004034319333499891
0.0004034374907541436
0.0004034374907541436
0.000403777579869471
0.0004045985355843474
0.000361774130685955
0.0003617751640601524
0.0003621144035530572
0.00036211475251023004
0.0003621149583847192
0.0003621156450240186
0.00036211647156860865
0.00036211647156860865
0.00036211719809664484
0.000319271968569684
0.0003192728920891747
0.00031927302213737095
0.00031927338925139833
0.00031927407078991487
0.0003047084496048098
0.0003047087895429268
0.0003047087895429268
0.00030470922785292523
0.00030470973643653655
0.00030470973643653655
0.00030473518548291455
0.00030473633967568163
0.0003047382221993997
0.0002604944302624817
0.0002586981461427687
0.0002586983841795421
0.0002586983841795421
0.0002586985744936861
0.00025869868214889094
0.0002586987920314448
0.00025869921565587986
0.0002588287434622617
0.00025882893727911994
0.0002588292724318717
0.0002588292724318717
0.0002588303586189273
0.00025883088438081217
0.00025883088438081217
0.0002588310013253828
0.0002588310013253828
0.0002588310013253828
0.0002588312024098159
0.0002588312024098159
0.0002588313218425688
0.0002588315266973351
0.00025964570148030665
0.0002596460321922834
0.000259646156817231
0.000259646156817231
0.00025964667964178647
0.00025964682008939433
0.0002596479689410878
0.00025982067268293026
0.0002598208159025304
0.0002598208159025304
0.0002598210733592415
0.0002598226115623231
0.0002598226115623231
0.0002598226115623231
0.00024556896008075734
0.00024556896008075734
0.0002455709313739469
0.00024559755524929686
0.00024559755524929686
0.0002457706058280114
0.0002457722538366613
0.0002457724305688254
0.0002457724305688254
0.000245773085025243
0.00024577332950478394
0.00024577332950478394
0.00024577332950478394
0.0002457734716318299
0.0002457734716318299
0.0002458028793897288
0.00024580307034919566
0.00024580326510255927
0.0002458036091081962
0.0002458039194114647
0.0002458039194114647
0.0002458039194114647
0.00024580402929401857
0.00023838675276809817
0.00023838701362586902
0.00023838724509546734
0.00023838724509546734
0.00023838772340122744
0.0002383882120233764
0.00023838855195873365
0.0002426633166686276
0.00024266360609413498
0.00024266360609413498
0.00024266360609413498
0.00024266376916017945
0.0002426639361087488
0.0001996091875825775
0.00017823264426825223
0.00017823286861179977
0.00017847033625683313
0.0001784704042309694
0.0001798952795971149
0.00017989559619284592
0.0001798956858737819
0.00017989773026800507
0.00016361196114554033
0.00016361196114554033
0.00016361220233151717
0.00016361220233151717
0.00016367490721958273
0.00016367528567783047
0.00016367544315673243
0.00016367732037131768
0.00016367758884176136
0.00016367758884176136
0.00016367806885394495
0.00011974423613184537
0.0001197463877565361
0.0001197464732342036
0.00011982484681670339
0.00011982484681670339
0.00011982497980957866
0.00011982520543878716
0.00011982520543878716
0.00011982751449943087
0.00011982774537752632
0.00011982788750457232
0.0001198303697447643
0.00011983046390913956
0.00011983046390913956
0.0001198306092663457
0.0001198306092663457
0.00011983086471296189
0.00011983086471296189
0.0001198338429105942
0.00011983672713300352
0.00011983699167867567
0.00011983699167867567
0.00010503461540486041
0.00010503493036266435
0.00010503520018932791
0.00010503536713789725
0.00010503536713789725
0.00010503536713789725
0.00010503547668357597
0.00010503547668357597
0.00010503558911203568
0.00010503558911203568
0.00010503558911203568
0.00010503558911203568
0.00010503558911203568
0.00010527322771240406
0.00010527340280375523
0.00010527340280375523
0.00010527358216562718
0.00010527358216562718
0.00010527358216562718
0.00010527388135132305
0.00010527418818478698
0.00010527418818478698
0.00010527430989233045
0.00010527430989233045
0.00010527450292929974
0.00010527462795613988
0.00010527462795613988
0.00010527462795613988
0.0001052749543275332
0.00010527807240581353
0.00010527807240581353
0.00010527840737720448
0.00010527840737720448
0.0001052785431156623
0.00010527897397339352
0.00010527897397339352
0.00010527897397339352
0.00010528250390325252
0.00010528250390325252
0.00010528271204160236
0.00010528292556284054
0.00010528336951111742
0.00010528352599377241
0.00010528352599377241
0.00010528385308900134
0.00010528769153678249
0.00013378380894078619
0.00013378380894078619
0.00013378416684776224
0.00013378439767433443
0.00013378439767433443
0.00013378439767433443
0.00013378458503046086
0.00013378857608331855
0.00013378857608331855
0.00013378876935595422
0.00013378924978046805
0.00013412848927337283
0.00013412848927337283
0.00013412848927337283
0.00013412848927337283
0.00013412848927337283
0.00013413309320289789
0.00013413329264380915
0.00013413349851829824
0.00013413349851829824
0.00013413375545418988
0.0001341339680419775
0.0001341339680419775
0.0001341339680419775
0.0001341339680419775
0.0001341339680419775
0.00013413921376285873
0.00013413921376285873
0.00013414498729541753
0.00013414498729541753
0.0001341452142114663
0.00013414544877637065
0.00013414573591260165
0.00013414573591260165
0.00013415782061200127
0.00013415835859244334
0.00013415835859244334
0.0001341589755811973
0.0001341589755811973
0.00013415929784250656
8.988024578971535e-05
8.988041175428964e-05
8.988066267991223e-05
9.273053409915458e-05
9.27307050929584e-05
9.273106299993444e-05
9.273133184391203e-05
9.273133184391203e-05
9.273862903758929e-05
9.273910490356085e-05
9.273910490356085e-05
9.273910490356085e-05
9.273940396864422e-05
9.273971411021217e-05
9.27400358820889e-05
9.274022915472458e-05
9.274042859563587e-05
9.274856119573009e-05
9.274856119573009e-05
9.27489080326021e-05
9.2757966831135e-05
9.2757966831135e-05
9.275873096278631e-05
9.275914942506299e-05
9.275936902123921e-05
9.276933819964832e-05
9.276933819964832e-05
9.27802982448037e-05
9.278053280970805e-05
9.278077537114322e-05
9.279316498740584e-05
9.279316498740584e-05
9.279357033758226e-05
9.279357033758226e-05
9.279382126320487e-05
9.280816005143618e-05
9.280929049590297e-05
9.280929049590297e-05
9.280974866230279e-05
9.280974866230279e-05
9.282631687513614e-05
9.282631687513614e-05
9.282631687513614e-05
9.282631687513614e-05
9.282631687513614e-05
9.282631687513614e-05
9.282659532068435e-05
9.282659532068435e-05
9.282790297874852e-05
9.284695083239968e-05
9.284841334708451e-05
9.284937925159113e-05
9.284972608846314e-05
9.285008643846002e-05
9.285046101279889e-05
9.285085057011133e-05
9.285167792869064e-05
9.285211752077696e-05
9.285257568717681e-05
9.285257568717681e-05
9.285319841701517e-05
9.285385080065538e-05
9.28550125533486e-05
9.28550125533486e-05
9.285674928907243e-05
9.285674928907243e-05
9.285674928907243e-05
9.287892840813596e-05
9.288004089263554e-05
9.288004089263554e-05
9.288083267139088e-05
9.288083267139088e-05
9.288142751780365e-05
9.288288298047091e-05
9.28835353641111e-05
9.288421931470164e-05
9.288421931470164e-05
9.288493690220647e-05
9.288493690220647e-05
9.288493690220647e-05
9.288673698256962e-05
9.288673698256962e-05
9.288673698256962e-05
9.291173357678365e-05
9.291173357678365e-05
9.291173357678365e-05
9.291173357678365e-05
9.291173357678365e-05
9.291346093694478e-05
9.291448893540815e-05
9.294498288036261e-05
9.294498288036261e-05
9.302295949956684e-05
9.302375127832218e-05
9.302375127832218e-05
9.302458401115104e-05
9.302458401115104e-05
9.302580044235584e-05
9.302580044235584e-05
9.307848644665475e-05
9.307848644665475e-05
9.307946033993582e-05
9.314208916939516e-05
9.314337858647226e-05
9.314337858647226e-05
9.322166462329644e-05
9.322406098273958e-05
9.322406098273958e-05
9.322406098273958e-05
9.322406098273958e-05
9.32255148662806e-05
5.0416207714775786e-05
5.0416207714775786e-05
5.0416207714775786e-05
5.0416207714775786e-05
5.0416207714775786e-05
5.0416207714775786e-05
5.051584448891566e-05
5.051584448891566e-05
5.051584448891566e-05
5.051584448891566e-05
5.051584448891566e-05
5.051584448891566e-05
5.051584448891566e-05
5.051584448891566e-05
5.051584448891566e-05
0.0
0.0
0.0
0.0
0.0
0.0
0.0
0.0
0.0
0.0
0.0
0.0
0.0
0.0
0.0
0.0
0.0
0.0
0.0
0.0
0.0
0.0
0.0
0.0
0.0
0.0
0.0
0.0
0.0
0.0
0.0
0.0
0.0
0.0
0.0
0.0
0.0
0.0
0.0
0.0
0.0
0.0
0.0
0.0
0.0
0.0
0.0
0.0
0.0
0.0
0.0
0.0
0.0
0.0
0.0
0.0
0.0
0.0
0.0
0.0
0.0
0.0
0.0
0.0
0.0
0.0
0.0
0.0
0.0
0.0
0.0
0.0
0.0
0.0
0.0
0.0
0.0
0.0
0.0
0.0
0.0
0.0
0.0
0.0
0.0
0.0
0.0
0.0
0.0
0.0
0.0
0.0
0.0
0.0
0.0
0.0
0.0
0.0
0.0
0.0
0.0
0.0
0.0
0.0
0.0
0.0
0.0
0.0
0.0
0.0
0.0
0.0
0.0
0.0
0.0
0.0
