0.0027378882115788377
0.0027407452453646355
0.002740790744898757
0.002726863884541299
0.0027268992163470163
0.002727889188556894
0.0027307761865077713
0.0027307861537661697
0.002688636522673551
0.002688689934868804
0.0026886998477291674
0.0026887651003093143
0.002689788974989171
0.002689791531061386
0.00263924385419932
0.0026392872199521348
0.002639727275207079
0.002648292419175991
0.0026483458469609912
0.0026426016572622746
0.0025997869649350466
0.0025998054875802966
0.0026001801859088644
0.002629037536947771
0.0026297568376552056
0.002629800117783236
0.0026298235122352172
0.0026301740312362583
0.002630269520971628
0.0026730266490713485
0.002673145199497421
0.0026734027165843965
0.002673899942458535
0.0025668025924446996
0.002567169658689898
0.0025672423279485606
0.002520112245986517
0.0025198716427980183
0.0025261732062281574
0.0025272112334198105
0.0024830685428803997
0.0024403012263105608
0.002440450050950007
0.0024405904141045387
0.0023977526295916023
0.0023970982818460464
0.002333058808708574
0.0023331899160205965
0.002288462029049899
0.0022893191278627752
0.002289331422875191
0.002290255122858682
0.0022908852957871802
0.0022910611054004666
0.0022766913107357986
0.0022662995403554846
0.00226632477907928
0.002260790244913165
0.002238493161820072
0.002234061274768548
0.002232193030774323
0.002218004296049662
0.0022180289902438465
0.002218090361571444
0.002218445460202488
0.002233420225894727
0.002233533482792055
0.002233541009413381
0.002233542872949319
0.0022344820604457403
0.0022359100921828484
0.002264320002079141
0.0022619103539814407
0.0022513283980397786
0.002254474439799326
0.0022545983060084118
0.0022512434844120742
0.0022512676759096507
0.0022493282301343062
0.0022564598341065223
0.0022563745411487545
0.0022563753738815834
0.0022635357138954568
0.0022637706286034245
0.0022637848584649845
0.0022928662513717313
0.002274389431841001
0.0022780689807634846
0.002278072630322852
0.00227597913663513
0.002232242552120384
0.002189863208213485
0.0021898842941937965
0.002189891829722468
0.0021899340824576346
0.0021472055306499863
0.002147336402468999
0.002147584289505965
0.0021479819679913323
0.002140875985206974
0.0021416801596923357
0.0021415408095499834
0.0021415911981126643
0.002144463783694826
0.0021444686735997733
0.0021444844612004705
0.002145372443278915
0.0021455524038808313
0.0021455846625554895
0.0020795078855837847
0.002079639530121158
0.002079679934847651
0.0020811048359988147
0.0020839710748694145
0.0020412299469455054
0.00204128832226643
0.002025535236432438
0.00200241307827741
0.001959653906717911
0.001959462048937922
0.0019237914529713252
0.0019239434783509324
0.0019239466101882757
0.0019528327617369615
0.0019455596370147258
0.001945586718590571
0.0019460786370797407
0.0019464312325363684
0.0019483655014192554
0.0019483757659669954
0.001934006276916116
0.0019339985596055378
0.0019340619113515335
0.001934405524244875
0.0019346672600476455
0.0018918441928726035
0.0018992923111817008
0.00189921251179448
0.0018949690189577007
0.0018950413345950256
0.0018950453432209156
0.0018381780164713928
0.0018381843668148327
0.0018381966538155822
0.0018382706224580052
0.0018386169530358438
0.001748535631684368
0.001748545072684104
0.001748625996774905
0.001704699687067711
0.0017047078905828743
0.0017018431346650983
0.0017018730374396
0.0017018892544153382
0.0016973547028352532
0.001690019205275633
0.0016900230215375726
0.001690265036014214
0.001675951128672374
0.0016774045474467574
0.0016774365359632502
0.0016774398966029655
0.0016775073412540007
0.0016775229384720653
0.0016775477470812362
0.0016206302984187854
0.0016102217061036259
0.0016130721886869757
0.001613085613211685
0.001613176462581988
0.0016131922065255135
0.0016146197078313407
0.001572028327364133
0.0015292683333032989
0.0015220606944076772
0.0015218146816149596
0.0015218250805494975
0.001521847616448462
0.0015217830350812763
0.0015228661789111642
0.0015228871202124907
0.0015229021098721932
0.0015219499330109214
0.0015220053609965522
0.0014790879812998632
0.0014758699889498815
0.00147588032249596
0.0014759360769524763
0.0014756029562839645
0.0014761167495318363
0.001476143655586956
0.001483273422897977
0.0014832751948267956
0.0014834262934697161
0.0014834908585219847
0.0014834985298580363
0.0014840325493137919
0.0014842534834272083
0.0014842562447851312
0.001446338436471725
0.001446887412206349
0.001445164176209772
0.0014451735769000454
0.0014451804176041408
0.0014238306871005323
0.0014238709936404224
0.0014238906300838377
0.0014238987269906544
0.001423901513357463
0.0013812312119266751
0.0013813038272139225
0.0013243143025711683
0.0012787093576996926
0.001278761829507058
0.001279323327665801
0.001279339268764027
0.001281002226229851
0.0012373827989305526
0.0012353187122141316
0.0012353239371933242
0.001235967263435201
0.00123589727334264
0.0012288932424671308
0.001229719256516593
0.0012290663838759744
0.00122922291862879
0.0012292246875961613
0.0012292297821685529
0.001229234457816274
0.001229277118680064
0.0012293020037604965
0.0012152287684520854
0.001200779528166777
0.0012007866502917197
0.0012013021783589149
0.0012015478138142446
0.001201554859149779
0.0012177874411115873
0.0012177992516150076
0.001218016872872159
0.0012182601031294077
0.001218261035936897
0.0012138867769532762
0.0012140992990251715
0.0012140994213191065
0.001214847785854883
0.0012038042287363527
0.001160907258173726
0.0011609172099735694
0.0011609242958341747
0.0011617790249708365
0.0011617862705661426
0.0011617898655580641
0.0011621305099344676
0.0011621315119076535
0.001162327947898637
0.0011623913146362268
0.0011623951846935793
0.0011624070668302703
0.001162456521319846
0.0011624618807336835
0.001162462104765925
0.0011624624084952454
0.0011054807232048255
0.0011054831024045117
0.001112610256927778
0.0010525223573891742
0.0010525343151506247
0.0010596602920002185
0.0010166075234263603
0.0010171584785131028
0.0010171944830358992
0.0010020171845180612
0.0010025211779075317
0.0010025419701522327
0.0010025435286735336
0.0010025593846965078
0.0010025725258398443
0.0010004176601335752
0.001028925543102845
0.0010290116995480575
0.001029906775958886
0.000987077689477763
0.0009871473050121248
0.0009871674697126771
0.0009815194175383755
0.0009816286250986983
0.0009816388472023996
0.000981658687068727
0.0009964200162037122
0.0009977462785748842
0.0009977551841791497
0.000997894528890586
0.000981039117263193
0.0009810411134530106
0.0009810702983620262
0.0009810909192295952
0.0009811031247344273
0.0009382810775844604
0.0009339195283843912
0.0009339286216554799
0.0009339371286152047
0.0009367936503565997
0.0009371351416384285
0.0009372701468633322
0.0009372806991145762
0.0009372991659386351
0.0009373069410411822
0.0009373431189533769
0.0009374120872972754
0.0009374161660124837
0.0009374161660124837
0.0009374484176340848
0.0009374782537727412
0.0009374863564273459
0.0008942178584238927
0.0008942230160186137
0.000894241604955179
0.0008942430642862371
0.0009227402583709468
0.0009227435815400048
0.0009227450556104097
0.0008799721586120453
0.0008799756565793171
0.000887105287100211
0.0008871134218557609
0.0008871176671176689
0.0008871261754853326
0.0008871279309674435
0.0008849234908885702
0.0008826077236929122
0.0008752741993190446
0.0008752878716848373
0.0008752885300720362
0.0008781529611969137
0.0008781988026866702
0.0008325447488434125
0.0008335774324799057
0.0008335799285415931
0.000790882988452198
0.0007909175482322023
0.0007909206492825216
0.0007909220849538427
0.000790924950474165
0.0007912656600799718
0.000792750578388242
0.0007932626901128533
0.000793288877816742
0.0007933121219713366
0.0007933573649928865
0.000793359373175931
0.0007923987758168677
0.0007494470117535734
0.0007067481992947635
0.0006967870575183416
0.0006539227298058607
0.0006539402456680379
0.0006539940635912991
0.000654063116823547
0.0006542364691769371
0.0006543510256346652
0.0006545649893698274
0.0006545727962400544
0.0006545757136924506
0.0006545758075966541
0.0006526696346571647
0.0006526725026216381
0.0006526977154607261
0.0006527241441146211
0.0006535949039551487
0.0006535951068494829
0.0006536087285823609
0.0006536221596530363
0.0006536301112714678
0.0006536355965059434
0.0006536430763020888
0.0006372176154182629
0.0006372849096267618
0.0006372943705932019
0.0006381498002755677
0.0006238372821757088
0.0006238411035369846
0.0006238472959145816
0.000623847443624085
0.0006238501342782317
0.0006238540022477022
0.0005810292637076941
0.0005824640347931712
0.0005824797990952843
0.0005341691407663285
0.0005341702608317782
0.0005339566114451679
0.0005340429800406564
0.0005340450482742547
0.0005340464981835761
0.000529781547720593
0.0005297819632158431
0.0005297839946164701
0.0005297847473933377
0.0005297862158383468
0.0005297930082746993
0.0005297973662252402
0.0005298014953109709
0.0005298040640290682
0.0004869915070633688
0.0004869944484243116
0.0004870014671724407
0.0004869300974504819
0.00048693443124268177
0.00048693553829833557
0.00048693581634891715
0.0004897864898869672
0.0004877475020880673
0.0004887663832238803
0.0004888530903557149
0.0004888610497552833
0.0004844120431859452
0.00048442747741431197
0.00048442747741431197
0.0004844377966963627
0.0004844384039820915
0.0003847008279190497
0.00038470104050683724
0.0003847353779192037
0.00038551319549697986
0.00038551429427732874
0.0003855180359713744
0.00038552117193705015
0.0003855230779388651
0.00038552641325644075
0.0003855313644911734
0.00038553287281630275
0.00038555763911837153
0.0003849864370036017
0.00038499419037160693
0.0003849988969188116
0.00038500356955673345
0.0003850038923199085
0.00038500392315398915
0.00038500501740350963
0.00038503080604079093
0.00034251927211021186
0.00034262106586207565
0.00034262143615670964
0.00034262143615670964
0.00034262354164019403
0.00034262537855149353
0.0003426288277029506
0.00034280153144479307
0.00034281064410578713
0.00034282790607351334
0.0003423439120927747
0.0003423440200195313
0.00034235289746268363
0.0003423578543337381
0.0003423652696168581
0.0003422907512605525
0.0003422910083518332
0.0003424346742816864
0.00034243499920277317
0.0003432491739857447
0.00034308522735137083
0.0003430867232601678
0.0003430964920878987
0.00034310073728318415
0.0003432798359542323
0.0003432801964908117
0.00034330960424871056
0.00034331934651107084
0.00034332243555069275
0.0003433225387750548
0.0003503586266481524
0.00035035877403460274
0.00035036579871485434
0.00035036753676699064
0.0003503786014903724
0.0003503787076498945
0.0003503787076498945
0.0003504190228628668
0.00035046229722422733
0.00035048372287641076
0.00035048372287641076
0.0003504838305453099
0.00035048420471489675
0.00026501897538164953
0.00026525674372773506
0.00026525798998668315
0.00026525835589702164
0.0002652658081586705
0.0002653673713493516
0.0002653675140506499
0.00027249166248113465
0.0002724974011174693
0.00027250175499331404
0.00027251066158019986
0.00027251106086502723
0.00027251311043133356
0.00027251332395257174
0.00027251347352082433
0.00027251384456716176
0.0002725223044749799
0.00027117223674027476
0.000271173759494015
0.000271173759494015
0.00027117414720355344
0.00027120405353755946
0.00027120729111514537
0.0002712076589945113
0.0002712078184215257
0.00014260632774257083
0.0001426113106727774
0.00014262001842446694
0.00014262024015678756
0.00014264084461876518
0.00014408994136022468
0.00012865254858488999
0.0001286526770528358
0.0001286526770528358
0.0001286526770528358
0.00013577735331404223
0.00013583311837792798
0.00013583311837792798
0.00013583421505232058
0.00013640582203888575
0.00013640612941468963
0.00013640612941468963
0.00013640645823326545
0.00013641913726214377
0.0001364332163715331
0.00013644877870682573
0.0001364510211085926
8.596779924857788e-05
8.604633325975864e-05
8.604633325975864e-05
8.604633325975864e-05
8.614622401404019e-05
8.616192941179638e-05
2.8249964646139016e-05
2.8249964646139016e-05
2.756219978751682e-05
2.7562356276683866e-05
2.7563276298911014e-05
2.7579852712425597e-05
2.7579932425932785e-05
2.758027926280479e-05
2.758099685030961e-05
2.760041077218492e-05
2.7621836424368384e-05
2.7621917437552315e-05
2.762260488277813e-05
2.7648434209821036e-05
2.7649144061139126e-05
2.764957256178115e-05
2.7678980319680018e-05
2.7684203215098643e-05
2.7857783517813585e-05
2.7864320481529392e-05
2.786634491642507e-05
2.814027511431099e-05
2.818259635629509e-05
2.85218358491999e-05
2.4236793983003486e-05
2.4236793983003486e-05
2.423698542841212e-05
2.4237051473897944e-05
2.4237051473897944e-05
2.4238137660953557e-05
2.4238137660953557e-05
2.423822435975103e-05
2.474708359910824e-05
2.474757731536672e-05
2.474773459593858e-05
2.4754983169491245e-05
2.475613202118468e-05
2.475622565292328e-05
2.475636861980983e-05
2.4773860996615307e-05
2.4773860996615307e-05
2.4795485472031474e-05
2.479555889519566e-05
2.4797020447085346e-05
2.4797020447085346e-05
2.4797994340366413e-05
2.4798416348769286e-05
2.480665454988791e-05
2.480776596826343e-05
2.4849672023269317e-05
2.4849929836468203e-05
2.4850279078025505e-05
2.4852146015112438e-05
2.485266658722431e-05
2.485266658722431e-05
2.485266658722431e-05
2.485266658722431e-05
2.4853295541730246e-05
2.4853295541730246e-05
2.4855777423734616e-05
2.4855864122532086e-05
2.4855952488614126e-05
2.4856148052657787e-05
2.491024061915677e-05
2.491309921471313e-05
2.4913920757927406e-05
2.492271658314521e-05
2.4924364138499282e-05
2.494638355302547e-05
2.5024669589849655e-05
2.5024669589849655e-05
2.502488785845209e-05
2.502700887091527e-05
2.502802730428227e-05
2.7877896501393745e-05
2.7878580451984285e-05
2.7878797989742976e-05
2.7920704044748862e-05
2.7920704044748862e-05
2.7920837037624163e-05
2.803106960990172e-05
2.8031962068672354e-05
2.80322163674921e-05
2.8032476249725978e-05
2.8032476249725978e-05
2.8033844610705764e-05
2.816348936165818e-05
2.8165854456707465e-05
2.816610107368133e-05
2.8166249759678435e-05
2.816637709386407e-05
2.8166659333601975e-05
2.8166659333601975e-05
2.8166659333601975e-05
2.8170426933440183e-05
2.818154263341759e-05
2.8181817573580685e-05
2.8181976876562593e-05
2.8184519360054044e-05
2.818468630862339e-05
2.818468630862339e-05
2.818499939100439e-05
2.8185353844227504e-05
2.8202232397841424e-05
2.8204541458485134e-05
2.820637734258971e-05
2.820637734258971e-05
2.8208283420964498e-05
2.9085394805429828e-05
2.9085394805429828e-05
2.9088307883869475e-05
2.9139193807805196e-05
2.9139584748221954e-05
2.914396440118568e-05
2.914416733607675e-05
2.914644458764018e-05
2.6370645787231514e-05
2.637392667292351e-05
2.63882306392323e-05
2.63882306392323e-05
2.6389626432309055e-05
2.6389998533469337e-05
2.6390709784555332e-05
2.6391152875204878e-05
2.6490987552792243e-05
2.6490987552792243e-05
2.64912444886839e-05
2.649150856168366e-05
2.6492133156162715e-05
2.649369405015546e-05
2.649534157135982e-05
2.6495628707590803e-05
2.7920434577790993e-05
2.7920434577790993e-05
2.7920653669148422e-05
2.7948317124082955e-05
2.8011170810461766e-05
2.8013150939581866e-05
2.8013691972452653e-05
2.8030025798270314e-05
2.8030588817260562e-05
2.8108874854084747e-05
2.8109529044542595e-05
2.8109785980434245e-05
2.825781775915635e-05
2.828786465016072e-05
2.828786465016072e-05
2.8288400200076123e-05
2.8288400200076123e-05
2.8388036974215996e-05
2.8388036974215996e-05
2.853899043278129e-05
2.853926959300586e-05
2.8541204284590922e-05
2.8542961676968597e-05
2.854483889155384e-05
2.854483889155384e-05
2.358272439186384e-05
2.35836762909307e-05
1.6302341823376097e-05
1.6306009277353445e-05
1.6307074442171294e-05
1.6332071036385333e-05
1.6332071036385333e-05
1.8252302084879897e-06
1.8252302084879897e-06
1.8254296493992714e-06
1.9981333912417183e-06
2.239592089132786e-06
2.5975414288669196e-06
2.5977540166545417e-06
2.5979302449625443e-06
2.598111923630588e-06
2.598331519806813e-06
2.602872751778001e-06
2.602872751778001e-06
2.602872751778001e-06
2.602872751778001e-06
2.6076348034832153e-06
2.607828076118891e-06
2.607828076118891e-06
2.608445979306861e-06
2.6089074602599685e-06
2.6089074602599685e-06
2.6089074602599685e-06
2.6089074602599685e-06
2.63033311244343e-06
2.6357985692972243e-06
2.6360494949198164e-06
2.6360494949198164e-06
2.6623611635229945e-06
2.6625880795717606e-06
2.7269175499755356e-06
2.727216615058907e-06
2.82048572034003e-06
2.8207958619079713e-06
2.8836756169899122e-06
3.0627059945115667e-06
3.063747172442394e-06
3.063747172442394e-06
3.064121746781265e-06
3.070461261220421e-06
3.070461261220421e-06
3.070850818532847e-06
3.150089495059273e-06
3.150378004904408e-06
3.250014779044281e-06
3.250014779044281e-06
3.2510459940984672e-06
3.251485586184793e-06
3.251943752584626e-06
3.489889199720673e-06
3.490210971597412e-06
3.4907095477045594e-06
3.4907095477045594e-06
3.4907095477045594e-06
3.491774001127347e-06
1.848169904022294e-06
1.8485038950842258e-06
2.1507354433085075e-06
2.1510822801805134e-06
2.1510822801805134e-06
2.1514426301774027e-06
2.1518172045162742e-06
2.1518172045162742e-06
2.152206761828701e-06
2.1526121120051447e-06
2.1526121120051447e-06
2.1526121120051447e-06
0.0
0.0
0.0
0.0
0.0
0.0
0.0
0.0
0.0
0.0
0.0
0.0
0.0
0.0
0.0
0.0
0.0
0.0
0.0
0.0
0.0
0.0
0.0
0.0
0.0
0.0
0.0
0.0
0.0
0.0
0.0
0.0
0.0
0.0
0.0
0.0
0.0
0.0
0.0
0.0
0.0
0.0
0.0
0.0
0.0
0.0
0.0
0.0
0.0
0.0
0.0
0.0
0.0
0.0
0.0
0.0
0.0
0.0
0.0
0.0
0.0
0.0
0.0
0.0
0.0
0.0
0.0
0.0
0.0
0.0
0.0
0.0
0.0
0.0
0.0
0.0
0.0
0.0
0.0
0.0
0.0
0.0
0.0
0.0
0.0
0.0
0.0
0.0
0.0
0.0
0.0
0.0
0.0
0.0
0.0
0.0
0.0
0.0
0.0
0.0
0.0
0.0
0.0
0.0
0.0
0.0
0.0
0.0
0.0
0.0
0.0
0.0
0.0
0.0
0.0
0.0
0.0
0.0
0.0
0.0
0.0
0.0
0.0
0.0
0.0
0.0
0.0
0.0
0.0
0.0
0.0
0.0
0.0
0.0
0.0
0.0
0.0
0.0
0.0
0.0
0.0
0.0
0.0
0.0
0.0
0.0
0.0
0.0
0.0
0.0
0.0
0.0
0.0
0.0
0.0
0.0
0.0
0.0
0.0
0.0
0.0
0.0
0.0
0.0
0.0
0.0
0.0
0.0
0.0
