23395
23395
23395
23395
23395
23394
23394
23394
23394
23394
23394
23393
23393
23393
23393
23393
23393
23392
23391
23390
23390
23390
23390
23389
23387
23386
23383
23381
23381
23381
23381
23381
23381
23381
23380
23380
23380
23379
23379
23378
23378
23377
23377
23377
23376
23375
23374
23373
23371
23367
23364
23364
23361
23359
23356
23353
23352
23350
23348
23347
23347
23345
23344
23343
23342
23337
23337
23335
23333
23329
23328
23323
23321
23321
23318
23317
23315
23313
23309
23309
23306
23302
23299
23296
23294
23292
23290
23290
23284
23278
23272
23270
23265
23261
23260
23254
23251
23251
23245
23245
23242
23241
23240
23235
23234
23230
23227
23224
23218
23215
23210
23207
23203
23203
23201
23194
23190
23186
23179
23175
23171
23162
23158
23157
23153
23149
23143
23139
23134
23129
23125
23120
23114
23109
23102
23099
23098
23091
23085
23081
23078
23075
23073
23070
23061
23058
23056
23053
23047
23043
23040
23032
23025
23017
23010
23009
23001
22995
22984
22978
22975
22973
22966
22963
22957
22948
22940
22936
22931
22927
22918
22905
22902
22894
22892
22886
22878
22873
22865
22857
22855
22848
22841
22838
22832
22823
22816
22808
22804
22798
22785
22780
22768
22763
22755
22743
22736
22734
22730
22723
22715
22710
22701
22696
22688
22686
22674
22668
22654
22647
22643
22630
22622
22616
22611
22602
22580
22570
22556
22545
22532
22521
22513
22507
22502
22490
22476
22460
22448
22438
22425
22411
22406
22401
22393
22379
22375
22364
22356
22343
22335
22330
22314
22306
22294
22289
22275
22270
22259
22255
22246
22231
22220
22212
22199
22189
22180
22162
22150
22139
22127
22119
22104
22097
22088
22080
22074
22065
22051
22038
22027
22017
22006
21992
21981
21972
21966
21951
21945
21935
21922
21909
21892
21876
21857
21843
21835
21812
21797
21780
21771
21754
21740
21730
21724
21711
21701
21686
21674
21660
21649
21636
21625
21612
21603
21585
21567
21545
21534
21518
21502
21483
21463
21454
21439
21421
21411
21397
21380
21370
21355
21343
21314
21299
21280
21258
21238
21224
21209
21193
21176
21161
21150
21133
21121
21111
21093
21060
21050
21036
21026
21018
21004
20982
20969
20953
20935
20914
20883
20864
20847
20835
20817
20796
20781
20758
20741
20724
20706
20680
20662
20650
20629
20616
20602
20576
20559
20536
20515
20495
20475
20452
20425
20407
20383
20361
20343
20324
20306
20288
20273
20255
20236
20218
20205
20176
20157
20122
20107
20093
20068
20049
20035
20022
20004
19981
19960
19950
19935
19914
19889
19871
19852
19833
19814
19786
19765
19741
19721
19700
19668
19638
19618
19594
19564
19546
19528
19501
19471
19439
19415
19392
19372
19338
19315
19288
19270
19239
19209
19184
19166
19129
19107
19082
19052
19027
19003
18974
18957
18923
18903
18887
18850
18822
18792
18774
18750
18727
18693
18666
18642
18617
18590
18561
18547
18516
18499
18478
18451
18412
18384
18352
18324
18292
18270
18228
18181
18144
18116
18085
18053
18028
17999
17967
17939
17899
17867
17834
17802
17777
17736
17707
17669
17640
17607
17579
17539
17512
17491
17457
17428
17398
17359
17319
17294
17246
17215
17182
17147
17120
17074
17034
16992
16954
16926
16884
16864
16830
16792
16757
16725
16692
16653
16617
16595
16556
16513
16488
16448
16420
16375
16344
16315
16282
16255
16221
16161
16136
16096
16057
16023
15990
15964
15917
15875
15834
15797
15763
15726
15693
15648
15602
15574
15534
15500
15443
15403
15358
15312
15260
15230
15188
15112
15079
15046
14996
14959
14915
14869
14819
14781
14733
14693
14651
14613
14562
14533
14499
14465
14421
14360
14314
14277
14220
14168
14124
14089
14028
13987
13923
13867
13832
13780
13725
13677
13630
13586
13543
13501
13463
13413
13372
13336
13296
13256
13201
13155
13118
13075
13037
12970
12911
12849
12806
12759
12698
12650
12601
12567
12533
12495
12456
12415
12357
12301
12261
12193
12147
12114
12048
12009
11946
11900
11851
11810
11755
11716
11661
11621
11570
11498
11444
11389
11346
11310
11265
11199
11152
11110
11054
11022
10968
10899
10838
10759
10719
10631
10597
10494
10411
10356
10308
10253
10202
10171
10128
10039
9991
9934
9872
9810
9769
9720
9644
9590
9528
9462
9413
9355
9294
9265
9170
9124
9066
9032
8975
8886
8831
8770
8713
8665
8572
8522
8460
8420
8361
8273
8227
8180
8118
8023
7952
7895
7848
7810
7753
7708
7618
7556
7506
7467
7400
7309
7258
7187
7140
7060
6998
6898
6828
6778
6736
6686
6620
6483
6400
6288
6233
6173
6122
6088
6006
5963
5901
5858
5773
5643
5582
5488
5421
5393
5363
5297
5258
5167
5105
5061
5020
4967
4869
4816
4748
4686
4623
4496
4389
4313
4268
4202
4126
4094
4071
4031
4000
3940
3894
3816
3754
3692
3657
3601
3568
3466
3384
3314
3254
3163
3079
3020
2976
2953
2850
2694
2642
2580
2551
2364
2283
2266
2158
2010
1986
1964
1927
1919
1906
1849
1722
1635
1606
1573
1529
1358
1349
1337
1301
312
307
306
303
100
100
97
97
96
96
95
95
95
95
95
95
95
93
93
92
92
92
91
91
91
62
62
62
62
62
60
60
60
54
54
51
50
39
39
39
39
38
38
38
38
38
38
38
38
38
37
37
36
36
36
36
33
31
22
17
15
15
15
15
15
15
15
15
12
12
12
12
12
12
12
12
12
11
10
10
10
10
7
7
7
7
7
7
7
7
7
7
7
7
7
7
7
7
7
7
7
7
7
7
6
6
6
6
6
6
6
6
6
6
6
6
5
4
4
3
3
3
2
2
2
2
2
2
1
1
1
1
1
1
1
1
1
1
1
