0.35517161410018555
0.17519191059409525
0.13274157404592188
0.09709155271405416
0.08029003923896733
0.0760570907538673
0.05489926648221427
0.06376423666446819
0.05319813026878942
0.04998059993172236
0.042659976764905586
0.04340937490321593
0.039809323980806305
0.03505752515557597
0.032356415211103676
0.029637021455849805
0.024419324216080077
0.024909264788922063
0.030948184631276108
0.029192110577528924
0.032385204110572635
0.030231438356837097
0.028747748727538224
0.030483274325017094
0.029478782744219976
0.027886719872017567
0.029830745469872823
0.030556883473820507
0.03146359250708575
0.02969189109021458
0.027850854313334755
0.02821763687836723
0.028208680660014494
0.027285912812582892
0.026879337538487907
0.024619898566617136
0.025665701336331014
0.024978094696887995
0.02224806854926094
0.021671911880835167
0.021324803011709692
0.019454939015718882
0.01976374863735241
0.019994626739431046
0.01936353911297216
0.018861356889374337
0.020528252395886227
0.021899447614079103
0.022378582594668336
0.021168058363102694
0.020203028499923933
0.0204660698998349
0.020224809011195295
0.02059342787731319
0.020025264387095797
0.01954640594023693
0.019843501087765298
0.019450737961474562
0.019103391263204605
0.018310696699258583
0.017567655382727643
0.017176733418354417
0.01686760604669071
0.01649960554148034
0.016688405042149627
0.016972089006587712
0.017364055739754462
0.01774224182970248
0.0187621451973719
0.01868325412499773
0.018373428128375845
0.01798624475734941
0.017611002897839217
0.017221675610969933
0.017481392059284836
0.017243796113165812
0.01699782922358577
0.01675532428986477
0.016950066857881693
0.017156835231216142
0.016935262471908154
0.016908855938861284
0.01629340853316523
0.01609363274710955
0.01590031710604634
0.015654453638940323
0.015528971032944311
0.01526784468914954
0.015206678985679255
0.015398688914433339
0.01537099885910538
0.015201954653619284
0.014741970917984263
0.014547349510748884
0.014370241433534261
0.013936344858344153
0.013790274475828528
0.014044757598462345
0.013885301590456567
0.013728720306233018
0.013579484928006197
0.013421215392309517
0.013288392575112998
0.013475341771441699
0.013698658653487393
0.013618624704311015
0.013242251080514425
0.013110123953996631
0.012483060856553574
0.012284523635988772
0.012923801958393133
0.012736371276788302
0.012559913791121764
0.011968620642109571
0.012693054415250054
0.012353313874394029
0.012227665520229965
0.01222041484536701
0.012459468699872057
0.012657569729353954
0.01249724812742689
0.01217354367360932
0.012150369605679848
0.012744646812963098
0.013016052839853017
0.012696962866823777
0.012596668852102845
0.012455728236693516
0.012339679626338067
0.012032274139247947
0.011736909989894196
0.011639295400181777
0.011845238655726429
0.012044944696754155
0.011856519806628692
0.01176663905453659
0.011671202549710028
0.011581183933290771
0.01188974081200331
0.011605315990695815
0.011635643090860787
0.011456386551600039
0.011183038270082643
0.011104196013967348
0.01130351880317049
0.011216397788994152
0.011127546154192421
0.011318282448486506
0.011196577911133756
0.011118772008175876
0.011025415450307854
0.010947095231952135
0.010871166044139251
0.011323671811511888
0.011226818553585736
0.011154063643302601
0.011080964928020362
0.011003818172743407
0.010932114453448365
0.010863171544266248
0.01078238804744802
0.010652800593744353
0.010587372706531087
0.010522010162847078
0.010439218859417222
0.010334687722526902
0.01055003694157497
0.010479656047394642
0.010732426115080003
0.010655960808463998
0.010593336950976657
0.010531135307254752
0.010468612729364456
0.010367442001089253
0.010533873965186817
0.010550176033937392
0.010712000583482874
0.010650241846108837
0.010590019758711268
0.010529980205722076
0.010397122002384025
0.010335727774903708
0.01027553004562931
0.010183217613366005
0.010127717614363357
0.00992453821355701
0.010114512624963438
0.009918088978823037
0.009843183942007512
0.009791010207242061
0.009704235131047184
0.009649732428840872
0.009598909220446714
0.0095409322839545
0.009475906875685353
0.009426587740029769
0.009229610255579413
0.009182201145534608
0.009098565048615658
0.009049478538246903
0.00899900544189888
0.008954120136123052
0.00890909205457791
0.008734048879579105
0.00869114981779435
0.008642208236491825
0.008866027162994386
0.008695287357668613
0.00861874254784811
0.008571075206991737
0.008512172870387488
0.008471699419682717
0.008643387157781495
0.008602793491908987
0.008558346082445614
0.00839164314544512
0.008319593024393218
0.008277487134922771
0.008226716874941762
0.008364860977651649
0.00829684907159273
0.00801935302686941
0.007831581577560696
0.007854110485229363
0.007818502989963064
0.007772113949119937
0.007944971465140943
0.007909717419180852
0.00775842871611797
0.0077235903041619775
0.0076597367433944635
0.007798328917452094
0.007761426143355768
0.0077262607015314705
0.007693320096867057
0.0076322634751501365
0.007596934297412468
0.007535184952589623
0.007502318907526999
0.0074707988388360725
0.007411803858445671
0.00737795692139708
0.007231562782631617
0.0071973491461249615
0.007139337244754052
0.007056110734189376
0.007027374227842719
0.006998969962761793
0.006970742209759333
0.00694242546226334
0.006912691797859332
0.006884842477094067
0.006831176544434573
0.006803088190263992
0.0066580615083289664
0.0066320301640417426
0.006600916841665096
0.006574399124529568
0.006715671754660301
0.006679573442090515
0.006643475105091515
0.006617259048350639
0.006592104588713067
0.006565657477024574
0.006535222756014023
0.0065106396673644245
0.006385870545190709
0.006495248798029537
0.00646063202787979
0.006586915442817545
0.00670876148184113
0.006681991208038806
0.006651946239464477
0.00660226194723748
0.006576388909325841
0.006547321887273023
0.006522097611732825
0.006498482947441244
0.006470145275598915
0.006446966754155243
0.006423848919026416
0.006272188538407991
0.0062495288704634
0.00622523655843532
0.006202659776436564
0.006170483944410226
0.006147311693435888
0.006125968203804659
0.006104039229399954
0.006078403724909629
0.006056612616254944
0.006033971034544357
0.00601156921221244
0.00590036827052714
0.005857652593434879
0.005747183543863541
0.005727839869021436
0.00570696028317858
0.005683253592425432
0.005796601202111596
0.005774807751639856
0.006055713519601334
0.0060357336298983745
0.006013542084396765
0.005993784192580748
0.00596571928318006
0.005945950027545486
0.006077250462561189
0.006055883911759258
0.006034892932567128
0.006015413854860729
0.005995394549727866
0.005975616825419701
0.005954729149849373
0.005935803745371355
0.0059140457484325466
0.005886878279918862
0.005780131226599921
0.005762000525501328
0.006127950316411981
0.006108241465680067
0.006089022349762172
0.0060701413902278486
0.006046431726504372
0.006151714332048234
0.006132525298464247
0.006109053906315944
0.006086349333097292
0.006067547345781588
0.006048931309720691
0.006152491141678328
0.006129227008982008
0.006110791755250651
0.006092352554616299
0.006072720209513391
0.00603415937534964
0.006008011925254462
0.006106444127920456
0.006087463613362583
0.00606731370708076
0.005951689773652555
0.0059333621008718865
0.005915752224060363
0.00588987367144132
0.005870483277900579
0.0058495716840277065
0.0058301542918598095
0.0057941297875130455
0.005774493222809819
0.005756921862234888
0.005740175138536429
0.00572114669677649
0.005629160775250093
0.005613259447278374
0.005672726512893455
0.005652872054077031
0.005636812274280358
0.005732759067056925
0.005829737808820292
0.005924737641164245
0.005908284423740444
0.00589192167409348
0.005875527158993937
0.005850314293565884
0.0058342341267213025
0.005818232775973022
0.005801509139233714
0.005785104677896038
0.0057675400954639916
0.0057517969379140945
0.005656383799622674
0.005639916585857587
0.005552040029631649
0.005536249911517613
0.005629034920284778
0.005595902893050221
0.005579371902559474
0.005564482630873483
0.0057637340691812575
0.0058606083404320825
0.005774926695144097
0.005758487539687509
0.0057414400545538645
0.00570834153386961
0.0056915724609831655
0.005676421505315703
0.005643873783331132
0.00562927460058494
0.005614791305780493
0.00559222299420796
0.00557105615367967
0.005549093680820548
0.005534963207672871
0.005622472807040204
0.0056060524477277865
0.005523979798324546
0.005503238411655978
0.005489145113614569
0.005458612400242859
0.005444539318827365
0.005430312721604145
0.005416722717135846
0.005402169017610815
0.005388683448806426
0.0053747750886632304
0.005360875247933037
0.0053465939556363185
0.005333485878588821
0.00525444341255214
0.005241623867978338
0.005212339934746394
0.005199514921735111
0.005186827642185169
0.00515682051738077
0.00514321066474369
0.005127644415754069
0.005115351443909626
0.005096451654959529
0.0050842746538411554
0.005071890809888724
0.005056274164975833
0.005044069671053178
0.005031450965733955
0.0050195496606226
0.0050076802265412255
0.004992675334131008
0.004980974948521756
0.005062765778101645
0.005050466243502495
0.005038718207533102
0.0050270141846285345
0.005050073015427766
0.005037799577049383
0.0051167432410825055
0.005104883087050402
0.005031992008186709
0.005020402096798814
0.005002468281601085
0.0049842019911537526
0.005154572369469173
0.005142511277119543
0.00513087663254363
0.005119225613604906
0.005107693094910716
0.005094259409989287
0.005082682485825038
0.0049964359503907995
0.004969661522728242
0.0049567588296320925
0.0049457009637565354
0.004875473785023228
0.004864188355213769
0.004838645567776734
0.004767818235774588
0.004756623128225261
0.004725712725085076
0.004700686200659029
0.004783526238070793
0.004804877187949658
0.004794338295595683
0.0047806933527389595
0.004769763029583758
0.004759378320691337
0.004748213909689299
0.004735127288848903
0.004724956953650019
0.0047129346077410044
0.004702386137538588
0.004692352350249242
0.004767404417367648
0.004757123718367725
0.0047449724647941945
0.004734864755116138
0.004724793439206068
0.004712968155778012
0.004787283323474904
0.004777166084904694
0.0047671716671906
0.004757120395812484
0.004825379707491588
0.004815301585742866
0.004805267650865915
0.004878105758289495
0.004866414059537996
0.004856379895099948
0.00484462066248479
0.004834191478708737
0.00482389304226817
0.00490922981099651
0.004885572932107034
0.004819883962536559
0.004809437146681017
0.0047455601819010994
0.004735956117742795
0.004806687752764949
0.004796970477784516
0.00478618361423591
0.004765419600443635
0.004755537315588067
0.004740542216041153
0.0047170815128713475
0.0047075248657330515
0.004698160023584541
0.004688166121309944
0.004678817715265652
0.004669567899469801
0.004660234591188972
0.004651027587612752
0.004724894263309427
0.004715439257290108
0.004706209610050031
0.004696825785696834
0.004686708367484709
0.00467756647253905
0.004668240367776007
0.004658445025161851
0.004649201983953555
0.0046399359326485794
0.0046308153496800565
0.004620049514082999
0.004610218160266368
0.004685500847309281
0.004676302976649
0.004667064662039083
0.004657713913315233
0.00464599240851503
0.004637147256148247
0.0046998479548461015
0.004688438636761163
0.004752657717176732
0.0048065141105302
0.004796882479078319
0.004782617769681598
0.004773632925108202
0.004764701492721279
0.004755778866120978
0.004746922758492307
0.004725399941747275
0.004661801043627832
0.0046482031481116315
0.004639593073599948
0.004631034145446387
0.004612645190209085
0.004604094523936444
0.0045942268840028
0.004585806091068295
0.004577414494179147
0.0045690359936572875
0.004555847338762924
0.004544715474574671
0.004530733387390533
0.004521555698115577
0.004464949656261536
0.004449144353530455
0.004441105271001826
0.004431237359812749
0.004421575334421291
0.004412729008967513
0.004476305301098543
0.004465920208900544
0.004452619421305663
0.004436207277015959
0.004428324172437964
0.004491282286009144
0.004553407445079835
0.004545286267304289
0.004490247127787915
0.004482310606023386
0.004470811263690789
0.004457237653194208
0.00440263164194452
0.004393547505500397
0.004385733203616413
0.004378043348961264
0.004370317425821934
0.00436124403865529
0.004353668545449836
0.004346072981446744
0.004338541016910401
0.004329901534226992
0.004310966683163596
0.004292059356865869
0.004284370557550817
0.004276587760442464
0.00426924841109961
0.004216447426198356
0.004208670537455768
0.004178825495148618
0.0041714954485967334
0.004164403310754997
0.004157325588703676
0.004150087435364871
0.0041430767898539105
0.00413557151740023
0.004126678579567098
0.004119728387793886
0.004112821761898595
0.004105148942355946
0.004098287809701385
0.004091389472069564
0.004082342296778447
0.004031115063894986
0.004024424239480628
0.0040176064499206805
0.004010945001646574
0.004004281792977561
0.003982311878047737
0.003975467616951459
0.003968915381736213
0.003962256900181037
0.003955593526095652
0.003949121012585648
0.004007733894097714
0.0040011019127612945
0.003946393485353522
0.003939964209895838
0.003933021084425745
0.00392659000375007
0.0039855830385177446
0.003979047237105782
0.004036105297733373
0.004029552884255476
0.004065895250136386
0.004059248380130951
0.004051513308822828
0.004044970388892016
0.0040383972614426835
0.004031949950426502
0.004025475761694026
0.004007741679915497
0.003999195872963661
0.003992847999313266
0.003986532487743993
0.003980243202654607
0.00393166681365311
0.003925338746503387
0.0039190679175660085
0.003912873438468617
0.003906715207483644
0.0038994218562848236
0.0038927626344261662
0.003885956132663844
0.003879904321909052
0.0038324650661072397
0.0038264580910136216
0.0038184513862407326
0.0038118103801440006
0.0038059221478146236
0.0038000552842742
0.003794142265672239
0.0037883016359170994
0.0037823684620718807
0.0037724522859393364
0.0037666620491444043
0.003760872464621119
0.0037551289537105666
0.003749184781734441
0.003743122794435681
0.0037333934529307842
0.003727223948071199
0.003782134923533577
0.003776336290409914
0.0037706342272667125
0.003764933079847561
0.0037190537298184964
0.0037134678215262214
0.0037077501957491973
0.0036620752788351983
0.0037104033504717303
0.0037047787694935944
0.0036992566376033483
0.003693462431282429
0.0036877806931853454
0.0036724197463988465
0.0036668842111235696
0.003657076496003826
0.003651666573652379
0.0036462729927281053
0.0036368325159020524
0.003631253518872379
0.003625652536188945
0.003620203787900473
0.003610927037974285
0.003566662095148476
0.0035611925760678413
0.003555926515107246
0.003472646386028276
0.0034286471008751576
0.003423253594908737
0.003417145328704145
0.003412195339152549
0.0034071877372451897
0.0034022671865315823
0.0033973562983217226
0.00339245714953236
0.0033864737389059105
0.0033811335775118046
0.0033762861589498204
0.003361919178354315
0.0033564088282895424
0.003350198834306429
0.003344663287112956
0.0033398961920107243
0.003335127718691473
0.0033300467574747124
0.003325328858999999
0.003319538930028775
0.0033712978129450334
0.003366486392777013
0.0033572747405615487
0.0033525531753692364
0.0033478371834995595
0.0033430186096422383
0.0033382936355048345
0.003333513541355217
0.0033288564582339988
0.0033240792959281715
0.003319434210636217
0.003314320158480941
0.003309492731502644
0.0033030436472438218
0.0032983371208362188
0.003286387807771601
0.00328182629460006
0.0032771431994023078
0.0032723162396359183
0.003267641196991326
0.0032631405027484274
0.0032586513083504433
0.0032541650513594074
0.0032460649108150374
0.0032411732283353844
0.0032360388323989363
0.003231625949842
0.0032254111667322193
0.003219185343112689
0.0032141802830533933
0.0032098254342334863
0.0032054806133162738
0.003201071268703498
0.0031967511387507516
0.003192405837883564
0.0031880215003707033
0.0031834467600699193
0.0031433792976846182
0.003193977628067267
0.003189698569338646
0.003184647121354842
0.003180377966991428
0.003175039557371769
0.003188618021515946
0.003184092604365393
0.0031797002318484126
0.0031745437857801165
0.0031703080018393166
0.0032217311490360715
0.0031820701495346923
0.0032305969412909897
0.0032262507654837592
0.0031868932658859987
0.003182121626632622
0.003177897556476576
0.0031387874599941193
0.0031871130903962943
0.00318292738245549
0.0031786096201845923
0.0031744565443183425
0.0032241381150341737
0.003219942956875914
0.0032157614692416223
0.003202781892530816
0.003195017111491685
0.0031908811206495806
0.0031865497737043795
0.003182436426352039
0.0032298863554384846
0.00327771432116421
0.003273408030043333
0.003269163998618574
0.003264961151596414
0.0032606890300157627
0.003256110970020932
0.0032434336248718244
0.003230728385402226
0.003226612201557921
0.00322228577779979
0.0032181897528817884
0.003213816951522669
0.003209719886719069
0.003205264707657154
0.0032011974826941896
0.003196502570129991
0.0031924574895504988
0.0031883032511302064
0.0031842828646668235
0.0031801680459613737
0.0031761783150459403
0.0032390069510742888
0.0032315842682119978
0.0032258527601806953
0.003221824152794951
0.0032693285935637517
0.0032652550569617534
0.0032611924049814624
0.0032571163601366024
0.0033165992301906013
0.003312344458509091
0.00330823886182836
0.0033039384002746695
0.0032997722663419783
0.003295696453646465
0.003291637694322677
0.0032874780685016097
0.003283305582926347
0.003268874581827433
0.0032644578208993248
0.0032601835871227808
0.003354009928823565
0.003349886429465881
0.003345801149107786
0.003341651037024438
0.0033375700486670433
0.003333514200252758
0.003329460542248009
0.0033254226659004934
0.003321388069625609
0.0033173505550662284
0.0033099859479769193
0.0033059693663926937
0.0033019286262922836
0.0032973434895598682
0.0032933617591952126
0.0032893928280879384
0.003285448641828985
0.003281494312919703
0.0032775693176955835
0.0032736445614389154
0.0032697239888684906
0.003265738028492625
0.003261067749494848
0.003257168409332915
0.0032517163985932274
0.0032474456515186262
0.003238779089986004
0.0032339981933921336
0.0032301422829500268
0.0032262132163191066
0.003222353111305738
0.0032185340948550707
0.0032146608268398846
0.0032108817241081923
0.0032070850838010916
0.003202897906793308
0.0032460008521005587
0.003179815030023575
0.0031760506972463506
0.0031723156043793484
0.0031684651129139964
0.0031616559242876622
0.003156030217579604
0.0031988082599386245
0.003163821098406342
0.0031601207986581823
0.0031562763299169813
0.003152615131782145
0.0031150689526170373
0.0031090600202198933
0.0030746208300108185
0.0030630318905021936
0.003058526401725068
0.0030550138911746073
0.003049616760185421
0.0030155693323583536
0.003012119314819482
0.0030085477147827953
0.0030659873315662823
0.003062482426879814
0.0030286156964893455
0.0030099326822948685
0.00300541473050998
0.0030019969193587903
0.0029982571990318676
0.003040368820344784
0.0030369105296676863
0.003025916772510443
0.0030224878288442093
0.0030190456931053996
0.0030156216030905467
0.003011855540696898
0.0030079353583876713
0.0030045584639039774
0.003001186742127291
0.002997690139190707
0.0029943374682525883
0.0029909379110521746
0.002987329267002633
0.0029838173215695468
0.0029804295418357626
0.002976823305858008
0.0029734868554205794
0.002970091533190534
0.002965909879740235
0.0029617761956757627
0.0029582404372627386
0.002954905790158425
0.0029516046864162637
0.002948281499115882
0.0029435487298407267
0.00294025674059997
0.002936493550132171
0.0029038966067534743
0.0029001870393454083
0.0028896188767669443
0.0029301766968154075
0.002926961944560349
0.002923766140144666
0.0029204967896151574
0.0028882704382718607
0.0028851004073174205
0.002881721993831581
0.002848401997980957
0.0028453130269164737
0.002834956177108162
0.0028317060832479513
0.0028286371401964995
0.002825582333020959
0.002816782052942486
0.002813746921649627
0.0028107089295065736
0.0028062533166707264
0.0028032376478892562
0.002800216054763777
0.002797121954768769
0.002794078686120516
0.0027909936093154387
