0.002789360614823851
0.002790462775086664
0.002746076464962335
0.0027003162495373295
0.0026950570494936286
0.0026522908989509123
0.0026516233393613945
0.0026046693847065435
0.0026046847836959154
0.0026047155281086866
0.002604757900641899
0.002605147668804863
0.0026061448859291637
0.002614905347686062
0.0026163315832488715
0.0026165729101018014
0.0026357172473154946
0.0026364277299077347
0.0026365828942443953
0.0026469522023541423
0.00264695397623823
0.0026469558623616646
0.0026471123995162526
0.0026423922176765095
0.002642618070330981
0.002650085484209099
0.0026501091103227977
0.002650134182937993
0.0026502786512948955
0.002651336291129877
0.00265141479521982
0.0026515710213685694
0.0026512713409516083
0.00265138103207761
0.0026063973181255046
0.0026046542510272
0.0026046640621035623
0.002604705180749094
0.0026019842396806806
0.002604834751071575
0.00260032837379125
0.0026037015626830438
0.002611096245176787
0.002611097643993947
0.0026119574863202777
0.0026404604927273137
0.002637296712143499
0.0026374904517135027
0.002638981196055085
0.0026347134398523367
0.002634729772315058
0.0026376345672672976
0.0026189616359663646
0.00261896913612461
0.0026187269058228135
0.002621611416363679
0.002621632935608774
0.002624723171866618
0.002610509000383142
0.002610626482085271
0.002553650492944314
0.002553780238890009
0.0025520761391096916
0.0025521222040291126
0.0025593134327815807
0.0025452452989706198
0.002542663007662831
0.0025000134515837723
0.002500098154391445
0.0025001698794466223
0.0024565956980305732
0.002458028199625229
0.0024579326186084873
0.0024722760573245906
0.0024722848624795894
0.0024731742233193984
0.0024736910102738396
0.002473728964393114
0.00247385950124927
0.0024739012504203174
0.0024737577855301405
0.0024255083769842744
0.002425550015968129
0.0024263676887846066
0.0023918183188799858
0.002392527781403651
0.002392641574798083
0.002394068117195874
0.002379755917823207
0.002379850097380716
0.002327437800276326
0.0023274411571157726
0.002327611975941054
0.002326879088061537
0.0022841166016823768
0.002284165159230109
0.0022850018446686593
0.002277667119853529
0.0022776884723779383
0.0022776889207091863
0.002277709654434409
0.002277710550840633
0.0022778747556977045
0.0022783154275994606
0.0022811834576586328
0.0022812355838021155
0.0022812891682639155
0.002238354499411094
0.0022384579984994
0.0021947809556908293
0.0021948420261770165
0.0021505348190473087
0.002150546418131556
0.00210781289585364
0.0020652588877403764
0.0020682429107402277
0.0020682437199893897
0.002068404839058027
0.0020685577383127043
0.002068572500688506
0.0020188231670829103
0.0020191459269285257
0.002019706538264381
0.0020197251931097352
0.002048302275824134
0.0020483424808580702
0.002048516171145396
0.0020434276043206166
0.0020434597989385504
0.002027190353343043
0.0020280046957393745
0.0020280350650337367
0.0020280388449132503
0.002013642214784415
0.002013772705083087
0.0019995834557847525
0.001999752423700351
0.0019999326063025193
0.0019957446756685942
0.0019957466560819727
0.0019960193839563874
0.0019969635642767525
0.001997044612672769
0.0019970575153034436
0.001998213920838745
0.0019982165731731883
0.0019988618959607025
0.0019988914830251702
0.001984794857165199
0.0019843131206814598
0.001977580475792333
0.0019776392768773177
0.001977639323693187
0.001977840310717586
0.001978078838247783
0.0019618597866157225
0.001961860753925355
0.0019620267714071686
0.0019620322175942285
0.0019622941107097364
0.0019623179258815146
0.0019666325737577586
0.0019546927050568337
0.001954709880047366
0.001955224788057675
0.001955261742285913
0.001955266252617978
0.0019552674466447937
0.00195530424280221
0.0019125105356599464
0.0019128605744916907
0.0019128626763689313
0.0019137816057862907
0.0019138042322221014
0.0019138741186152603
0.0018692729741077716
0.0018696724023919403
0.0018696726616149336
0.0018651739025906389
0.001850603245383436
0.0018363253451268247
0.0018366774894769155
0.0018346337414110114
0.0018346392367990902
0.0018343753379974586
0.001831515266501476
0.001832140614429815
0.001832185495347837
0.001839321231704966
0.0018397671292496704
0.0018400926992927947
0.0018400954253299953
0.0018301237249223595
0.001830267534966298
0.0018303444127973098
0.0018305974012513943
0.0018314638599021863
0.0018317014584268742
0.0018325965926410924
0.0018327105535567592
0.0018327737273220067
0.0017900495280322051
0.001788438568177513
0.0017850623959248454
0.0017852704214529646
0.0017801726709466286
0.001723472437606286
0.0017201537849271138
0.0017158168499646466
0.001718745088705705
0.0016769085150401776
0.0016611242421811897
0.0016611289177408362
0.001661255439292355
0.0016056955441130698
0.0016057379752476857
0.001608588643280085
0.0016087637271668556
0.0015656280658352683
0.0015656283862656914
0.0015471055844208086
0.0015471597549478783
0.0015472022279534464
0.0015472042165219312
0.0015473481569710558
0.0015473506938533208
0.0015481063704224076
0.0015481318376173161
0.0015484034885007785
0.0015341692841113759
0.0015198081510736448
0.0015199658727874487
0.001477190592673266
0.001448698317651756
0.001434449185416877
0.0014348253881004609
0.0013770035812689814
0.001377133668416189
0.0013771364020111069
0.0013771376181048824
0.0013772216841788833
0.001377185852892541
0.0013558001259814634
0.001355546305755221
0.0013555609298791444
0.0013555624212547805
0.0013555781574647356
0.0013556088407216046
0.0013119156857052726
0.0013119800835654457
0.0013125199267770996
0.0012558430032073471
0.001256266229734887
0.001256266720648141
0.0012563177488599914
0.0012563338833114677
0.0012563376655902218
0.001224826868732262
0.0012248323285859372
0.0012247431648592043
0.0012247439766094584
0.0012247443092353906
0.0012247460521857727
0.001224748680018849
0.0012249647633161415
0.0012257819196078573
0.0012257924924234615
0.0012258072095268125
0.0012071795103126115
0.0012072334750864095
0.0012075757316754234
0.0011641760194921618
0.0011645330743029279
0.0011646724380965782
0.0011496490192347822
0.0011482354269988439
0.0011482356988552008
0.0011482398956773477
0.0011482845384285158
0.0011485374800535375
0.0011491903932072474
0.001149227023135934
0.001120420257189064
0.0011218460113352365
0.001121855459598446
0.0011218573999836683
0.0011219365293635996
0.001121936608361242
0.0010784214230421141
0.0010786518930324424
0.0010786677701928734
0.0010786686969455584
0.001077812241576575
0.0010778195606055128
0.0010779948215794207
0.0011093786474605403
0.0011094809836066275
0.0011095601289862575
0.0011095734904373205
0.0010450306020225169
0.001045033259396505
0.0009940746718233935
0.0009940827372055853
0.000997176053681905
0.0009975213749771864
0.0009975255662023838
0.0009975411328738272
0.000997546640634717
0.0009932034121153631
0.0009932384173021527
0.00099326195728802
0.000993266169668229
0.000993269252447971
0.0009932740062270535
0.0009932772132976954
0.0009932948649851647
0.0009932999595063613
0.000993318944754898
0.0009933334979828252
0.0009505611766622364
0.000950561278129682
0.0009514005360865014
0.0009514007642710128
0.0009516416788015727
0.0009516555463395369
0.0009516576941629572
0.0009516664985277388
0.0009516691717094842
0.0009517046939878295
0.0009517070128462146
0.0009517072029106076
0.0009519820122554193
0.0009520456009586343
0.0009520680490198568
0.0009520806143869775
0.0009521415612635227
0.0009521462751524039
0.0009663977927182949
0.0009664126767859638
0.0009664136880698245
0.0009247501357079197
0.0009247767793728925
0.000924779774358511
0.0009252910187280861
0.0009253022961376847
0.0009253541643700677
0.0009255283053802669
0.0009255361036669998
0.0009255389929624003
0.0009263487260548378
0.0009263567608582038
0.0009255733579465786
0.0009255900109766271
0.0009252375259470751
0.0009328039452897903
0.0009256689531593936
0.0009258234863769849
0.0009215375257059047
0.0008782309234855728
0.0008782615604559065
0.0008782659883755431
0.0008782695468181972
0.000861941132768508
0.0008619420421658463
0.0008620203282026706
0.0008650501083310372
0.0008650758850863817
0.0008650949332932025
0.000865462932447108
0.0008659773613338006
0.0008732385618823452
0.0008740766994739671
0.0008711668856828629
0.0008722186242547193
0.0008722187857998328
0.000828268745247974
0.0008282923291730977
0.0008283887182662968
0.0007925240571636195
0.0007925329167428102
0.0007925459698608143
0.0007925472375079755
0.0007925475076709425
0.0007925480182505101
0.0007726081729696164
0.0007726485130472472
0.0007734630309228799
0.0007734639325638284
0.0007735850773600196
0.0007737411393859805
0.0007742504344674844
0.0007742552502177929
0.0007459362425688864
0.0007459375299934446
0.0007459391713940038
0.0007459400072813954
0.0007459452076526776
0.0007464634467352907
0.0007464634467352907
0.0007495505261207244
0.0007495756931562334
0.0007496757048776719
0.0007781719098205297
0.0007781738626455732
0.0007781858646555603
0.0007781871625149905
0.0007781947845532015
0.0007787106242244537
0.0007573623287400154
0.0007573641547247166
0.00075737090482368
0.0007573775735957473
0.0007572900290165243
0.0007572975594070303
0.000757300416463413
0.0007573956952236281
0.000764735040389858
0.0007655512637439908
0.0007228419273624739
0.0007229076378575309
0.0007229100031404291
0.0007229261871799372
0.0007229354306644773
0.0007229359927328567
0.0006801198656114582
0.0006801614258542342
0.000680502310454384
0.0006805792346407731
0.0006573811890192157
0.0006573815869379574
0.0006423176834733976
0.0006423841780690201
0.0006423943304010971
0.0006424028639344652
0.0006424030830258226
0.0006424430130374454
0.0006424883237817222
0.000642750425639345
0.0005993745450793787
0.0005993752978116146
0.0005993754796335726
0.0006008089839523089
0.000601058766867613
0.0006010861503327581
0.0006010908197599212
0.0006010910071953113
0.0006010914124996711
0.0006010914124996711
0.0006010937672157936
0.0006010939593513663
0.000601094882927561
0.0006012171288208863
0.0006012281890718163
0.0005578601678756801
0.0005578605930512553
0.0005578744034027824
0.0005578801403949642
0.0005579276490315554
0.0005579285082138295
0.0005525850313640375
0.000552587726900349
0.0005526008161861539
0.0005469484541197346
0.0005469511219588305
0.000547311736487641
0.0005473304135321304
0.0005473367456418972
0.0005473437277510048
0.0005474020940233988
0.0005438933610584524
0.0005439401929244074
0.0005430597838317331
0.0005430611292129588
0.0005430626151252456
0.0005431138900417636
0.0005431254417417474
0.0005386835872096949
0.0005420421650673632
0.000539885888240598
0.0005398861804485287
0.0005400160560285503
0.0005400242912078843
0.0005400407482928292
0.0005408569926395576
0.0005408576441061929
0.0004981003501977842
0.0004995253297544824
0.0004998663572405715
0.0004998668044734269
0.0004998681728344066
0.0004998875515456805
0.0004998878608269677
0.0005002299380677641
0.0004574814922140269
0.0004575385517406229
0.0004575401682435975
0.00045754218421708437
0.0004575458341391305
0.00045762250480287423
0.0004577551211412226
0.0004577551211412226
0.000457756654144556
0.00045782440717595204
0.00046499965999082546
0.0004650006571430398
0.0004664288943596963
0.00046642943824100715
0.00042282694335420753
0.0004228486393984598
0.00042293034172065906
0.00042293313449842765
0.0004229523744239808
0.00042295289499609263
0.00042295322692524124
0.0003781798056240963
0.0003781820148051533
0.00037818423400734616
0.00037963962310199586
0.00037965021280449363
0.00037965384477299627
0.0003796659848167981
0.0003725344220655852
0.0003725442724520867
0.00037540597051929973
0.0003754479873248591
0.00036119877076363225
0.0003612010554584826
0.00036122010113935957
0.00036834707687315974
0.00036834707687315974
0.00036329442879103177
0.0003633315859328733
0.0003633373700549954
0.00036333746772583087
0.00036338322292476697
0.0003633977691094907
0.0003634486550334265
0.0003635488517712633
0.00036145787041427113
0.0003614769376936787
0.0003628003274322681
0.000362801254522293
0.000362801254522293
0.00036280475973632983
0.00036280691249884436
0.00036280759644943486
0.00036280768411900595
0.00034831525694415885
0.0003483153631036809
0.00034831636112062
0.0003483164498999326
0.00035118748729251643
0.00037968522859800315
0.0003797658102162708
0.00037979567254467375
0.00037979638014273154
0.00037988974351336715
0.00033290474147708196
0.00033290549024496624
0.00033292209159543695
0.00033292277554602744
0.00033292488282041314
0.00033292497743873
0.00028966524045496257
0.0002895333394603108
0.00028961162549713505
0.0002446070430857743
0.0002446071954171789
0.0002446081655721465
0.0002446126978914865
0.00024461277195258205
0.00024453458658349816
0.00020177566914768167
0.0002017757342370316
0.00020177587638025652
0.0002017763048168844
0.0002017764510780827
0.00020180173838670902
0.00020180173838670902
0.00020180173838670902
0.00020180173838670902
0.00020180287997043122
0.0002018029502233781
0.00020180387374286874
0.0002018825597780197
0.00020188422585313334
0.00020156551422248616
0.00018676724364970104
0.000186767634878513
0.00018677057498903623
0.00018677083762606297
0.00018677259074780794
0.0001867726615208226
0.0001881975391702889
0.00018819764128620242
0.00018819791032901028
0.00018826235159856373
0.00018826235159856373
0.0001882624244032479
0.00018826253330621646
0.00018826387938617714
0.00018826609089548014
0.00018826616689607064
0.00018829965554485357
0.00018830110258404929
0.00018830110258404929
0.00018830252766890323
0.00018830491728906635
0.00018830499904501426
0.0001883399784267912
0.00018834033391775863
0.00018844005366808447
0.00018848201934713033
0.00018848233647886532
0.0001884824245862764
0.0001884827906567745
0.00018850129462911477
0.00018850129462911477
0.00014575390595100143
0.00014575418219756956
0.00014575714472361907
0.00014575736958053856
0.00014576025380294788
0.0001379822513333085
0.0001304993173902465
0.00013049939100587084
0.00011909843771474801
0.00011909843771474801
0.0001191016329894086
0.0001191016329894086
0.00011910175469695206
0.00011910533608341237
0.00011910546455135822
0.00011910559658785809
0.00011910567630136528
0.00011918396233818947
0.00011920538799037292
7.588198387559092e-05
7.135272677303465e-05
7.135272677303465e-05
7.135272677303465e-05
7.135300209160477e-05
7.135314565972027e-05
7.135713671257796e-05
7.135713671257796e-05
7.135713671257796e-05
7.136165394287557e-05
7.136165394287557e-05
7.136173764141814e-05
7.136173764141814e-05
7.136288649311158e-05
7.136288649311158e-05
7.136297157892282e-05
7.136305808283093e-05
7.136305808283093e-05
7.13679080882304e-05
7.136814523379374e-05
7.136823618571905e-05
7.136848069968326e-05
7.137395416575183e-05
7.137411529640647e-05
7.137411529640647e-05
7.137411529640647e-05
7.137411529640647e-05
7.137421100660823e-05
7.137430837652448e-05
7.137440744475321e-05
7.137440744475321e-05
7.13801526297137e-05
7.138031859428798e-05
7.138163583176063e-05
9.987785582096629e-05
9.98780664978456e-05
9.987852189964901e-05
9.988515322750246e-05
9.98853405836289e-05
9.988553385626456e-05
9.988564599346077e-05
9.988564599346077e-05
9.988564599346077e-05
9.988607591297339e-05
5.704051831742321e-05
5.704059875119646e-05
5.704059875119646e-05
5.7043338471159855e-05
5.7043338471159855e-05
5.704362783362912e-05
5.704406001759297e-05
5.704414509078798e-05
5.704454707171627e-05
5.70460910316506e-05
5.7046182862778836e-05
5.704627649451743e-05
5.704782317913554e-05
5.7048057744039876e-05
5.7048057744039876e-05
5.7048057744039876e-05
5.7048057744039876e-05
5.7048057744039876e-05
5.70482506004551e-05
5.704849316189028e-05
5.704849316189028e-05
5.704879718803488e-05
5.7049261256512635e-05
5.7049261256512635e-05
5.705101869442059e-05
5.705150507006407e-05
5.705150507006407e-05
5.705162201463466e-05
5.70517414473876e-05
5.705228873691339e-05
5.7052535353887254e-05
5.7054420080450575e-05
5.705629729503581e-05
5.705642741756129e-05
1.4264976598754086e-05
1.4265046094699368e-05
1.4265117158222365e-05
1.4265117158222365e-05
1.4265416223305736e-05
1.4265416223305736e-05
1.4265726364873678e-05
1.4265726364873678e-05
1.4265726364873678e-05
1.4265726364873678e-05
1.4265799043476743e-05
1.4266195158352037e-05
1.4266195158352037e-05
1.426660520802018e-05
1.426668303543119e-05
1.426668303543119e-05
1.4267109523794152e-05
1.4267551406813278e-05
1.4267925981152149e-05
1.4268009455436821e-05
1.4268804362925692e-05
1.4269226371328566e-05
1.426958096181251e-05
1.426958096181251e-05
1.426958096181251e-05
1.426958096181251e-05
1.426958096181251e-05
1.4270211236758729e-05
1.427066940315856e-05
1.4270768354882307e-05
1.4270768354882307e-05
1.4270869822327842e-05
1.4270973891502748e-05
1.4271451693605429e-05
1.4272057030331665e-05
1.4273231029433167e-05
1.4273799632621848e-05
1.4273912061081582e-05
1.4274027474367681e-05
1.4274622320780456e-05
1.427474082549386e-05
1.427474082549386e-05
1.4274987559877493e-05
1.4275116027823323e-05
1.42752480643232e-05
1.4275383802781021e-05
1.4276006532619394e-05
1.4276942064487378e-05
1.4276942064487378e-05
1.4277626015077913e-05
1.4277626015077913e-05
1.4277773724581353e-05
1.4278409314187253e-05
1.4278580307991057e-05
1.4278938214967105e-05
1.4279655802471928e-05
1.4281201048107312e-05
1.4281201048107312e-05
1.4281201048107312e-05
1.4282221137062604e-05
1.428241440969828e-05
1.4283696285971124e-05
1.4283696285971124e-05
1.428461980546179e-05
1.428461980546179e-05
0.0
0.0
0.0
0.0
0.0
0.0
0.0
0.0
0.0
0.0
0.0
0.0
0.0
0.0
0.0
0.0
0.0
0.0
0.0
0.0
0.0
0.0
0.0
0.0
0.0
0.0
0.0
0.0
0.0
0.0
0.0
0.0
0.0
0.0
0.0
0.0
0.0
0.0
0.0
0.0
0.0
0.0
0.0
0.0
0.0
0.0
0.0
0.0
0.0
0.0
0.0
0.0
0.0
0.0
0.0
0.0
0.0
0.0
0.0
0.0
0.0
0.0
0.0
0.0
0.0
0.0
0.0
0.0
0.0
0.0
0.0
0.0
0.0
0.0
0.0
0.0
0.0
0.0
0.0
0.0
0.0
0.0
0.0
0.0
0.0
0.0
0.0
0.0
0.0
0.0
0.0
0.0
0.0
0.0
0.0
0.0
0.0
0.0
0.0
0.0
0.0
0.0
0.0
0.0
0.0
0.0
0.0
0.0
0.0
0.0
0.0
0.0
0.0
0.0
0.0
0.0
0.0
0.0
0.0
0.0
0.0
0.0
0.0
0.0
0.0
0.0
0.0
0.0
0.0
0.0
0.0
0.0
0.0
0.0
0.0
0.0
0.0
0.0
0.0
0.0
0.0
0.0
0.0
0.0
0.0
0.0
0.0
0.0
0.0
0.0
0.0
0.0
0.0
0.0
0.0
