23395
23394
23394
23394
23394
23393
23393
23392
23392
23392
23392
23392
23392
23392
23392
23392
23392
23392
23392
23392
23392
23391
23388
23386
23386
23386
23384
23383
23383
23382
23379
23377
23377
23375
23375
23374
23374
23373
23373
23372
23372
23372
23369
23366
23365
23363
23363
23361
23361
23360
23357
23356
23355
23352
23350
23346
23345
23345
23343
23343
23342
23341
23339
23338
23335
23332
23329
23329
23328
23328
23323
23321
23321
23316
23315
23313
23312
23310
23306
23305
23303
23302
23301
23300
23297
23296
23296
23294
23291
23288
23284
23282
23279
23276
23274
23272
23270
23268
23266
23262
23260
23258
23252
23250
23246
23244
23241
23237
23235
23230
23227
23222
23218
23216
23212
23207
23203
23199
23190
23189
23186
23184
23176
23171
23167
23160
23158
23156
23152
23148
23142
23139
23135
23130
23126
23121
23118
23116
23114
23109
23103
23102
23099
23093
23088
23086
23083
23080
23076
23072
23067
23058
23054
23052
23050
23046
23032
23023
23015
23008
23006
22998
22995
22991
22988
22981
22973
22967
22961
22955
22946
22940
22936
22933
22923
22916
22911
22903
22897
22890
22887
22882
22874
22866
22857
22850
22842
22837
22830
22825
22817
22806
22798
22789
22787
22783
22778
22772
22768
22759
22749
22738
22730
22725
22720
22713
22698
22696
22688
22684
22680
22669
22662
22652
22645
22639
22623
22616
22611
22599
22589
22582
22575
22568
22560
22550
22544
22534
22526
22515
22508
22506
22495
22487
22477
22465
22453
22441
22431
22422
22416
22404
22396
22385
22380
22365
22361
22353
22341
22331
22324
22320
22306
22292
22278
22270
22260
22250
22238
22226
22213
22202
22190
22182
22171
22162
22153
22139
22130
22119
22105
22091
22078
22068
22059
22050
22032
22020
22008
21997
21977
21972
21961
21952
21939
21926
21908
21892
21876
21865
21857
21847
21824
21814
21804
21792
21776
21766
21754
21748
21735
21721
21707
21698
21687
21669
21646
21630
21624
21608
21595
21573
21561
21550
21529
21517
21507
21482
21474
21453
21439
21424
21413
21397
21388
21372
21360
21344
21336
21316
21297
21286
21263
21252
21239
21212
21202
21190
21165
21153
21135
21118
21102
21084
21078
21056
21041
21019
21004
20989
20960
20939
20922
20903
20881
20847
20833
20818
20802
20774
20749
20730
20710
20692
20683
20667
20649
20629
20618
20583
20564
20547
20529
20502
20469
20458
20432
20407
20383
20356
20326
20306
20285
20269
20247
20225
20201
20184
20167
20142
20118
20106
20083
20061
20041
20026
20009
19990
19965
19944
19925
19907
19881
19865
19845
19814
19798
19773
19760
19736
19712
19695
19668
19647
19620
19603
19585
19564
19540
19518
19487
19462
19443
19421
19400
19383
19355
19335
19310
19285
19261
19245
19213
19184
19166
19140
19116
19097
19081
19047
19024
19002
18978
18953
18917
18886
18852
18819
18789
18763
18720
18702
18678
18648
18625
18592
18564
18533
18514
18484
18455
18427
18386
18364
18346
18318
18274
18245
18210
18186
18156
18121
18090
18060
18037
18005
17971
17938
17897
17870
17842
17793
17773
17747
17721
17699
17673
17632
17592
17566
17539
17493
17467
17441
17413
17369
17343
17315
17274
17240
17223
17197
17173
17153
17123
17081
17046
17012
16968
16926
16868
16826
16798
16745
16714
16662
16615
16572
16544
16506
16476
16447
16410
16376
16332
16299
16256
16220
16182
16137
16096
16053
16019
15983
15950
15911
15881
15829
15796
15763
15726
15688
15662
15630
15590
15543
15516
15480
15447
15396
15354
15307
15262
15216
15169
15130
15087
15039
14995
14939
14896
14849
14814
14765
14712
14673
14636
14590
14558
14507
14467
14421
14374
14317
14256
14215
14193
14149
14099
14059
14020
13977
13940
13918
13859
13813
13768
13743
13711
13660
13610
13562
13514
13476
13417
13351
13308
13257
13206
13160
13104
13037
12980
12894
12834
12796
12736
12679
12641
12600
12539
12502
12445
12391
12344
12296
12229
12179
12119
12058
12020
11975
11896
11843
11789
11744
11703
11660
11605
11564
11511
11463
11403
11351
11309
11259
11195
11147
11097
11025
10948
10883
10835
10763
10720
10672
10624
10550
10465
10408
10358
10304
10242
10179
10117
10025
9940
9866
9815
9736
9667
9553
9465
9401
9362
9292
9208
9158
9097
9040
8976
8927
8840
8776
8738
8674
8622
8562
8523
8495
8435
8354
8296
8203
8165
8106
8019
7969
7888
7816
7756
7703
7659
7600
7555
7460
7404
7364
7305
7237
7182
7130
7084
7037
7009
6921
6850
6820
6746
6713
6646
6590
6530
6435
6359
6305
6272
6231
6112
6063
6027
5948
5895
5862
5812
5727
5700
5655
5613
5555
5481
5422
5341
5287
5256
5122
5075
5028
4986
4921
4857
4805
4740
4706
4639
4572
4500
4436
4350
4275
4191
4152
4122
4032
3993
3946
3916
3844
3806
3775
3697
3657
3571
3523
3481
3459
3429
3350
3223
3164
3130
2996
2963
2884
2851
2764
2742
2697
2651
2589
2346
2322
2282
2116
2098
2072
2044
1794
1743
1685
1658
1504
1478
1465
1451
1381
1366
1357
1336
1243
1208
1192
1179
1148
1112
1088
1049
1030
947
935
909
894
880
858
832
812
811
775
747
745
671
663
650
631
623
621
612
593
559
532
524
515
503
383
379
371
366
362
357
357
350
347
336
334
327
321
319
314
311
305
300
293
289
286
278
277
273
273
265
254
251
238
225
219
178
178
174
172
150
150
150
146
143
139
135
134
130
126
121
119
116
114
110
109
100
99
98
98
94
91
89
86
85
84
84
82
79
76
76
73
72
70
64
61
59
55
49
49
46
36
36
34
30
30
28
26
25
23
23
22
21
21
21
21
17
15
14
6
4
4
3
3
2
1
1
