0.4038006111535523
0.20033967946191084
0.14272666620146726
0.1273142556409261
0.1124168482582459
0.11905095907979413
0.10017961162578878
0.09049539945657012
0.09005261445861029
0.07804334659023364
0.07236897763148888
0.07515372058975597
0.06924138477268378
0.06682118670972485
0.0644980081844301
0.0614501353372395
0.05731577931019669
0.051619877469096985
0.04990713238261728
0.048423404855528
0.04917685419556989
0.04733321405879776
0.045149371857641174
0.04694989498343911
0.0471672898123615
0.045426785326723916
0.04462226259512111
0.04417314685094841
0.045688363405028694
0.04586335980310328
0.045810890955400585
0.043774056905879245
0.040539115778679316
0.0384728402064299
0.037277701012240545
0.03530662361687415
0.03409739315550164
0.032698472516344626
0.0328169591081268
0.035323576112483906
0.033728910287081734
0.032291276354796686
0.03211307974959359
0.03242718155239479
0.031099898622065
0.0296547270247595
0.02883856045999802
0.028202377568776936
0.026647708656463386
0.02610557381818502
0.025361865936115686
0.02482583632776948
0.024292458486631977
0.024671775333069055
0.024111021728422395
0.02388030455948166
0.024640616135572443
0.025250016574710765
0.024814350351504703
0.023898906770047523
0.02342600312004085
0.023668137291665923
0.023233914811377012
0.022407743029479364
0.02306061560588641
0.02266086827939021
0.022907414726917954
0.022472124288443425
0.021710917151855736
0.02139231654969147
0.021084160625566617
0.020783379690244786
0.020678240739029557
0.0200285883585862
0.019740928317463838
0.01926758375018698
0.019559340863409363
0.01861957442073166
0.01828789584868888
0.018517438757880235
0.01757578757204275
0.01726215795630283
0.017050322918305945
0.01651338034645511
0.017117944108417216
0.016821020569004235
0.016228274519856825
0.01615226199614423
0.01602049037558953
0.015809246229583282
0.015594312124076894
0.015109110279056865
0.015399614048061358
0.015196328352462101
0.015035067324785094
0.014762081747208028
0.014276341091332422
0.013814291614099554
0.014044631309083677
0.013890176161547795
0.014551099079656103
0.014492412972857374
0.014085758507634681
0.01393488885505601
0.014197806233118015
0.014427163090138768
0.013961666534864983
0.013829279092522528
0.013695769923809905
0.013497576170408343
0.013302940614763859
0.013175018370034144
0.013412003169981658
0.013258469993449764
0.013142065164714797
0.013358594010385996
0.013006487150546352
0.012889928995753492
0.012765792391686142
0.01241328268430847
0.012221609391500203
0.012787323830129342
0.012464257246951722
0.012467084877415682
0.012698513954424697
0.012570948544388548
0.012471416839219235
0.01233832039833447
0.012345343224269879
0.012197635363192775
0.012102859392082402
0.012005212162338907
0.012516921425465908
0.012718354154492444
0.012424583357126076
0.01227005356476021
0.012417449356710188
0.011930147680712416
0.011645064490315658
0.01184696488418637
0.011756621153475234
0.011621853591580281
0.011801957314524386
0.011719867694519678
0.011915377706931287
0.011602401039871193
0.011519313523540041
0.011433324341990807
0.011353029090248516
0.011271853742540626
0.011195954792208009
0.011118994323697045
0.011309403213636937
0.011181337259518238
0.010918458594845061
0.010828289557845589
0.010843725038879318
0.010557965615211698
0.01070144705753548
0.010467679892573913
0.010235639396221467
0.010167270881210078
0.010087540425766227
0.010025684663958737
0.010217246428563462
0.010111826938452308
0.010038239726123116
0.009969659054458539
0.009696295218503662
0.009606888719237693
0.00949614036873054
0.009627542161987013
0.009564699384184472
0.009338741460482964
0.0095215213032322
0.009444994576622448
0.009237118370054899
0.009416795404420641
0.009362716015459903
0.009309428390566424
0.009235560562357498
0.009183998902953317
0.009086210355190454
0.009034449327363492
0.009195656039425971
0.009133825716776105
0.00936387435130721
0.009386225406416203
0.009286484419469715
0.009233281350371127
0.00918374365995941
0.00912827450087588
0.009073340047605714
0.00923242886348328
0.009183960875242876
0.009136448592303061
0.00907480510396203
0.009028873448245404
0.008969018480086214
0.008923793609657157
0.008878714720711268
0.008829776319547194
0.008938864743997587
0.008874769550824045
0.008823789800135318
0.008780836774952878
0.008995840194165156
0.009139665387098539
0.00909513200936856
0.009042431424914527
0.008998300634794705
0.008955250221976558
0.008907607294986386
0.008865712501031776
0.008886100713471033
0.008837843079722957
0.008764835170821989
0.008716903238084953
0.008677052710143919
0.008637461598677862
0.00879062616016751
0.008629280734440031
0.008829699320313286
0.008965232303046853
0.008923626493621719
0.008837749754293042
0.0089457128731044
0.009139058114540454
0.009273987551122147
0.009103543007146633
0.009063910010824619
0.008909771582563937
0.008756950251089102
0.008917339573210612
0.008960528252229505
0.008892719916607617
0.008854719346663896
0.008816889186114832
0.008777451288134685
0.008709647805463601
0.008672942416171999
0.008607173277986093
0.008571650739069488
0.008535935682735115
0.008666469874635176
0.008804190933600568
0.008765646875591077
0.008703375869669067
0.008667645596060343
0.008632625334991192
0.008591473790857007
0.008716605669103246
0.008853685625600512
0.008818516933195448
0.008939528929331543
0.008893700687728356
0.008831573368791009
0.008786425322685684
0.008898465861809242
0.008860831829689374
0.008867469978926597
0.008833485354933428
0.008798138313716968
0.008748099763556992
0.008714723889820496
0.008575883614520347
0.0084436981342657
0.00840067609192805
0.008367322450710037
0.008237391247287673
0.008206668242911545
0.008176119414650233
0.008145785057969588
0.008018758608225356
0.007892506533798756
0.00786095388741549
0.007832001274482787
0.007611022910879761
0.007462322406448485
0.00743533620807124
0.0074033749516271286
0.007374397522407697
0.007337652529930054
0.007461990071372759
0.007434934383339593
0.007408858351864515
0.007290155278816315
0.007234295946054728
0.007207140262484283
0.007178911631650092
0.007282760795392667
0.00737189074140261
0.007483272056540608
0.007457807604165402
0.007432491343824394
0.007405970407979801
0.007282002903935893
0.007257244736879259
0.007221388830322871
0.007193534516632769
0.007156080016564338
0.007040189872171462
0.007007833846582348
0.006975833603915219
0.006950816185088675
0.0068401018103939615
0.006813488645690499
0.006791061422372353
0.0067686184178146
0.006871456658606945
0.006989944680732598
0.00696727140345901
0.007072688817616025
0.007049786322080512
0.0070009072169430284
0.00695011255830107
0.006843326961505264
0.006820785674072784
0.006789905679204829
0.006907617096874619
0.006882262833819419
0.006983927956313865
0.006937177490369287
0.006914239054860415
0.006884264111479641
0.006990774608206418
0.006948798139595422
0.007061593161250912
0.007161093333563216
0.007139317420676251
0.007116931622544218
0.007091800894266124
0.007070429145699273
0.007047530013825702
0.006946648600340864
0.006921971852438626
0.006901375869310971
0.006876556691359924
0.0068560499438030005
0.00681614105863243
0.0067918994233884785
0.006749138948919262
0.0067215051722649445
0.006814211834265171
0.006791959946263277
0.006694124950394403
0.006578306130769833
0.006559063671239491
0.006653876569225827
0.006615525604526822
0.006518271498779512
0.006495783542906395
0.006450266462317623
0.006431765586806277
0.006412047257338903
0.0063938116943073765
0.006488631507111289
0.0063930606412457396
0.006355149891229915
0.006445419038711611
0.006425684277365718
0.006407527821204038
0.0063891943476217855
0.006488083923297824
0.006470286298914019
0.006433735514873634
0.006415991102516491
0.0063259981662379
0.006282305459774311
0.006265056549370071
0.006248141054749392
0.006231285540538294
0.0063025466755057815
0.006283495357494039
0.006266671736458239
0.006242804121907004
0.006225185170130806
0.006206501051591337
0.006189987495562735
0.006103142004047653
0.006085905245986026
0.0060488559381749706
0.006033010644132906
0.006017248823029467
0.006000350194341274
0.005983330678810276
0.005967781525838114
0.005951968534087082
0.005936640759728313
0.005904321832462382
0.005889189008487488
0.005874142963791173
0.0058586932102087765
0.005776051956477231
0.005756890007039392
0.00574169153723905
0.005727099199774987
0.005645546065303809
0.005629017250620766
0.005547863517393172
0.005530639948012777
0.005514671950638139
0.005493099112506045
0.005476069760989647
0.005382414799231417
0.005369037793236947
0.005355045526867489
0.005335293485705998
0.005321620259005977
0.0053079113856896905
0.005230048445712394
0.00521715215269193
0.005139311893605243
0.005121689442695423
0.005109247633116964
0.005080522087454393
0.005052299929394949
0.00504008414533044
0.005028035660717262
0.00493672251165907
0.004924666093142329
0.004896882374718791
0.004885169933670434
0.00486719837406419
0.004852797730589427
0.004841319361095506
0.0048298341580887095
0.0048181251316349255
0.004806477159686957
0.004778006829139358
0.004766584905686
0.004752138787760093
0.004737343098969814
0.004726364276564309
0.0047148433785292035
0.004703363933704668
0.0046924748598592865
0.004680165334365379
0.004667004047405988
0.004656387452935965
0.004645809999901283
0.0046312868037352165
0.004620809872524854
0.0046102679404960495
0.004599404247581085
0.004680749556077833
0.004610047571616048
0.0046888674127631555
0.004674953310689789
0.004589863160545267
0.0045795974331818545
0.0045517038056021334
0.004515091210448662
0.004503930716116753
0.004435414661180709
0.00442191072176471
0.004411972287171618
0.004402294165110475
0.004392560750768011
0.004382911667253905
0.0043730273400481665
0.004363289367387705
0.0043529682666736385
0.004341753352004171
0.004332334725095304
0.004323024087024245
0.004313722641105232
0.0043044176657356
0.004294496297669978
0.004279027372585182
0.004269893651051878
0.004257942014615005
0.004248942306264872
0.004239784212816782
0.004230736331051116
0.004159661191751258
0.00414500494956805
0.004134694563716606
0.004124438437186848
0.004060209549490191
0.004134778158324184
0.004112213841511757
0.00410363754762027
0.004094672530696738
0.0040861657365502835
0.004076743518885094
0.004054569255210606
0.0040458491756348
0.004036757601483138
0.004026480802742822
0.003963981884740395
0.003939650110690662
0.0039316282451888444
0.003923610811351554
0.0039149408450949155
0.0039069626160824445
0.003845401412151374
0.00391757987726157
0.003856246778435017
0.003848536135432468
0.00383916977457311
0.0038299315551110252
0.0038217971877836884
0.00381404396939994
0.003805246136505501
0.003797644467318164
0.0038690676204408392
0.0038084935600147143
0.0037956669959741353
0.003785587662414665
0.0037780998097032923
0.003765036722085042
0.003757637462315121
0.0038278788452651615
0.0037686718207220363
0.003758365344499187
0.0036988828147884213
0.0036398322728922656
0.0036184449705297587
0.0036114865104889364
0.0036045134420275397
0.003546516528661523
0.003539070314360019
0.003633644043904112
0.0036140006868276495
0.003606687538195603
0.003599776296231616
0.003592163215140946
0.0035853501425115596
0.003578583321620584
0.0035717158570353963
0.0036404515946820764
0.003631112389818208
0.0036242749689125563
0.0036124049927269766
0.0036045204926629824
0.003547672864359242
0.003541010767150231
0.0035335844812958784
0.0034760204203300297
0.0034686974091332336
0.003461741903473108
0.003454956158538585
0.0034481390120836945
0.003438974837921971
0.003429685251395372
0.0034231509069863834
0.0034167510917811764
0.0033084649240024532
0.0033023622501430557
0.0032951530444077733
0.0032889709077890176
0.0032823361179038653
0.0032762006217214763
0.003256813801111779
0.0032507558707624592
0.0032394813618536423
0.0032336660019419055
0.0032258220336813174
0.003219841459384874
0.0032138525512155317
0.003206696625569927
0.0031938389183058676
0.0031853480954065145
0.003174991197481679
0.0031693441926319327
0.0031637390224929602
0.0031580641005490577
0.0031431417002945783
0.0031376204522154325
0.003119518824730594
0.0031140543262990427
0.0030969041642724855
0.0030909224700056493
0.003085511896452814
0.003075141503651167
0.0030696985641002175
0.0030643606948324398
0.0030429377125227104
0.0031140990005233647
0.0031084361457082033
0.003102698270968262
0.0030927947478601578
0.003086748343543397
0.0030813499648702277
0.0030760677426801743
0.003059471604991669
0.0030497200266991625
0.003040402134135311
0.0030192566933918744
0.003011711136161944
0.0030060781927917887
0.0030009919221501893
0.002995900946152238
0.002990011115793734
0.0029848784055121437
0.00297978067625083
0.0030426633579464573
0.00303751235670184
0.003110206860920653
0.00310323821447665
0.003093641280421419
0.003088118513909531
0.003082882249670227
0.0030777061753346152
0.0030712840964944497
0.00306601798141326
0.003060947661654614
0.0030449623881177727
0.003039945460413027
0.0030349624298450987
0.0030292228989172937
0.003024193021915678
0.0030192318301401283
0.003014268571288145
0.003006260845482995
0.0030007478445463797
0.0030605272141074765
0.0030512614961707672
0.0030462955968689575
0.003041313760126326
0.0030363882040399907
0.0030314943966707323
0.003026519460287226
0.0030433052066932147
0.003038418532239115
0.003033293759497481
0.0030282720289783022
0.003023457906333825
0.0030124604112635065
0.002996992626327547
0.002992107798428398
0.00298737543244736
0.002940602770869873
0.0029359146884058588
0.0029312632592257337
0.0029265668943486674
0.002921974417083888
0.0029173971758451288
0.0029109855676144156
0.002906434719466705
0.0029019015906010474
0.0028973828090755756
0.0028927514839247426
0.0028864783669068513
0.002882010963998867
0.0028775279663004923
0.002873062283019172
0.002868634089449339
0.0028640242013579943
0.002859584042844541
0.002854447176408585
0.0028472990680861302
0.0028417150332486437
0.0028373675433985704
0.0028330176282706713
0.002828271472062428
0.002884688177205772
0.0028802505780256282
0.002899539151520891
0.0029556547909626633
0.002951183288652695
0.0029466882495758472
0.0029402413748244325
0.0029356747500834017
0.002931247984580539
0.002988946545418596
0.002984352059161638
0.002979818612602069
0.0029753542386575555
0.0030313734235335402
0.0030168704845944675
0.0030118975999122856
0.003007305549422535
0.003002850157410815
0.002998306956396794
0.0030531220299174905
0.0030088518603775243
0.003024826943727088
0.003014469501753415
0.0030001768909932217
0.002995701511075666
0.0029910602820122398
0.002986555806601126
0.0029817131357460598
0.0029380152551951927
0.002933707098334344
0.0029293708014410396
0.002924377638084272
0.0029200426666051624
0.002911908594812153
0.00289805663104631
0.0028553292918582947
0.002847308858508056
0.0028431500708416243
0.002839044750645763
0.002834896721523138
0.002830801516130008
0.00282671497738333
0.0028226545471592957
0.002818623603797786
0.00287171895253738
0.002867621625794794
0.0028635263550590043
0.002859331134826607
0.0028552780652077703
0.0028511267616920864
0.0028470409263113275
0.0028429355461534107
0.002838828922456833
0.0028348359047324135
0.002905563801226945
0.002901480204951616
0.0029533001797777386
0.002949137288921941
0.0029438652297690973
0.0029374032232386657
0.0029333018867595986
0.0029198162483427713
0.0029151208805786076
0.0029110495942991014
0.002906994557752831
0.00290289125298098
0.002898863004839453
0.002894702163368351
0.0028906364344239923
0.002886611035962637
0.00288262877286134
0.002878668384575706
0.002874198971572711
0.0028699593808456693
0.002865288821469752
0.002860331998788073
0.0028564177787295613
0.002852529835501595
0.002848650218119416
0.002841134214402375
0.0028372838576610666
0.0028333716757381706
0.0028259374730322637
0.0028221156262501876
0.002816503504192582
0.002812702327012287
0.0028088975408148416
0.00280509258014587
0.002799498537980432
0.0027957514845780595
0.002791990174155375
0.002787831450574069
0.0027751730708497403
0.002771098067181688
0.002766679732192351
0.002762785584912213
0.0027591197147386628
0.002745369106791328
0.0027997140130141948
0.002796012427017023
0.002792323517497611
0.002779641006223147
0.002844224418974347
0.0028964211363684622
0.0028890435485463667
0.0028851792588579285
0.002881143201686675
0.0028769490632742775
0.002924991909255812
0.002921130961939789
0.0029168901362806887
0.002962408430465851
0.0029585517828027994
0.002954710082576292
0.00295082087728625
0.002947002089159162
0.0029427821989761976
0.0029905653245671047
0.0030469012268552896
0.0030429668164759357
0.0030390546304576997
0.0030259844655666167
0.003074307383695612
0.0030669446904267217
0.0030630018478959003
0.003059068321314174
0.0030551223335612628
0.0030512216070020717
0.0030473011763273773
0.0030434295379282664
0.003039562856194349
0.003035708141933104
0.0029947249030131563
0.002990860566049169
0.002987083720781061
0.002982695782457492
0.002973803529424727
0.00297001655578511
0.0029653271878863825
0.002961565503701509
0.0029578203459764262
0.0029507724112361284
0.002947071481139265
0.0029421898357385482
0.002937570261860112
0.0029885812012985136
0.0029848402297871766
0.0029778034118442703
0.002973942747996539
0.0029702552686602657
0.0029656259841345433
0.0029610128326189823
0.0029572989297722866
0.002953591448448534
0.0029499251074800404
0.002913296771427817
0.0029079468309621327
0.0029043189091134763
0.002899546993759606
0.0028959956664791346
0.0028841936505906167
0.0028806653098712924
0.0028769771175866073
0.0028733980615736356
0.002869902953728584
0.002866408616894835
0.002913837170600904
0.0029102939451418025
0.002906731913852582
0.0029032171335204044
0.0028997017652107903
0.0028925711581323857
0.0028890845582469353
0.0028855830134517893
0.0028811859981846375
0.002923793212810069
0.002920259602522354
0.0029167184511035846
0.002912463593423304
0.002908946130838434
0.0029036161745084775
0.0029000312373551537
0.0028885788992801717
0.0028771263286832918
0.0028736535284089445
0.0028384611999781634
0.0028344842801319523
0.002830968388486934
0.0028273334105945735
0.0028235323364884193
0.0028201526811627306
0.00281677573970526
0.002813392867688598
0.002802154482088297
0.002798675749409124
0.0027944706363192545
0.00279118892843375
0.0027879238707827184
0.0027845494588643626
0.0027811584418598063
0.0027777059628025643
0.002774212461723222
0.002770550521850196
0.0027671313909218083
0.0027638804393049186
0.002760667679493511
0.0027568221898231883
0.0027536109404991036
0.0027941201004263658
0.0027908831316367307
0.002787544591246568
0.0027843277820603215
0.0027811265829024477
0.0027779147284966313
0.0027747092865447157
0.002771513116925749
0.002768305234364499
0.0027635337747997646
0.0027598317107802015
0.002755102365355401
0.0027999759912693163
0.0027967713050023276
0.002793292937726132
0.0027897512374742673
0.002786561908880633
0.002780371665405937
0.002776665751555803
0.002772654143347522
0.0027694643281301196
0.0027643838983884674
0.0027612663706864113
0.0028033972008125723
0.002799889892963837
0.0027668055014165058
0.002763692617670213
0.002759058763702351
0.0027558328238739154
0.0027527089827340066
0.002749614935318062
0.002746496919909937
0.0027425628669040894
0.0027393128777473594
0.0027362386059618733
0.0027331990841335196
0.002722739766624929
0.0027195906538792698
0.0027165781240005497
0.002713557987553287
0.002710498480795054
0.002751498648566431
0.0027484672659377207
0.002742447631483892
0.0027980400669125683
0.002838857855815714
0.002832821563799375
0.0028297128545708527
0.002826028868460632
0.002822940071303227
0.0028198346627949047
0.002816744420195345
0.002810669419945616
0.0028003244503442774
0.002794347266165593
0.0027913098994059985
0.00278817812739583
0.00278514997648096
0.002782132440895273
0.002779045815146631
0.0027758560090161708
0.002772851650042567
0.0027690051016925937
0.002765956139189538
0.0027629697280905597
0.0027599895167860823
0.0027284091182724133
0.0027254839965379467
0.0027584542907311852
0.0027554706087205613
