0.002754338572067352
0.002754425743063499
0.0027470029570886285
0.002747238593894354
0.0027472415683493117
0.002687410501188263
0.0026880279360819007
0.0026880663690119653
0.0026894320226341388
0.0026892686763127878
0.0026443502589897257
0.0026443652947433895
0.002645794177930046
0.0026459918845452846
0.002601014717412385
0.002601417683567397
0.002597142924461033
0.0026001804954831524
0.0026019355635322505
0.002602080809731085
0.0025995228343831532
0.0025587475511077585
0.0025596249013836465
0.0025311779378662616
0.0025317258470277746
0.0025317705579534044
0.0025316109811068742
0.002477462675181162
0.0024755864607278006
0.002432838603261502
0.002433686681448213
0.0024336962607293877
0.002433811466506233
0.0024257440743190844
0.002406148840865716
0.0024061502087668967
0.0023909539701074153
0.002398136115221876
0.0023918614274015984
0.0023924621458795642
0.0023763617572615417
0.0023745726374390995
0.0023745768057690793
0.002381725028377804
0.002382065979928223
0.002382137543595402
0.0023821392077308526
0.002382182693960832
0.0023803567009824636
0.002379419203556606
0.002379450413146278
0.002379496231351277
0.0023798928821284603
0.002379906097044598
0.002366551849714278
0.002395208297108439
0.0023952515105802774
0.0023953058926084085
0.00239533518896012
0.0023982791162477004
0.0023982846325126686
0.002398465165835811
0.0023556386563451433
0.0023110333175562926
0.0023089769676008947
0.002309037119179991
0.002309054726873671
0.0023059828482401516
0.0023061157260295976
0.0023061593148225416
0.0023069901214326453
0.0023100988079711917
0.0023058533046879737
0.0022632883828519945
0.0022633030686075124
0.0022617482554828563
0.0022632958427596275
0.002263296888968936
0.0022704436829927292
0.002253721944877325
0.002253864660037884
0.002254046127359129
0.0022119122458474144
0.002183310270730267
0.0021834300409178946
0.0021836290226772497
0.0021836329521035167
0.002184220488594905
0.002172868198719472
0.002172898474041796
0.0021729781675657537
0.002173081482720565
0.002135838163492616
0.002135972430056741
0.002131567911923774
0.0021318531404144873
0.0021305356532182913
0.0021319747990009054
0.0021390109921534065
0.0021248263209159885
0.002125036221041081
0.0021258611306927792
0.0021258633335169805
0.002127626455989065
0.002127628791033285
0.00212763104710699
0.0021289293991753407
0.002129089892967166
0.0021291207865557693
0.0021262276549620603
0.0021262490264015244
0.002126600554672365
0.002119474377970522
0.0021194819903359247
0.002119585409209198
0.0021196300799471456
0.0019951864882525416
0.001995045053937571
0.0019950975741985628
0.0019520573618090073
0.0019520605718904847
0.0019520939140316826
0.001952174324674313
0.0019095511053117112
0.001909567032628794
0.0018656377308825759
0.0018646244168092217
0.0018646388546979917
0.0018646973077919332
0.0018640433646960836
0.001834354940144232
0.0018343583557112462
0.0018366150265080733
0.001836695414739531
0.0018367163135547156
0.0018346144870274178
0.001834701394942805
0.0018352556569428522
0.0018352640485842229
0.0017923370329915428
0.0017772121755124841
0.001777376897923409
0.0017774045565116614
0.0017787960704679594
0.0016924865396113027
0.001687260360526381
0.0016872670697903997
0.001661243154022999
0.001661256485315965
0.0016612582905684548
0.0016612737036137118
0.0016572679474123242
0.0016570030472614907
0.0016572181220635882
0.001642941609494953
0.0016400957519540986
0.0016402004236381663
0.001640691258319085
0.0016407048239360951
0.0016424629993444671
0.001649618064412898
0.0016496273183905408
0.0016496375859239372
0.0016492672719012154
0.0015994150298349436
0.0015594286324193064
0.0015149266417201228
0.0015149276689119442
0.0015178032245051613
0.0015207047424069748
0.0015207063173228335
0.0015208992465855407
0.0015209214880806442
0.0015209883986991757
0.0015210326053963468
0.0014777535700601604
0.0014777817570731087
0.001477424996898321
0.001481801286890235
0.0014819221111382883
0.0014819269934234752
0.0014821803347132823
0.001475033841675758
0.001475854286668684
0.0014759192514229146
0.001475943680722065
0.0014685053273334739
0.0014685067180326189
0.001468608531861311
0.0014691351605665979
0.0014668038900711713
0.0014668359515012618
0.0014627454514499205
0.0014627969841987105
0.0014628098345946946
0.0014630664659689028
0.0014632050694643223
0.0014202103830598571
0.0014201187518968928
0.0014058758645463494
0.0013770372678620624
0.0013741648024840924
0.0013570089555545494
0.0013574363876644549
0.0013576208463124584
0.0013647138760539948
0.001364717220127857
0.0013216595889942117
0.0013216615250178298
0.0013216680556307119
0.0013288531990812429
0.0013296721702050545
0.001330014569221086
0.001332866680469645
0.0012830328654177276
0.0012831517410697424
0.001279041279286838
0.001214834000634473
0.0012150761865961919
0.0012436225631599685
0.0012450553273989813
0.0012417043070532625
0.001234745571764261
0.0011913733123238399
0.0011913891124143764
0.0011913941780627626
0.0011913947161483784
0.001192213016960011
0.001195079458689278
0.0011979357395270976
0.0011981495953360837
0.00118390197920112
0.0011721603589831683
0.0011750112375149707
0.0011750225705756039
0.0011753748789178297
0.0011725910203701949
0.0011726180345529543
0.001172640489518831
0.0011726533439401963
0.0011726682041676107
0.0011741570487097369
0.0011279311643032804
0.0011072268010731835
0.0011068959338660657
0.001106964451448601
0.0011072002125259277
0.0011072100079723953
0.001090242093943718
0.0010902541851249459
0.0010902588273733903
0.0010902789860201647
0.001090282473202666
0.0010903250686639492
0.0011188225978775123
0.0010326851610859195
0.001032713762750554
0.0010327518095426297
0.0009828854228171508
0.0009900125250940652
0.0009463187987984706
0.0009463208528417139
0.0009463555753015132
0.0009465499313309449
0.0009465525485240238
0.0009456020111976062
0.0009464197010217424
0.0009464237875782597
0.0009464242188660592
0.0009464251211508013
0.0009464273497624934
0.0009535596472324364
0.0009536070096244829
0.0009536108101796919
0.000955081872619893
0.0009194372332449851
0.0009197837824799312
0.0009199136281674738
0.0009199162720463897
0.0009230033514318235
0.0009230145493866316
0.0009231078367048114
0.0009231174742768123
0.0008761508209298379
0.0008761639412921817
0.0008790229705909843
0.0008790370497003737
0.000835978523943058
0.0008360070833390439
0.0008360209516109242
0.0008360241263127685
0.0007923394936323254
0.0007924028726228254
0.0007938365688620353
0.0007938379701086152
0.000794077131294093
0.0008226268008856054
0.000822639956486848
0.0008144044434755974
0.0008072333316507971
0.0007983397197759078
0.0007936172182084956
0.000793619734259185
0.0007964711592022305
0.0007965021511306
0.0007970314423754229
0.000797035287569506
0.0007970562256487513
0.0007970836960146628
0.000797085004268219
0.0007970853293773279
0.0007971192840296008
0.0007971218790847635
0.0007971730388756072
0.0007971736097613839
0.0007971967024944495
0.0007972078644312309
0.0007972134055318737
0.0007972155133615168
0.0007986533405733871
0.0007986565968008322
0.0007986689864170947
0.0007986888388219676
0.0007986920634908315
0.0007986921178362717
0.0007986933886513578
0.00079869520240496
0.0007990348072274267
0.0007990546741158675
0.0007990968274623124
0.0007994429852759162
0.0007851842286976305
0.0007851973585170439
0.0007852037743621623
0.0007852653663681661
0.0007837210563257792
0.0007837212637987873
0.0007837299813797054
0.0007838078602364295
0.0007839397467961298
0.0007834626038653135
0.0007834875827754129
0.000776006781899208
0.0007765301063804123
0.0007836547338615802
0.0007836568047978927
0.0007836598356950224
0.000783664828286429
0.0007836665427882378
0.0007836824068518399
0.0007836835685351565
0.0007836835685351565
0.0007837834610451049
0.0007837852932268516
0.0007846023673795399
0.0007846435085650797
0.0007846498342745877
0.0007846526460819468
0.0007846533815990415
0.0007846847803278581
0.0007847106555671905
0.0007847621753836723
0.0007275385691613529
0.0006706475848841142
0.000670652590095869
0.0006708438762768343
0.0006708842758720664
0.0006703435632500315
0.0006703529660782866
0.0006703530272253088
0.0006703536837384068
0.0006703537459306603
0.0006703611016742598
0.0006703693956397841
0.0006703699433870319
0.0006703723363662293
0.00067039692210627
0.000670399708132619
0.0006704183917295177
0.0006704202868530116
0.0006704209392366518
0.0006132597551159724
0.000613261302282269
0.0006132689230582961
0.00061326940645026
0.0006132708999408719
0.0006132963994554013
0.0006133627704237971
0.0006133637599282772
0.0006133755802746946
0.0006133755802746946
0.0006133815342914266
0.0006133313666801829
0.0006133348967837349
0.00061343722107221
0.0005673754781669988
0.0005674004747612129
0.0005674037053946629
0.0005602106819482447
0.0005603838141278598
0.0005454897446776382
0.0005454945224308853
0.0005454968150519368
0.0005454968798759915
0.0005027436734206621
0.0004590498603664354
0.00046192521835268177
0.0004619266960595512
0.0004619266960595512
0.0004619270564095481
0.00046192834836900363
0.00046910326364394024
0.0004691075085748565
0.0004691082261623614
0.0004691732670186991
0.00046917728802287273
0.0004691804514476171
0.0004691961029820808
0.0004692274974599813
0.00046923331767647307
0.0004691125780482201
0.00046921039870581214
0.0004692138110242324
0.0004687391426525229
0.0004687419623722302
0.00046874353959938577
0.000468744568971831
0.00046874469018106404
0.00046874592744869766
0.00046874592744869766
0.00046878091177535326
0.0004261145828909832
0.0004261566387757246
0.0004261789567808679
0.00042333793742475797
0.0004233419537908474
0.0004233430780637514
0.00042334323006493234
0.0004233486691007532
0.0004233490556460246
0.0004233490556460246
0.0004099052728840988
0.00040992762896098603
0.0004099277431944604
0.00040993421626243405
0.0004099343750350791
0.00040996957663123597
0.00040997091133325117
0.00040998614868532055
0.00040998858803284477
0.0004099909896413746
0.00040999150899905857
0.0004099970212007136
0.00040999829547089397
0.0003629788233846515
0.00036298364152123294
0.0003630282091151982
0.0003630326434632544
0.0003701572669289243
0.00037015813495529416
0.0003701609266726165
0.00037016497047449295
0.00037021685841594573
0.00037021753863931007
0.0003705176351138028
0.0003705184982537325
0.00037061934248738864
0.0003699517648781941
0.00036995205424038497
0.0003699528869732138
0.00037007226001498273
0.0003700974155656167
0.0003700974155656167
0.0003700974155656167
0.00037009916868736164
0.0003701326589527251
0.000370288005196668
0.00037028816661117687
0.00037062873722300163
0.00039912803241806834
0.0003991350867516364
0.00039913602978626484
0.0003991425912983278
0.00035637595412032775
0.00035637936379678413
0.0003350256569594023
0.000335029475809487
0.0003350304497027681
0.00033505985746066694
0.00033560116019352846
0.00033405153999083506
0.0003197830506890717
0.00020571357557590503
0.00020571360050394713
0.00020571474935564057
0.00016144331684366013
0.0001615431340349974
0.00015839128875959758
0.00015920698376182605
0.00015923794942603175
0.0001597485702304456
0.00015979954631663168
0.0001598055540486722
0.00016289266043850056
0.0001628932754605187
0.00016289633559336497
0.0001629024313516722
0.00016300090803572607
0.0001630021265632939
0.00016304475569747613
0.0001630448237934386
0.00016305612777213455
0.00016305619665991052
0.00016305751454676894
0.0001445350007916092
0.00014457788073989614
0.00014457833890629598
0.0001445799705502287
0.00014458296356820058
0.00014743264748930593
0.0001474327205259086
0.00014746764223841352
0.00017574313340760431
0.00017582141944442849
0.00017592995242523955
0.0001759316199201678
0.0001759361371510223
0.0001759396645960193
0.00017557452810214045
0.00017562720583130735
0.00017562720583130735
0.00017563967649136507
0.00017564681154677613
0.00017564681154677613
0.00017564681154677613
0.00017564990491601232
0.00017565058886660285
0.00017565135299825414
0.0001756863321367901
0.0001756863321367901
0.000175878605754489
0.0001758794926923798
0.00017605428358166266
0.00017605785868738072
0.0001789075315027558
0.00017891165712313295
0.0001789918822161486
0.0001789930776057561
0.00017899314022687833
0.00016895323600005883
0.00016919083127878913
0.00016719645607130194
0.00016724734199523766
0.00016758710206025437
0.00016758716709998515
0.00016759067952863894
0.00016759412196052596
0.00016760909170080565
0.00016770886629239722
0.0001677117510363144
0.0001677117510363144
0.00016775938483178175
0.00016775992871309264
0.0001678109579544953
0.0001678110310411027
0.00016781162588751548
0.00016781162588751548
0.00016781162588751548
0.000167977759742346
0.0001680353924620953
0.00016804234596065924
0.00016804234596065924
0.0001680429145638479
0.0001680453243398658
0.0001680453243398658
0.00016804539939285095
0.00016886232064692601
0.00016886239670959257
0.00016886701483088
0.00016886896913600566
0.00016887097731905034
0.00016887850516045594
0.00016887850516045594
0.00016888065678514666
0.00016893483862066597
0.0001689349959602075
0.0001689349959602075
0.00016893579383520156
0.00016906540303394634
0.0001690654855515493
0.0001690655692152301
0.00016912819804468945
0.00017198037685636278
0.00017198055010851987
0.00017198055010851987
0.0001720589246116124
0.0001287649248489609
0.0001287655772326011
0.0001287678862932448
0.00013589191564424574
0.00013589191564424574
0.00013589534229287102
0.00013589548894728267
0.00013589556386215044
0.00013589624781274096
0.00013589624781274096
0.00013590183275333633
0.00013590183275333633
0.00013590183275333633
0.00013285920068402282
0.00013293764666668897
0.0001330167320469659
0.00016152067633944112
0.0001615244840813411
0.00016153059270154012
0.00016203953616172607
0.00016203962165221554
0.00016204525329597129
0.0001620530435171417
0.00016205927967370237
0.0001621219085031617
0.00016212311139483606
0.0001122307566857923
0.00011223084614178621
0.00011223440712902546
0.00011236731285354432
0.00011236839904059993
0.00011236839904059993
0.00011236964156288922
0.00011237330901686656
0.00011237730006972426
0.00011237739520392317
0.00011237739520392317
0.00011237749183237653
6.830956092784962e-05
6.830956092784962e-05
6.838794826799383e-05
6.839161572197117e-05
6.920589343344967e-05
6.921483054771383e-05
6.922021560629283e-05
6.92272490729002e-05
6.923617217203452e-05
6.924063583623785e-05
6.924330901798305e-05
6.924619324039236e-05
6.924630483844913e-05
6.925744246196512e-05
6.925755590971344e-05
6.925755590971344e-05
6.926581121809981e-05
6.927016509394457e-05
6.927040161361679e-05
6.558611936928145e-05
6.558636397483816e-05
6.568600074897804e-05
6.568600074897804e-05
6.569490648046827e-05
6.570065166542874e-05
6.570725309739454e-05
6.570725309739454e-05
6.571674174059266e-05
6.571674174059266e-05
6.571828842521077e-05
6.571842520548008e-05
6.571870610798579e-05
6.572883986239686e-05
6.573374615369089e-05
6.573404251628087e-05
6.573419476759603e-05
6.57453521830147e-05
6.574551010786217e-05
6.574567097540867e-05
6.57508938708273e-05
6.575663905578778e-05
6.576297857022694e-05
6.586261534436681e-05
6.586277922817981e-05
6.586294620414023e-05
6.586294620414023e-05
6.586294620414023e-05
6.59926441569121e-05
6.59926441569121e-05
6.600479071308015e-05
6.600479071308015e-05
6.600496744524424e-05
6.600514759803085e-05
6.600514759803085e-05
6.601820922556514e-05
6.601820922556514e-05
6.601985678091921e-05
6.60200404431757e-05
6.602179783555337e-05
6.602179783555337e-05
6.602198509903057e-05
6.602405327308269e-05
6.602424802644625e-05
6.60244466748771e-05
6.604595422618548e-05
6.617548203256731e-05
6.617589976366271e-05
6.620880400480005e-05
6.621603806333874e-05
7.334028717944742e-05
7.33425197060396e-05
7.334467133073033e-05
7.352563662080173e-05
7.352794568144544e-05
7.353042792163742e-05
7.35494464649549e-05
7.372994881582963e-05
7.372994881582963e-05
7.372994881582963e-05
7.372994881582963e-05
7.373262199757486e-05
7.373262199757486e-05
7.374155931161675e-05
7.374444353402607e-05
7.376549977841326e-05
7.376599301236097e-05
7.376599301236097e-05
7.376624768073226e-05
7.37693657590126e-05
7.376962600406353e-05
7.37735418044962e-05
7.37735418044962e-05
7.379721561537423e-05
7.379721561537423e-05
7.382331096098229e-05
7.383305322334264e-05
7.383305322334264e-05
7.407109583688024e-05
7.407139320887447e-05
7.407169744329932e-05
7.407200875294336e-05
7.407232735890717e-05
7.441189298390092e-05
7.441222688103961e-05
7.491939711456299e-05
7.491965354756549e-05
7.491965354756549e-05
7.492332100154284e-05
7.492332100154284e-05
7.492332100154284e-05
7.526282313147441e-05
7.527179062281834e-05
7.528180854379333e-05
7.528180854379333e-05
7.528180854379333e-05
7.528209103691911e-05
7.528238059237301e-05
7.528267744754424e-05
7.579215329676278e-05
0.00010429661562946896
0.00010429661562946896
0.00010430169796303145
0.00010430169796303145
0.00010430169796303145
0.00010431265800818682
0.00010431332393060217
0.00010431367017046046
8.791519242387936e-05
8.791519242387936e-05
8.791519242387936e-05
8.791555754650984e-05
8.791593262703024e-05
8.791631803086774e-05
8.791671414036738e-05
8.791797080042419e-05
8.791841392893451e-05
8.768254395257877e-05
8.768254395257877e-05
8.768286621388804e-05
8.768286621388804e-05
8.76835401306442e-05
8.76838925872602e-05
8.769628220352282e-05
8.771036131291216e-05
8.771036131291216e-05
8.771109938250108e-05
4.293899486763879e-05
4.293920745542642e-05
4.293942705160264e-05
4.293942705160264e-05
4.293988853255575e-05
4.2940382019613506e-05
4.2940382019613506e-05
4.294064169845549e-05
4.294064169845549e-05
4.294091054243308e-05
4.294147749782642e-05
4.294177656290979e-05
4.294208670447774e-05
4.2942408476354476e-05
4.2942408476354476e-05
4.294274246741641e-05
4.294274246741641e-05
4.294274246741641e-05
4.294344965428531e-05
4.294344965428531e-05
4.294344965428531e-05
4.294382422862417e-05
4.294382422862417e-05
4.294382422862417e-05
4.2944619136113045e-05
4.2944619136113045e-05
4.2944619136113045e-05
4.2944619136113045e-05
4.294504114451591e-05
4.294593890300208e-05
4.294593890300208e-05
4.294593890300208e-05
4.294797973463469e-05
4.294914318423616e-05
4.296826988641479e-05
4.296826988641479e-05
4.296960622064553e-05
4.296960622064553e-05
4.297032380815035e-05
4.297032380815035e-05
4.2992502927213876e-05
4.301829130018323e-05
4.301829130018323e-05
4.312452682559289e-05
4.312452682559289e-05
4.312452682559289e-05
4.312452682559289e-05
4.3176245482357486e-05
4.317804556272065e-05
0.0
0.0
0.0
0.0
0.0
0.0
0.0
0.0
0.0
0.0
0.0
0.0
0.0
0.0
0.0
0.0
0.0
0.0
0.0
0.0
0.0
0.0
0.0
0.0
0.0
0.0
0.0
0.0
0.0
0.0
0.0
0.0
0.0
0.0
0.0
0.0
0.0
0.0
0.0
0.0
0.0
0.0
0.0
0.0
0.0
0.0
0.0
0.0
0.0
0.0
0.0
0.0
0.0
0.0
0.0
0.0
0.0
0.0
0.0
0.0
0.0
0.0
0.0
0.0
0.0
0.0
0.0
0.0
0.0
0.0
0.0
0.0
0.0
0.0
0.0
0.0
0.0
0.0
0.0
0.0
0.0
0.0
0.0
0.0
0.0
0.0
0.0
0.0
0.0
0.0
0.0
0.0
0.0
0.0
0.0
0.0
0.0
0.0
0.0
0.0
0.0
0.0
0.0
0.0
0.0
0.0
