2.8676918665089432e-05
2.8676918665089432e-05
2.8676918665089432e-05
2.8676918665089432e-05
2.8676918665089432e-05
2.8676918665089432e-05
2.8676918665089432e-05
2.8676918665089432e-05
2.8676918665089432e-05
2.8676918665089432e-05
2.8676918665089432e-05
2.8676918665089432e-05
2.8676918665089432e-05
2.8677432652841752e-05
2.8677432652841752e-05
2.8677432652841752e-05
2.8677946659019214e-05
2.8677946659019214e-05
2.8678460683622803e-05
2.8678460683622803e-05
2.8678460683622803e-05
2.867897472665352e-05
2.867948878811235e-05
2.8680002868000284e-05
2.8680516966318315e-05
2.8681031083067434e-05
2.8681031083067434e-05
2.8681031083067434e-05
2.86820593718629e-05
2.8682573543911224e-05
2.8682573543911224e-05
2.868360194331403e-05
2.868360194331403e-05
2.868411617067049e-05
3.1672044938448664e-05
3.1673180584937906e-05
3.167374843872324e-05
3.167374843872324e-05
3.167374843872324e-05
3.167374843872324e-05
3.1674316312870525e-05
3.1674316312870525e-05
3.167658801310095e-05
3.167715598907437e-05
3.167715598907437e-05
3.167715598907437e-05
3.167715598907437e-05
3.167829200212782e-05
3.167829200212782e-05
3.167886003921005e-05
3.1681132391267956e-05
3.1681700530220153e-05
3.1681700530220153e-05
3.168283686925748e-05
3.168340506934481e-05
3.16839732898127e-05
3.16839732898127e-05
3.168510979189458e-05
3.1686246375511905e-05
3.1686246375511905e-05
3.1686814697899097e-05
3.1686814697899097e-05
3.1686814697899097e-05
3.168738304067344e-05
3.168851978738796e-05
3.168851978738796e-05
3.168908819133034e-05
3.168908819133034e-05
3.16902250603908e-05
3.1690793525511084e-05
3.1691362011026196e-05
3.169193051693724e-05
3.16930675899515e-05
3.1694204744562645e-05
3.1694773352469796e-05
3.169591062949274e-05
3.169647929861073e-05
3.169875417915178e-05
3.1700460553860875e-05
3.1701029386256104e-05
3.170273600593379e-05
3.170330491999401e-05
3.170387385447323e-05
3.1704442809372544e-05
3.170671883319274e-05
3.170728789020903e-05
3.170728789020903e-05
3.170842606552276e-05
3.170956432255208e-05
3.1711841081792614e-05
3.171297958402144e-05
3.171582619727243e-05
3.171696498566752e-05
3.171753441053261e-05
3.17181038558442e-05
3.1718673321603405e-05
3.171981231446902e-05
3.1721520957152e-05
3.17232297839229e-05
3.172436910405592e-05
3.172550850602784e-05
3.1726078237706137e-05
3.172664798984747e-05
3.172835736906065e-05
3.172949705753814e-05
3.1731206743779484e-05
3.1732916614277414e-05
3.1733486612061114e-05
3.173405663032219e-05
3.1735766807980645e-05
3.173690702882669e-05
3.173690702882669e-05
3.17380473316087e-05
3.1740328183015924e-05
3.1740328183015924e-05
3.1742609362273004e-05
3.174375007486733e-05
3.174660221507424e-05
3.174774321466865e-05
3.174888429628298e-05
3.175002545992607e-05
3.175230803333393e-05
3.175287872796769e-05
3.175402017878112e-05
3.1754590934963e-05
3.175630332662256e-05
3.175744502366828e-05
3.1759157723168e-05
3.176029962546816e-05
3.176258367642916e-05
3.176315474050101e-05
3.176372582510772e-05
3.176543920214806e-05
3.176829524134913e-05
3.1768866510819394e-05
3.1771151794170886e-05
3.177286597245951e-05
3.177515183126794e-05
3.1776866441230776e-05
3.177858123624676e-05
3.177972453574619e-05
3.178029621634586e-05
3.178201138155803e-05
3.178487040168879e-05
3.1786014153772335e-05
3.178658606068239e-05
3.178658606068239e-05
3.178887389413705e-05
3.1791162056948164e-05
3.1793450549186865e-05
3.1794022723727936e-05
3.1795167134595534e-05
3.179688390537727e-05
3.179688390537727e-05
3.1799173221496234e-05
3.1800890424931895e-05
3.180146286729189e-05
3.180375284283545e-05
3.180604314819815e-05
3.180604314819815e-05
3.180661577608142e-05
3.180776109370686e-05
3.181005197642454e-05
3.181234318915739e-05
3.181348891930178e-05
3.1818645726395666e-05
3.182036503362151e-05
3.1822657732305396e-05
3.1822657732305396e-05
3.182552407030438e-05
3.1827244120967546e-05
3.182896435756538e-05
3.183125829564632e-05
3.183412618326846e-05
3.1834699822806856e-05
3.183756833063014e-05
3.18427329476157e-05
3.18456029033576e-05
3.1847899240457645e-05
3.185077012758336e-05
3.185421587541996e-05
3.1857087901519515e-05
3.185881136578123e-05
3.1859960445558535e-05
3.186168422065118e-05
3.186225885380032e-05
3.1863408182282736e-05
3.1865132330483506e-05
3.1867431485022305e-05
3.1869156068669004e-05
3.187260579600329e-05
3.1876056270260835e-05
3.187663142193833e-05
3.187893223621687e-05
3.188123338265901e-05
3.1882384080463916e-05
3.1884685725286356e-05
3.1886412176999664e-05
3.189216836657941e-05
3.189504724077751e-05
3.189677481478806e-05
3.190138259388336e-05
3.190426313191509e-05
3.190656793690927e-05
3.191002576885099e-05
3.1911754965890544e-05
3.191406085349037e-05
3.191636707435309e-05
3.1918673628550945e-05
3.192213408500924e-05
3.1925018371944526e-05
3.192732617679305e-05
3.193021140209775e-05
3.193021140209775e-05
3.1935406121957094e-05
3.1939447628345354e-05
3.194060253234739e-05
3.1942335044960336e-05
3.194637830539532e-05
3.194984477198058e-05
3.1954467897818044e-05
3.195735803094436e-05
3.196024868691619e-05
3.196487482434396e-05
3.19677668403783e-05
3.196892379332392e-05
3.1970659379769204e-05
3.197528853173094e-05
3.197702480934453e-05
3.198049793031872e-05
3.1981655804972235e-05
3.198455085845327e-05
3.199092182143029e-05
3.19932391645539e-05
3.199613631561471e-05
3.2000772848853706e-05
3.200715027659009e-05
3.200831008201374e-05
3.201295014436028e-05
3.201701130260908e-05
3.201991276084146e-05
3.202281474499567e-05
3.202687840663258e-05
3.203152385441974e-05
3.2036751594281735e-05
3.20396566316044e-05
3.204430578732254e-05
3.204663087118463e-05
3.204895629247998e-05
3.205011912968808e-05
3.2054189724515404e-05
3.205651624297629e-05
3.20588430991828e-05
3.206000665396364e-05
3.206291591046582e-05
3.206349782512689e-05
3.20664077152987e-05
3.20699002807629e-05
3.2074558218349066e-05
3.207805255958649e-05
3.208038254342957e-05
3.208387815390575e-05
3.208854015305628e-05
3.209145459059175e-05
3.2094369557582135e-05
3.209845140112768e-05
3.210078434935344e-05
3.210486782486491e-05
3.210836877370263e-05
3.2110119534463846e-05
3.2114205385491645e-05
3.211537296249166e-05
3.211887620294281e-05
3.2122964282900275e-05
3.21258849772088e-05
3.2128806202678206e-05
3.213348126860558e-05
3.2142250685297036e-05
3.214517488794677e-05
3.214809962271475e-05
3.214985471905273e-05
3.2153365486698816e-05
3.215687702118106e-05
3.2158047703126605e-05
3.216273128341434e-05
3.216624486402175e-05
3.2169759212387175e-05
3.217210253795397e-05
3.217503217503217e-05
3.217854844389396e-05
3.218382428846422e-05
3.218558328778769e-05
3.218910186332385e-05
3.219262120825588e-05
3.219496786577735e-05
3.2199075339760995e-05
3.22061191626409e-05
3.2207880599917345e-05
3.22119913696174e-05
3.221434085203892e-05
3.22190408452331e-05
3.222256674023139e-05
3.222668125988082e-05
3.2229032885775435e-05
3.223314905702834e-05
3.223785454036726e-05
1.8249840313897253e-05
1.825117263784198e-05
1.8253504672897195e-05
1.825517077712262e-05
1.8257503834075804e-05
1.8258503898190583e-05
1.82618382366369e-05
1.8264506584354624e-05
1.8266174697694808e-05
1.8269178069678646e-05
1.827184856291911e-05
1.8275187777554414e-05
1.82768578425997e-05
1.828053306034404e-05
1.82862158504919e-05
1.828721906259715e-05
1.82882223847842e-05
1.8290563898084978e-05
1.8292906011048917e-05
1.8295918180653897e-05
1.8298931342409603e-05
1.830194549680631e-05
0.0
0.0
0.0
0.0
0.0
0.0
0.0
0.0
0.0
0.0
0.0
0.0
0.0
0.0
0.0
0.0
0.0
0.0
0.0
0.0
0.0
0.0
0.0
0.0
0.0
0.0
0.0
0.0
0.0
0.0
0.0
0.0
0.0
0.0
0.0
0.0
0.0
0.0
0.0
0.0
0.0
0.0
0.0
0.0
0.0
0.0
0.0
0.0
0.0
0.0
0.0
0.0
0.0
0.0
0.0
0.0
0.0
0.0
0.0
0.0
0.0
0.0
0.0
0.0
0.0
0.0
0.0
0.0
0.0
0.0
0.0
0.0
0.0
0.0
0.0
0.0
0.0
0.0
0.0
0.0
0.0
0.0
0.0
0.0
0.0
0.0
0.0
0.0
0.0
0.0
0.0
0.0
0.0
0.0
0.0
0.0
0.0
0.0
0.0
0.0
0.0
0.0
0.0
0.0
0.0
0.0
0.0
0.0
0.0
0.0
0.0
0.0
0.0
0.0
0.0
0.0
0.0
0.0
0.0
0.0
0.0
0.0
0.0
0.0
0.0
0.0
0.0
0.0
0.0
0.0
0.0
0.0
0.0
0.0
0.0
0.0
0.0
0.0
0.0
0.0
0.0
0.0
0.0
0.0
0.0
0.0
0.0
0.0
0.0
0.0
0.0
0.0
0.0
0.0
0.0
0.0
0.0
0.0
0.0
0.0
0.0
0.0
0.0
0.0
0.0
0.0
0.0
0.0
0.0
0.0
0.0
0.0
0.0
0.0
0.0
0.0
0.0
0.0
0.0
0.0
0.0
0.0
0.0
0.0
0.0
0.0
0.0
0.0
0.0
0.0
0.0
0.0
0.0
0.0
0.0
0.0
0.0
0.0
0.0
0.0
0.0
0.0
0.0
0.0
0.0
0.0
0.0
0.0
0.0
0.0
0.0
0.0
0.0
0.0
0.0
0.0
0.0
0.0
0.0
0.0
0.0
0.0
0.0
0.0
0.0
0.0
0.0
0.0
0.0
0.0
0.0
0.0
0.0
0.0
0.0
0.0
0.0
0.0
0.0
0.0
0.0
0.0
0.0
0.0
0.0
0.0
0.0
0.0
0.0
0.0
0.0
0.0
0.0
0.0
0.0
0.0
0.0
0.0
0.0
0.0
0.0
0.0
0.0
0.0
0.0
0.0
0.0
0.0
0.0
0.0
0.0
0.0
0.0
0.0
0.0
0.0
0.0
0.0
0.0
0.0
0.0
0.0
0.0
0.0
0.0
0.0
0.0
0.0
0.0
0.0
0.0
0.0
0.0
0.0
0.0
0.0
0.0
0.0
0.0
0.0
0.0
0.0
0.0
0.0
0.0
0.0
0.0
0.0
0.0
0.0
0.0
0.0
0.0
0.0
0.0
0.0
0.0
0.0
0.0
0.0
0.0
0.0
0.0
0.0
0.0
0.0
0.0
0.0
0.0
0.0
0.0
0.0
0.0
0.0
0.0
0.0
0.0
0.0
0.0
0.0
0.0
0.0
0.0
0.0
0.0
0.0
0.0
0.0
0.0
0.0
0.0
0.0
0.0
0.0
0.0
0.0
0.0
0.0
0.0
0.0
0.0
0.0
0.0
0.0
0.0
0.0
0.0
0.0
0.0
0.0
0.0
0.0
0.0
0.0
0.0
0.0
0.0
0.0
0.0
0.0
0.0
0.0
0.0
0.0
0.0
0.0
0.0
0.0
0.0
0.0
0.0
0.0
0.0
0.0
0.0
0.0
0.0
0.0
0.0
0.0
0.0
0.0
0.0
0.0
0.0
0.0
0.0
0.0
0.0
0.0
0.0
0.0
0.0
0.0
0.0
0.0
0.0
0.0
0.0
0.0
0.0
0.0
0.0
0.0
0.0
0.0
0.0
0.0
0.0
0.0
0.0
0.0
0.0
0.0
0.0
0.0
0.0
0.0
0.0
0.0
0.0
0.0
0.0
0.0
0.0
0.0
0.0
0.0
0.0
0.0
0.0
0.0
0.0
0.0
0.0
0.0
0.0
0.0
0.0
0.0
0.0
0.0
0.0
0.0
0.0
0.0
0.0
0.0
0.0
0.0
0.0
0.0
0.0
0.0
0.0
0.0
0.0
0.0
0.0
0.0
0.0
0.0
0.0
0.0
0.0
0.0
0.0
0.0
0.0
0.0
0.0
0.0
0.0
0.0
0.0
0.0
0.0
0.0
0.0
0.0
0.0
0.0
0.0
0.0
0.0
0.0
0.0
0.0
0.0
0.0
0.0
0.0
0.0
0.0
0.0
0.0
0.0
0.0
0.0
0.0
0.0
0.0
0.0
0.0
0.0
0.0
0.0
0.0
0.0
0.0
0.0
0.0
0.0
0.0
0.0
0.0
0.0
0.0
0.0
0.0
0.0
0.0
0.0
0.0
0.0
0.0
0.0
0.0
0.0
0.0
0.0
0.0
0.0
0.0
0.0
0.0
0.0
0.0
0.0
0.0
0.0
0.0
0.0
0.0
0.0
0.0
0.0
0.0
0.0
0.0
0.0
0.0
0.0
0.0
0.0
0.0
0.0
0.0
0.0
0.0
0.0
0.0
0.0
0.0
0.0
0.0
0.0
0.0
0.0
0.0
0.0
0.0
0.0
0.0
0.0
0.0
0.0
0.0
0.0
0.0
0.0
0.0
0.0
0.0
0.0
0.0
0.0
0.0
0.0
0.0
0.0
0.0
0.0
0.0
0.0
0.0
0.0
0.0
0.0
0.0
0.0
0.0
0.0
0.0
0.0
0.0
0.0
0.0
0.0
0.0
0.0
0.0
0.0
0.0
0.0
0.0
0.0
0.0
0.0
0.0
0.0
0.0
0.0
0.0
0.0
0.0
0.0
0.0
0.0
0.0
0.0
0.0
0.0
0.0
0.0
0.0
0.0
0.0
0.0
0.0
0.0
0.0
0.0
0.0
0.0
0.0
0.0
0.0
0.0
0.0
0.0
0.0
0.0
0.0
0.0
0.0
0.0
0.0
0.0
0.0
0.0
0.0
0.0
0.0
0.0
0.0
0.0
0.0
0.0
0.0
0.0
0.0
0.0
0.0
0.0
0.0
0.0
0.0
0.0
0.0
0.0
0.0
0.0
0.0
0.0
0.0
0.0
0.0
0.0
0.0
0.0
0.0
0.0
0.0
0.0
0.0
0.0
0.0
0.0
0.0
0.0
0.0
0.0
0.0
0.0
0.0
0.0
0.0
0.0
0.0
0.0
0.0
0.0
0.0
0.0
0.0
0.0
0.0
0.0
0.0
0.0
0.0
0.0
0.0
0.0
0.0
0.0
0.0
0.0
0.0
0.0
0.0
0.0
0.0
0.0
0.0
0.0
0.0
0.0
0.0
0.0
0.0
0.0
0.0
0.0
0.0
0.0
0.0
0.0
0.0
0.0
0.0
0.0
0.0
0.0
0.0
0.0
0.0
0.0
0.0
0.0
0.0
0.0
0.0
0.0
0.0
0.0
0.0
0.0
0.0
0.0
0.0
0.0
0.0
0.0
0.0
0.0
0.0
0.0
0.0
0.0
0.0
0.0
0.0
0.0
0.0
0.0
0.0
0.0
0.0
0.0
0.0
0.0
0.0
0.0
0.0
0.0
0.0
0.0
0.0
0.0
0.0
0.0
0.0
0.0
0.0
0.0
0.0
0.0
0.0
0.0
0.0
0.0
0.0
0.0
0.0
0.0
0.0
0.0
0.0
0.0
0.0
0.0
0.0
0.0
0.0
0.0
0.0
0.0
0.0
0.0
0.0
0.0
0.0
0.0
0.0
0.0
0.0
0.0
0.0
0.0
0.0
0.0
0.0
0.0
0.0
0.0
0.0
0.0
0.0
0.0
0.0
0.0
0.0
0.0
0.0
0.0
0.0
0.0
0.0
0.0
0.0
0.0
0.0
0.0
0.0
0.0
0.0
0.0
0.0
0.0
0.0
0.0
0.0
0.0
0.0
0.0
0.0
0.0
0.0
0.0
0.0
0.0
0.0
0.0
0.0
0.0
0.0
0.0
0.0
0.0
0.0
0.0
0.0
0.0
0.0
0.0
0.0
0.0
0.0
0.0
0.0
0.0
0.0
0.0
0.0
0.0
0.0
0.0
0.0
0.0
0.0
0.0
0.0
0.0
0.0
0.0
0.0
0.0
0.0
0.0
0.0
0.0
0.0
0.0
0.0
0.0
0.0
0.0
0.0
0.0
0.0
0.0
0.0
0.0
0.0
0.0
0.0
0.0
0.0
0.0
0.0
0.0
0.0
0.0
0.0
0.0
0.0
0.0
0.0
0.0
0.0
0.0
0.0
0.0
0.0
0.0
0.0
0.0
0.0
0.0
0.0
0.0
0.0
0.0
0.0
0.0
0.0
0.0
0.0
0.0
0.0
0.0
0.0
0.0
0.0
0.0
0.0
0.0
0.0
0.0
0.0
0.0
0.0
