0.0
0.0
0.0
0.0
0.0
0.0
0.0
0.0
0.0
0.0
0.0
0.0
0.0
0.0
0.0
0.0
0.0
0.0
0.0
0.0
0.0
0.0
0.0
0.0
0.0
0.0
0.0
0.0
0.0
0.0
0.0
0.0
0.0
0.0
0.0
0.0
0.0
0.0
0.0
0.0
0.0
0.0
0.0
0.0
0.0
0.0
0.0
0.0
0.0
0.0
0.0
0.0
0.0
0.0
0.0
0.0
0.0
0.0
0.0
0.0
0.0
0.0
0.0
0.0
0.0
0.0
0.0
0.0
0.0
0.0
0.0
0.0
0.0
0.0
0.0
0.0
0.0
0.0
0.0
0.0
0.0
0.0
0.0
0.0
0.0
0.0
0.0
0.0
0.0
0.0
0.0
0.0
0.0
0.0
0.0
0.0
0.0
0.0
0.0
0.0
0.0
0.0
0.0
0.0
0.0
0.0
0.0
0.0
0.0
0.0
0.0
0.0
0.0
0.0
0.0
0.0
0.0
0.0
0.0
0.0
0.0
0.0
0.0
0.0
0.0
0.0
0.0
0.0
0.0
0.0
0.0
0.0
0.0
0.0
0.0
0.0
0.0
0.0
0.0
0.0
0.0
0.0
0.0
0.0
0.0
0.0
0.0
0.0
0.0
0.0
0.0
0.0
0.0
0.0
0.0
0.0
0.0
0.0
0.0
0.0
0.0
0.0
0.0
0.0
0.0
0.0
0.0
0.0
0.0
0.0
0.0
0.0
0.0
0.0
0.0
0.0
0.0
0.0
0.0
0.0
0.0
0.0
0.0
0.0
0.0
0.0
0.0
0.0
0.0
0.0
0.0
0.0
0.0
0.0
0.0
0.0
0.0
0.0
0.0
0.0
0.0
0.0
0.0
0.0
0.0
0.0
0.0
0.0
0.0
0.0
0.0
0.0
0.0
0.0
0.0
0.0
0.0
0.0
0.0
0.0
0.0
0.0
0.0
0.0
0.0
0.0
0.0
0.0
0.0
0.0
0.0
0.0
0.0
0.0
0.0
0.0
0.0
0.0
0.0
0.0
0.0
0.0
0.0
0.0
0.0
0.0
0.0
0.0
0.0
0.0
0.0
0.0
0.0
0.0
0.0
0.0
0.0
0.0
0.0
0.0
0.0
0.0
0.0
0.0
0.0
0.0
0.0
0.0
0.0
0.0
0.0
0.0
0.0
0.0
0.0
0.0
0.0
0.0
0.0
0.0
0.0
0.0
0.0
0.0
0.0
0.0
0.0
0.0
0.0
0.0
0.0
0.0
0.0
0.0
0.0
0.0
0.0
0.0
0.0
0.0
0.0
0.0
0.0
0.0
0.0
0.0
0.0
0.0
0.0
0.0
0.0
0.0
0.0
0.0
0.0
0.0
0.0
0.0
0.0
0.0
0.0
0.0
0.0
0.0
0.0
0.0
0.0
0.0
0.0
0.0
0.0
0.0
0.0
0.0
0.0
0.0
0.0
0.0
0.0
0.0
0.0
0.0
0.0
0.0
0.0
0.0
0.0
0.0
0.0
0.0
0.0
0.0
0.0
0.0
0.0
0.0
0.0
0.0
0.0
0.0
0.0
0.0
0.0
0.0
0.0
0.0
0.0
0.0
0.0
0.0
0.0
0.0
0.0
0.0
0.0
0.0
0.0
0.0
0.0
0.0
0.0
0.0
0.0
0.0
0.0
0.0
0.0
0.0
0.0
0.0
0.0
0.0
0.0
0.0
0.0
0.0
0.0
0.0
0.0
0.0
0.0
0.0
0.0
0.0
0.0
0.0
0.0
0.0
0.0
0.0
0.0
0.0
0.0
0.0
0.0
0.0
0.0
0.0
0.0
0.0
0.0
0.0
0.0
0.0
0.0
0.0
0.0
0.0
0.0
0.0
0.0
0.0
0.0
0.0
0.0
0.0
0.0
0.0
0.0
0.0
0.0
0.0
0.0
0.0
0.0
0.0
0.0
0.0
0.0
0.0
0.0
0.0
0.0
0.0
0.0
0.0
0.0
0.0
0.0
0.0
0.0
0.0
0.0
0.0
0.0
0.0
0.0
0.0
0.0
0.0
0.0
0.0
0.0
0.0
0.0
0.0
0.0
0.0
0.0
0.0
0.0
0.0
0.0
0.0
0.0
0.0
0.0
0.0
0.0
0.0
0.0
0.0
0.0
0.0
0.0
0.0
0.0
0.0
0.0
0.0
0.0
0.0
0.0
0.0
0.0
0.0
0.0
0.0
0.0
0.0
0.0
0.0
0.0
0.0
0.0
0.0
0.0
0.0
0.0
0.0
0.0
0.0
0.0
0.0
0.0
0.0
0.0
0.0
0.0
0.0
0.0
0.0
0.0
0.0
0.0
0.0
0.0
0.0
0.0
0.0
0.0
0.0
0.0
0.0
0.0
0.0
0.0
0.0
0.0
0.0
0.0
0.0
0.0
0.0
0.0
0.0
0.0
0.0
0.0
0.0
0.0
0.0
0.0
0.0
0.0
0.0
0.0
0.0
0.0
0.0
0.0
0.0
0.0
0.0
0.0
0.0
0.0
0.0
0.0
0.0
0.0
0.0
0.0
0.0
0.0
0.0
0.0
0.0
0.0
0.0
0.0
0.0
0.0
0.0
0.0
0.0
0.0
0.0
0.0
0.0
0.0
0.0
0.0
0.0
0.0
0.0
0.0
0.0
0.0
0.0
0.0
0.0
0.0
0.0
0.0
0.0
0.0
0.0
0.0
0.0
0.0
0.0
0.0
0.0
0.0
0.0
0.0
0.0
0.0
0.0
0.0
0.0
0.0
0.0
0.0
0.0
0.0
0.0
0.0
0.0
0.0
0.0
0.0
0.0
0.0
0.0
0.0
0.0
0.0
0.0
0.0
0.0
0.0
0.0
0.0
0.0
0.0
0.0
0.0
0.0
0.0
0.0
0.0
0.0
0.0
0.0
0.0
0.0
0.0
0.0
0.0
0.0
0.0
0.0
0.0
0.0
0.0
0.0
0.0
0.0
0.0
0.0
0.0
0.0
0.0
0.0
0.0
0.0
0.0
0.0
0.0
0.0
0.0
0.0
0.0
0.0
0.0
0.0
0.0
0.0
0.0
0.0
0.0
0.0
0.0
0.0
0.0
0.0
0.0
0.0
0.0
0.0
0.0
0.0
0.0
0.0
0.0
0.0
0.0
0.0
0.0
0.0
0.0
0.0
0.0
0.0
0.0
0.0
0.0
0.0
0.0
0.0
0.0
0.0
0.0
0.0
0.0
0.0
0.0
0.0
0.0
0.0
0.0
0.0
0.0
0.0
0.0
0.0
0.0
0.0
0.0
0.0
0.0
0.0
0.0
0.0
0.0
0.0
0.0
0.0
0.0
0.0
0.0
0.0
0.0
0.0
0.0
0.0
0.0
0.0
0.0
0.0
0.0
0.0
0.0
0.0
0.0
0.0
0.0
0.0
0.0
0.0
0.0
0.0
0.0
0.0
0.0
0.0
0.0
0.0
0.0
0.0
0.0
0.0
0.0
0.0
0.0
0.0
0.0
0.0
0.0
0.0
0.0
0.0
0.0
0.0
0.0
0.0
0.0
0.0
0.0
0.0
0.0
0.0
0.0
0.0
0.0
0.0
0.0
0.0
0.0
0.0
0.0
0.0
0.0
0.0
0.0
0.0
0.0
0.0
0.0
0.0
0.0
0.0
0.0
0.0
0.0
0.0
0.0
0.0
0.0
0.0
0.0
0.0
0.0
0.0
0.0
0.0
0.0
0.0
0.0
0.0
0.0
0.0
0.0
0.0
0.0
0.0
0.0
0.0
0.0
0.0
0.0
0.0
0.0
0.0
0.0
0.0
0.0
0.0
0.0
0.0
0.0
0.0
0.0
0.0
0.0
0.0
0.0
0.0
0.0
0.0
0.0
0.0
0.0
0.0
0.0
0.0
0.0
0.0
0.0
0.0
0.0
0.0
0.0
0.0
0.0
0.0
0.0
0.0
0.0
0.0
0.0
0.0
0.0
0.0
0.0
0.0
0.0
0.0
0.0
0.0
0.0
0.0
0.0
0.0
0.0
0.0
0.0
0.0
0.0
0.0
0.0
0.0
0.0
0.0
0.0
0.0
0.0
0.0
0.0
0.0
0.0
0.0
0.0
0.0
0.0
0.0
0.0
0.0
0.0
0.0
0.0
0.0
0.0
0.0
0.0
0.0
2.5667004390408644e-05
2.5652449808956756e-05
2.563894961271692e-05
2.5627537463413317e-05
2.56161354689101e-05
2.560474361565932e-05
2.5596982250513623e-05
2.5583023644099745e-05
2.5567015858277993e-05
2.5558245897228948e-05
2.5544329494961715e-05
2.5533516099553835e-05
2.5519112472130443e-05
2.550934783338368e-05
2.549702422888276e-05
2.5484712525736206e-05
2.5472412706711978e-05
2.5460636515912898e-05
2.5452450803091802e-05
2.5442226060873872e-05
2.543354148679129e-05
2.5417720164278737e-05
2.540650406504065e-05
2.539733461656708e-05
2.538969846392324e-05
2.5376473338007945e-05
2.5367325549569757e-05
2.5354631223561124e-05
2.5344484906692277e-05
2.5332320040531712e-05
2.5322697800257226e-05
2.5310048089091367e-05
2.5299937415944286e-05
2.5291854691639042e-05
2.5276209100765602e-05
2.5263605781376734e-05
2.5250008305923783e-05
2.5238939698859597e-05
2.5226875916963746e-05
2.5215325609480962e-05
2.5206795221322293e-05
2.519325881432568e-05
2.5182740544874978e-05
2.517323158048147e-05
2.516472964471375e-05
2.5155733852335842e-05
2.5145246886621404e-05
2.5133771190084063e-05
2.5126791110405798e-05
2.5116826290707434e-05
2.5106371732868205e-05
2.5095428669546036e-05
2.5083004943992288e-05
2.507506021313801e-05
2.5063648475734428e-05
2.5056211632675938e-05
2.5046302704341577e-05
2.5036896479021716e-05
2.502749731613022e-05
2.5015634771732333e-05
2.5005264266161297e-05
2.499292963174891e-05
2.4983070682366553e-05
2.4973219508027575e-05
2.4963376099538175e-05
2.49500998003992e-05
2.493880149370295e-05
2.4929966475755605e-05
2.4919666863400878e-05
2.4910355496994367e-05
2.4903498941601293e-05
2.4892242791075474e-05
2.4883929565382525e-05
2.4872691094267498e-05
2.4860486873008705e-05
2.4851219671702306e-05
2.484390833905397e-05
2.4838549428713363e-05
2.482686528158892e-05
2.481908195522115e-05
2.481178951767187e-05
2.479770294962151e-05
2.4786542212133664e-05
2.4775391516384355e-05
2.4769093386000247e-05
2.4760862199285844e-05
2.4749734591661944e-05
2.47400665377579e-05
2.4731854628761844e-05
2.472123554133e-05
2.471400048127264e-05
2.4703396717048593e-05
2.4691839347095785e-05
2.468221646303838e-05
2.4672601076504542e-05
2.4662993178735307e-05
2.465483234714004e-05
2.4647156496471563e-05
2.4638526875445762e-05
2.4627508927471986e-05
2.4619371558147066e-05
2.4608370731580958e-05
2.459833508110977e-05
2.4590216976309265e-05
2.458067312232766e-05
2.457447358890786e-05
2.4567324165842366e-05
2.4559702698335754e-05
2.455351373704479e-05
2.4544473940873652e-05
2.4536866642129798e-05
2.452593940802127e-05
3.48344396493333e-05
3.482096221925599e-05
3.481086098862845e-05
3.4793366064870294e-05
3.478126449219353e-05
3.476984295620931e-05
3.47617852107916e-05
3.4743668931439154e-05
3.472758141688532e-05
3.471418653089562e-05
3.469946408605467e-05
3.469277619304602e-05
3.468007629616785e-05
3.466404760529204e-05
3.465070167670895e-05
3.46380325597506e-05
3.462870334744132e-05
3.461538461538461e-05
3.460540228780159e-05
3.4592101470164306e-05
3.457615397913905e-05
3.456619426201175e-05
3.455624028105742e-05
3.45449660307834e-05
3.453369913473898e-05
3.4519129350848594e-05
3.450457185577089e-05
3.449465332873404e-05
3.448341922259047e-05
3.4470211991803744e-05
3.445965348903991e-05
3.444712366517396e-05
3.4433944217010366e-05
3.4424066247203044e-05
3.4416826003824086e-05
3.44023546500516e-05
3.439052350019105e-05
3.437607425232038e-05
3.436622945185864e-05
3.4353111819378966e-05
3.434131450920538e-05
3.369186563938261e-05
3.368030401240452e-05
3.366618390629367e-05
3.365912829208502e-05
3.364951176463119e-05
3.363990073055709e-05
3.362389453516552e-05
3.361237950279046e-05
3.3600872354723773e-05
3.359128908156345e-05
3.357851988418578e-05
3.356831151393085e-05
3.3555559776380685e-05
3.354791338308552e-05
3.3538360290581416e-05
3.352435892570243e-05
3.351609088552042e-05
3.3505284984574925e-05
3.349702634888733e-05
3.348432870238749e-05
3.3474177514194945e-05
3.3462764782018495e-05
3.345135982933495e-05
3.344439396234035e-05
3.343236884103224e-05
3.342224912818378e-05
3.341276745974707e-05
3.3400765066580955e-05
3.338877129321641e-05
3.337615557066928e-05
3.336733023583777e-05
3.335787969763914e-05
3.335032312058344e-05
3.334025300848604e-05
3.333081779991447e-05
3.33207594618383e-05
3.3307567102178813e-05
3.3295012658386884e-05
3.327933290635321e-05
3.3273691810277174e-05
3.326241535342885e-05
3.325114653717541e-05
3.32436382339474e-05
3.32342576219321e-05
3.322800682114555e-05
3.32205089632694e-05
3.3211765737990497e-05
3.320115514962445e-05
3.318930427703676e-05
3.317808493589743e-05
3.3168118554120356e-05
3.3161270139214766e-05
3.314820374261983e-05
3.313825530212085e-05
3.313141921247241e-05
3.312396487609762e-05
3.3113410306392764e-05
3.310224220848167e-05
3.309294121319971e-05
3.3084264998720325e-05
3.3070021089937976e-05
3.306135688799062e-05
3.3053315621745336e-05
3.304466016996178e-05
3.3031685488495003e-05
3.3022424095154424e-05
3.3013167893759886e-05
3.30008343607178e-05
3.299343866332997e-05
3.297988849064118e-05
3.296696461338459e-05
3.295650984342549e-05
3.294974852503248e-05
3.293991883106794e-05
3.293009500021746e-05
3.291782344866993e-05
3.2904948159185445e-05
3.289392021052109e-05
3.2881675600555886e-05
3.2877392140442294e-05
3.286944010319764e-05
3.286271446021441e-05
3.285171479752806e-05
3.2843164593829204e-05
3.283339838063201e-05
3.2826687477547783e-05
3.281388336831417e-05
3.280778968349768e-05
3.279987127597688e-05
3.279073940023881e-05
3.2781004335751705e-05
3.277431483130504e-05
3.276398187471795e-05
3.2750012358495225e-05
3.273787463247103e-05
3.272150296654381e-05
3.270756964243838e-05
3.269848908302331e-05
3.269183320996792e-05
3.268336601669935e-05
2.9591270575180322e-05
2.95786885548962e-05
2.957376806772393e-05
2.9564478279347367e-05
2.955683224650398e-05
2.9549735899235403e-05
2.9539370442167453e-05
2.9530647274874958e-05
2.9524108279667117e-05
2.9512672003541522e-05
2.950396459524249e-05
2.9497437410124996e-05
2.9490913112397245e-05
2.948167529619871e-05
2.947678703021371e-05
2.9469729062678432e-05
2.9459419649432907e-05
2.9452369995398067e-05
2.9445865616430795e-05
2.94371975787905e-05
2.9427993378701493e-05
2.9423122896706452e-05
2.941771314052474e-05
2.940798059073281e-05
2.9402036090999303e-05
2.939501387077217e-05
2.9386375741546827e-05
2.9377742687696234e-05
2.9368575624082234e-05
2.936156937588314e-05
2.9352950888844047e-05
2.934272300469484e-05
2.9334653392736008e-05
2.9326588218043186e-05
2.932013927066154e-05
2.9310471165823993e-05
2.9302955935680015e-05
2.929866324848929e-05
2.9290617848970254e-05
2.9279361709914725e-05
2.9270791409022723e-05
2.926169095996635e-05
2.9252596167909903e-05
2.9247248930647464e-05
2.923869741603012e-05
2.923175299168722e-05
2.9221609380136612e-05
2.9213606237104933e-05
2.920720687829722e-05
2.920081032248645e-05
2.919654750825715e-05
2.918589591579869e-05
2.91789765473976e-05
2.9170464904284415e-05
2.9165147648559973e-05
2.9152925313849463e-05
2.914177473408131e-05
2.9134345751848212e-05
2.9125329935378175e-05
2.9121089128733417e-05
2.911473023382768e-05
2.9105197096756593e-05
2.9096199308965268e-05
5.6357488274006476e-05
5.634007596823147e-05
5.6325744499155115e-05
5.6318581498437616e-05
5.6303238344321547e-05
5.6289947704822776e-05
5.62766633384769e-05
5.625419638158492e-05
5.6239908564793816e-05
5.622868751360372e-05
5.621747093919446e-05
5.620320176949435e-05
5.6186903014155476e-05
5.6170613709253656e-05
5.616043768908857e-05
5.614823133071308e-05
5.613298084235686e-05
5.611672278338945e-05
5.60994589116705e-05
5.609032351451111e-05
5.608119109213597e-05
5.6066991011195315e-05
5.605685249814651e-05
5.604266473831691e-05
5.603152224993674e-05
5.6020384191409e-05
5.60112745275178e-05
5.6001156152901226e-05
5.5983963303415025e-05
5.596981241085454e-05
5.596071918550076e-05
5.595162891435791e-05
5.593648502345724e-05
5.591731452587529e-05
5.5902189201861e-05
5.589110249707023e-05
5.587901292427493e-05
5.586290162723227e-05
5.585082425006756e-05
5.584378152471538e-05
5.5830706888788836e-05
5.581361852291959e-05
5.5799553603571174e-05
5.578850756744111e-05
5.5768435065752784e-05
5.575740134537214e-05
5.574436712161263e-05
5.573534699748292e-05
5.571631409622747e-05
5.570730304772858e-05
5.5699295673422456e-05
5.5686288598681494e-05
5.567128798218519e-05
5.565529622980252e-05
5.5632324174936744e-05
5.562134424229376e-05
5.5607376049365e-05
5.559341487034181e-05
5.558245028956664e-05
5.5566509526967686e-05
5.5558542573973515e-05
5.554162038198302e-05
5.4327709519886336e-05
5.431409062693979e-05
5.429853453625472e-05
5.428784489187174e-05
4.235114467389619e-05
4.233826484671759e-05
