5.980467792190706e-06
5.980467792190706e-06
5.980467792190706e-06
5.980467792190706e-06
5.980467792190706e-06
5.980467792190706e-06
5.980467792190706e-06
5.980467792190706e-06
5.980467792190706e-06
5.980467792190706e-06
5.980467792190706e-06
5.980575092100857e-06
5.980682395861368e-06
5.980682395861368e-06
5.980789703472447e-06
5.980789703472447e-06
5.980789703472447e-06
5.980789703472447e-06
5.980789703472447e-06
5.9808970149343e-06
5.9808970149343e-06
5.981004330247136e-06
5.981004330247136e-06
5.98111164941116e-06
5.981218972426581e-06
5.981218972426581e-06
5.981218972426581e-06
5.981326299293606e-06
5.981326299293606e-06
5.981326299293606e-06
5.981326299293606e-06
5.981326299293606e-06
5.981326299293606e-06
5.981326299293606e-06
5.981433630012442e-06
5.981862991410046e-06
5.981862991410046e-06
5.981862991410046e-06
5.981970341391048e-06
5.981970341391048e-06
5.982185052912428e-06
5.9822924144532195e-06
5.982399779847688e-06
5.982507149096044e-06
5.982507149096044e-06
5.982614522198492e-06
5.9828292799664965e-06
5.9828292799664965e-06
5.982936664632469e-06
5.982936664632469e-06
5.982936664632469e-06
5.983044053153364e-06
5.983044053153364e-06
5.98315144552939e-06
5.983258841760754e-06
5.983366241847664e-06
5.983688465243746e-06
5.983688465243746e-06
5.983688465243746e-06
5.984118150428763e-06
5.984333016163684e-06
5.984547897329097e-06
5.984762793926663e-06
5.984762793926663e-06
5.985085167761938e-06
5.985300102947162e-06
5.98540757632891e-06
5.985837508454996e-06
5.98594500113733e-06
5.986375010476157e-06
5.986590038314177e-06
5.986697558026067e-06
5.987020140335753e-06
5.987235214522638e-06
5.987342757410834e-06
5.987450304162476e-06
5.987557854777773e-06
5.987665409256931e-06
5.98788052980767e-06
5.98788052980767e-06
5.988203239617953e-06
5.988310817284661e-06
5.988418398816689e-06
5.98874116660678e-06
5.9889563644639295e-06
5.989171577787361e-06
5.989709678771871e-06
5.989924946240424e-06
5.990247876457129e-06
5.990570841495487e-06
5.990678504247392e-06
5.99110919395617e-06
5.991324562034175e-06
5.991432251879812e-06
5.991970759182696e-06
5.992186189209272e-06
5.992186189209272e-06
5.992401634727167e-06
5.992401634727167e-06
5.992724832053887e-06
5.992940316307391e-06
5.992940316307391e-06
5.992940316307391e-06
5.993048064245476e-06
5.993371331307574e-06
5.993371331307574e-06
5.993586862057599e-06
5.993694633245826e-06
5.993802408309809e-06
5.994017970065875e-06
5.994125756758377e-06
5.994125756758377e-06
5.994449140096272e-06
5.994880372162174e-06
5.995203836930456e-06
5.995527336606892e-06
5.995635177590715e-06
5.995635177590715e-06
5.996066580323309e-06
5.996390173115785e-06
5.996605921048687e-06
5.997253258007833e-06
5.997361161089122e-06
5.997684893631059e-06
5.998116591390304e-06
5.99822452554044e-06
5.99822452554044e-06
5.998440405494572e-06
5.9985483512989865e-06
5.998764254563561e-06
5.999196107721566e-06
5.999520038396929e-06
5.999628023062571e-06
5.999952000383998e-06
6.000168004704133e-06
6.000600060006002e-06
6.000924142317918e-06
6.001032177534536e-06
6.0015724119719375e-06
6.001896599325388e-06
6.002328903614603e-06
6.002545079113545e-06
6.0030855859912e-06
6.003950599494468e-06
6.004166891822926e-06
6.0044913595369346e-06
6.004815862321583e-06
6.005356778246196e-06
6.005356778246196e-06
6.005789581156236e-06
6.006222446454528e-06
6.006222446454528e-06
6.006547136378653e-06
6.006655374154564e-06
6.006871861409453e-06
6.00730488273741e-06
6.00730488273741e-06
6.0075214168138515e-06
6.007846247198843e-06
6.007954531800104e-06
6.0083877092421025e-06
6.0088209491533575e-06
6.009145920090378e-06
6.009362586910407e-06
6.0094709261796595e-06
6.009579269355353e-06
6.009904322323189e-06
6.010012681126758e-06
6.010771302173496e-06
6.010771302173496e-06
6.01131329161482e-06
6.011638532198337e-06
6.011855378807008e-06
6.012506012506013e-06
6.012939846549776e-06
6.013482227153278e-06
6.013807702484906e-06
6.014241724403388e-06
6.014675808973897e-06
6.01510995621e-06
6.015218502812116e-06
6.015435607769537e-06
6.015978438733276e-06
6.01662996522388e-06
6.016955781391963e-06
6.017607519602357e-06
7.221259387637204e-06
7.221389756458631e-06
7.221780891167763e-06
7.222302470027445e-06
7.222432876514455e-06
7.223084979594785e-06
7.223606746848702e-06
7.223998121760489e-06
7.2246505075316984e-06
7.225041995556599e-06
7.225564045593309e-06
7.2258250989034815e-06
7.226347262117681e-06
7.226869500803989e-06
7.2272612293571355e-06
7.227653000379452e-06
7.227914204658391e-06
7.228567297961544e-06
7.2288285683305025e-06
7.2288285683305025e-06
7.229481826890058e-06
7.230135203528307e-06
7.231180851833105e-06
7.231311579137667e-06
7.231573047927251e-06
7.232226802632531e-06
7.233142257825356e-06
7.23340385902096e-06
7.2337962962962966e-06
7.234581298607344e-06
7.235497349999096e-06
7.236413633403286e-06
7.237461098646595e-06
7.2379849449913144e-06
7.238377879517201e-06
7.2392948926774535e-06
7.239687969448517e-06
7.240081088908196e-06
7.2406053146043014e-06
7.240998533697797e-06
7.241391795503096e-06
7.241785100027157e-06
7.242178447276941e-06
7.242834120991544e-06
7.243227582210633e-06
7.24453942840584e-06
7.244933074930721e-06
7.2457204963318545e-06
7.246114271222058e-06
7.248083787848588e-06
7.248609173114909e-06
7.249266011816304e-06
7.250711476063589e-06
7.251500154094378e-06
7.252289003716798e-06
7.252551991732091e-06
7.253604134554357e-06
7.253867217960575e-06
7.254393442028329e-06
7.255051329488156e-06
7.255709336283989e-06
7.25689404934688e-06
7.257815760346924e-06
7.258737705513012e-06
7.258869431086108e-06
7.2596598849343916e-06
7.260318727992159e-06
7.261373125658063e-06
7.261900439344977e-06
7.2622959748724566e-06
7.26308717520382e-06
7.264142377190593e-06
7.264670093169395e-06
7.265593780651724e-06
7.266517703053755e-06
7.266913741733886e-06
7.267705948617319e-06
7.268102116834742e-06
7.269422989550205e-06
7.270480033444209e-06
7.2710086706778405e-06
7.27153738479158e-06
7.2720661758022e-06
7.272330600149084e-06
7.2733884898627155e-06
7.273917550144569e-06
7.275372862859222e-06
7.275902211874272e-06
7.276431637924762e-06
7.277225921478733e-06
7.27802037845706e-06
7.278550112817527e-06
7.2794773335274535e-06
7.28053730365301e-06
7.281067404481497e-06
7.281730139081046e-06
7.2825255798710996e-06
7.283453813798504e-06
7.283719066955588e-06
7.2846476051721005e-06
7.2851783047390085e-06
7.285443683520327e-06
7.286770867490072e-06
7.287036362311448e-06
7.287965746560991e-06
7.2891610175668785e-06
7.290223809870964e-06
7.2911540074005215e-06
7.291818579553741e-06
7.2930151147738254e-06
7.2936800262572485e-06
7.293813023103153e-06
7.294212042744083e-06
7.295276308590188e-06
7.296740181323994e-06
7.297672042618405e-06
7.29873731844391e-06
7.300069350658831e-06
7.300868803387603e-06
7.301401869158879e-06
7.302334921591179e-06
7.303401559276233e-06
7.304335122895439e-06
7.30526892521231e-06
7.3068702847852695e-06
7.307137246305329e-06
7.308872971787751e-06
7.30967435400753e-06
7.310876756895071e-06
7.312346897736829e-06
7.3126142595978065e-06
7.313015339049674e-06
7.313282749794314e-06
7.314352588366522e-06
7.315556530963094e-06
7.316091743790468e-06
7.317028554703935e-06
7.31823337846244e-06
7.320376267340142e-06
7.321984257733846e-06
7.3234588696241236e-06
7.324531687755215e-06
7.324799941401601e-06
7.325738983920004e-06
7.326812470234825e-06
7.327617791455998e-06
7.328826105278588e-06
7.329094673580447e-06
7.329497562942061e-06
7.330034817665385e-06
7.3316470545107965e-06
7.332453438920663e-06
7.3346046648085675e-06
7.335949822103217e-06
7.336488023183302e-06
1.0395073957893835e-05
1.039717196922437e-05
1.0398507508334097e-05
1.039907998727642e-05
1.0400606906002986e-05
1.040175238934371e-05
1.040442616529573e-05
1.0405381418437112e-05
1.0407101316192226e-05
1.04082482305978e-05
1.0409395397822599e-05
1.041073407923181e-05
1.0411307905244848e-05
1.041283841724856e-05
1.0414369379303585e-05
1.0415135029162377e-05
1.0417815690456056e-05
1.0419539701510833e-05
1.0421455938697318e-05
1.0423181154888472e-05
1.042452338465878e-05
1.0425290528316929e-05
1.0427400755679866e-05
1.0429319885645575e-05
1.043085569831511e-05
1.0432199905496542e-05
1.0433544459174155e-05
1.0436042407165264e-05
1.0437580200524335e-05
1.0439118447150428e-05
1.0440272429697047e-05
1.0441619065167986e-05
1.0443158502573932e-05
1.0444505882714342e-05
1.0446431314714106e-05
1.044777953956021e-05
1.045066976498288e-05
1.045298309691145e-05
1.0453947287508148e-05
1.0456069133068856e-05
1.0456647967719712e-05
1.045896394733604e-05
1.0460315409275222e-05
1.046147408323641e-05
1.0463019381204725e-05
1.0465144911477185e-05
1.046591804570528e-05
1.0467658015455188e-05
1.0468818316737177e-05
1.0471720195636372e-05
1.0473655675489181e-05
1.0475979195937784e-05
1.0476947633750563e-05
1.0479854021798097e-05
1.0482955946919245e-05
1.048431361665649e-05
1.0486641868842952e-05
1.0487418182715501e-05
1.0488971155329323e-05
1.049168996438997e-05
1.0492855599790143e-05
1.0494215835154389e-05
1.0496548487879573e-05
1.0498104165894746e-05
1.0499660305107776e-05
1.0501411513253398e-05
1.0502968633193088e-05
1.0505305179115453e-05
1.1124089215195506e-05
1.1126771011052591e-05
1.1127596439169138e-05
1.1130279926540152e-05
1.11333778668448e-05
1.1135650785991351e-05
1.113854493474669e-05
1.114019940956943e-05
1.1142475115138908e-05
1.1144751750654753e-05
1.1146408069999442e-05
1.11474435196195e-05
1.1150551023063056e-05
1.1152001784320285e-05
1.115324559446799e-05
1.1154904439651967e-05
1.1156356334021309e-05
1.1157601115760111e-05
1.1159468809284678e-05
1.1161960040183056e-05
1.1163621478807725e-05
1.1165075643387483e-05
1.1166322371726872e-05
1.1168400871135268e-05
1.1169232487574229e-05
1.1172352152539848e-05
1.1173808592658807e-05
1.1176722612372631e-05
1.1178596713492566e-05
1.1180054782268433e-05
1.1183805849130458e-05
1.1186725086231006e-05
1.1188602543542311e-05
1.1191106800462566e-05
2.3630518192389727e-05
2.3635809495375465e-05
2.3638897183238776e-05
2.364551637452009e-05
2.3649048125812936e-05
2.3649489668907144e-05
2.3657882121489448e-05
2.3661859573090236e-05
2.3666280532615872e-05
2.3670703144466038e-05
2.3673799956390367e-05
2.367822537931894e-05
2.3681766909093175e-05
2.3687081190587502e-05
2.3692397857708444e-05
2.369816027439975e-05
2.3706143634276588e-05
2.3711912740161115e-05
2.3715908381701303e-05
2.3723015070357468e-05
2.3728792391799827e-05
2.373368309287365e-05
2.3740800439829564e-05
2.374569609258322e-05
2.375014843842774e-05
2.375549345786213e-05
2.376306968832858e-05
2.3764853033145715e-05
2.3768420525907577e-05
2.3772881398345906e-05
2.378091518974667e-05
2.3786274067953627e-05
2.378984799539228e-05
2.3794763899586097e-05
2.37996818358323e-05
2.380281249021266e-05
2.3809076270496167e-05
2.3815343348311928e-05
2.3818926017162163e-05
2.382206173675368e-05
2.382743917732631e-05
2.3831025486654626e-05
2.383640697528541e-05
2.3842239664702817e-05
2.3848075209298238e-05
2.385166773371496e-05
2.3855261340665686e-05
2.385930544306102e-05
2.386335091685506e-05
2.3869646603600545e-05
2.3877295833411877e-05
2.3881797670896258e-05
2.3886751653214654e-05
2.3893961115722226e-05
2.3900723940348825e-05
2.3909295682484554e-05
2.3914261080798736e-05
2.391787357515562e-05
2.3921035403132395e-05
2.392419806717663e-05
2.392690958776453e-05
2.3931430154861544e-05
2.3936857090663995e-05
2.394319162744394e-05
2.3948623899466197e-05
2.3953152676134463e-05
2.3957683165944782e-05
2.396448211492861e-05
2.3967202775149793e-05
2.39721922569819e-05
2.398081534772182e-05
2.3985356308779903e-05
2.398899031602338e-05
2.3991262129792727e-05
2.3998080153587712e-05
2.7163441797588138e-05
2.7173741318621597e-05
2.7183017567815306e-05
2.7190752614738653e-05
2.7200040483781184e-05
2.7207785223008928e-05
2.7217084733747285e-05
2.7227424982112214e-05
2.72325980531859e-05
2.7235702839480367e-05
2.7242432305723447e-05
2.724812906741694e-05
2.726108511798344e-05
2.726678968427594e-05
2.727197772577075e-05
2.728028269985979e-05
2.7285995304270575e-05
2.72953483648182e-05
2.7302627401678794e-05
2.731303276293558e-05
2.7316676513375644e-05
2.7325008737648144e-05
2.7331782413587075e-05
2.7342210013607518e-05
2.7350557824167717e-05
2.735891073360056e-05
2.7366223715696757e-05
2.7375631867782064e-05
2.7381907563774374e-05
2.739289695811435e-05
2.7401275752419916e-05
2.7407563212676316e-05
2.7414902230807973e-05
2.7425393363054805e-05
2.743011699263852e-05
2.7435892527866573e-05
2.744219588622338e-05
2.7450079158367805e-05
2.7457966961041614e-05
2.7464806724406634e-05
2.7470596878573574e-05
2.7475862774039783e-05
2.7483238420289023e-05
2.7490090781230023e-05
2.7495364153718268e-05
2.750116720070096e-05
2.750538913729027e-05
2.7515421433873405e-05
2.7525461051472613e-05
2.7532334485849662e-05
2.7538682242032995e-05
2.754397427520914e-05
2.7551386539545852e-05
2.7562512419155306e-05
2.757205604180693e-05
2.7579483429861526e-05
2.7591163127939583e-05
2.759700668746069e-05
2.760763768506748e-05
2.7620405698796263e-05
2.7625729190758872e-05
2.763265279893068e-05
2.763957987838585e-05
2.764917695473251e-05
2.765771328599362e-05
2.7663585071957488e-05
2.766999350076897e-05
2.7682284625387875e-05
2.7691911385883564e-05
2.7697797703015194e-05
2.7706899662362432e-05
2.7716543553647625e-05
2.772458525954725e-05
2.773316822423879e-05
2.774014579704535e-05
2.775142468069727e-05
2.775411148116593e-05
2.775894903327846e-05
2.7764326069410815e-05
2.7770781263118466e-05
2.7783162111520322e-05
2.7791242527064145e-05
2.7802023728703975e-05
2.7811733964595015e-05
2.781821122432476e-05
2.782577184161312e-05
2.783333656976782e-05
2.7841987011389317e-05
2.785172518767529e-05
2.785930403571174e-05
0.0
0.0
0.0
0.0
0.0
0.0
0.0
0.0
0.0
0.0
0.0
0.0
0.0
0.0
0.0
0.0
0.0
0.0
0.0
0.0
0.0
0.0
0.0
0.0
0.0
0.0
0.0
0.0
0.0
0.0
0.0
0.0
0.0
0.0
0.0
0.0
0.0
0.0
0.0
0.0
0.0
0.0
0.0
0.0
0.0
0.0
0.0
0.0
0.0
0.0
0.0
0.0
0.0
0.0
0.0
0.0
0.0
0.0
0.0
0.0
0.0
0.0
0.0
0.0
0.0
0.0
0.0
0.0
0.0
0.0
0.0
0.0
0.0
0.0
0.0
0.0
0.0
0.0
0.0
0.0
0.0
0.0
0.0
0.0
0.0
0.0
0.0
0.0
0.0
0.0
0.0
0.0
0.0
0.0
0.0
0.0
0.0
0.0
0.0
0.0
0.0
0.0
0.0
0.0
0.0
0.0
0.0
0.0
0.0
0.0
0.0
0.0
0.0
0.0
0.0
0.0
0.0
0.0
0.0
0.0
0.0
0.0
0.0
0.0
0.0
0.0
0.0
0.0
0.0
0.0
0.0
0.0
0.0
0.0
0.0
0.0
0.0
0.0
0.0
0.0
0.0
0.0
0.0
0.0
0.0
0.0
0.0
0.0
0.0
0.0
0.0
0.0
0.0
0.0
0.0
0.0
0.0
0.0
0.0
0.0
0.0
0.0
0.0
0.0
0.0
0.0
0.0
0.0
0.0
0.0
0.0
0.0
0.0
0.0
0.0
0.0
0.0
0.0
0.0
0.0
0.0
0.0
0.0
0.0
0.0
0.0
0.0
0.0
0.0
0.0
0.0
0.0
0.0
0.0
0.0
0.0
0.0
0.0
0.0
0.0
0.0
0.0
0.0
0.0
0.0
0.0
0.0
0.0
0.0
0.0
0.0
0.0
0.0
0.0
0.0
0.0
0.0
0.0
0.0
0.0
0.0
0.0
0.0
0.0
0.0
0.0
0.0
0.0
0.0
0.0
0.0
0.0
0.0
0.0
0.0
0.0
0.0
0.0
0.0
0.0
0.0
0.0
0.0
0.0
0.0
0.0
0.0
0.0
0.0
0.0
0.0
0.0
0.0
0.0
0.0
0.0
0.0
0.0
0.0
0.0
0.0
0.0
0.0
0.0
0.0
0.0
0.0
0.0
0.0
0.0
0.0
0.0
0.0
0.0
0.0
0.0
0.0
0.0
0.0
0.0
0.0
0.0
0.0
0.0
0.0
0.0
0.0
0.0
0.0
0.0
0.0
0.0
0.0
0.0
0.0
0.0
0.0
0.0
0.0
0.0
0.0
0.0
0.0
0.0
0.0
0.0
0.0
0.0
0.0
0.0
0.0
0.0
0.0
0.0
0.0
0.0
0.0
0.0
0.0
0.0
0.0
0.0
0.0
0.0
0.0
0.0
0.0
0.0
0.0
0.0
0.0
0.0
0.0
0.0
0.0
0.0
0.0
0.0
0.0
0.0
0.0
0.0
0.0
0.0
0.0
0.0
0.0
0.0
0.0
0.0
0.0
0.0
0.0
0.0
0.0
0.0
0.0
0.0
0.0
0.0
0.0
0.0
0.0
0.0
0.0
0.0
0.0
0.0
0.0
0.0
0.0
0.0
0.0
0.0
0.0
0.0
0.0
0.0
0.0
0.0
0.0
0.0
0.0
0.0
0.0
0.0
0.0
0.0
0.0
0.0
0.0
0.0
0.0
0.0
0.0
0.0
0.0
0.0
0.0
0.0
0.0
0.0
0.0
0.0
0.0
0.0
0.0
0.0
0.0
0.0
0.0
0.0
0.0
0.0
0.0
0.0
0.0
0.0
0.0
0.0
0.0
0.0
0.0
0.0
0.0
0.0
0.0
0.0
0.0
0.0
0.0
0.0
0.0
0.0
0.0
0.0
0.0
0.0
0.0
0.0
0.0
0.0
0.0
0.0
0.0
0.0
0.0
0.0
0.0
0.0
0.0
0.0
0.0
0.0
0.0
0.0
0.0
0.0
0.0
0.0
0.0
0.0
0.0
0.0
0.0
0.0
0.0
0.0
0.0
0.0
0.0
0.0
0.0
0.0
0.0
0.0
0.0
0.0
0.0
0.0
0.0
0.0
0.0
0.0
0.0
0.0
0.0
0.0
0.0
0.0
0.0
0.0
0.0
0.0
0.0
0.0
0.0
0.0
0.0
0.0
0.0
0.0
0.0
0.0
0.0
0.0
0.0
0.0
0.0
0.0
0.0
0.0
0.0
0.0
0.0
0.0
0.0
0.0
0.0
0.0
0.0
0.0
0.0
0.0
0.0
0.0
0.0
0.0
0.0
0.0
0.0
0.0
0.0
0.0
0.0
0.0
0.0
0.0
0.0
0.0
0.0
0.0
0.0
0.0
0.0
0.0
0.0
0.0
0.0
0.0
0.0
0.0
0.0
0.0
0.0
0.0
0.0
0.0
0.0
0.0
0.0
0.0
0.0
0.0
0.0
0.0
0.0
0.0
0.0
0.0
0.0
0.0
0.0
0.0
0.0
0.0
0.0
0.0
0.0
0.0
0.0
0.0
0.0
0.0
0.0
0.0
0.0
0.0
0.0
0.0
0.0
0.0
0.0
0.0
0.0
0.0
0.0
0.0
0.0
0.0
0.0
0.0
0.0
0.0
0.0
0.0
0.0
0.0
0.0
0.0
0.0
0.0
0.0
0.0
0.0
0.0
0.0
0.0
0.0
0.0
0.0
0.0
0.0
0.0
0.0
0.0
0.0
0.0
0.0
0.0
0.0
0.0
0.0
0.0
0.0
0.0
0.0
0.0
0.0
0.0
0.0
0.0
0.0
0.0
0.0
0.0
0.0
0.0
0.0
0.0
0.0
0.0
0.0
0.0
0.0
0.0
0.0
0.0
0.0
0.0
0.0
0.0
0.0
0.0
0.0
0.0
0.0
0.0
0.0
0.0
0.0
0.0
0.0
0.0
0.0
0.0
0.0
0.0
0.0
0.0
0.0
0.0
0.0
0.0
0.0
0.0
0.0
0.0
0.0
0.0
0.0
0.0
0.0
0.0
0.0
0.0
0.0
0.0
0.0
0.0
0.0
0.0
0.0
0.0
0.0
0.0
0.0
0.0
0.0
0.0
0.0
0.0
0.0
0.0
0.0
0.0
0.0
0.0
0.0
0.0
0.0
0.0
0.0
0.0
