3.465624589203982e-05
3.46568671387171e-05
3.46568671387171e-05
3.46568671387171e-05
3.465748840766767e-05
3.465748840766767e-05
3.465748840766767e-05
3.465748840766767e-05
3.465748840766767e-05
3.465748840766767e-05
3.465748840766767e-05
3.465810969889274e-05
3.465873101239349e-05
3.465873101239349e-05
3.465873101239349e-05
3.465935234817112e-05
3.465935234817112e-05
3.465997370622684e-05
3.465997370622684e-05
3.4660595086561845e-05
3.4660595086561845e-05
3.4660595086561845e-05
3.4660595086561845e-05
3.4660595086561845e-05
3.4660595086561845e-05
3.4660595086561845e-05
3.4660595086561845e-05
3.46618379140745e-05
3.46618379140745e-05
3.46618379140745e-05
3.466245936125454e-05
3.466245936125454e-05
3.466245936125454e-05
3.466245936125454e-05
3.4663702322468056e-05
3.4664323836503924e-05
3.4664323836503924e-05
3.4664945372827465e-05
3.4668053388802216e-05
3.46692967512478e-05
3.46692967512478e-05
3.46692967512478e-05
3.46692967512478e-05
3.466991846591588e-05
3.466991846591588e-05
3.466991846591588e-05
3.466991846591588e-05
3.466991846591588e-05
3.467054020288244e-05
3.4671161962148656e-05
3.4671161962148656e-05
3.4671161962148656e-05
3.467178374371574e-05
3.467178374371574e-05
3.467364922223418e-05
3.467364922223418e-05
3.467489298610613e-05
3.4676136839210344e-05
3.4676136839210344e-05
3.467738078155642e-05
3.4678002786198154e-05
3.467924686242504e-05
3.467986893401258e-05
3.467986893401258e-05
3.467986893401258e-05
3.4680491027917796e-05
3.4681113144141885e-05
3.4681113144141885e-05
3.4682357443551474e-05
3.468422406008743e-05
3.4685468582739793e-05
3.4687335534184965e-05
3.468920268661894e-05
3.469044756658473e-05
3.469107004007417e-05
3.469169253590291e-05
3.469231505407216e-05
3.4692937594583115e-05
3.469480535017826e-05
3.469542798006808e-05
3.4696050632305614e-05
3.469854146475705e-05
3.469916422875125e-05
3.469978701510039e-05
3.470103265486832e-05
3.47041471455839e-05
3.47041471455839e-05
3.4705393098413725e-05
3.470601610837851e-05
3.470726219541386e-05
3.470726219541386e-05
3.470913149374936e-05
3.471037780450876e-05
3.471100099345279e-05
3.471474059709354e-05
3.471474059709354e-05
3.471661070109597e-05
3.4717857549038975e-05
3.4717857549038975e-05
3.471972798888969e-05
3.47215986302928e-05
3.771551724137931e-05
3.771687201408097e-05
3.771822688411524e-05
4.969405228053789e-05
4.969405228053789e-05
4.969494488650992e-05
4.9695837524548545e-05
4.969673019465551e-05
4.9699408397403657e-05
4.970297978346268e-05
4.9704765668978236e-05
4.9707444737898036e-05
4.971012409563509e-05
4.971012409563509e-05
4.971459033380652e-05
4.9715483677747824e-05
4.971727046195131e-05
5.031717792513522e-05
5.032079506856208e-05
5.0322603835301304e-05
5.0324412732076416e-05
5.032712632108706e-05
5.032893554301326e-05
5.033074489502444e-05
5.033436398935788e-05
5.033526884426627e-05
5.0337983604199625e-05
5.034069865698207e-05
5.0343414002661006e-05
5.03452243958573e-05
5.034794022980238e-05
5.0350656356770364e-05
5.035337277680867e-05
5.035427831528971e-05
5.0356995126162256e-05
5.035790079493543e-05
5.036061799672656e-05
5.036424138861408e-05
5.0366959274715785e-05
5.0369677454172585e-05
5.037239592703198e-05
5.037420840529649e-05
4.377758587603148e-05
4.3779161119307216e-05
4.378467536362274e-05
4.379176714777622e-05
4.379570802061398e-05
4.379570802061398e-05
4.379728456835677e-05
4.379964960280318e-05
4.3802014892685065e-05
4.3802014892685065e-05
4.3805957610234996e-05
4.380911229535744e-05
4.3810689808313235e-05
4.3813056290774656e-05
4.3817000996386605e-05
4.3819368160727045e-05
4.3821735580848104e-05
4.3826471188597915e-05
4.3831997358071396e-05
4.383673518408427e-05
4.384068415489575e-05
4.384226394244052e-05
4.384463383724632e-05
4.384937439556942e-05
4.385332564398309e-05
4.3857277604551546e-05
4.3857277604551546e-05
4.385964912280702e-05
4.385964912280702e-05
4.386439292881951e-05
4.386597442553601e-05
4.386834688444597e-05
4.387151056221642e-05
4.387151056221642e-05
4.3874674696333166e-05
4.387625693455226e-05
4.387942175337361e-05
4.3884169837748806e-05
4.388654426529116e-05
4.388891894979228e-05
4.3892877328426954e-05
4.389446087981336e-05
4.509948947377916e-05
4.510518529210118e-05
4.510762679753893e-05
4.511006856730422e-05
4.5113324671575e-05
4.511739546299471e-05
4.512065262511957e-05
4.512553925019404e-05
4.512553925019404e-05
4.5129612246371576e-05
4.5130426933838797e-05
4.513205639701767e-05
4.513450081242101e-05
4.513613056979851e-05
4.513939043767153e-05
4.514591158624675e-05
4.514917286715307e-05
4.5153250130944426e-05
4.515569684271368e-05
4.5157328131209136e-05
4.515814381965644e-05
4.516059106181582e-05
4.5161406868146755e-05
4.516303856923494e-05
4.516711833785005e-05
4.517119884361731e-05
4.517446377911494e-05
4.5176096423860205e-05
4.517854561225965e-05
4.518099506623534e-05
4.5182628183116156e-05
4.518426141806286e-05
4.518916183142635e-05
4.519324632126975e-05
4.5196514444806015e-05
4.5204686821929695e-05
4.5208774118880995e-05
4.521367985097571e-05
4.5221040445698575e-05
4.522594884040667e-05
4.5227585208770534e-05
4.523413186654122e-05
4.52398617469825e-05
4.524395540755755e-05
4.524886877828054e-05
4.525296406914653e-05
4.525787939680298e-05
4.526115687516973e-05
4.526771325619715e-05
4.527017238881646e-05
4.527345164795364e-05
4.5275091455684744e-05
4.528247206071474e-05
4.528575310207409e-05
4.528903461893806e-05
4.529231661141004e-05
4.529724049210922e-05
4.53029863728617e-05
4.5304628320829256e-05
4.53079125738519e-05
4.5310376076121435e-05
4.5314482508609755e-05
4.531776819055215e-05
4.532187596308987e-05
4.5325984480382914e-05
4.5331737656167835e-05
4.533749229262631e-05
4.534324839031468e-05
4.5349828577647977e-05
4.5354764971607915e-05
4.535887945424196e-05
4.536546417942948e-05
4.537040397807702e-05
4.537287428083994e-05
4.537863936687722e-05
4.538111056653778e-05
4.538440591812653e-05
4.538770174833427e-05
4.539017393514652e-05
4.539676775013619e-05
4.5402538909975845e-05
4.540501271340356e-05
4.5410785969883565e-05
4.5414910623455896e-05
4.542316217885824e-05
4.54272890810968e-05
4.5433893684688776e-05
4.846546229992852e-05
4.8472510027750515e-05
4.8476915898610536e-05
4.8483966958176523e-05
4.848925659908477e-05
4.849719322494211e-05
4.849895727241865e-05
4.850425018492246e-05
4.8506897074427775e-05
4.851660480799554e-05
4.8521018698787586e-05
4.852808259479658e-05
4.853426519122501e-05
4.85395658135838e-05
4.8547518918361285e-05
4.8550170532474e-05
4.8557242919747024e-05
4.856254856254857e-05
4.856520181876681e-05
4.857050920107584e-05
4.857404810045114e-05
4.857758751556001e-05
4.858024241540966e-05
4.8584667893429535e-05
4.8591750335586784e-05
4.859706352243666e-05
4.8607693382670146e-05
4.861123770287597e-05
4.861566883006394e-05
4.862542015402102e-05
4.8632514483370726e-05
4.863428838917158e-05
4.863783658902852e-05
4.864315985966449e-05
4.864670935415413e-05
4.865558535710159e-05
4.866535270214371e-05
4.866979370091196e-05
4.8676012461059195e-05
4.8679566751855915e-05
4.868489916140262e-05
4.868845475016737e-05
4.869645672406762e-05
4.870001400125403e-05
4.870268230022769e-05
4.8708019775456035e-05
4.8714248308702194e-05
4.8720478435098235e-05
4.8726710155255484e-05
4.873739681379269e-05
4.874363286295728e-05
4.874897931824553e-05
4.8758784199715984e-05
4.8765025723551075e-05
4.87668093095839e-05
4.877037687308729e-05
4.877662136537958e-05
4.878465234837121e-05
4.878732993041708e-05
4.8792685976372144e-05
4.879715024642561e-05
4.8800722250689316e-05
4.880429477794046e-05
4.881233487702343e-05
4.8817696414950424e-05
4.882127142796117e-05
4.883110541414882e-05
4.88355767176388e-05
4.8844521781603935e-05
4.8851680192475624e-05
4.8863317086280406e-05
4.886868983042565e-05
4.887495952542415e-05
4.888840000488885e-05
4.889108898789335e-05
4.8893778266715567e-05
4.889736443205712e-05
4.890722909980132e-05
4.8917995095970996e-05
4.892697038083531e-05
4.893415298039576e-05
4.894493083469462e-05
4.894762604013706e-05
4.895481470602634e-05
4.8962904479493726e-05
4.897099692706995e-05
4.8981791019188625e-05
4.898898972455941e-05
4.900429400126187e-05
4.901149932302867e-05
4.9018706763968805e-05
4.9022311279421055e-05
4.902862045719189e-05
4.9037636385926207e-05
4.9045753557349816e-05
4.905206877100042e-05
4.905838561117551e-05
4.906560684955872e-05
4.9074636387616024e-05
4.908457271879449e-05
4.9088186927815825e-05
4.909270543763079e-05
4.9097224779369354e-05
4.910536169167972e-05
4.9111692266136266e-05
4.9127073316016045e-05
4.913250422232459e-05
4.9137936329519006e-05
4.913974729884952e-05
4.9152427822731776e-05
4.915877053914882e-05
4.916330205318241e-05
4.917055421360919e-05
4.917780851390811e-05
4.918960131828132e-05
4.920049200492006e-05
4.920866318515375e-05
4.921774545812493e-05
4.9222287851939364e-05
4.92286486120598e-05
4.9233193018733234e-05
4.924228434957098e-05
4.925319837956978e-05
4.926229710091382e-05
4.926502737288084e-05
4.927322000492733e-05
4.9282326125793146e-05
4.928596951662786e-05
4.929599161968143e-05
4.9304194554351715e-05
4.931148834399695e-05
4.932243307562363e-05
4.932973226287815e-05
4.9336120824159905e-05
4.933977217360199e-05
4.934981617193476e-05
4.935895062870964e-05
4.9366260629172996e-05
4.9373572795161396e-05
4.937905834135744e-05
4.938454510660889e-05
4.939186269062173e-05
4.9400097565192695e-05
4.940558900725645e-05
4.941932295527552e-05
6.179018524697537e-05
6.179820414418758e-05
6.181195566846539e-05
6.183030055709101e-05
6.184062434294337e-05
6.18520992602489e-05
6.186472658884084e-05
6.18785077379074e-05
6.188654957731487e-05
6.189574281080947e-05
6.190493877601555e-05
6.191298748738524e-05
6.193254307408371e-05
6.194520327318454e-05
6.195441394222132e-05
6.196477921949164e-05
6.197514796566578e-05
6.198667286533395e-05
6.199013117111755e-05
6.199820205214049e-05
6.201319640819566e-05
6.203512428737152e-05
6.204205210291535e-05
6.205129159763461e-05
6.206053384471214e-05
6.206862306966582e-05
6.208018276405805e-05
6.208480784751971e-05
6.209059017105958e-05
6.210562925423561e-05
6.212762256226741e-05
6.214036265115643e-05
6.215774392252659e-05
6.216933683968393e-05
6.218209404419903e-05
6.219833806040702e-05
6.221575178403669e-05
6.222388152572957e-05
6.224130955715308e-05
6.225177106288674e-05
6.226339908348277e-05
6.227386801676413e-05
6.228783207200473e-05
6.230529595015576e-05
6.232859636000998e-05
6.234141901537964e-05
6.235424694775961e-05
6.237408232131385e-05
6.238692370079232e-05
6.240444319635559e-05
6.242431052349027e-05
6.243951172301833e-05
6.245823105797998e-05
6.247344878426669e-05
6.248281722526305e-05
6.249218847644045e-05
6.250742275645233e-05
6.251562890722681e-05
6.25250100040016e-05
6.253322077353595e-05
6.254378064645252e-05
6.255434408642508e-05
6.256725980428961e-05
6.258018085672268e-05
6.260603897851986e-05
6.262132882459766e-05
6.263427222107393e-05
6.264604358911713e-05
6.265899720540872e-05
6.267666986317683e-05
6.268727824375321e-05
6.269789021599424e-05
6.27132249648806e-05
6.271794485838289e-05
6.272738677706687e-05
6.27415549866988e-05
6.276163757664765e-05
6.27722747416921e-05
6.277463904582549e-05
6.279355989249743e-05
6.281485948315934e-05
6.282551469802916e-05
6.283972727558363e-05
6.285394628501751e-05
6.287172909829366e-05
6.288003118849548e-05
6.289664194828639e-05
6.290969941745619e-05
6.291919916443303e-05
6.294177256619901e-05
6.296079431338105e-05
6.297268874489134e-05
6.29857778113702e-05
6.300720802459801e-05
6.302746106478592e-05
6.303461230561702e-05
6.305011222919977e-05
6.305965443309372e-05
6.308352258390108e-05
6.309546343617894e-05
6.312174922991466e-05
6.313729204154434e-05
6.314446822886081e-05
6.315762880998396e-05
6.317438657670634e-05
6.319474725260836e-05
6.320912739799627e-05
6.322591250798228e-05
6.324390644961359e-05
6.325710851756967e-05
6.326911518142419e-05
6.328232777714495e-05
6.329554589243555e-05
6.332199869556682e-05
6.334245464680247e-05
6.336412829968698e-05
6.337015139129167e-05
6.339063847051067e-05
6.340269588262893e-05
6.341596433486167e-05
6.344251790665068e-05
6.345821910853894e-05
6.347151081237187e-05
6.66603180649462e-05
6.668190824569425e-05
6.670224119530417e-05
6.672131460052995e-05
6.674039891689867e-05
6.676458806249166e-05
6.677732623585752e-05
6.68002672010688e-05
6.681939671630393e-05
6.684364316953458e-05
6.6867907225555e-05
6.688707550595296e-05
6.690369690713766e-05
6.691904707276969e-05
6.693312424700235e-05
6.694592681853829e-05
6.696257748526824e-05
6.698180008803322e-05
6.700231636579435e-05
6.701642859878222e-05
6.704467090644396e-05
6.705237748572742e-05
6.707807888382076e-05
6.7097367866112e-05
6.711795501179358e-05
6.714113065664025e-05
6.716690015160529e-05
4.479340641057636e-05
4.479942656733993e-05
4.481233235386378e-05
4.48278291163154e-05
4.483816624710954e-05
4.485281867927671e-05
4.4864029943535406e-05
4.487524681385747e-05
4.488215229155446e-05
4.489337822671155e-05
4.490979546796006e-05
4.492190006802459e-05
4.4934011194987923e-05
4.495305616563274e-05
4.496431760224564e-05
4.497038379010394e-05
4.498252107752416e-05
4.49981357915172e-05
4.5009419828578405e-05
4.501723517003652e-05
4.503374314039591e-05
4.505113303599585e-05
5.7935189834305346e-05
5.7950857672693546e-05
5.7966533987711084e-05
5.798333945379694e-05
5.8002397432427197e-05
5.8018101647714076e-05
5.803718248824746e-05
5.80585229911751e-05
5.807650611739197e-05
5.8099000697188e-05
5.812151270923744e-05
5.813840817038428e-05
5.815869569431789e-05
5.818351079304124e-05
5.81970552290054e-05
5.8212865043174534e-05
5.8233204573247654e-05
5.82535583215208e-05
5.826939885403515e-05
5.827619029118669e-05
5.830110577763957e-05
5.831357151187652e-05
5.833511579520484e-05
5.835781119302818e-05
5.837711617046117e-05
5.839757066106049e-05
5.841576446763766e-05
5.844649223635761e-05
5.846471654356595e-05
5.848295221942803e-05
5.850348095711694e-05
5.851489204002418e-05
5.8525165821303154e-05
5.854800936768149e-05
5.856058092096273e-05
5.858688434949028e-05
5.861206627070959e-05
5.862695667467901e-05
5.866249511145873e-05
5.868315011149797e-05
5.869692819409117e-05
5.871645822323996e-05
3.2624085709997976e-05
3.26317506934247e-05
3.2643254924235e-05
3.265092891892774e-05
3.266180658984609e-05
3.267589433922806e-05
3.268550659266668e-05
3.269320046816663e-05
3.270603164635622e-05
3.272529730932605e-05
3.27387967837406e-05
3.274651577072199e-05
3.2753594707019093e-05
3.276840601365787e-05
3.27838755786354e-05
3.279419673894507e-05
3.279935975649755e-05
3.280517009480694e-05
3.281356644090933e-05
3.2827138852231914e-05
3.283489955804225e-05
3.284590017474018e-05
3.285496504231719e-05
3.2864682954403536e-05
3.2875703540055755e-05
3.288478486773739e-05
3.2892572857048876e-05
3.290686042226083e-05
3.2919859893076294e-05
3.2932218907045515e-05
3.294588967080467e-05
3.295435821387378e-05
3.2964787014511095e-05
3.297391763115375e-05
3.298435881704895e-05
3.299545982472812e-05
3.301114456240426e-05
3.302553534392792e-05
3.303404488666019e-05
3.304452419189616e-05
3.305697700556679e-05
3.30727202973899e-05
3.308847859175435e-05
3.3100964562107336e-05
3.311806590495115e-05
3.312794010468429e-05
3.313716133821112e-05
3.3151002817835234e-05
3.3164855865536404e-05
3.3178720495822793e-05
3.319193568730541e-05
3.320648456230533e-05
3.3217735613398703e-05
3.323495785807343e-05
3.324357567900003e-05
3.3260160979179134e-05
3.327476973859341e-05
3.3289391336768796e-05
3.3306687982946975e-05
3.332067147817162e-05
3.3335333453340534e-05
3.334733921580397e-05
3.33580182668508e-05
3.3374049673935534e-05
3.33921034353796e-05
3.3413525795241913e-05
3.342089608106572e-05
3.344369753519949e-05
3.346115494522409e-05
3.347863059009434e-05
3.349545131771105e-05
3.350892007452384e-05
3.3519702881353654e-05
3.353589010959529e-05
3.355074214241619e-05
3.356425541055797e-05
3.357710310185278e-05
3.358657611725745e-05
3.3598763565500784e-05
3.361367135241245e-05
3.3629949487815865e-05
3.36380944692245e-05
3.364896058360757e-05
3.3661193356626874e-05
3.3684323989301856e-05
3.3702715090727704e-05
3.371498698601502e-05
3.3724537973829754e-05
3.3738191632928474e-05
3.375937666686922e-05
3.37716898678176e-05
3.378469688369956e-05
3.37963432356619e-05
3.3807997619916964e-05
3.382103262376807e-05
3.382858380016779e-05
3.383957335065919e-05
3.385538334450561e-05
3.3870519776996495e-05
3.388566975026261e-05
3.390497114686955e-05
3.3919461630305e-05
3.3931201096656414e-05
3.394571401414857e-05
3.396023935176695e-05
3.3983090014408826e-05
3.3987941078505344e-05
3.400250258419019e-05
3.400944102082738e-05
3.402610482762375e-05
3.404000381248042e-05
3.404834865509023e-05
3.4058089477412674e-05
3.4069925114304595e-05
3.407967828783696e-05
3.409292367276248e-05
3.4110367505099496e-05
3.412154092878834e-05
3.413901406527379e-05
3.415650510639751e-05
3.417331337611832e-05
3.4188034188034184e-05
3.4199960328046016e-05
4.790156911854269e-05
4.7926166317490306e-05
4.7941921786179024e-05
4.796656045499708e-05
4.798530278726058e-05
4.8014925782643287e-05
4.8037661526636876e-05
4.806041881222107e-05
4.808617041738795e-05
4.811194963366186e-05
4.8141729250914686e-05
4.8173534836347615e-05
4.8200403506235063e-05
4.822231866685955e-05
4.824924179762889e-05
4.8268205732883745e-05
4.8302178428247105e-05
4.83261879612562e-05
4.835623346389516e-05
4.838932669708281e-05
4.84114140282446e-05
4.843452689846047e-05
4.844961240310077e-05
4.846672067244112e-05
4.849492535245418e-05
4.851610041446611e-05
4.853325568012424e-05
4.857164664820943e-05
4.859390077125462e-05
4.861921431349669e-05
4.8642526075868434e-05
4.867601246105918e-05
4.869632968806522e-05
4.872480231651631e-05
4.874719703617041e-05
4.8776748820647886e-05
4.8800211932348956e-05
4.882880620544371e-05
4.884618336857236e-05
4.887073690089712e-05
4.8897364432057105e-05
4.893120272896307e-05
4.8959950760278087e-05
4.8991818366332815e-05
4.902166757706906e-05
4.904124368593987e-05
4.906702555691074e-05
4.9096966508854983e-05
4.911556893370099e-05
4.9141429032756264e-05
4.917146088410286e-05
4.919841721663468e-05
4.9224364654093354e-05
4.925449799112011e-05
4.927946383943342e-05
4.933155739726703e-05
4.9360777925860104e-05
4.938898766686422e-05
4.941932295527551e-05
4.9451791567763076e-05
4.9472761710909445e-05
4.951055282068692e-05
4.953367582332045e-05
4.957471972578097e-05
4.961688675300004e-05
4.9635885326923204e-05
4.967498367821964e-05
4.9697202047524716e-05
4.973109685486334e-05
4.975442636700286e-05
4.9776715874505785e-05
4.980327705563025e-05
4.983412356014978e-05
4.9872468972199656e-05
4.990767080900334e-05
4.993864680535342e-05
4.996110171366578e-05
4.998678920570991e-05
5.001679135138224e-05
5.00489764984306e-05
5.007905336280843e-05
5.010593826948405e-05
5.015979477478252e-05
5.0192164286124015e-05
5.022673784512943e-05
5.026460725390088e-05
5.0297112227227975e-05
5.034051764435143e-05
5.0367684093885354e-05
5.041556832749953e-05
5.045154129458654e-05
5.047227629966111e-05
5.0507236965525194e-05
5.054772065885343e-05
5.0584979151762155e-05
5.062448923506396e-05
5.0667361533339115e-05
5.069267925293474e-05
5.0724637681159414e-05
5.074670146440481e-05
5.0777623026926645e-05
5.0820755196422214e-05
5.0858417431359295e-05
5.0878378869482414e-05
5.092168245238822e-05
5.096394664802842e-05
5.0989561708295995e-05
5.101185661295846e-05
5.1038636247639455e-05
5.10777403207682e-05
5.1104589192109446e-05
5.1139310788202885e-05
5.1180814506105135e-05
5.121563979308881e-05
5.1246010132068284e-05
5.127190958564972e-05
5.131024372365768e-05
5.134298581466648e-05
5.137350741613274e-05
5.142219087917254e-05
5.1449403186923025e-05
5.148005148005147e-05
5.150959918173322e-05
5.15289371788643e-05
5.1563098500250444e-05
5.159730514646263e-05
5.1636127585494664e-05
5.16727197566953e-05
5.171280187348093e-05
5.17437648763324e-05
5.177476497954896e-05
5.181155397653676e-05
5.1849547427521734e-05
5.18818280191518e-05
5.1909529106414526e-05
5.1946509936625255e-05
5.198933475932651e-05
5.201599120186663e-05
5.205428518311953e-05
5.207752110999516e-05
5.211008627941428e-05
5.2142692201687926e-05
5.219518014793605e-05
5.2238416131222895e-05
5.2277038431091386e-05
5.231806393267412e-05
5.237208119168929e-05
5.242032111190989e-05
5.245685423738974e-05
5.249580033597312e-05
5.253007346705988e-05
5.257149723624128e-05
5.2604683319806405e-05
5.263078750695478e-05
5.2658105963154365e-05
5.270330299128889e-05
5.273188847958899e-05
5.2781987769659396e-05
5.281783129984682e-05
5.28609078483345e-05
5.2888465781162635e-05
5.2931657668284854e-05
5.298334052392954e-05
5.3021867733163656e-05
5.306769163122502e-05
5.310271582460931e-05
5.3132946221867995e-05
5.316684515536111e-05
5.320321347409383e-05
5.3254212788618806e-05
5.329070077271515e-05
5.334064862228724e-05
5.338946854597595e-05
5.3449394876493716e-05
5.350086747835125e-05
5.3549981257506556e-05
5.358687580858767e-05
5.3637380656828034e-05
5.367563049695965e-05
5.3731251631127276e-05
5.3768396472793185e-05
5.382296856738635e-05
5.3873919635504444e-05
5.3907525490558474e-05
5.395988468001788e-05
5.400484500609483e-05
5.403235766333209e-05
5.405989836739106e-05
5.409624494779712e-05
5.415399849916061e-05
5.418795479176342e-05
5.4226994197711616e-05
5.4269876342210324e-05
5.432547166150574e-05
5.436724295944203e-05
5.4424307450687684e-05
5.4476403934752825e-05
5.451968160505942e-05
5.4594944508138536e-05
5.465760912001249e-05
5.4697328426201574e-05
5.475251861585632e-05
5.480138412638764e-05
5.484517989219004e-05
5.48864634299335e-05
5.492910222305923e-05
5.498605710694787e-05
5.503274448296736e-05
5.5096418732782364e-05
5.51380815098382e-05
5.5186332710516144e-05
5.522551734475712e-05
5.526999392030066e-05
5.53355309444194e-05
5.538807257420023e-05
5.54525722071708e-05
5.549741540608251e-05
5.553968707353454e-05
5.5600565537180884e-05
5.565095719646377e-05
5.568548836173292e-05
5.5728047130005565e-05
5.578800557880055e-05
5.5848093186532626e-05
5.590027391134216e-05
5.5952552235704115e-05
5.599417660563301e-05
5.6049323404596036e-05
5.6096485955844046e-05
5.616670277383273e-05
5.621677187233974e-05
5.626693031742586e-05
5.631853764894241e-05
5.636206993727706e-05
5.640566957558762e-05
5.645753183801527e-05
5.650812102425005e-05
5.6549205887580175e-05
5.659858665243616e-05
5.6660434018924576e-05
5.6726553699786865e-05
5.678453513745913e-05
5.6866185741210106e-05
0.0
0.0
0.0
0.0
0.0
0.0
0.0
0.0
0.0
0.0
0.0
0.0
0.0
0.0
0.0
0.0
0.0
0.0
0.0
0.0
0.0
0.0
0.0
0.0
0.0
0.0
0.0
0.0
0.0
0.0
0.0
0.0
0.0
0.0
0.0
0.0
0.0
0.0
0.0
0.0
0.0
0.0
0.0
0.0
0.0
0.0
0.0
0.0
0.0
0.0
0.0
0.0
0.0
0.0
0.0
0.0
0.0
0.0
0.0
0.0
0.0
0.0
0.0
0.0
0.0
0.0
0.0
0.0
0.0
0.0
0.0
0.0
0.0
0.0
0.0
0.0
0.0
0.0
0.0
0.0
0.0
0.0
0.0
0.0
0.0
0.0
0.0
0.0
0.0
0.0
0.0
0.0
0.0
0.0
0.0
0.0
0.0
0.0
0.0
0.0
0.0
0.0
0.0
0.0
0.0
0.0
0.0
0.0
0.0
0.0
0.0
0.0
0.0
0.0
0.0
0.0
0.0
0.0
0.0
0.0
0.0
0.0
0.0
0.0
0.0
0.0
0.0
0.0
0.0
0.0
0.0
0.0
0.0
0.0
0.0
0.0
0.0
0.0
0.0
0.0
0.0
0.0
0.0
0.0
0.0
0.0
0.0
0.0
0.0
0.0
0.0
0.0
0.0
0.0
0.0
0.0
0.0
0.0
0.0
0.0
0.0
0.0
0.0
0.0
0.0
0.0
0.0
0.0
0.0
0.0
0.0
0.0
0.0
0.0
0.0
0.0
0.0
0.0
0.0
0.0
0.0
0.0
0.0
0.0
0.0
0.0
0.0
0.0
0.0
0.0
0.0
0.0
0.0
0.0
0.0
0.0
0.0
0.0
0.0
0.0
0.0
0.0
0.0
0.0
0.0
0.0
0.0
0.0
0.0
0.0
0.0
0.0
0.0
0.0
0.0
0.0
0.0
0.0
0.0
0.0
0.0
0.0
0.0
0.0
0.0
0.0
0.0
0.0
0.0
0.0
0.0
0.0
0.0
0.0
0.0
0.0
0.0
0.0
0.0
0.0
0.0
0.0
0.0
0.0
0.0
0.0
0.0
0.0
0.0
0.0
0.0
0.0
0.0
0.0
0.0
0.0
0.0
0.0
0.0
0.0
0.0
0.0
0.0
0.0
0.0
0.0
0.0
0.0
0.0
0.0
0.0
0.0
0.0
0.0
0.0
0.0
0.0
0.0
0.0
0.0
0.0
0.0
0.0
0.0
0.0
0.0
0.0
0.0
0.0
0.0
0.0
0.0
0.0
0.0
0.0
0.0
0.0
0.0
0.0
0.0
0.0
0.0
0.0
0.0
0.0
0.0
0.0
0.0
0.0
0.0
0.0
0.0
0.0
0.0
0.0
0.0
0.0
0.0
0.0
0.0
0.0
0.0
0.0
0.0
0.0
0.0
0.0
0.0
0.0
0.0
0.0
0.0
0.0
0.0
0.0
