4.048486580457717e-05
4.048486580457717e-05
4.048486580457717e-05
4.048486580457717e-05
4.048486580457717e-05
4.048486580457717e-05
4.048486580457717e-05
4.048486580457717e-05
4.048558891647466e-05
4.048558891647466e-05
4.048558891647466e-05
4.048558891647466e-05
4.048558891647466e-05
4.048558891647466e-05
1.071677353671388e-05
1.071677353671388e-05
1.071677353671388e-05
1.0716964955524596e-05
1.0716964955524596e-05
1.0717156381173528e-05
1.0717156381173528e-05
1.0717156381173528e-05
1.0717347813661045e-05
1.0717347813661045e-05
1.0717347813661045e-05
1.0717347813661045e-05
1.0717539252987513e-05
1.0717539252987513e-05
1.0717539252987513e-05
1.0717539252987513e-05
1.0717730699153298e-05
1.0717730699153298e-05
1.0717922152158767e-05
1.0717922152158767e-05
1.0718113612004287e-05
1.0718113612004287e-05
1.0718113612004287e-05
1.0718496552216941e-05
1.0718688032584812e-05
1.0718688032584812e-05
1.0718879519794197e-05
1.0719071013845466e-05
1.0719071013845466e-05
1.0719071013845466e-05
1.0719262514738985e-05
1.0719454022475122e-05
1.0719454022475122e-05
1.0719454022475122e-05
1.0719645537054242e-05
1.071983705847671e-05
1.0720028586742898e-05
1.0720028586742898e-05
1.0720028586742898e-05
1.0720220121853168e-05
1.072041166380789e-05
1.0720603212607428e-05
1.0720603212607428e-05
1.0720794768252152e-05
1.0720986330742428e-05
1.0720986330742428e-05
1.0721177900078621e-05
1.07213694762611e-05
1.0721561059290232e-05
1.0721944245889921e-05
1.0722327459880624e-05
1.0722519077148525e-05
1.072271070126528e-05
1.0722902332231258e-05
1.0723093970046824e-05
1.0723285614712347e-05
1.0723668924594734e-05
1.0723860589812333e-05
1.0724243940802174e-05
1.0725010725010725e-05
1.0725394158235315e-05
1.0725585885128974e-05
1.0725777618877368e-05
1.0725777618877368e-05
1.0726161106939826e-05
1.0726544622425629e-05
1.0726736390453204e-05
1.072692816533772e-05
1.0727887142627259e-05
1.0728078958661135e-05
1.0728270781554525e-05
1.07284626113078e-05
1.0729038141730593e-05
1.0729997496333916e-05
1.0730189387842694e-05
1.0730189387842694e-05
1.0730381286215036e-05
1.0730765103551883e-05
1.0730957022517124e-05
1.0731148948347403e-05
1.0731148948347403e-05
1.0731340881043086e-05
1.0731532820604543e-05
1.0731532820604543e-05
1.073191672032625e-05
1.073191672032625e-05
1.0732492621411323e-05
1.0732876589807345e-05
1.073345259391771e-05
1.0733836631006476e-05
1.0734028659856522e-05
1.0734412738169782e-05
1.0735180977259308e-05
1.07357572287432e-05
1.0736333542095373e-05
1.0738062853461235e-05
1.0738255033557047e-05
1.0738639414386196e-05
1.0739216037229283e-05
1.0739792722000466e-05
1.0740369468709723e-05
1.0740754000930865e-05
1.0741330850892424e-05
1.074210008056575e-05
1.074229240519927e-05
1.0742869420422195e-05
1.0743446497636441e-05
1.0744023636852001e-05
1.0744408430779148e-05
1.0744600838078864e-05
1.0745370536193989e-05
1.0745947882152771e-05
1.0746332813927247e-05
1.0746910263299302e-05
1.0747102760214225e-05
1.0747872816838334e-05
1.0748450431729426e-05
1.0749798441279225e-05
1.0750761512273785e-05
1.0751146788990825e-05
1.0751146788990825e-05
1.0751532093323298e-05
1.0751917425274173e-05
1.0751917425274173e-05
1.075268817204301e-05
1.0753651760910475e-05
1.0753651760910475e-05
1.0754229997132205e-05
1.075461552249507e-05
1.0755001075500108e-05
1.0755772264448587e-05
1.0755965078966709e-05
1.0756543564001434e-05
1.0757507844016135e-05
1.0757700720765948e-05
1.0757893604432252e-05
1.0758279392515822e-05
1.075885812652417e-05
1.075905105169724e-05
1.0759629868732516e-05
1.0760208748049711e-05
1.0760787689658882e-05
1.076194575979337e-05
1.0762138795716668e-05
1.0762717945038387e-05
1.0763490241102181e-05
1.0764455767057177e-05
1.0765421466250403e-05
1.0765807794444843e-05
1.076638733872849e-05
1.0766773736249933e-05
1.0767546614503884e-05
1.0768512868372877e-05
1.0769479295676054e-05
1.0770252562422589e-05
1.077121930202499e-05
1.0771606046461528e-05
1.0772186215192373e-05
1.077295987072448e-05
1.0774314035339749e-05
1.0775281504229298e-05
1.0775475018857082e-05
1.0776055604446918e-05
1.07772169633395e-05
1.0778184953653805e-05
1.0778959471112387e-05
1.0779540432259572e-05
1.078050884001725e-05
1.0781477421789365e-05
1.0781864903232762e-05
1.0782446177622829e-05
1.0782833728703903e-05
1.0783027514691875e-05
1.0783608914450036e-05
1.078477190207427e-05
1.0784965757733718e-05
1.0785159620362381e-05
1.078671077232849e-05
1.0787098630038473e-05
1.0787680468904511e-05
1.0788262370540852e-05
1.0789426362165078e-05
1.0789426362165078e-05
1.0790008452173287e-05
1.0790784669891912e-05
1.0791172820632722e-05
1.0791755099104284e-05
1.0792725702876262e-05
1.0793696481254948e-05
1.0793890657887635e-05
1.079447322970639e-05
1.0795250089960416e-05
1.0795832808535905e-05
1.0795832808535905e-05
1.0796609864502545e-05
1.0797969981643451e-05
1.0798747345307944e-05
1.080010800108001e-05
1.0800691244239631e-05
1.0801468999783971e-05
1.0801857919562164e-05
1.0803802938634399e-05
1.0804386580951866e-05
1.080555405478416e-05
1.0805748658286207e-05
1.0806721780947749e-05
1.0808473843493298e-05
1.0809252720328601e-05
1.080983695162598e-05
1.081100560370457e-05
1.081159002450627e-05
1.0813343666083948e-05
1.0813733441470667e-05
1.0814708002883922e-05
1.0815097876635782e-05
1.0815682739972961e-05
1.0815877708476043e-05
1.0817047667123387e-05
1.0818022826028162e-05
1.0818608005769924e-05
1.0819778555198903e-05
1.0820168794633196e-05
1.0820754206568197e-05
1.0822120414126474e-05
1.0823486966717777e-05
1.0824658572227534e-05
1.0825049163764951e-05
1.0825635103926097e-05
1.0827784093985166e-05
1.0828565756465556e-05
1.0828956630028697e-05
1.0829542993285683e-05
1.0831106939129178e-05
1.0832475762335482e-05
1.083325810237429e-05
1.083501878069922e-05
1.0835801488116737e-05
1.083638859289494e-05
1.0838737648355221e-05
1.0840304251205984e-05
1.0841675400238517e-05
1.0842459069717011e-05
1.0843830763947877e-05
1.0844418739155582e-05
1.0845006778129236e-05
1.0845594880879215e-05
1.0846183047415896e-05
1.0846771277749655e-05
1.0847359571890876e-05
1.0849517196484755e-05
1.0850498218709875e-05
1.0851675679586188e-05
1.0852853396038708e-05
1.0854227721697601e-05
1.08559952233621e-05
1.0857370344902465e-05
1.0858352787882078e-05
1.0858942339016179e-05
1.085992506651704e-05
1.0860907971906451e-05
1.0861891055232715e-05
1.0862874316544157e-05
1.0863464358784015e-05
1.0864447904972295e-05
1.0865431629271472e-05
1.0867202782003912e-05
1.0868580744497781e-05
1.0869368308545135e-05
1.0870549868647522e-05
1.0871534698314911e-05
1.0873504893077202e-05
1.0874490258269143e-05
1.087527867901615e-05
1.0876461524517356e-05
1.0877053043762009e-05
1.0878236275291898e-05
1.0878827987598136e-05
1.0880011605345712e-05
1.0880998150230313e-05
1.0882182240278583e-05
1.0884156296484418e-05
1.0886131069018071e-05
1.0886921178690667e-05
1.0887908977080951e-05
1.0889489827401586e-05
1.0891268832819022e-05
1.0893246187363834e-05
1.089463076280573e-05
1.0896411448496295e-05
1.0898390670977584e-05
1.0899182561307902e-05
1.089997456672601e-05
1.0901558922925979e-05
1.0903738164900866e-05
1.0904729017483916e-05
1.0905918278319034e-05
1.0906909527185471e-05
1.0907504363001744e-05
1.0908495900223623e-05
1.0910082734794072e-05
1.0910876325216854e-05
1.0912463852463489e-05
1.0913853317811409e-05
1.0914846009714213e-05
1.0916633310287107e-05
1.0917825169226289e-05
1.091881858382923e-05
1.0919812179230516e-05
1.0921601106722245e-05
1.0923987255348203e-05
1.0924981791697014e-05
1.0926772413541912e-05
1.0928762681918362e-05
1.092955899229466e-05
1.0930753675465923e-05
1.0931948619841486e-05
1.0933143825507024e-05
1.0934538562472663e-05
1.0935734334560566e-05
1.0938724909299738e-05
1.0940320551392156e-05
1.0941318064116124e-05
1.0943114045486877e-05
1.0944112067707572e-05
1.0945309934692983e-05
1.0946508063927607e-05
1.0947706455497573e-05
1.0949504534919795e-05
1.0950703582705188e-05
1.0952502646854806e-05
1.0954102311315587e-05
1.0955502401080942e-05
1.0956702762915213e-05
1.0959304449477606e-05
1.0961106341000019e-05
1.0962307931229788e-05
1.0965313059687854e-05
1.0966716016888743e-05
1.0967718348992798e-05
1.096952300857451e-05
1.0971328262141602e-05
1.097233143755829e-05
1.0972933430870519e-05
1.097494055240534e-05
1.0976747589689174e-05
1.0978555222132766e-05
1.0979961570134504e-05
1.0981569266248146e-05
1.0982373290868156e-05
1.098378061728847e-05
1.0986998718183482e-05
1.0988809728759547e-05
1.0991225338438146e-05
1.0993843447669305e-05
1.0996664345148637e-05
1.0997873744409413e-05
1.0999285046471979e-05
1.1000293341155763e-05
1.100170526431597e-05
1.1003722926256716e-05
1.1005135730007336e-05
1.100634699343288e-05
1.1008164388588203e-05
1.1010184420589044e-05
1.1012811570794023e-05
1.1014631101646687e-05
1.1016855789357716e-05
1.1018676656933502e-05
1.1020700549198244e-05
1.1022522688025866e-05
1.1024142872891631e-05
1.1025966150283919e-05
1.1028195419622834e-05
1.1030020037869734e-05
1.103184525998382e-05
1.1033873993158998e-05
1.1036918492356934e-05
1.1037933698811582e-05
1.1038949092046436e-05
1.1040777270719858e-05
1.1044435445274822e-05
1.1045655375552283e-05
1.1046468812136387e-05
1.1048502927853275e-05
1.1049723756906077e-05
1.1051555506437531e-05
1.105379513633014e-05
1.105583195135434e-05
1.1057258168549472e-05
1.1060111707128242e-05
1.1061742961966041e-05
1.1063986723215932e-05
1.1065006915629322e-05
1.106663961488094e-05
1.1068476977567885e-05
1.1069702225010147e-05
1.1071949216659592e-05
1.1073788342992137e-05
1.1075014766686354e-05
1.1078286558345642e-05
1.107992317919929e-05
1.1081150962213275e-05
1.1082788429568879e-05
1.1085655162220087e-05
1.1089138189143734e-05
1.1092008208086073e-05
1.10942642653748e-05
1.1096316023080336e-05
1.1098984442923472e-05
1.1101654146467822e-05
1.1103092211180813e-05
1.110391412973073e-05
1.1105969458583989e-05
1.1108436857793493e-05
1.1110082399777797e-05
1.1112757445547488e-05
1.1115227862171175e-05
1.1117287381878821e-05
1.1118935547236944e-05
1.1121408711770158e-05
1.1123676745953762e-05
1.1125120522138989e-05
1.1127390070658927e-05
1.1130073458484826e-05
1.1133171283840201e-05
1.1136684237879575e-05
1.1138958507379559e-05
1.1141647478273786e-05
1.1145165784341041e-05
1.1148686313129436e-05
1.1152416356877323e-05
1.115428231488539e-05
1.1155319228051908e-05
1.1156563778356266e-05
1.1158846175305472e-05
1.116237535347522e-05
1.116382919341334e-05
1.1165698972755695e-05
1.1167569378524763e-05
1.1169024571854057e-05
1.1171312070602692e-05
1.117422478815532e-05
1.1175889880231713e-05
1.1178388448998603e-05
1.1181096492862734e-05
1.1184014315538323e-05
0.0
0.0
0.0
0.0
0.0
0.0
0.0
0.0
0.0
0.0
0.0
0.0
0.0
0.0
0.0
0.0
0.0
0.0
0.0
0.0
0.0
0.0
0.0
0.0
0.0
0.0
0.0
0.0
0.0
0.0
0.0
0.0
0.0
0.0
0.0
0.0
0.0
0.0
0.0
0.0
0.0
0.0
0.0
0.0
0.0
0.0
0.0
0.0
0.0
0.0
0.0
0.0
0.0
0.0
0.0
0.0
0.0
0.0
0.0
0.0
0.0
0.0
0.0
0.0
0.0
0.0
0.0
0.0
0.0
0.0
0.0
0.0
0.0
0.0
0.0
0.0
0.0
0.0
0.0
0.0
0.0
0.0
0.0
0.0
0.0
0.0
0.0
0.0
0.0
0.0
0.0
0.0
0.0
0.0
0.0
0.0
0.0
0.0
0.0
0.0
0.0
0.0
0.0
0.0
0.0
0.0
0.0
0.0
0.0
0.0
0.0
0.0
0.0
0.0
0.0
0.0
0.0
0.0
0.0
0.0
0.0
0.0
0.0
0.0
0.0
0.0
0.0
0.0
0.0
0.0
0.0
0.0
0.0
0.0
0.0
0.0
0.0
0.0
0.0
0.0
0.0
0.0
0.0
0.0
0.0
0.0
0.0
0.0
0.0
0.0
0.0
0.0
0.0
0.0
0.0
0.0
0.0
0.0
0.0
0.0
0.0
0.0
0.0
0.0
0.0
0.0
0.0
0.0
0.0
0.0
0.0
0.0
0.0
0.0
0.0
0.0
0.0
0.0
0.0
0.0
0.0
0.0
0.0
0.0
0.0
0.0
0.0
0.0
0.0
0.0
0.0
0.0
0.0
0.0
0.0
0.0
0.0
0.0
0.0
0.0
0.0
0.0
0.0
0.0
0.0
0.0
0.0
0.0
0.0
0.0
0.0
0.0
0.0
0.0
0.0
0.0
0.0
0.0
0.0
0.0
0.0
0.0
0.0
0.0
0.0
0.0
0.0
0.0
0.0
0.0
0.0
0.0
0.0
0.0
0.0
0.0
0.0
0.0
0.0
0.0
0.0
0.0
0.0
0.0
0.0
0.0
0.0
0.0
0.0
0.0
0.0
0.0
0.0
0.0
0.0
0.0
0.0
0.0
0.0
0.0
0.0
0.0
0.0
0.0
0.0
0.0
0.0
0.0
0.0
0.0
0.0
0.0
0.0
0.0
0.0
0.0
0.0
0.0
0.0
0.0
0.0
0.0
0.0
0.0
0.0
0.0
0.0
0.0
0.0
0.0
0.0
0.0
0.0
0.0
0.0
0.0
0.0
0.0
0.0
0.0
0.0
0.0
0.0
0.0
0.0
0.0
0.0
0.0
0.0
0.0
0.0
0.0
0.0
0.0
0.0
0.0
0.0
0.0
0.0
0.0
0.0
0.0
0.0
0.0
0.0
0.0
0.0
0.0
0.0
0.0
0.0
0.0
0.0
0.0
0.0
0.0
0.0
0.0
0.0
0.0
0.0
0.0
0.0
0.0
0.0
0.0
0.0
0.0
0.0
0.0
0.0
0.0
0.0
0.0
0.0
0.0
0.0
0.0
0.0
0.0
0.0
0.0
0.0
0.0
0.0
0.0
0.0
0.0
0.0
0.0
0.0
0.0
0.0
0.0
0.0
0.0
0.0
0.0
0.0
0.0
0.0
0.0
0.0
0.0
0.0
0.0
0.0
0.0
0.0
0.0
0.0
0.0
0.0
0.0
0.0
0.0
0.0
0.0
0.0
0.0
0.0
0.0
0.0
0.0
0.0
0.0
0.0
0.0
0.0
0.0
0.0
0.0
0.0
0.0
0.0
0.0
0.0
0.0
0.0
0.0
0.0
0.0
0.0
0.0
0.0
0.0
0.0
0.0
0.0
0.0
0.0
0.0
0.0
0.0
0.0
0.0
0.0
0.0
0.0
0.0
0.0
0.0
0.0
0.0
0.0
0.0
0.0
0.0
0.0
0.0
0.0
0.0
0.0
0.0
0.0
0.0
0.0
0.0
0.0
0.0
0.0
0.0
0.0
0.0
0.0
0.0
0.0
0.0
0.0
0.0
0.0
0.0
0.0
0.0
0.0
0.0
0.0
0.0
0.0
0.0
0.0
0.0
0.0
0.0
0.0
0.0
0.0
0.0
0.0
0.0
0.0
0.0
0.0
0.0
0.0
0.0
0.0
0.0
0.0
0.0
0.0
0.0
0.0
0.0
0.0
0.0
0.0
0.0
0.0
0.0
0.0
0.0
0.0
0.0
0.0
0.0
0.0
0.0
0.0
0.0
0.0
0.0
0.0
0.0
0.0
0.0
0.0
0.0
0.0
0.0
0.0
0.0
0.0
0.0
0.0
0.0
0.0
0.0
0.0
0.0
0.0
0.0
0.0
0.0
0.0
0.0
0.0
0.0
0.0
0.0
0.0
0.0
0.0
0.0
0.0
0.0
0.0
0.0
0.0
0.0
0.0
0.0
0.0
0.0
0.0
0.0
0.0
0.0
0.0
0.0
0.0
0.0
0.0
0.0
0.0
0.0
0.0
0.0
0.0
0.0
0.0
0.0
0.0
0.0
0.0
0.0
0.0
0.0
0.0
0.0
0.0
0.0
0.0
0.0
0.0
0.0
0.0
0.0
0.0
0.0
0.0
0.0
0.0
0.0
0.0
0.0
0.0
0.0
0.0
0.0
0.0
0.0
0.0
0.0
0.0
0.0
0.0
0.0
0.0
0.0
0.0
0.0
0.0
0.0
0.0
0.0
0.0
0.0
0.0
0.0
0.0
0.0
0.0
0.0
0.0
0.0
0.0
0.0
0.0
0.0
0.0
0.0
0.0
0.0
0.0
0.0
0.0
0.0
0.0
0.0
0.0
0.0
0.0
0.0
0.0
0.0
0.0
0.0
0.0
0.0
0.0
0.0
0.0
0.0
0.0
0.0
0.0
0.0
0.0
0.0
0.0
0.0
0.0
0.0
0.0
0.0
0.0
0.0
0.0
0.0
0.0
0.0
0.0
0.0
0.0
0.0
0.0
0.0
0.0
0.0
0.0
0.0
0.0
0.0
0.0
0.0
0.0
0.0
0.0
0.0
0.0
0.0
0.0
0.0
0.0
0.0
0.0
0.0
0.0
0.0
0.0
0.0
0.0
0.0
0.0
0.0
0.0
0.0
0.0
0.0
0.0
0.0
0.0
0.0
0.0
0.0
0.0
0.0
0.0
0.0
0.0
0.0
0.0
0.0
0.0
0.0
0.0
0.0
0.0
0.0
0.0
0.0
0.0
0.0
0.0
0.0
0.0
0.0
0.0
0.0
0.0
0.0
0.0
0.0
0.0
0.0
0.0
0.0
0.0
0.0
0.0
0.0
0.0
0.0
0.0
0.0
0.0
0.0
0.0
0.0
0.0
0.0
0.0
0.0
0.0
0.0
0.0
0.0
0.0
0.0
0.0
0.0
0.0
0.0
0.0
0.0
0.0
0.0
0.0
0.0
0.0
0.0
0.0
0.0
0.0
0.0
0.0
0.0
0.0
0.0
0.0
0.0
0.0
0.0
0.0
0.0
0.0
0.0
0.0
0.0
0.0
0.0
0.0
0.0
0.0
0.0
0.0
0.0
0.0
0.0
0.0
0.0
0.0
0.0
0.0
0.0
0.0
0.0
0.0
0.0
0.0
0.0
0.0
0.0
0.0
0.0
0.0
0.0
0.0
0.0
0.0
0.0
0.0
0.0
0.0
0.0
0.0
0.0
0.0
0.0
0.0
0.0
0.0
0.0
0.0
0.0
0.0
0.0
0.0
0.0
0.0
0.0
0.0
0.0
0.0
0.0
0.0
0.0
0.0
0.0
0.0
0.0
