6.867188572998215e-05
6.867188572998215e-05
6.867188572998215e-05
6.867188572998215e-05
6.867188572998215e-05
6.867188572998215e-05
6.867188572998215e-05
6.867311596799237e-05
6.867311596799237e-05
6.867311596799237e-05
6.867311596799237e-05
6.867311596799237e-05
6.867311596799237e-05
6.867311596799237e-05
6.867311596799237e-05
6.867311596799237e-05
6.867311596799237e-05
6.867311596799237e-05
6.867311596799237e-05
6.867311596799237e-05
6.867311596799237e-05
6.867311596799237e-05
6.867311596799237e-05
6.867311596799237e-05
6.867311596799237e-05
6.867311596799237e-05
6.867434625008213e-05
6.867557657625378e-05
6.867680694650974e-05
6.867680694650974e-05
6.867803736085234e-05
6.867803736085234e-05
6.867926781928396e-05
6.867926781928396e-05
6.868172886842373e-05
6.868172886842373e-05
6.868172886842373e-05
6.868295945913664e-05
6.868295945913664e-05
6.868419009394804e-05
8.063071134205338e-05
8.06321561038542e-05
8.063649069992472e-05
8.063938068955629e-05
8.064227088634815e-05
8.064371606243615e-05
8.064516129032257e-05
8.064516129032257e-05
8.064516129032257e-05
8.06466065700102e-05
8.064805190150183e-05
8.065094271990822e-05
8.065383374556402e-05
8.065527933611742e-05
8.065527933611742e-05
8.065817067268913e-05
8.065961641871302e-05
8.065961641871302e-05
8.06625080662508e-05
8.066395396777025e-05
8.066539992112715e-05
8.066539992112715e-05
8.066684592632426e-05
8.067118425298482e-05
8.067118425298482e-05
8.067118425298482e-05
8.06726304655707e-05
8.067407673001074e-05
8.067407673001074e-05
8.067552304630773e-05
8.067696941446447e-05
8.0681308830121e-05
8.068420203324188e-05
8.068709544386866e-05
8.068998906202369e-05
8.069288288772928e-05
8.069577692100778e-05
8.069577692100778e-05
8.070156561037283e-05
8.070446026650405e-05
8.070446026650405e-05
8.070735513029752e-05
8.070735513029752e-05
8.070880264007459e-05
8.07102502017756e-05
8.07102502017756e-05
8.07102502017756e-05
8.071459319845027e-05
8.0716040967875e-05
8.071893666254102e-05
8.072038458778789e-05
8.072038458778789e-05
8.072617680826635e-05
8.072762499327269e-05
8.073196986006457e-05
8.073486669776453e-05
8.073776374336155e-05
8.074066099687802e-05
8.074500726705064e-05
8.074790504046365e-05
8.074935400516795e-05
8.075225209058607e-05
8.07537012113055e-05
8.075515038403558e-05
8.075949821431775e-05
8.076384651279657e-05
8.076819527954768e-05
8.077399436377015e-05
8.077834422345084e-05
8.077979428079055e-05
8.077979428079055e-05
8.07899461400359e-05
8.079139661394278e-05
8.079719903043359e-05
8.080010055123623e-05
8.080155138978667e-05
8.080735526504811e-05
8.081170871868545e-05
8.082041703335188e-05
8.082332022199471e-05
8.082767539605559e-05
8.082912722504623e-05
8.083348302496855e-05
8.083929148852081e-05
8.084074373484234e-05
8.08421960333429e-05
8.08421960333429e-05
8.08421960333429e-05
8.084655324194677e-05
8.084655324194677e-05
8.084945830862931e-05
8.085381630012935e-05
8.085381630012935e-05
8.08552690683676e-05
8.086253369272235e-05
8.08639867742457e-05
8.086979962260759e-05
8.087415980733976e-05
8.087997411840826e-05
8.088288158746135e-05
8.088724318300288e-05
8.089015117470473e-05
8.089305937550557e-05
8.089887640449437e-05
8.090469427014975e-05
8.091051297265223e-05
8.091924259588929e-05
8.092506339129964e-05
8.092942953744333e-05
8.09367074947391e-05
8.094253080312976e-05
8.094398676116127e-05
8.094835494954218e-05
8.095126733706307e-05
8.095417993415725e-05
8.095854922279792e-05
8.096583241871929e-05
8.097165991902833e-05
8.097457398376908e-05
8.097748825826419e-05
8.098768987113957e-05
8.098768987113957e-05
8.099497831134469e-05
8.099789405475456e-05
8.100372617140386e-05
8.1008100810081e-05
8.101393439671622e-05
8.10183101380912e-05
8.102560409089271e-05
8.102998109300439e-05
8.103435856803283e-05
8.104165541088118e-05
8.104749383138518e-05
8.105771309172128e-05
8.106063335374858e-05
8.106501414134133e-05
8.107085592808113e-05
8.107523782069759e-05
8.107962018702364e-05
8.108254202778426e-05
8.10854640791394e-05
8.10942314969995e-05
8.10942314969995e-05
8.1098615916955e-05
8.110592433718435e-05
8.111469618039906e-05
8.111469618039906e-05
8.111762054979719e-05
8.11220074992789e-05
8.113224556026321e-05
8.114248620577733e-05
8.114541257934216e-05
8.11541929666366e-05
8.116004761389459e-05
8.116297525431064e-05
8.116590310594854e-05
8.117029527949637e-05
8.117468792842194e-05
8.118054553326597e-05
8.118347465271512e-05
8.119079837618401e-05
8.119812342114759e-05
8.12069152199805e-05
8.121424317349165e-05
8.122010648858405e-05
8.122743682310468e-05
8.123623497129651e-05
8.124063476015957e-05
8.124503502563731e-05
8.125236986078759e-05
8.24575975346984e-05
8.246355351704046e-05
8.2469510359856e-05
8.247248910399962e-05
8.247397855676557e-05
8.247993690585849e-05
8.248142662765355e-05
8.248291640326318e-05
8.248589611593784e-05
8.248589611593784e-05
8.249483654581474e-05
8.25037789139612e-05
8.250825082508251e-05
8.251868716984995e-05
8.252166946758465e-05
8.253658419032815e-05
8.253956778185455e-05
8.254404357361482e-05
8.25529966135194e-05
8.256195159579596e-05
8.257389459472491e-05
8.257986738999397e-05
8.258584104938271e-05
8.259181557307869e-05
8.259928494341648e-05
8.260675566489393e-05
8.261422773787772e-05
8.2624690911284e-05
8.263067105755196e-05
8.264113839676192e-05
8.264712092419992e-05
8.265609633960192e-05
8.266507370466243e-05
8.267554976223235e-05
8.268004031406345e-05
8.269201750414969e-05
8.269950501026198e-05
8.271298593879239e-05
8.272197566645532e-05
8.27309673484423e-05
8.273546392250646e-05
8.274745717668091e-05
8.27549547263952e-05
8.276095374448008e-05
8.276995390257311e-05
8.277595509555487e-05
8.277895601839264e-05
8.278796009257748e-05
8.278946096204979e-05
8.279546498416612e-05
8.280297123654452e-05
8.281498407171657e-05
8.282549816212033e-05
8.282850267832311e-05
8.28345123647137e-05
8.28510434998216e-05
8.286307028844815e-05
8.2875100569237e-05
8.28841255724752e-05
8.289616196820901e-05
8.290669668252181e-05
8.291572856900767e-05
8.292024525024361e-05
8.292777414590446e-05
8.293530440888921e-05
8.294584907488133e-05
8.295187580227178e-05
8.295941044319702e-05
8.296393188479519e-05
8.296543914151966e-05
8.296845381927411e-05
8.298202258080147e-05
8.299861265092722e-05
8.300615578498376e-05
8.30182276517355e-05
8.303030303030302e-05
8.303936186977974e-05
8.304691241278559e-05
8.305748548009651e-05
4.062452629983326e-05
4.062896056565216e-05
4.0637832001989436e-05
4.064374844552828e-05
4.065040650406504e-05
4.065484642176673e-05
4.065706674433987e-05
4.369435796602764e-05
4.36983358217108e-05
4.370231440173353e-05
4.3704701897512483e-05
4.370788563103261e-05
4.371584699453553e-05
4.371982876400402e-05
4.372540445999126e-05
4.373337220744197e-05
4.3735763097949895e-05
4.3738951358641185e-05
4.374293733824227e-05
4.374851893034872e-05
4.375410194705754e-05
4.375968638891422e-05
4.376447418807783e-05
4.377325454147517e-05
4.377325454147517e-05
4.37796424662532e-05
4.378283712784589e-05
4.378762999452655e-05
4.3790026821391434e-05
4.379482126238573e-05
4.379801813967919e-05
4.3802814330820764e-05
4.381001058741923e-05
4.381720920891681e-05
4.382681105166086e-05
4.3832414070204925e-05
4.384042086804034e-05
4.3846027367228756e-05
4.384843059158842e-05
4.385804612404518e-05
4.386365713241342e-05
4.387167534960242e-05
4.387728984606385e-05
4.3886918041180564e-05
4.3893339185778566e-05
4.389976220962137e-05
4.390377755419373e-05
4.391341737873493e-05
4.3919042564872096e-05
4.392466919233515e-05
4.393270973292574e-05
4.3936731107205633e-05
4.3941557728221474e-05
4.394477606474531e-05
4.395523891503819e-05
4.3960069603443546e-05
4.397053973837529e-05
4.397537379067723e-05
4.397779121543621e-05
4.398101486191795e-05
4.398746357288173e-05
4.3999560004399965e-05
4.400520728286181e-05
4.401085601114942e-05
4.401973551475579e-05
4.4028618602091364e-05
4.403265755435282e-05
4.4040737682356184e-05
4.404720392020115e-05
4.405933323542371e-05
4.4063377825105114e-05
4.406742315743088e-05
4.407227853680036e-05
4.4075516050833766e-05
4.407875404055246e-05
4.4090900740359713e-05
4.409495112809584e-05
4.409819197412907e-05
4.410305413649896e-05
4.4108728014555885e-05
4.411197088609922e-05
4.411845805989081e-05
4.4124947141990407e-05
4.413143813324017e-05
4.4141990068052244e-05
4.4150922570319546e-05
4.4157421206601543e-05
4.41598586884522e-05
4.417123716273421e-05
4.417611544691504e-05
4.418424831547554e-05
4.418750230143242e-05
4.419482552251174e-05
4.4198081066647027e-05
4.420622202575013e-05
4.421436598441444e-05
4.421925380009213e-05
4.422658755021561e-05
4.423310848169856e-05
4.423800044238001e-05
4.4250235079373866e-05
4.425676298659389e-05
4.4264925579593873e-05
4.4273907910271555e-05
4.4278808900040597e-05
4.428616241950068e-05
4.429351838181014e-05
4.429842371442284e-05
4.430251232163624e-05
4.4309873716859914e-05
4.4318055914613886e-05
4.432624113475178e-05
4.433279148810404e-05
4.434671741902105e-05
4.4354913230701e-05
4.435983217196829e-05
4.437131394553422e-05
4.4376236525340685e-05
4.438362244331842e-05
4.438772679354159e-05
4.439347415929859e-05
4.4403330249768736e-05
4.441483455474129e-05
4.442223332778056e-05
4.443457009553433e-05
4.44403295991112e-05
4.444609059594801e-05
4.4455146609368926e-05
4.4463382551827636e-05
4.4469973503307464e-05
4.448233680542685e-05
4.448975808694041e-05
4.449553190700434e-05
4.450295759239e-05
4.4512036796617094e-05
4.452607558301331e-05
4.453268513536081e-05
4.4535990647441974e-05
4.454425657491788e-05
4.455997029335314e-05
4.45682451253482e-05
4.4576523031203574e-05
4.4583147570218466e-05
4.45906025305167e-05
5.698535104834464e-05
5.6998060826843615e-05
5.700441784238279e-05
5.701607605448754e-05
5.70330419688798e-05
5.703834588796925e-05
5.7046834210738454e-05
5.7054263565891476e-05
5.706275662734299e-05
5.7069128082973554e-05
5.7084000347467834e-05
5.709888036543284e-05
5.711270447279387e-05
5.712653527563554e-05
5.713717891389676e-05
5.715208667238188e-05
5.7159543469211514e-05
5.7168067905722405e-05
5.71840580791129e-05
6.962576153176675e-05
6.96348522435479e-05
6.964524453564655e-05
6.965304079056201e-05
6.966473844622754e-05
6.968164199812109e-05
6.968944640446013e-05
6.969725255919599e-05
6.971156838580374e-05
6.974021768910808e-05
6.974673217877583e-05
6.975585450921774e-05
6.976628295211043e-05
6.978193146417446e-05
6.979367245580254e-05
6.980541739900029e-05
6.98158606674895e-05
6.983545022041814e-05
6.984982288080626e-05
6.986027944111776e-05
6.987073913260468e-05
6.989428489409768e-05
6.99086817844191e-05
6.992308460693237e-05
6.994273438622128e-05
3.123028588203696e-05
3.124082300824133e-05
3.1250781269531736e-05
3.1256055860823034e-05
3.1262505002000795e-05
3.126719695832708e-05
3.12730638846149e-05
3.128597887570706e-05
3.1294203061824824e-05
3.129714131911191e-05
3.1304195388265934e-05
3.131007620872549e-05
3.131772457940296e-05
3.1320667255495206e-05
3.132949860270436e-05
3.1335978089884113e-05
3.134540758433482e-05
3.135307322823783e-05
3.1360742622385296e-05
3.1366644710015365e-05
3.137313957282333e-05
3.138318238022608e-05
3.1389684094219274e-05
3.139677994624871e-05
3.140269560739094e-05
3.141394150724091e-05
3.142104833185654e-05
3.142756574646754e-05
3.1432307382820355e-05
3.143645748847853e-05
3.144298129771472e-05
3.145010126932609e-05
3.145841197936328e-05
3.1467321186947354e-05
3.147504658306894e-05
3.148099177716495e-05
3.148812897537628e-05
3.1498840842656985e-05
3.150836862270619e-05
3.151909426730713e-05
3.153102021769016e-05
3.153638984023665e-05
3.1543552182498374e-05
3.155131505881165e-05
3.15614722795589e-05
3.15674501707799e-05
3.1573430326911296e-05
3.1584798868000805e-05
3.1594378728136684e-05
3.1603964401294496e-05
3.160935889898281e-05
3.161595467536737e-05
3.16249533531938e-05
3.163876127921839e-05
3.16525812680024e-05
3.166099934778341e-05
3.166882014643662e-05
3.1679655325350056e-05
3.168869030642963e-05
3.1698936183701674e-05
3.170315700037409e-05
3.1710998642769254e-05
3.1717636909179715e-05
3.1730317683940646e-05
3.17405905019457e-05
3.1745427071230385e-05
3.1754499612595105e-05
3.176720988595571e-05
3.1775083250718114e-05
3.178356662471236e-05
3.1789628951450874e-05
3.1796906796906795e-05
3.1806615776081425e-05
3.181511599791293e-05
3.182483610209407e-05
3.183577832110839e-05
3.184246893767155e-05
3.185281451469052e-05
3.185951229458579e-05
3.186865017145334e-05
3.187840301952233e-05
3.1887551737552694e-05
3.189853713308707e-05
3.190769741292389e-05
3.191502942565713e-05
3.1925422213708775e-05
3.1932762375542055e-05
3.1940105913391205e-05
3.194622810884719e-05
3.196093095799694e-05
3.196767428776022e-05
3.197626082396429e-05
3.198546580433851e-05
3.199467608589931e-05
3.200696471552209e-05
3.201495738809171e-05
3.20180325559355e-05
3.202541536963734e-05
3.203464867600797e-05
3.2050665692326424e-05
3.206423106767476e-05
3.2074721270672154e-05
3.208707147716042e-05
3.209634037527041e-05
3.2105614629886474e-05
3.2114894245653246e-05
3.2126656129123456e-05
3.2135947914055615e-05
3.2143385212757065e-05
3.21557883634633e-05
3.2174411047405776e-05
3.218373048056746e-05
3.219305531410764e-05
3.220176336856206e-05
3.221172120111066e-05
3.222043935791108e-05
3.22329020571038e-05
3.224163168449629e-05
3.2248493995330414e-05
3.225348660190166e-05
3.226410102535313e-05
3.227347249654674e-05
3.22809735941636e-05
3.2292857465785714e-05
3.230224565211773e-05
3.2308507476188624e-05
3.2316024870412736e-05
3.232166521219173e-05
3.2331697349447446e-05
3.23423633211726e-05
3.23530363324598e-05
3.236183116185446e-05
3.2370630774111264e-05
3.237880612866042e-05
3.2384468408951065e-05
3.239202119733867e-05
3.239894768217928e-05
3.240587712987627e-05
3.241848372267932e-05
3.2431100127778534e-05
3.244498952026838e-05
3.2455730383756554e-05
3.2467110816742636e-05
3.247533498308035e-05
3.2487362416020164e-05
3.249686405261892e-05
3.250637124876475e-05
3.2517152798100995e-05
3.2526671870934166e-05
3.2542549383318685e-05
3.256098672814181e-05
3.256734927830754e-05
3.258262954853508e-05
3.2589637798765505e-05
3.259537406451276e-05
3.260430115940895e-05
3.2613871331754816e-05
3.2624085709997976e-05
3.262983410992338e-05
3.264517308470769e-05
3.2654127481713685e-05
3.266692800209068e-05
3.267717564635453e-05
3.268999424656101e-05
3.269769023516179e-05
3.2705389848246986e-05
3.272144236117928e-05
3.2729795896992786e-05
3.274136937503274e-05
3.275102019427905e-05
3.2760032760032756e-05
3.2769050287384565e-05
3.27767835486768e-05
3.2787745252334484e-05
3.279613268003437e-05
3.280323308665302e-05
3.281421249171441e-05
3.2824552765468566e-05
3.283489955804225e-05
3.2847842225244223e-05
3.2860147213459515e-05
3.287181307772211e-05
3.287959492339054e-05
3.288997645077686e-05
3.2904911387073634e-05
3.2917259177331855e-05
3.292831505811847e-05
3.2936774567540144e-05
3.294393600969869e-05
3.2953706632922065e-05
3.2964787014511095e-05
3.298174790071174e-05
3.299415343601113e-05
3.3010490733955246e-05
3.301703018416899e-05
3.3026844218981186e-05
3.304255881575469e-05
3.305435458067245e-05
3.3073376593309915e-05
3.3083880871561756e-05
3.310359438827868e-05
3.3113459959204215e-05
3.3128598594022276e-05
3.313716133821112e-05
3.3156278804517205e-05
3.3178720495822793e-05
3.319391887406227e-05
3.32044998738229e-05
3.321972188448838e-05
3.3227669344816815e-05
3.3239597667909824e-05
3.3249544481240605e-05
3.326148851813416e-05
3.32727768794128e-05
3.328274356311739e-05
3.3294711468030415e-05
3.330801923871191e-05
3.3326001612978474e-05
3.334066828035501e-05
3.3352010459190475e-05
3.3359353629164075e-05
3.337070852688344e-05
3.338808980060632e-05
3.34001336005344e-05
3.342156626828159e-05
3.343028114866446e-05
3.3453095414918736e-05
3.347190702843103e-05
3.349006684617342e-05
3.349814420281116e-05
3.3518354651006885e-05
3.3531167219930924e-05
3.355006676463286e-05
3.3560876073109006e-05
3.3571692349011314e-05
3.358522250209907e-05
3.3596731709939256e-05
3.36089265308866e-05
3.3620451993356595e-05
3.3635379037086364e-05
3.3649639948852546e-05
3.3661193356626874e-05
3.368092043219357e-05
3.3702715090727704e-05
3.371635108162054e-05
3.3734777181796714e-05
3.374638913636241e-05
3.3760744356891576e-05
3.377237419790611e-05
3.379154670667586e-05
3.3807997619916964e-05
3.382103262376807e-05
3.383545143259301e-05
3.384919506614133e-05
3.385469564628614e-05
3.387327330989303e-05
3.388429191995174e-05
3.3898764729013275e-05
3.391255985566814e-05
3.3924985073006566e-05
3.393811046176193e-05
3.395193763708095e-05
3.3966468302491776e-05
3.3979625816360506e-05
3.3993486847919934e-05
3.401082904796887e-05
3.4020548411240386e-05
3.403444285617044e-05
3.404973985998747e-05
3.4067835874793885e-05
3.408525403739834e-05
3.409920139670328e-05
3.4112461964604904e-05
3.412713038611435e-05
3.4148806840688986e-05
3.416000546560087e-05
3.417891980941834e-05
3.4197153428948574e-05
3.421119253374934e-05
3.4223134839151266e-05
3.423297594106451e-05
3.425126729688998e-05
3.426957821003139e-05
3.4287203329973185e-05
3.43069650000343e-05
3.432674946278637e-05
3.4336650253747845e-05
3.4352220183990485e-05
3.436496972446167e-05
3.4386240002200716e-05
3.440114487010127e-05
3.442032726847167e-05
3.4438107832603244e-05
3.4459468772829395e-05
3.446730775859097e-05
3.4478716288435145e-05
3.449727126584287e-05
3.451084330696704e-05
3.4529432888594234e-05
3.454661028659867e-05
3.456882306984976e-05
3.458962864574686e-05
3.46018366654902e-05
3.4623401264446614e-05
3.463779260275301e-05
3.465291638944333e-05
3.4666611200088746e-05
3.46832036181518e-05
3.470053438822957e-05
3.471426686939798e-05
3.473814387149666e-05
3.475408012900714e-05
3.47743837979191e-05
3.4790353330828426e-05
3.481142650263522e-05
3.48288856846314e-05
3.48434483863999e-05
3.485802327121633e-05
3.487261035437546e-05
3.4888670253221965e-05
3.4904013961605584e-05
3.493108097723192e-05
3.4957456775104697e-05
3.4974328842629506e-05
3.499489074595109e-05
3.501253448734647e-05
3.502872355331372e-05
3.505745917558879e-05
3.5084764791736835e-05
3.511063360649406e-05
3.512691353861501e-05
0.0
0.0
0.0
0.0
0.0
0.0
0.0
0.0
0.0
0.0
0.0
0.0
0.0
0.0
0.0
0.0
0.0
0.0
0.0
0.0
0.0
0.0
0.0
0.0
0.0
0.0
0.0
0.0
0.0
0.0
0.0
0.0
0.0
0.0
0.0
0.0
0.0
0.0
0.0
0.0
0.0
0.0
0.0
0.0
0.0
0.0
0.0
0.0
0.0
0.0
0.0
0.0
0.0
0.0
0.0
0.0
0.0
0.0
0.0
0.0
0.0
0.0
0.0
0.0
0.0
0.0
0.0
0.0
0.0
0.0
0.0
0.0
0.0
0.0
0.0
0.0
0.0
0.0
0.0
0.0
0.0
0.0
0.0
0.0
0.0
0.0
0.0
0.0
0.0
0.0
0.0
0.0
0.0
0.0
0.0
0.0
0.0
0.0
0.0
0.0
0.0
0.0
0.0
0.0
0.0
0.0
0.0
0.0
0.0
0.0
0.0
0.0
0.0
0.0
0.0
0.0
0.0
0.0
0.0
0.0
0.0
0.0
0.0
0.0
0.0
0.0
0.0
0.0
0.0
0.0
0.0
0.0
0.0
0.0
0.0
0.0
0.0
0.0
0.0
0.0
0.0
0.0
0.0
0.0
0.0
0.0
0.0
0.0
0.0
0.0
0.0
0.0
0.0
0.0
0.0
0.0
0.0
0.0
0.0
0.0
0.0
0.0
0.0
0.0
0.0
0.0
0.0
0.0
0.0
0.0
0.0
0.0
0.0
0.0
0.0
0.0
0.0
0.0
0.0
0.0
0.0
0.0
0.0
0.0
0.0
0.0
0.0
0.0
0.0
0.0
0.0
0.0
0.0
0.0
0.0
0.0
0.0
0.0
0.0
0.0
0.0
0.0
0.0
0.0
0.0
0.0
0.0
0.0
0.0
0.0
0.0
0.0
0.0
0.0
0.0
0.0
0.0
0.0
0.0
0.0
0.0
0.0
0.0
0.0
0.0
0.0
0.0
0.0
0.0
0.0
0.0
0.0
0.0
0.0
0.0
0.0
0.0
0.0
0.0
0.0
0.0
0.0
0.0
0.0
0.0
0.0
0.0
0.0
0.0
0.0
0.0
0.0
0.0
0.0
0.0
0.0
0.0
0.0
0.0
0.0
0.0
0.0
0.0
0.0
0.0
0.0
0.0
0.0
0.0
0.0
0.0
0.0
0.0
0.0
0.0
0.0
0.0
0.0
0.0
0.0
0.0
0.0
0.0
0.0
0.0
0.0
0.0
0.0
0.0
0.0
0.0
0.0
0.0
0.0
0.0
0.0
0.0
0.0
0.0
0.0
0.0
0.0
0.0
0.0
0.0
0.0
0.0
0.0
0.0
0.0
0.0
0.0
0.0
0.0
0.0
0.0
0.0
0.0
0.0
0.0
0.0
0.0
0.0
0.0
0.0
0.0
0.0
0.0
0.0
0.0
0.0
0.0
0.0
0.0
0.0
0.0
0.0
0.0
0.0
0.0
0.0
0.0
0.0
0.0
0.0
0.0
0.0
0.0
0.0
0.0
0.0
0.0
0.0
0.0
0.0
0.0
0.0
0.0
0.0
0.0
0.0
0.0
0.0
0.0
0.0
0.0
0.0
0.0
0.0
0.0
0.0
0.0
0.0
0.0
0.0
0.0
0.0
0.0
0.0
0.0
0.0
0.0
0.0
0.0
0.0
0.0
0.0
0.0
0.0
0.0
0.0
0.0
0.0
0.0
0.0
0.0
0.0
0.0
0.0
0.0
0.0
0.0
0.0
0.0
0.0
0.0
0.0
0.0
0.0
0.0
0.0
0.0
0.0
0.0
0.0
0.0
0.0
0.0
0.0
0.0
0.0
0.0
0.0
0.0
0.0
0.0
0.0
0.0
0.0
0.0
0.0
0.0
0.0
0.0
0.0
0.0
0.0
0.0
0.0
0.0
0.0
0.0
0.0
0.0
0.0
0.0
0.0
0.0
0.0
0.0
0.0
0.0
0.0
0.0
0.0
0.0
0.0
0.0
0.0
0.0
0.0
0.0
0.0
0.0
0.0
0.0
0.0
0.0
0.0
0.0
0.0
0.0
0.0
0.0
0.0
0.0
0.0
0.0
0.0
0.0
0.0
0.0
0.0
0.0
0.0
0.0
0.0
0.0
0.0
0.0
0.0
0.0
0.0
0.0
0.0
0.0
0.0
0.0
0.0
0.0
0.0
0.0
0.0
0.0
0.0
0.0
0.0
0.0
0.0
0.0
0.0
0.0
0.0
0.0
0.0
0.0
0.0
0.0
0.0
0.0
0.0
0.0
0.0
0.0
