0.0
0.0
0.0
0.0
0.0
0.0
0.0
0.0
0.0
0.0
0.0
0.0
0.0
0.0
0.0
0.0
0.0
0.0
0.0
0.0
0.0
0.0
0.0
0.0
0.0
0.0
0.0
0.0
0.0
0.0
0.0
0.0
0.0
0.0
0.0
0.0
0.0
0.0
0.0
0.0
0.0
0.0
0.0
0.0
0.0
0.0
0.0
0.0
0.0
0.0
0.0
0.0
0.0
0.0
0.0
0.0
0.0
0.0
0.0
0.0
0.0
0.0
0.0
0.0
0.0
0.0
0.0
0.0
0.0
0.0
0.0
0.0
0.0
0.0
0.0
0.0
0.0
0.0
0.0
0.0
0.0
0.0
0.0
0.0
0.0
0.0
0.0
0.0
0.0
0.0
0.0
0.0
0.0
0.0
0.0
0.0
0.0
0.0
0.0
0.0
0.0
0.0
0.0
0.0
0.0
0.0
0.0
0.0
0.0
0.0
0.0
0.0
0.0
0.0
0.0
0.0
0.0
0.0
0.0
0.0
0.0
0.0
0.0
0.0
0.0
0.0
0.0
0.0
0.0
0.0
0.0
0.0
0.0
0.0
0.0
0.0
0.0
0.0
0.0
0.0
0.0
0.0
0.0
0.0
0.0
0.0
0.0
0.0
0.0
0.0
0.0
0.0
0.0
0.0
0.0
0.0
0.0
0.0
0.0
0.0
0.0
0.0
0.0
0.0
0.0
0.0
0.0
0.0
0.0
0.0
0.0
0.0
0.0
0.0
0.0
0.0
0.0
0.0
0.0
0.0
0.0
0.0
0.0
0.0
0.0
0.0
0.0
0.0
0.0
0.0
0.0
0.0
0.0
0.0
0.0
0.0
0.0
0.0
0.0
0.0
0.0
0.0
0.0
0.0
0.0
0.0
0.0
0.0
0.0
0.0
0.0
0.0
0.0
0.0
0.0
0.0
0.0
0.0
0.0
0.0
0.0
0.0
0.0
0.0
0.0
0.0
0.0
0.0
0.0
0.0
0.0
0.0
0.0
0.0
0.0
0.0
0.0
0.0
0.0
0.0
0.0
0.0
0.0
0.0
0.0
0.0
0.0
0.0
0.0
0.0
0.0
0.0
0.0
0.0
0.0
0.0
0.0
0.0
0.0
0.0
0.0
0.0
0.0
0.0
0.0
0.0
0.0
0.0
0.0
0.0
0.0
0.0
0.0
0.0
0.0
0.0
0.0
0.0
0.0
0.0
0.0
0.0
0.0
0.0
0.0
0.0
0.0
0.0
0.0
0.0
0.0
0.0
0.0
0.0
0.0
0.0
0.0
0.0
0.0
0.0
0.0
0.0
0.0
0.0
0.0
0.0
0.0
0.0
0.0
0.0
0.0
0.0
0.0
0.0
0.0
0.0
0.0
0.0
0.0
0.0
0.0
0.0
0.0
0.0
0.0
0.0
0.0
0.0
0.0
0.0
0.0
0.0
0.0
0.0
0.0
0.0
0.0
0.0
0.0
0.0
0.0
0.0
0.0
0.0
0.0
0.0
0.0
0.0
0.0
0.0
0.0
0.0
0.0
0.0
0.0
0.0
0.0
0.0
0.0
0.0
0.0
0.0
0.0
0.0
0.0
0.0
0.0
0.0
0.0
0.0
0.0
0.0
0.0
0.0
0.0
0.0
0.0
0.0
0.0
0.0
0.0
0.0
0.0
0.0
0.0
0.0
0.0
0.0
0.0
0.0
0.0
0.0
0.0
0.0
0.0
0.0
0.0
0.0
0.0
0.0
0.0
0.0
0.0
0.0
0.0
0.0
0.0
0.0
0.0
0.0
0.0
0.0
0.0
0.0
0.0
0.0
0.0
0.0
0.0
0.0
0.0
0.0
0.0
0.0
0.0
0.0
0.0
0.0
0.0
0.0
0.0
0.0
0.0
0.0
0.0
0.0
0.0
0.0
0.0
0.0
0.0
0.0
0.0
0.0
0.0
0.0
0.0
0.0
0.0
0.0
0.0
0.0
0.0
0.0
0.0
0.0
0.0
0.0
0.0
0.0
0.0
0.0
0.0
0.0
0.0
0.0
0.0
0.0
0.0
0.0
0.0
0.0
0.0
0.0
0.0
0.0
0.0
0.0
0.0
0.0
0.0
0.0
0.0
0.0
0.0
0.0
0.0
0.0
0.0
0.0
0.0
0.0
0.0
0.0
0.0
0.0
0.0
0.0
0.0
0.0
0.0
0.0
0.0
0.0
0.0
0.0
0.0
0.0
0.0
0.0
0.0
0.0
0.0
0.0
0.0
0.0
0.0
0.0
0.0
0.0
0.0
0.0
0.0
0.0
0.0
0.0
0.0
0.0
0.0
0.0
0.0
0.0
0.0
0.0
0.0
0.0
0.0
0.0
0.0
0.0
0.0
0.0
0.0
0.0
0.0
0.0
0.0
0.0
0.0
0.0
0.0
0.0
0.0
0.0
0.0
0.0
0.0
0.0
0.0
0.0
0.0
0.0
0.0
0.0
0.0
0.0
0.0
0.0
0.0
0.0
0.0
0.0
0.0
0.0
0.0
0.0
0.0
0.0
0.0
0.0
0.0
0.0
0.0
0.0
0.0
0.0
0.0
0.0
0.0
0.0
0.0
0.0
0.0
0.0
0.0
0.0
0.0
0.0
0.0
0.0
0.0
0.0
0.0
0.0
0.0
0.0
0.0
0.0
0.0
0.0
0.0
0.0
0.0
0.0
0.0
0.0
0.0
0.0
0.0
0.0
0.0
0.0
0.0
0.0
0.0
0.0
0.0
0.0
0.0
0.0
0.0
0.0
0.0
0.0
0.0
0.0
0.0
0.0
0.0
0.0
0.0
0.0
0.0
0.0
0.0
0.0
0.0
0.0
0.0
0.0
0.0
0.0
0.0
0.0
0.0
0.0
0.0
0.0
0.0
0.0
0.0
0.0
0.0
0.0
0.0
0.0
0.0
0.0
0.0
0.0
0.0
0.0
0.0
0.0
0.0
0.0
0.0
0.0
0.0
0.0
0.0
0.0
0.0
0.0
0.0
0.0
0.0
0.0
0.0
0.0
0.0
0.0
0.0
0.0
0.0
0.0
0.0
0.0
0.0
0.0
0.0
0.0
0.0
0.0
0.0
0.0
0.0
0.0
0.0
0.0
0.0
0.0
0.0
0.0
0.0
0.0
0.0
0.0
0.0
0.0
0.0
0.0
0.0
0.0
0.0
0.0
0.0
0.0
0.0
0.0
0.0
0.0
0.0
0.0
0.0
0.0
0.0
0.0
0.0
0.0
0.0
0.0
0.0
0.0
0.0
0.0
0.0
0.0
0.0
0.0
0.0
0.0
0.0
0.0
0.0
0.0
0.0
0.0
0.0
0.0
0.0
0.0
0.0
0.0
0.0
0.0
0.0
0.0
0.0
0.0
0.0
0.0
0.0
0.0
0.0
0.0
0.0
0.0
0.0
0.0
0.0
0.0
0.0
0.0
0.0
0.0
0.0
0.0
0.0
0.0
0.0
0.0
0.0
0.0
0.0
0.0
0.0
0.0
0.0
0.0
0.0
0.0
0.0
0.0
0.0
0.0
0.0
0.0
0.0
0.0
0.0
0.0
0.0
0.0
0.0
0.0
0.0
0.0
0.0
0.0
0.0
0.0
0.0
0.0
0.0
0.0
0.0
0.0
0.0
0.0
0.0
0.0
0.0
0.0
0.0
0.0
0.0
0.0
0.0
0.0
0.0
0.0
0.0
0.0
0.0
0.0
0.0
0.0
0.0
0.0
0.0
0.0
0.0
0.0
0.0
0.0
0.0
0.0
0.0
0.0
0.0
0.0
0.0
0.0
0.0
0.0
0.0
0.0
0.0
0.0
0.0
0.0
0.0
0.0
0.0
0.0
0.0
0.0
0.0
0.0
0.0
0.0
0.0
0.0
0.0
0.0
0.0
0.0
0.0
0.0
0.0
0.0
0.0
0.0
0.0
0.0
0.0
0.0
0.0
0.0
0.0
0.0
0.0
0.0
0.0
0.0
0.0
0.0
0.0
0.0
0.0
0.0
0.0
0.0
0.0
0.0
0.0
0.0
0.0
0.0
0.0
0.0
0.0
0.0
0.0
0.0
0.0
0.0
0.0
0.0
0.0
0.0
0.0
0.0
0.0
0.0
0.0
0.0
0.0
0.0
0.0
0.0
0.0
0.0
0.0
0.0
0.0
0.0
0.0
0.0
0.0
0.0
0.0
0.0
0.0
0.0
3.374570585892945e-05
3.373409437450242e-05
3.371839743200685e-05
3.37033966283122e-05
3.3690452125867525e-05
3.367683707146224e-05
3.365779447204383e-05
3.36380944692245e-05
3.3622486719117745e-05
3.3602828014005655e-05
3.358522250209907e-05
3.356628333971092e-05
3.355006676463286e-05
3.3539264416852805e-05
3.3525096887530003e-05
3.3516332508831554e-05
3.350016415080433e-05
3.3487375259527153e-05
3.34745961289977e-05
3.3457124694703736e-05
3.344638210484771e-05
3.343095171233334e-05
3.341888568067586e-05
3.340348064268297e-05
3.33921034353796e-05
3.338140255300966e-05
3.336803609086783e-05
3.335401282128253e-05
3.333866752013655e-05
3.3326001612978474e-05
3.3309350600900683e-05
3.329803741367484e-05
3.3284072905433286e-05
3.3268127802839764e-05
3.325883354618987e-05
3.3242912611031326e-05
3.322568212325399e-05
3.3216411564625847e-05
3.320648456230533e-05
3.3196563491747334e-05
3.31833446156705e-05
3.317145662500332e-05
3.315298111606195e-05
3.314375107717191e-05
3.3129915651234746e-05
3.311214421001046e-05
3.309439182436144e-05
3.307994098538528e-05
3.305763267680875e-05
3.3046489801853246e-05
3.30288077260987e-05
3.3014414093193084e-05
3.300068641427742e-05
3.298892891545597e-05
3.29810952362106e-05
3.296217919559098e-05
3.295044911462143e-05
3.293612368173165e-05
3.292051013622507e-05
3.290686042226083e-05
3.2894520430786635e-05
3.2880243576844414e-05
3.2867923536062684e-05
3.285302214950753e-05
3.284590017474018e-05
3.2830372033775886e-05
3.281356644090933e-05
3.2800650764911174e-05
3.2791615839662115e-05
3.2777428151877485e-05
3.276132067435902e-05
3.2749733089675317e-05
3.274329908384249e-05
3.2729153165890986e-05
3.271437731454219e-05
3.270025637000994e-05
3.268422463213905e-05
3.267589433922806e-05
3.266564749846471e-05
3.265220826884522e-05
3.263941927945218e-05
3.2625362957162894e-05
3.261578604044357e-05
3.260685265615421e-05
3.2592824363788064e-05
3.257626102706436e-05
3.256480395988016e-05
3.255208333333333e-05
3.2538102117579684e-05
3.252857635432727e-05
3.251842168588505e-05
3.2509541550445055e-05
3.2498131357446946e-05
3.248546275541695e-05
3.247406945553975e-05
3.246205186137405e-05
3.24500431585574e-05
3.243741201351991e-05
3.242479069797604e-05
3.2415331155023075e-05
3.240398698655882e-05
3.238887377408113e-05
3.2376919141882136e-05
3.236434484856723e-05
3.235366437602723e-05
3.234110813572916e-05
3.233295180450204e-05
3.2319158150568494e-05
3.2311012885631936e-05
3.229661208539224e-05
3.228660170602403e-05
3.2277222609548894e-05
3.2266599552139597e-05
3.2248493995330414e-05
3.2237266279819466e-05
3.2224800206238716e-05
3.221172120111066e-05
3.2203629993172826e-05
3.21887030527766e-05
3.217254780840604e-05
3.21607523043179e-05
3.214276530638484e-05
3.21316110789795e-05
3.212294091948706e-05
3.21099444497961e-05
3.2098194797524584e-05
3.208645374095964e-05
3.207410400990448e-05
3.206361421059382e-05
3.204943304552942e-05
3.2038343489488216e-05
3.202233878353539e-05
3.201372748634614e-05
3.200635005985187e-05
3.1993447741902456e-05
3.198485197410506e-05
3.19701271132254e-05
3.195909236177692e-05
3.1948677644232306e-05
3.1941942325628936e-05
3.1931538780853844e-05
3.1919307989402784e-05
3.1907086563925845e-05
3.189609528001582e-05
3.188023234313331e-05
3.186682217675889e-05
3.185585861095714e-05
3.1845511056761435e-05
3.183395409543819e-05
3.182179793158313e-05
3.1809651048128e-05
3.179872677897977e-05
3.1791448100460974e-05
3.17799303383927e-05
3.17653935096948e-05
3.1752079761224356e-05
3.17417995060976e-05
3.1731525905617745e-05
3.1723070285634525e-05
3.1710998642769254e-05
3.17067757379752e-05
3.1698333301635e-05
3.1685075695645836e-05
3.1674838775070635e-05
3.166581168975104e-05
3.165678974826521e-05
3.16471720087093e-05
3.1641163888572476e-05
3.163095531811251e-05
3.161775400122676e-05
3.1608759419410304e-05
3.160096825366729e-05
3.159138439764707e-05
3.157941274924051e-05
3.15746266300401e-05
3.155967935365776e-05
3.155370440489713e-05
3.1543552182498374e-05
3.152982721654685e-05
3.151849820659745e-05
3.1504795029803535e-05
3.149288890568509e-05
3.148574954975378e-05
3.1476235442241104e-05
3.1467915313546306e-05
3.145663074319435e-05
3.144713422265829e-05
3.1435271632182174e-05
3.1421640712391436e-05
3.1415125754748394e-05
3.140210394096404e-05
3.1389092917992853e-05
3.1378455552417705e-05
3.136959658698789e-05
3.13554326422596e-05
3.134481807467589e-05
3.133244349193816e-05
3.132184448077778e-05
3.131537083662144e-05
3.130595940243184e-05
3.129714131911191e-05
3.128245554763067e-05
3.12730638846149e-05
3.125840069518683e-05
3.124550845815914e-05
3.123965186531961e-05
3.1226775086029764e-05
3.121507813134056e-05
3.120689547562429e-05
3.119871710875249e-05
3.119229425562709e-05
3.1182373228061637e-05
3.117420770751111e-05
3.116429818000498e-05
3.115555970963018e-05
3.114973678472417e-05
3.1141006477329346e-05
3.113111804297339e-05
3.1119492627792195e-05
3.1110779262798975e-05
3.110265118998743e-05
3.109220704922518e-05
3.108466841984196e-05
3.107539512364899e-05
3.106496927674538e-05
3.105570772852342e-05
3.104529508552979e-05
3.104066948515945e-05
3.1035467332067084e-05
3.1026223363987236e-05
3.101409900940968e-05
3.100313751751677e-05
3.0998524470235217e-05
3.0991031195572e-05
3.0982389609745815e-05
3.097375284184182e-05
3.09656962017477e-05
3.095649374369261e-05
3.094672212319271e-05
3.093580819798917e-05
3.09289191579911e-05
3.092031217147168e-05
3.091400342527158e-05
3.090769725292386e-05
3.090024781998751e-05
3.089222936862461e-05
3.088135383855228e-05
3.0872773301225644e-05
3.086248294847817e-05
3.085334172544228e-05
3.0845918468068304e-05
3.083735760850124e-05
3.083165300824438e-05
3.08242401824795e-05
3.081341246217653e-05
3.0803730947892406e-05
3.079291762894534e-05
3.078324898723111e-05
3.07741546339722e-05
3.0767905382537366e-05
3.076222644690132e-05
3.075371197303514e-05
3.0742366670355745e-05
3.073442993779351e-05
3.072932991623184e-05
3.0721966205837174e-05
3.0713474001044255e-05
3.0706117886927786e-05
3.069480766633516e-05
3.0687460489894615e-05
3.0676728633658504e-05
3.0666004280974197e-05
3.06581069232137e-05
3.064626851034618e-05
3.063950780694659e-05
3.0631624088709183e-05
3.062318174858367e-05
3.0614181713536974e-05
3.0604624970925604e-05
3.059507419305491e-05
3.9762647580595826e-05
3.9748058460221364e-05
3.973348004156733e-05
3.972255324349925e-05
3.971527204961354e-05
3.970653813965706e-05
3.969708073775497e-05
3.968544704129728e-05
7.019342867432081e-05
7.017415394378747e-05
7.015360589534303e-05
7.013948609103496e-05
7.012408914905944e-05
7.010869896543947e-05
7.008947073307493e-05
7.005872748982626e-05
7.003696733841254e-05
7.001522070015222e-05
6.99998782610813e-05
6.998198724502216e-05
6.996155156470532e-05
6.994368013234562e-05
6.992836902720518e-05
6.991306462398931e-05
6.989521795152312e-05
6.987738038815367e-05
6.986591819004745e-05
6.985445975168259e-05
6.984173256082305e-05
6.982773800632701e-05
6.980866355866358e-05
6.979468225212268e-05
6.977689595961435e-05
6.97616577796381e-05
6.974642625376783e-05
6.972359143188006e-05
6.969443535386593e-05
6.968303309035164e-05
6.966783587469484e-05
6.96513797029823e-05
6.962481307251274e-05
6.959953035447344e-05
6.958058036254508e-05
6.956290301116637e-05
6.954901996359261e-05
6.954144972757894e-05
6.952253134559349e-05
6.951244575006953e-05
6.949354314340447e-05
6.94759099833862e-05
6.94608029668823e-05
6.944318641570504e-05
6.942306415294808e-05
6.940798010706936e-05
6.938787823935802e-05
6.93690433104114e-05
6.934520040762919e-05
6.9330150175134e-05
6.931009335768229e-05
6.930006930006931e-05
6.928253417436306e-05
6.927126627874758e-05
6.925249459529446e-05
6.923373308288784e-05
6.921248232072463e-05
6.91999879652195e-05
6.918125488780607e-05
6.916752374250436e-05
6.915005562069692e-05
6.912885618793432e-05
6.911140758903354e-05
6.909023184278669e-05
6.907653680277748e-05
6.905787049547522e-05
6.904667555267362e-05
6.902678239156794e-05
6.901435498583706e-05
6.899572226521957e-05
6.898206466318758e-05
6.896344937183294e-05
6.894608416218518e-05
6.892996715337219e-05
6.891261879936243e-05
6.88915646771981e-05
6.887423564571094e-05
6.885815220645471e-05
6.883589522578174e-05
6.882353645253572e-05
6.880500661126369e-05
6.879018992074176e-05
6.877044425706991e-05
6.875317609780887e-05
6.873714914168222e-05
6.872112965585655e-05
6.870265490955147e-05
6.868295945913664e-05
