0.0
0.0
0.0
0.0
0.0
0.0
0.0
0.0
0.0
0.0
0.0
0.0
0.0
0.0
0.0
0.0
0.0
0.0
0.0
0.0
0.0
0.0
0.0
0.0
0.0
0.0
0.0
0.0
0.0
0.0
0.0
0.0
0.0
0.0
0.0
0.0
0.0
0.0
0.0
0.0
0.0
0.0
0.0
0.0
0.0
0.0
0.0
0.0
0.0
0.0
0.0
0.0
0.0
0.0
0.0
0.0
0.0
0.0
0.0
0.0
0.0
0.0
0.0
0.0
0.0
0.0
0.0
0.0
0.0
0.0
0.0
0.0
0.0
0.0
0.0
0.0
0.0
0.0
0.0
0.0
0.0
0.0
0.0
0.0
0.0
0.0
0.0
0.0
0.0
0.0
0.0
0.0
0.0
0.0
0.0
0.0
0.0
0.0
0.0
0.0
0.0
0.0
0.0
0.0
0.0
0.0
0.0
0.0
0.0
0.0
0.0
0.0
0.0
0.0
0.0
0.0
0.0
0.0
0.0
0.0
0.0
0.0
0.0
0.0
0.0
0.0
0.0
0.0
0.0
0.0
0.0
0.0
0.0
0.0
0.0
0.0
0.0
0.0
0.0
0.0
0.0
0.0
0.0
0.0
0.0
0.0
0.0
0.0
0.0
0.0
0.0
0.0
0.0
0.0
0.0
0.0
0.0
0.0
0.0
0.0
0.0
0.0
0.0
0.0
0.0
0.0
0.0
0.0
0.0
0.0
0.0
0.0
0.0
0.0
0.0
0.0
0.0
0.0
0.0
0.0
0.0
0.0
0.0
0.0
0.0
0.0
0.0
0.0
0.0
0.0
0.0
0.0
0.0
0.0
0.0
0.0
0.0
0.0
0.0
0.0
0.0
0.0
0.0
0.0
0.0
0.0
0.0
0.0
0.0
0.0
0.0
0.0
0.0
0.0
0.0
0.0
0.0
0.0
0.0
0.0
0.0
0.0
0.0
0.0
0.0
0.0
0.0
0.0
0.0
0.0
0.0
0.0
0.0
0.0
0.0
0.0
0.0
0.0
0.0
0.0
0.0
0.0
0.0
0.0
0.0
0.0
0.0
0.0
0.0
0.0
0.0
0.0
0.0
0.0
0.0
0.0
0.0
0.0
0.0
0.0
0.0
0.0
0.0
0.0
0.0
0.0
0.0
0.0
0.0
0.0
0.0
0.0
0.0
0.0
0.0
0.0
0.0
0.0
0.0
0.0
0.0
0.0
0.0
0.0
0.0
0.0
0.0
0.0
0.0
0.0
0.0
0.0
0.0
0.0
0.0
0.0
0.0
0.0
0.0
0.0
0.0
0.0
0.0
0.0
0.0
0.0
0.0
0.0
0.0
0.0
0.0
0.0
0.0
0.0
0.0
0.0
0.0
0.0
0.0
0.0
0.0
0.0
0.0
0.0
0.0
0.0
0.0
0.0
0.0
0.0
0.0
0.0
0.0
0.0
0.0
0.0
0.0
0.0
0.0
0.0
0.0
0.0
0.0
0.0
0.0
0.0
0.0
0.0
0.0
0.0
0.0
0.0
0.0
0.0
0.0
0.0
0.0
0.0
0.0
0.0
0.0
0.0
0.0
0.0
0.0
0.0
0.0
0.0
0.0
0.0
0.0
0.0
0.0
0.0
0.0
0.0
0.0
0.0
0.0
0.0
0.0
0.0
0.0
0.0
0.0
0.0
0.0
0.0
0.0
0.0
0.0
0.0
0.0
0.0
0.0
0.0
0.0
0.0
0.0
0.0
0.0
0.0
0.0
0.0
0.0
0.0
0.0
0.0
0.0
0.0
0.0
0.0
0.0
0.0
0.0
0.0
0.0
0.0
0.0
0.0
0.0
0.0
0.0
0.0
0.0
0.0
0.0
0.0
0.0
0.0
0.0
0.0
0.0
0.0
0.0
0.0
0.0
0.0
0.0
0.0
0.0
0.0
0.0
0.0
0.0
0.0
0.0
0.0
0.0
0.0
0.0
0.0
0.0
0.0
0.0
0.0
0.0
0.0
0.0
0.0
0.0
0.0
0.0
0.0
0.0
0.0
0.0
0.0
0.0
0.0
0.0
0.0
0.0
0.0
0.0
0.0
0.0
0.0
0.0
0.0
0.0
0.0
0.0
0.0
0.0
0.0
0.0
0.0
0.0
0.0
0.0
0.0
0.0
0.0
0.0
0.0
0.0
0.0
0.0
0.0
0.0
0.0
0.0
0.0
0.0
0.0
0.0
0.0
0.0
0.0
0.0
0.0
0.0
0.0
0.0
0.0
0.0
0.0
0.0
0.0
0.0
0.0
0.0
0.0
0.0
0.0
0.0
0.0
0.0
0.0
0.0
0.0
0.0
0.0
0.0
0.0
0.0
0.0
0.0
0.0
0.0
0.0
0.0
0.0
0.0
0.0
0.0
0.0
0.0
0.0
0.0
0.0
0.0
0.0
0.0
0.0
0.0
0.0
0.0
0.0
0.0
0.0
0.0
0.0
0.0
0.0
0.0
0.0
0.0
0.0
0.0
0.0
0.0
0.0
0.0
0.0
0.0
0.0
0.0
0.0
0.0
0.0
0.0
0.0
0.0
0.0
0.0
0.0
0.0
0.0
0.0
0.0
0.0
0.0
0.0
0.0
0.0
0.0
0.0
0.0
0.0
0.0
0.0
0.0
0.0
0.0
0.0
0.0
0.0
0.0
0.0
0.0
0.0
0.0
0.0
0.0
0.0
0.0
0.0
0.0
0.0
0.0
0.0
0.0
0.0
0.0
0.0
0.0
0.0
0.0
0.0
0.0
1.66441970007157e-05
1.6629250852249105e-05
1.661764461505226e-05
1.660274609420398e-05
1.6585810838827384e-05
1.657179315087789e-05
1.6558210388621197e-05
1.6544239295877174e-05
1.653111155194075e-05
1.6515140254828612e-05
1.649960813430681e-05
1.6484105201559395e-05
1.6467817767128587e-05
1.6451562487147214e-05
1.6438986700859758e-05
1.6425620683141564e-05
1.6409448560481126e-05
1.6395727273472532e-05
1.6384041943147375e-05
1.6370765087706372e-05
1.6355101974060806e-05
1.634026977785403e-05
1.6323066124740872e-05
1.6309488860619106e-05
1.629274809782166e-05
1.627405508767647e-05
1.62589729206806e-05
1.6245897910777528e-05
1.6233239180546085e-05
1.6217443482209463e-05
1.6204435153901624e-05
1.619105444242056e-05
1.617455580626117e-05
1.6159657415262794e-05
1.6147523777228763e-05
1.6133455947598534e-05
1.6119022864833934e-05
1.6104226554259165e-05
1.6090622385273863e-05
1.607665348381081e-05
1.60600001606e-05
1.6049174671192534e-05
1.6039521380682e-05
1.6026796804256716e-05
1.6013707733820148e-05
1.599910405017319e-05
1.5987593627345178e-05
1.597648261758691e-05
1.5964240102171135e-05
1.5950489680033177e-05
1.593676292471473e-05
1.5921158423486893e-05
1.5909759842175182e-05
1.5895724050230487e-05
1.5882848112323502e-05
1.5869993017203073e-05
1.5861686097232134e-05
1.5849618816667457e-05
1.5840956793790343e-05
1.5830048598249197e-05
1.5817278795356045e-05
1.5806403173925757e-05
1.579629103086595e-05
1.5785070480339693e-05
1.57727462717171e-05
1.575969615305817e-05
1.5746295683940353e-05
1.573588884168122e-05
1.5725124818178243e-05
1.5715116370436722e-05
1.569957297161517e-05
1.567926495605886e-05
1.5667105345616342e-05
1.5654596972400945e-05
1.564210855623338e-05
1.56289072268067e-05
1.5619020843583316e-05
1.5605858439258097e-05
1.5593447633304485e-05
1.5579964166082417e-05
1.556723097878965e-05
1.5557059404631337e-05
1.554363876583508e-05
1.5533859931184998e-05
1.5524093392945852e-05
1.5512895094046927e-05
1.5503875968992248e-05
1.5492706808270007e-05
1.5478678120888476e-05
1.54671863641285e-05
1.5457145065306438e-05
1.5447832669076528e-05
1.5434242410211294e-05
1.5421389467190994e-05
1.5409626393608086e-05
1.539717000015397e-05
1.538686423400343e-05
1.5375862970309207e-05
1.5363461080512216e-05
1.535213970447131e-05
1.5343306482546988e-05
1.5334130708130154e-05
1.5322500325603132e-05
1.530948116168343e-05
1.5300696946745923e-05
1.5291922806373674e-05
1.5280356337909798e-05
1.5269506794930524e-05
1.5258672648066345e-05
1.5246110336100502e-05
4.5711151235343865e-05
4.5681916813229486e-05
4.5641259698767684e-05
4.5599635202918376e-05
4.5567428402178125e-05
3.0356153571780918e-05
3.0336124256764954e-05
3.0314053595246755e-05
3.0298210133236377e-05
3.027688208668271e-05
3.0252838094373728e-05
3.022609116189094e-05
3.0200075500188748e-05
3.0177519257029474e-05
3.015704280038299e-05
3.0142044384160356e-05
3.0117533675167338e-05
3.0087630223024556e-05
3.006320789459839e-05
3.004220930407222e-05
3.002867738690449e-05
3.001245516889509e-05
2.9989503673714197e-05
2.9964566899641172e-05
2.9946395951247265e-05
2.993295019157088e-05
2.9911462072266092e-05
2.989335545441637e-05
2.9873262683067088e-05
2.9852528509164724e-05
2.983382559145559e-05
2.981514609421586e-05
2.9795158286778397e-05
2.9777857185396936e-05
2.975924768621849e-05
2.9740661432310252e-05
2.9723423543923786e-05
2.9704881997356263e-05
2.9687685548034673e-05
2.9668528366821684e-05
2.9648077322185653e-05
2.9628312815726706e-05
2.9613177864149545e-05
2.9594116689602105e-05
2.9573112126454625e-05
2.9551482376234695e-05
2.9533808827655456e-05
2.951680982319431e-05
2.9497219887025647e-05
2.947830765035779e-05
2.945356277658736e-05
2.9437305897764235e-05
2.9419768613519853e-05
2.939901072328916e-05
2.9380871583555525e-05
2.936857562408223e-05
2.934982793663372e-05
2.9332394696703038e-05
2.931498215450461e-05
2.9291154071470413e-05
2.927121980490732e-05
2.92525961679099e-05
2.9235278210216265e-05
2.9219261337073397e-05
2.919558854657061e-05
2.9184724715084124e-05
2.9166210944620656e-05
2.9150906957592718e-05
2.913243605430286e-05
2.9111445892738876e-05
2.909683426443203e-05
2.9078431800173015e-05
2.9058785923924097e-05
2.9038534134796874e-05
2.9019573702462308e-05
2.900379224583614e-05
2.898613737979811e-05
2.8965357432510715e-05
2.8952778019050928e-05
2.8933301506701674e-05
2.8916986560830495e-05
2.8896931868258887e-05
2.8875654214040787e-05
2.886002886002886e-05
2.8841300742663493e-05
2.8825712535581738e-05
2.8807651312188516e-05
2.8793964784981066e-05
2.877718544737732e-05
2.8761666450954168e-05
2.8745544440611704e-05
2.8728821471921167e-05
2.870099305435968e-05
2.868061978819362e-05
2.8664588484001576e-05
2.8653500383240565e-05
2.8638729585955567e-05
2.86221306314042e-05
2.8606164628477436e-05
2.859082949144062e-05
2.857734816497703e-05
2.856387954611995e-05
2.854736721905822e-05
2.852721139376823e-05
2.851074142183067e-05
2.849550839548916e-05
2.847785846504343e-05
2.846387578364608e-05
2.844869278256664e-05
2.843595157357447e-05
2.841655832853804e-05
2.840203074519828e-05
2.8385100660663216e-05
2.837120889721111e-05
2.8357933840940346e-05
2.8342261145594194e-05
2.833021700946229e-05
2.8319386035710743e-05
2.8301352804664063e-05
2.8283342525419652e-05
2.8267752148349163e-05
2.8254573709119163e-05
2.823901502315599e-05
2.8227058458238066e-05
2.8213320919472128e-05
2.8197211295802843e-05
2.817873773344323e-05
2.816326243232016e-05
2.814661572129221e-05
2.8133549961668037e-05
2.8112195773331365e-05
2.8099161942495065e-05
2.8086140191968767e-05
2.807372159290296e-05
2.8057770950386846e-05
2.8042428193857304e-05
2.803063748677304e-05
2.801944549517365e-05
2.8007085792705552e-05
2.798944797811225e-05
2.7973592928275707e-05
2.7959514622826146e-05
2.7946621952071543e-05
2.7935496937571147e-05
2.7920872248049027e-05
2.7908015181960257e-05
2.7892835725143995e-05
2.7878255657543505e-05
2.786893241087167e-05
2.785379542779948e-05
2.783809364734703e-05
2.7827054854081878e-05
2.7810803106466705e-05
2.779746765069702e-05
2.7782408179140965e-05
2.7773148919624506e-05
2.776100550361934e-05
2.774829521411278e-05
2.7734442711041772e-05
2.7721180367860063e-05
2.7704476350766372e-05
2.768606767859244e-05
2.76722772208732e-05
2.7659648030978804e-05
2.7642444974257972e-05
2.7627552958565575e-05
2.761496454928926e-05
2.7598959519226124e-05
2.7585826402394447e-05
2.7569285059515194e-05
2.75561801623059e-05
2.754479472241733e-05
2.7531713092017866e-05
2.7519779841761264e-05
2.7505587072374074e-05
2.7494243392789635e-05
2.747951058991639e-05
2.7465925086689325e-05
2.7450657443245765e-05
2.7435971301974015e-05
2.7425813175360648e-05
2.741284428819123e-05
2.7397072622790254e-05
2.7379632291538324e-05
2.7366145341597907e-05
2.735211055723087e-05
2.7343135847534674e-05
2.732576409667855e-05
2.7312889635441204e-05
2.7298350497171205e-05
2.728326853557056e-05
2.7265972747660237e-05
2.7248698874628735e-05
2.7231446874851075e-05
2.7221439605833553e-05
2.7209218483222115e-05
2.7198117890241995e-05
2.718702635102529e-05
2.717151338536678e-05
2.715823064127372e-05
2.7146066195682417e-05
2.7132256182762877e-05
2.7115702703435557e-05
2.7105229276358138e-05
2.70947639368692e-05
2.708265626692666e-05
2.7071658680527353e-05
2.7056826099014454e-05
2.7040364504113513e-05
2.70272096433084e-05
2.701570963515284e-05
2.7006407270124836e-05
2.6997111309089925e-05
2.6983998488896083e-05
2.6968716289104636e-05
2.695345138945042e-05
2.694364736154333e-05
2.6930042482142015e-05
2.6916451335055986e-05
2.690124552766793e-05
2.68914794347411e-05
2.687792717425632e-05
2.6866012479262795e-05
2.6851404328446376e-05
2.68411340379131e-05
2.683087160086395e-05
2.6820617008294274e-05
2.6807675037363195e-05
2.679636105416884e-05
2.6779676903198162e-05
2.676999886227505e-05
2.6757105683878175e-05
2.6746907388833163e-05
2.6739397828760893e-05
2.673028474435824e-05
2.671796515977343e-05
2.6706191830575918e-05
2.6693360026693357e-05
2.6684278290338287e-05
2.667360180313548e-05
2.6664000266640003e-05
2.6654938493729425e-05
2.6643220632510057e-05
2.6633640951886327e-05
2.662247336088759e-05
2.6610784020224195e-05
2.6602289126979374e-05
2.6590087215486065e-05
2.6580015815109408e-05
2.6569422580023778e-05
2.6558308766897723e-05
2.6549847338377804e-05
2.6536109010335814e-05
2.652555073674717e-05
2.6515000861737527e-05
2.6500245127267426e-05
2.6490241657229518e-05
2.6478142293536684e-05
2.6468155500413562e-05
2.6456076299324046e-05
2.6445581604453436e-05
2.6434571132126592e-05
2.6426712120611513e-05
2.64162407047853e-05
2.6403685954559255e-05
2.639062077337714e-05
2.6381743833267377e-05
2.6367136001687495e-05
2.6355148807758956e-05
2.634421349350615e-05
2.6334327454194726e-05
2.6319772070773867e-05
2.63140582856391e-05
2.6303675938712434e-05
2.6294338828850146e-05
2.6280863589177537e-05
2.6268437159331206e-05
2.6258090774219804e-05
2.6247752536189086e-05
2.624000419840067e-05
2.6227616368655373e-05
2.6215240229907655e-05
2.6206995957570874e-05
2.6193095500026193e-05
2.6184865147944487e-05
2.61766399664939e-05
2.6166879272560753e-05
2.6159178601791903e-05
2.6147892479866122e-05
2.6141740517083626e-05
2.6131493676178527e-05
2.6119719735407237e-05
2.6112558182043697e-05
2.6099268567998382e-05
2.6089054989205654e-05
2.6077319251580936e-05
2.606712284131639e-05
2.6056934401667642e-05
2.6048789382513445e-05
2.6040140877162144e-05
2.6031498112716386e-05
2.6021337496747333e-05
2.600814054799152e-05
2.5994450184885527e-05
2.598431846380709e-05
2.597368865339411e-05
2.5963573106930973e-05
2.5953465436472404e-05
2.594538496464941e-05
2.5935291447837643e-05
2.5926213994970312e-05
2.591663913023759e-05
2.5906567962642726e-05
2.58975106017934e-05
2.588845957193432e-05
2.587941486642987e-05
2.5873388573017934e-05
2.586535787955796e-05
2.585632930621004e-05
2.5845803933731358e-05
2.5837289668313794e-05
2.582427869561568e-05
2.581577860388269e-05
2.58072841059389e-05
2.5799294389298452e-05
2.5789314197662198e-05
2.57823326565471e-05
2.577585318074028e-05
2.576489533011272e-05
2.5754444251286112e-05
2.5745492929644004e-05
2.573456087188692e-05
2.5725623364011138e-05
2.5713220452295547e-05
2.5704297758585234e-05
2.5694886075298863e-05
2.5685481281705514e-05
2.567756679377062e-05
2.5665210165989747e-05
2.5657801896111557e-05
2.564891761567662e-05
2.5640532553861143e-05
2.5629689432238304e-05
2.5622794037575827e-05
2.5616886651680787e-05
2.5607538859440217e-05
2.5598197886868765e-05
2.5589845949127383e-05
2.558100865917143e-05
2.5573158412929788e-05
2.5560412033841985e-05
2.5549636556419984e-05
2.5543273498215163e-05
2.5533001404315077e-05
2.5522249020583692e-05
2.5513946561038926e-05
2.550516160708023e-05
2.5495895160879096e-05
2.548712263129054e-05
2.5479816800117205e-05
2.547202852867195e-05
2.5465704063053082e-05
2.5455980246159328e-05
2.544917799155087e-05
2.5440922996686318e-05
2.5428793022339193e-05
2.541958197497442e-05
2.5405051794549344e-05
2.539924437247992e-05
2.5389571233615792e-05
2.538425414715252e-05
2.5377973188171326e-05
2.5368798914215404e-05
2.5359148946961338e-05
2.534998827563042e-05
2.5339389447411263e-05
2.533120551207032e-05
2.532158411830244e-05
2.5312450561619997e-05
2.5303323591553748e-05
2.5296122736787516e-05
2.5287007535528246e-05
2.5279336670205772e-05
2.5269754630682536e-05
2.526161560662612e-05
2.5253481823806456e-05
2.5243919370921527e-05
2.5236752282348784e-05
2.522863450015768e-05
2.5218613858889245e-05
2.5213368127781348e-05
2.5206694898164952e-05
2.5200977797938557e-05
2.5194311124548074e-05
2.5185744868404482e-05
2.5176233635448137e-05
2.5168154733815303e-05
2.5158182069763636e-05
2.5152486952147393e-05
2.5145845906256284e-05
2.5135417059407557e-05
2.5125943793263733e-05
2.5118370320133627e-05
2.5108909896676834e-05
2.5101819254350458e-05
2.50918990803819e-05
2.5085289985952238e-05
2.5079627818323176e-05
2.5073968206208314e-05
2.506783984157125e-05
2.5062185547890703e-05
2.5053238131028435e-05
2.5045237961067177e-05
2.503536244945986e-05
2.502878310056565e-05
2.5018920558672493e-05
2.501281906977326e-05
2.5006720556149463e-05
2.4999218774413298e-05
2.499078464816099e-05
2.4984696873165185e-05
2.4979547995079028e-05
2.4970659475116737e-05
2.4963179310516987e-05
2.4956637841749957e-05
2.494916607412397e-05
2.4941232221577905e-05
2.493423595267482e-05
2.4927243607719965e-05
2.4919323689555065e-05
2.490954720670565e-05
2.4903964088483785e-05
2.4895594102233756e-05
2.4890017236336934e-05
2.4886300713614673e-05
2.487979946881628e-05
2.4873301619873768e-05
2.4864488537470783e-05
2.485985258107419e-05
2.485521835309323e-05
2.4845955078513218e-05
2.483947489350075e-05
2.4834385690426963e-05
2.482560015888384e-05
2.481682084116614e-05
2.4810817516437167e-05
2.480343279509884e-05
2.479881957618817e-05
2.479236395190281e-05
2.4786372452425654e-05
2.4778541782816078e-05
2.4770716059474486e-05
2.476289527771587e-05
2.4756918011276776e-05
2.475094362972588e-05
2.4744053694596514e-05
2.4736249737177344e-05
2.472799208704253e-05
2.4719739948335743e-05
2.4715615944043843e-05
2.470874566052654e-05
2.4705083070841826e-05
2.4698218640980517e-05
2.4691815280529886e-05
2.468175956263922e-05
2.4677191488836653e-05
2.4671712031777165e-05
2.4663953631767172e-05
2.4658024029244415e-05
2.465255308002835e-05
2.4647540175490485e-05
2.4642529309208296e-05
2.4632968765395605e-05
2.4627054050226876e-05
2.4620232907403302e-05
2.461205252212008e-05
2.4606601951303532e-05
2.4602969578428113e-05
2.4594346989344496e-05
2.4590264714199647e-05
2.4583463932985475e-05
2.457711993020098e-05
2.4568515447454087e-05
2.4560821805097597e-05
2.4554489481470566e-05
2.4547708471414192e-05
2.453912456673108e-05
2.4533706245668267e-05
2.452783909737552e-05
2.4520621842969938e-05
2.451431022859594e-05
2.450845235250507e-05
2.4503047566541088e-05
2.4495844892310142e-05
2.449179524859172e-05
2.4484149573669746e-05
2.4478306101217793e-05
2.4471117963024138e-05
2.446438291652141e-05
2.4458997547985495e-05
2.4453166073677387e-05
2.444823392070215e-05
2.4440615414696142e-05
2.443747976271207e-05
2.4430763217042898e-05
2.442718256876252e-05
2.4422260890801964e-05
2.4414658561000025e-05
2.441063571398058e-05
2.4405720700932297e-05
2.439902159923387e-05
2.4392772421531497e-05
2.4387864598575747e-05
2.4383404654791947e-05
2.437627213670213e-05
2.4371816431478637e-05
2.4367362354861898e-05
2.4362464750558813e-05
2.4357124154351094e-05
2.4348228362033806e-05
2.4338450492549392e-05
2.433400860207204e-05
2.4329568332633857e-05
2.4323354677077063e-05
2.4315370353484696e-05
2.430872075357034e-05
2.4301188935668675e-05
2.4295432458697762e-05
2.4290563723257605e-05
2.42856969387879e-05
2.4281716474537583e-05
2.4277295266534355e-05
2.4272875668262606e-05
2.4264041297398288e-05
2.425741973826244e-05
2.4252125092461225e-05
2.424639183381523e-05
2.424198347908826e-05
2.4236695568926133e-05
2.4230088924426352e-05
2.4225246340473725e-05
2.4219965728748492e-05
2.4215127189955563e-05
2.4208971844965742e-05
2.4203698325104074e-05
2.419974469269349e-05
2.4195353282402113e-05
2.4189646831156262e-05
2.4182627200619074e-05
2.4178242000024178e-05
2.416947636829448e-05
2.4163344206838226e-05
2.4159841511439684e-05
2.4154151796766965e-05
2.414759007051096e-05
2.413972070343146e-05
2.4132293231495053e-05
2.4125743374467726e-05
2.4118760778071222e-05
2.4113526482680458e-05
2.410655095522208e-05
2.4100450678427685e-05
2.4092612000530036e-05
2.4087824207058934e-05
2.4083473318521997e-05
2.407868915616234e-05
2.4073037596066466e-05
2.406782312556785e-05
2.4065651096190405e-05
2.406217666450107e-05
2.4056532852202674e-05
2.4053061052682215e-05
2.405002405002405e-05
2.404395234488645e-05
2.404048417535129e-05
2.4031818127200413e-05
2.402532269011538e-05
2.401883076331844e-05
2.4014937290995e-05
2.4010180316454177e-05
2.4001104050786334e-05
2.399635255441173e-05
2.398944464435648e-05
2.3979521488648693e-05
2.397305428698143e-05
2.397003745318352e-05
2.3965729007519246e-05
2.3961852730453116e-05
2.395539505440869e-05
2.3951522119230675e-05
