2.3947650436146583e-05
2.3948080561343006e-05
2.3948080561343006e-05
2.3948080561343006e-05
2.3948080561343006e-05
2.3948080561343006e-05
2.3948080561343006e-05
2.3948080561343006e-05
2.3948080561343006e-05
2.3948080561343006e-05
2.3948080561343006e-05
2.3948080561343006e-05
2.394851070199072e-05
2.394894085809055e-05
2.394894085809055e-05
2.394894085809055e-05
2.394894085809055e-05
2.394894085809055e-05
2.394894085809055e-05
2.394894085809055e-05
2.394894085809055e-05
2.394894085809055e-05
2.394894085809055e-05
2.3949371029643333e-05
2.3949371029643333e-05
2.39498012166499e-05
2.3950231419111087e-05
2.3950231419111087e-05
2.395066163702772e-05
2.3951091870400642e-05
2.3951091870400642e-05
2.3951091870400642e-05
2.3951091870400642e-05
2.3951091870400642e-05
2.3951091870400642e-05
2.3951091870400642e-05
2.3951091870400642e-05
2.3951091870400642e-05
2.3951091870400642e-05
2.3951091870400642e-05
2.3951091870400642e-05
2.395195238351866e-05
2.395195238351866e-05
2.395281295847181e-05
2.395324326913864e-05
2.3953673595266753e-05
2.395453429391016e-05
2.395453429391016e-05
2.395539505440869e-05
2.395539505440869e-05
2.395539505440869e-05
2.395539505440869e-05
2.3956255876769018e-05
3.593502946672416e-05
3.593567514149672e-05
3.593632083947246e-05
3.593696656065262e-05
3.593696656065262e-05
3.8933112912017154e-05
3.8933112912017154e-05
3.8933812518718175e-05
3.893451215056275e-05
3.893521180755223e-05
3.893591148968797e-05
3.893731092940366e-05
3.893731092940366e-05
3.8938010686986315e-05
3.893871046972066e-05
3.893941027760804e-05
3.89422097607151e-05
3.894290969438802e-05
3.894430963721878e-05
3.894500964637931e-05
3.894570968070509e-05
3.894710982485784e-05
3.894780993468751e-05
3.894851006968787e-05
3.894851006968787e-05
3.8950610625726576e-05
3.895131086142322e-05
3.8954812417595586e-05
5.094090854608654e-05
5.094090854608654e-05
5.0942740359835546e-05
5.0942740359835546e-05
5.094548832748959e-05
5.0948236591622915e-05
5.09500689324462e-05
5.09500689324462e-05
5.095190140507361e-05
5.0952817690818304e-05
5.095373400951936e-05
5.095373400951936e-05
5.095648316337848e-05
5.09583160974323e-05
5.096014916335426e-05
5.096106574577023e-05
5.0963815690859495e-05
5.0965649152471236e-05
5.0968399592252805e-05
5.096931647148417e-05
5.09739013625024e-05
5.097573554987826e-05
5.097665269306658e-05
5.0978487078452894e-05
5.0980321595863997e-05
5.09812389040833e-05
5.0984908467093746e-05
5.098674344670386e-05
5.098857855840292e-05
5.099133147364948e-05
5.0994084686176406e-05
5.099683819603185e-05
5.1002346107920966e-05
5.100418234295213e-05
5.100601871020781e-05
5.100877350904356e-05
5.100969184144988e-05
5.100969184144988e-05
5.101152860546484e-05
5.101336550176147e-05
5.101428399951987e-05
5.1016121094265794e-05
5.1018876984484265e-05
5.102163317246513e-05
5.1022551967969846e-05
5.102347079656642e-05
5.102530855304231e-05
5.10280654359898e-05
5.1030822616860586e-05
5.103266090297791e-05
5.103266090297791e-05
5.1035418580494866e-05
5.1037257197754366e-05
5.1037257197754366e-05
5.1040015372051694e-05
5.1044612991754796e-05
5.104645227156713e-05
5.105381071649519e-05
5.105565065921855e-05
5.105841082198035e-05
5.1062091503267975e-05
5.106301175650753e-05
5.106761352030088e-05
5.107037497671792e-05
5.107405738320565e-05
5.107681953658302e-05
5.10814237895205e-05
5.108234473972043e-05
5.108510778957744e-05
5.108694998888108e-05
5.108971353697092e-05
5.109247738406516e-05
5.109339873288371e-05
5.1097084460474905e-05
5.1097084460474905e-05
5.109892752368586e-05
5.1100770719859565e-05
5.1102614049010417e-05
5.110537929210031e-05
5.1109066748441174e-05
5.111367681724155e-05
5.1118287717778944e-05
5.112197703721079e-05
5.112658943544216e-05
5.1130279953321064e-05
5.113304819139401e-05
5.1136739641802185e-05
5.114135470440297e-05
5.1145047354296786e-05
5.1146893879221125e-05
5.114966391662003e-05
5.1154281312438315e-05
5.115797582936107e-05
5.116167087998074e-05
5.116444251825367e-05
5.116906258277349e-05
5.117091084221299e-05
5.117368348173702e-05
5.117460776168287e-05
5.11792296622773e-05
5.1183852397812945e-05
5.118755118755119e-05
5.118847596851608e-05
5.119125051191251e-05
5.119217542655128e-05
5.119587541935445e-05
5.119772561633027e-05
5.1200501162552556e-05
5.120327700972862e-05
5.120790409060787e-05
5.121623494393329e-05
5.1218086612797294e-05
5.122086436715116e-05
5.122271637078015e-05
5.122642077984693e-05
5.123012572475561e-05
5.1234757659596274e-05
5.123661066806513e-05
5.123753722256381e-05
5.123939043209877e-05
5.124124377569598e-05
5.124495086513535e-05
5.12477315342365e-05
5.125422093584178e-05
5.1259784588293475e-05
5.126534944874672e-05
5.126998775552057e-05
5.1272771142477984e-05
5.127741079238682e-05
5.127926688746916e-05
5.1282051282051286e-05
5.128576427856014e-05
5.129133478155926e-05
5.129412048687173e-05
5.129597779185903e-05
5.1298764001545e-05
5.130433732903584e-05
5.1308982693781956e-05
5.13136288998358e-05
5.131455824202361e-05
5.131734647057403e-05
5.132106458001256e-05
5.132478322826849e-05
5.132757256812981e-05
5.1332222141701094e-05
5.1336872557723785e-05
5.1344314976230606e-05
5.135362103444318e-05
5.135641350975772e-05
5.1361068310220854e-05
5.1362930466677544e-05
5.136665518470845e-05
5.137224327476898e-05
5.137410624165171e-05
5.137690094533498e-05
5.137876425005138e-05
5.138155946055408e-05
5.138435497521461e-05
5.1389014842356645e-05
5.139274334463974e-05
5.139460779867825e-05
5.140020197255834e-05
5.140393209842946e-05
5.141046112159482e-05
5.1413259782128755e-05
5.1424457471973674e-05
5.142632422784887e-05
5.1435660040543405e-05
5.1443131131567324e-05
5.145247304798397e-05
1.2108663143045691e-05
1.2109982864374246e-05
1.2110422835413297e-05
1.211152290288981e-05
1.2113503528057902e-05
1.2115044462213176e-05
1.211680600993578e-05
1.2118568069996848e-05
1.2119449292224161e-05
1.2120771365889725e-05
1.212121212121212e-05
1.2123195916907615e-05
1.2125180362057885e-05
1.212716545698191e-05
1.2128047930045419e-05
1.2130696119996845e-05
1.2131358348194247e-05
1.2132683021523378e-05
1.2133345466678799e-05
1.2133787136972255e-05
1.213467057403059e-05
1.213621689846841e-05
1.2137984609035514e-05
1.2139973899056117e-05
1.2140858237268792e-05
1.2141742704330351e-05
1.2142184986188263e-05
1.2144618112483453e-05
1.2145503127467055e-05
1.2146388271447485e-05
1.2147052214103942e-05
1.2148380317194209e-05
1.2149708710733659e-05
1.2150373016451605e-05
1.215170184584351e-05
1.215258789359194e-05
1.215436037678517e-05
1.2155911723769062e-05
1.215812862084268e-05
1.2159680929972398e-05
1.216078996491612e-05
1.2162564841673811e-05
1.2163896339275396e-05
1.2166560209264835e-05
1.2168558877572128e-05
1.2169891687963977e-05
1.2171669222717203e-05
1.2173002714579604e-05
1.2175448208687182e-05
1.2176560121765601e-05
1.2177672237951715e-05
1.2179229541939175e-05
1.2181454952979584e-05
1.218345851836961e-05
1.2185017302724569e-05
1.2186353721103108e-05
1.218791324643351e-05
1.2189696049928994e-05
1.2190587647277536e-05
1.2191256430887767e-05
1.21921482565228e-05
1.2193486239650777e-05
1.2195047591173225e-05
1.219593997158346e-05
1.2197948305095083e-05
1.2199287561606401e-05
1.2200850399272829e-05
1.2202190293157621e-05
1.2203307096223076e-05
1.2204870964001733e-05
1.2207329280500012e-05
1.220911776915e-05
1.221001221001221e-05
1.2212248885632289e-05
1.2213815046198755e-05
1.2214486380847685e-05
1.2216724696108973e-05
1.2218068079075337e-05
1.2220755731534437e-05
1.2221651878467893e-05
1.2223892820907745e-05
1.2224565263897801e-05
1.2225910371851064e-05
1.222815287636726e-05
1.2228825788147822e-05
1.2230620581688314e-05
1.2232191458260705e-05
1.2233538245098937e-05
1.2234436267762872e-05
1.2236232708673653e-05
1.2239827173640307e-05
1.2241849988370241e-05
1.224252440853304e-05
1.224364860728497e-05
1.224567268541479e-05
1.2246572490524214e-05
1.2248372497504393e-05
1.2249722850020518e-05
1.2251974099326754e-05
1.2253550466247594e-05
1.225445142948176e-05
1.2256929761664e-05
1.225715511429797e-05
1.2259409096481548e-05
1.2260310921484969e-05
1.2262114969589954e-05
1.2263693947253852e-05
1.2265047680372858e-05
1.2266627413458943e-05
1.2267530300799842e-05
1.226911067351283e-05
1.2270917312423689e-05
1.2273176359407696e-05
1.2274532186892026e-05
1.2275662271979573e-05
1.2277696949606193e-05
1.227995849374029e-05
1.2282447154771115e-05
1.2283578697817821e-05
1.2285389600417703e-05
1.2287201037039767e-05
1.2288106955682942e-05
1.2290145761128727e-05
1.2290825513295599e-05
1.2292411894137748e-05
1.229490560586221e-05
1.2296719849980018e-05
1.2297627172837001e-05
1.2299215310063217e-05
1.2300349944955933e-05
1.2302619842895544e-05
1.2303755106058368e-05
1.230602626106004e-05
1.2307389356569683e-05
1.2308980016370943e-05
1.2310571087392744e-05
1.2311253100896874e-05
1.2313754463735993e-05
1.2315574275228454e-05
1.2316256843220209e-05
1.2318760239969449e-05
1.2322403361551637e-05
1.2323770087745243e-05
1.2326048638587927e-05
1.2327644125569383e-05
1.233083633897469e-05
1.2333117503777017e-05
1.233562776009671e-05
1.5422959234034152e-05
1.5424957581366648e-05
1.542667086272114e-05
1.5428384524713186e-05
1.543152722738664e-05
1.543409948203162e-05
1.5436672594348942e-05
1.543838847925698e-05
1.544067691927614e-05
1.544296603782909e-05
1.5445255835217654e-05
1.5447546311743842e-05
1.5450410362899236e-05
1.5453275476269948e-05
1.5455854986986168e-05
1.546015608573584e-05
1.5462737894222503e-05
1.5466755755179816e-05
1.5469914111036855e-05
1.5472499179957542e-05
1.547451038649137e-05
1.5477096991871428e-05
1.5480834726608456e-05
1.5485437494580095e-05
1.5489467162329613e-05
1.5493498927849873e-05
1.5497244589911913e-05
1.5500127101042226e-05
1.5502145496936776e-05
1.550445287886681e-05
1.5507915239938463e-05
1.551166787657676e-05
1.551340047533059e-05
1.55160000993024e-05
1.5518600594672773e-05
1.5520623804911965e-05
1.5522936691254998e-05
1.5525828768739676e-05
1.552727521163676e-05
1.552987948813517e-05
1.553132668592551e-05
1.5536828498272305e-05
1.5539435980631647e-05
1.554233420992098e-05
0.0
0.0
0.0
0.0
0.0
0.0
0.0
0.0
0.0
0.0
0.0
0.0
0.0
0.0
0.0
0.0
0.0
0.0
0.0
0.0
0.0
0.0
0.0
0.0
0.0
0.0
0.0
0.0
0.0
0.0
0.0
0.0
0.0
0.0
0.0
0.0
0.0
0.0
0.0
0.0
0.0
0.0
0.0
0.0
0.0
0.0
0.0
0.0
0.0
0.0
0.0
0.0
0.0
0.0
0.0
0.0
0.0
0.0
0.0
0.0
0.0
0.0
0.0
0.0
0.0
0.0
0.0
0.0
0.0
0.0
0.0
0.0
0.0
0.0
0.0
0.0
0.0
0.0
0.0
0.0
0.0
0.0
0.0
0.0
0.0
0.0
0.0
0.0
0.0
0.0
0.0
0.0
0.0
0.0
0.0
0.0
0.0
0.0
0.0
0.0
0.0
0.0
0.0
0.0
0.0
0.0
0.0
0.0
0.0
0.0
0.0
0.0
0.0
0.0
0.0
0.0
0.0
0.0
0.0
0.0
0.0
0.0
0.0
0.0
0.0
0.0
0.0
0.0
0.0
0.0
0.0
0.0
0.0
0.0
0.0
0.0
0.0
0.0
0.0
0.0
0.0
0.0
0.0
0.0
0.0
0.0
0.0
0.0
0.0
0.0
0.0
0.0
0.0
0.0
0.0
0.0
0.0
0.0
0.0
0.0
0.0
0.0
0.0
0.0
0.0
0.0
0.0
0.0
0.0
0.0
0.0
0.0
0.0
0.0
0.0
0.0
0.0
0.0
0.0
0.0
0.0
0.0
0.0
0.0
0.0
0.0
0.0
0.0
0.0
0.0
0.0
0.0
0.0
0.0
0.0
0.0
0.0
0.0
0.0
0.0
0.0
0.0
0.0
0.0
0.0
0.0
0.0
0.0
0.0
0.0
0.0
0.0
0.0
0.0
0.0
0.0
0.0
0.0
0.0
0.0
0.0
0.0
0.0
0.0
0.0
0.0
0.0
0.0
0.0
0.0
0.0
0.0
0.0
0.0
0.0
0.0
0.0
0.0
0.0
0.0
0.0
0.0
0.0
0.0
0.0
0.0
0.0
0.0
0.0
0.0
0.0
0.0
0.0
0.0
0.0
0.0
0.0
0.0
0.0
0.0
0.0
0.0
0.0
0.0
0.0
0.0
0.0
0.0
0.0
0.0
0.0
0.0
0.0
0.0
0.0
0.0
0.0
0.0
0.0
0.0
0.0
0.0
0.0
0.0
0.0
0.0
0.0
0.0
0.0
0.0
0.0
0.0
0.0
0.0
0.0
0.0
0.0
0.0
0.0
0.0
0.0
0.0
0.0
0.0
0.0
0.0
0.0
0.0
0.0
0.0
0.0
0.0
0.0
0.0
0.0
0.0
0.0
0.0
0.0
0.0
0.0
0.0
0.0
0.0
0.0
0.0
0.0
0.0
0.0
0.0
0.0
0.0
0.0
0.0
0.0
0.0
0.0
0.0
0.0
0.0
0.0
0.0
0.0
0.0
0.0
0.0
0.0
0.0
0.0
0.0
0.0
0.0
0.0
0.0
0.0
0.0
0.0
0.0
0.0
0.0
0.0
0.0
0.0
0.0
0.0
0.0
0.0
0.0
0.0
0.0
0.0
0.0
0.0
0.0
0.0
0.0
0.0
0.0
0.0
0.0
0.0
0.0
0.0
0.0
0.0
0.0
0.0
0.0
0.0
0.0
0.0
0.0
0.0
0.0
0.0
0.0
0.0
0.0
0.0
0.0
0.0
0.0
0.0
0.0
0.0
0.0
0.0
0.0
0.0
0.0
0.0
0.0
0.0
0.0
0.0
0.0
0.0
0.0
0.0
0.0
0.0
0.0
0.0
0.0
0.0
0.0
0.0
0.0
0.0
0.0
0.0
0.0
0.0
0.0
0.0
0.0
0.0
0.0
0.0
0.0
0.0
0.0
0.0
0.0
0.0
0.0
0.0
0.0
0.0
0.0
0.0
0.0
0.0
0.0
0.0
0.0
0.0
0.0
0.0
0.0
0.0
0.0
0.0
0.0
0.0
0.0
0.0
0.0
0.0
0.0
0.0
0.0
0.0
0.0
0.0
0.0
0.0
0.0
0.0
0.0
0.0
0.0
0.0
0.0
0.0
0.0
0.0
0.0
0.0
0.0
0.0
0.0
0.0
0.0
0.0
0.0
0.0
0.0
0.0
0.0
0.0
0.0
0.0
0.0
0.0
0.0
0.0
0.0
0.0
0.0
0.0
0.0
0.0
0.0
0.0
0.0
0.0
0.0
0.0
0.0
0.0
0.0
0.0
0.0
0.0
0.0
0.0
0.0
0.0
0.0
0.0
0.0
0.0
0.0
0.0
0.0
0.0
0.0
0.0
0.0
0.0
0.0
0.0
0.0
0.0
0.0
0.0
0.0
0.0
0.0
0.0
0.0
0.0
0.0
0.0
0.0
0.0
0.0
0.0
0.0
0.0
0.0
0.0
0.0
0.0
0.0
0.0
0.0
0.0
0.0
0.0
0.0
0.0
0.0
0.0
0.0
0.0
0.0
0.0
0.0
0.0
0.0
0.0
0.0
0.0
0.0
0.0
0.0
0.0
0.0
0.0
0.0
0.0
0.0
0.0
0.0
0.0
0.0
0.0
0.0
0.0
0.0
0.0
0.0
0.0
0.0
0.0
0.0
0.0
0.0
0.0
0.0
0.0
0.0
0.0
0.0
0.0
0.0
0.0
0.0
0.0
0.0
0.0
0.0
0.0
0.0
0.0
0.0
0.0
0.0
0.0
0.0
0.0
0.0
0.0
0.0
0.0
0.0
0.0
0.0
0.0
0.0
0.0
0.0
0.0
0.0
0.0
0.0
0.0
0.0
0.0
0.0
0.0
0.0
0.0
0.0
0.0
0.0
0.0
0.0
0.0
0.0
0.0
0.0
0.0
0.0
0.0
0.0
0.0
0.0
0.0
0.0
0.0
0.0
0.0
0.0
0.0
0.0
0.0
0.0
0.0
0.0
0.0
0.0
0.0
0.0
0.0
0.0
0.0
0.0
0.0
0.0
0.0
0.0
0.0
0.0
0.0
0.0
0.0
0.0
0.0
0.0
0.0
0.0
0.0
0.0
0.0
0.0
0.0
0.0
0.0
0.0
0.0
0.0
0.0
0.0
0.0
0.0
0.0
0.0
0.0
0.0
0.0
0.0
0.0
0.0
0.0
0.0
0.0
0.0
0.0
0.0
0.0
0.0
0.0
0.0
0.0
0.0
0.0
0.0
0.0
0.0
0.0
0.0
0.0
0.0
0.0
0.0
0.0
0.0
0.0
0.0
0.0
0.0
0.0
0.0
0.0
0.0
0.0
0.0
0.0
0.0
0.0
0.0
0.0
0.0
0.0
0.0
0.0
0.0
0.0
0.0
0.0
0.0
0.0
0.0
0.0
0.0
0.0
0.0
0.0
0.0
0.0
0.0
0.0
0.0
0.0
0.0
0.0
0.0
0.0
0.0
0.0
0.0
0.0
0.0
0.0
0.0
0.0
0.0
0.0
0.0
0.0
0.0
0.0
0.0
0.0
0.0
0.0
0.0
0.0
0.0
0.0
0.0
0.0
0.0
0.0
0.0
0.0
0.0
0.0
0.0
0.0
0.0
0.0
0.0
0.0
0.0
0.0
0.0
0.0
0.0
0.0
0.0
0.0
0.0
0.0
0.0
0.0
0.0
0.0
0.0
0.0
0.0
0.0
0.0
0.0
0.0
0.0
0.0
0.0
0.0
0.0
0.0
0.0
0.0
0.0
0.0
0.0
0.0
0.0
0.0
0.0
0.0
0.0
0.0
0.0
0.0
0.0
0.0
0.0
0.0
0.0
0.0
0.0
0.0
0.0
0.0
0.0
0.0
0.0
0.0
0.0
0.0
0.0
0.0
0.0
0.0
0.0
