0.0
0.0
0.0
0.0
0.0
0.0
0.0
0.0
0.0
0.0
0.0
0.0
0.0
0.0
0.0
0.0
0.0
0.0
0.0
0.0
0.0
0.0
0.0
0.0
0.0
0.0
0.0
0.0
0.0
0.0
0.0
0.0
0.0
0.0
0.0
0.0
0.0
0.0
0.0
0.0
0.0
0.0
0.0
0.0
0.0
0.0
0.0
0.0
0.0
0.0
0.0
0.0
0.0
0.0
0.0
0.0
0.0
0.0
0.0
0.0
0.0
0.0
0.0
0.0
0.0
0.0
0.0
0.0
0.0
0.0
0.0
0.0
0.0
0.0
0.0
0.0
0.0
0.0
0.0
0.0
0.0
0.0
0.0
0.0
0.0
0.0
0.0
0.0
0.0
0.0
0.0
0.0
0.0
0.0
0.0
0.0
0.0
0.0
0.0
0.0
0.0
0.0
0.0
0.0
0.0
0.0
0.0
0.0
0.0
0.0
0.0
0.0
0.0
0.0
0.0
0.0
0.0
0.0
0.0
0.0
0.0
0.0
0.0
0.0
0.0
0.0
0.0
0.0
0.0
0.0
0.0
0.0
0.0
0.0
0.0
0.0
0.0
0.0
0.0
0.0
0.0
0.0
0.0
0.0
0.0
0.0
0.0
0.0
0.0
0.0
0.0
0.0
0.0
0.0
0.0
0.0
0.0
0.0
0.0
0.0
0.0
0.0
0.0
0.0
0.0
0.0
0.0
0.0
0.0
0.0
0.0
0.0
0.0
0.0
0.0
0.0
0.0
0.0
0.0
0.0
0.0
0.0
0.0
0.0
0.0
0.0
0.0
0.0
0.0
0.0
0.0
0.0
0.0
0.0
0.0
0.0
0.0
0.0
0.0
0.0
0.0
0.0
0.0
0.0
0.0
0.0
0.0
0.0
0.0
0.0
0.0
0.0
0.0
0.0
0.0
0.0
0.0
0.0
0.0
0.0
0.0
0.0
0.0
0.0
0.0
0.0
0.0
0.0
0.0
0.0
0.0
0.0
0.0
0.0
0.0
0.0
0.0
0.0
0.0
0.0
0.0
0.0
0.0
0.0
0.0
0.0
0.0
0.0
0.0
0.0
0.0
0.0
0.0
0.0
0.0
0.0
0.0
0.0
0.0
0.0
0.0
0.0
0.0
0.0
0.0
0.0
0.0
0.0
0.0
0.0
0.0
0.0
0.0
0.0
0.0
0.0
0.0
0.0
0.0
0.0
0.0
0.0
0.0
0.0
0.0
0.0
0.0
0.0
0.0
0.0
0.0
0.0
0.0
0.0
0.0
0.0
0.0
0.0
0.0
0.0
0.0
0.0
0.0
0.0
0.0
0.0
0.0
0.0
0.0
0.0
0.0
0.0
0.0
0.0
0.0
0.0
0.0
0.0
0.0
0.0
0.0
0.0
0.0
0.0
0.0
0.0
0.0
0.0
0.0
0.0
0.0
0.0
0.0
0.0
0.0
0.0
0.0
0.0
0.0
0.0
0.0
0.0
0.0
0.0
0.0
0.0
0.0
0.0
0.0
0.0
0.0
0.0
0.0
0.0
0.0
0.0
0.0
0.0
0.0
0.0
0.0
0.0
0.0
0.0
0.0
0.0
0.0
0.0
0.0
0.0
0.0
0.0
0.0
0.0
0.0
0.0
0.0
0.0
0.0
0.0
0.0
0.0
0.0
0.0
0.0
0.0
0.0
0.0
0.0
0.0
0.0
0.0
0.0
0.0
0.0
0.0
0.0
0.0
0.0
0.0
0.0
0.0
0.0
0.0
0.0
0.0
0.0
0.0
0.0
0.0
0.0
0.0
0.0
0.0
0.0
0.0
0.0
0.0
0.0
0.0
0.0
0.0
0.0
0.0
0.0
0.0
0.0
0.0
0.0
0.0
0.0
0.0
0.0
0.0
0.0
0.0
0.0
0.0
0.0
0.0
0.0
0.0
0.0
0.0
0.0
0.0
0.0
0.0
0.0
0.0
0.0
0.0
0.0
0.0
0.0
0.0
0.0
0.0
0.0
0.0
0.0
0.0
0.0
0.0
0.0
0.0
0.0
0.0
0.0
0.0
0.0
0.0
0.0
0.0
0.0
0.0
0.0
0.0
0.0
0.0
0.0
0.0
0.0
0.0
0.0
0.0
0.0
0.0
0.0
0.0
0.0
0.0
0.0
0.0
0.0
0.0
0.0
0.0
0.0
0.0
0.0
0.0
0.0
0.0
0.0
0.0
0.0
0.0
0.0
0.0
0.0
0.0
0.0
0.0
0.0
0.0
0.0
0.0
0.0
0.0
0.0
0.0
0.0
0.0
0.0
0.0
0.0
0.0
0.0
0.0
0.0
0.0
0.0
0.0
0.0
0.0
0.0
0.0
0.0
0.0
0.0
0.0
0.0
0.0
0.0
0.0
0.0
0.0
0.0
0.0
0.0
0.0
0.0
0.0
0.0
0.0
0.0
0.0
0.0
0.0
0.0
0.0
0.0
0.0
0.0
0.0
0.0
0.0
0.0
0.0
0.0
0.0
0.0
0.0
0.0
0.0
0.0
0.0
0.0
0.0
0.0
0.0
0.0
0.0
0.0
0.0
0.0
0.0
0.0
0.0
0.0
0.0
0.0
0.0
0.0
0.0
0.0
0.0
0.0
0.0
0.0
0.0
0.0
0.0
0.0
0.0
0.0
0.0
0.0
0.0
0.0
0.0
0.0
0.0
0.0
0.0
0.0
0.0
0.0
0.0
0.0
0.0
0.0
0.0
0.0
0.0
0.0
0.0
0.0
0.0
0.0
0.0
0.0
0.0
0.0
0.0
0.0
0.0
0.0
0.0
0.0
0.0
0.0
0.0
0.0
0.0
0.0
0.0
0.0
0.0
0.0
0.0
0.0
0.0
0.0
0.0
0.0
0.0
0.0
0.0
0.0
0.0
0.0
0.0
0.0
0.0
0.0
0.0
0.0
0.0
0.0
0.0
0.0
0.0
0.0
0.0
0.0
0.0
0.0
0.0
0.0
0.0
0.0
0.0
0.0
0.0
0.0
0.0
0.0
0.0
0.0
0.0
0.0
0.0
0.0
0.0
0.0
0.0
0.0
0.0
0.0
0.0
0.0
0.0
0.0
0.0
0.0
0.0
0.0
0.0
0.0
0.0
0.0
0.0
0.0
0.0
0.0
0.0
0.0
0.0
0.0
0.0
0.0
0.0
0.0
0.0
0.0
0.0
0.0
0.0
0.0
0.0
0.0
0.0
0.0
0.0
0.0
0.0
0.0
0.0
0.0
0.0
0.0
0.0
0.0
0.0
0.0
0.0
0.0
0.0
0.0
0.0
0.0
0.0
0.0
0.0
0.0
0.0
0.0
0.0
0.0
0.0
0.0
0.0
0.0
0.0
0.0
0.0
0.0
0.0
0.0
0.0
0.0
0.0
0.0
0.0
0.0
0.0
0.0
0.0
0.0
0.0
0.0
0.0
0.0
0.0
0.0
0.0
0.0
0.0
0.0
0.0
0.0
0.0
0.0
0.0
0.0
0.0
0.0
0.0
0.0
0.0
0.0
0.0
0.0
0.0
0.0
0.0
0.0
0.0
0.0
0.0
0.0
0.0
0.0
0.0
0.0
0.0
0.0
0.0
0.0
0.0
0.0
0.0
0.0
0.0
0.0
0.0
0.0
0.0
0.0
0.0
0.0
0.0
1.6497389108854077e-05
1.6487809773686887e-05
1.647965836951693e-05
1.6466915818262525e-05
1.6457018560654846e-05
1.6448544661374524e-05
1.64372596944099e-05
1.6426694092103757e-05
1.641684511063526e-05
1.640911490661073e-05
1.639823469438681e-05
1.638736890104879e-05
1.6376867318893206e-05
1.6366379187658326e-05
1.6355206644480473e-05
1.634648870315487e-05
1.6339521038909372e-05
1.6328385122711364e-05
1.6318306301704197e-05
1.630893375027477e-05
1.6297839473367204e-05
1.6286068330677996e-05
1.627673276435537e-05
1.6269824427372917e-05
1.6258783277487947e-05
1.6252923759654588e-05
1.6244658685595226e-05
1.6235714336135758e-05
1.62250627839386e-05
1.6216826014609243e-05
1.6208940287673452e-05
1.6201404591337178e-05
1.6193191818917872e-05
1.6183962396915196e-05
1.617610859092028e-05
1.616792143796087e-05
1.615974256827491e-05
1.615123170697452e-05
1.6140011087485877e-05
1.6131860424338066e-05
1.6123717989162056e-05
1.611524502179061e-05
1.6105427529077298e-05
1.609697376893144e-05
1.6086165897328296e-05
1.6077732340708118e-05
1.606964444164972e-05
1.606055527624155e-05
1.6049796237369507e-05
1.6040393896281415e-05
1.6034020007668444e-05
1.6023631372876868e-05
1.601559779959613e-05
1.6005567153792622e-05
1.5996216547042786e-05
1.5987877018469472e-05
1.5978214052491906e-05
1.596956062878409e-05
1.596158116811015e-05
1.5952945746112337e-05
1.594498287647491e-05
1.5935702903069353e-05
1.5929742907801418e-05
1.5923456636273634e-05
1.5913541039638555e-05
1.590462755511299e-05
1.589770174529117e-05
1.589012325208644e-05
1.5882222958789084e-05
1.5873344513689033e-05
1.5864804276599414e-05
1.5858569143361464e-05
1.5851027904700863e-05
1.584087496728515e-05
1.5833350543496966e-05
1.5824526640246586e-05
1.581734406161887e-05
1.580984197031874e-05
1.5803649956024623e-05
1.5795184528960126e-05
1.5787378334225662e-05
1.577990463448938e-05
1.5771789069464444e-05
1.5762709541236617e-05
1.57559067524336e-05
1.57474923830064e-05
4.995449350933738e-05
4.993296670223535e-05
4.9920673997483445e-05
4.989815308479951e-05
4.9877697153554975e-05
4.98552149920778e-05
4.983173257425269e-05
4.98031751229729e-05
4.977566856223322e-05
4.9751243781094526e-05
4.972989175233151e-05
4.970551186463759e-05
4.968014155437593e-05
4.965783709508455e-05
4.96274541795834e-05
4.9607219549321805e-05
4.958902248488553e-05
4.956780944232819e-05
4.9546614540913284e-05
4.952745381395317e-05
4.9500250891682596e-05
4.947006044834783e-05
4.9443925170344476e-05
4.9419824796566334e-05
4.94107932124461e-05
4.939073483941245e-05
4.936768783390816e-05
4.933665848894656e-05
4.931865934318355e-05
4.9295679537566e-05
4.9272721136647425e-05
4.9250780928478416e-05
4.9231848284978214e-05
4.9205964032462454e-05
4.918308910224019e-05
4.9158249158249153e-05
4.914335723181527e-05
4.91294662386346e-05
4.9107653394146096e-05
4.908090954321137e-05
4.9057161673588425e-05
4.902652133325274e-05
4.9003812899414636e-05
4.8981125492327404e-05
4.895944414263965e-05
4.8940734781442745e-05
4.89220397139736e-05
4.889844529737623e-05
4.8878800661537736e-05
4.88503439599561e-05
4.882485921050871e-05
4.879842240716601e-05
4.878179169506702e-05
4.87593093544401e-05
4.8744658119658115e-05
4.872903983765887e-05
4.871050612217662e-05
4.8690037884851394e-05
4.867056031149158e-05
4.8651098315205795e-05
4.863456785188442e-05
4.8619991474850805e-05
4.859959921974342e-05
4.858019392148642e-05
4.856661943063954e-05
4.85462719123241e-05
4.852400608876569e-05
4.8499827260889204e-05
4.8480501540750184e-05
4.846312155613091e-05
4.844286065046153e-05
4.841876260214369e-05
4.8402389619345035e-05
4.838121748351393e-05
4.835718071012188e-05
4.833892872987809e-05
4.832356932446298e-05
4.8303424911333435e-05
4.8290004630548386e-05
4.827467629515004e-05
4.825361571613653e-05
4.8239266763145194e-05
4.8213460141338085e-05
4.819913505661747e-05
4.818291024777896e-05
4.816383621656572e-05
4.81438247300978e-05
4.812573342299223e-05
4.810575357992474e-05
4.8083889920826246e-05
4.806584362139917e-05
4.805350395618573e-05
4.803453222261702e-05
4.801462801817978e-05
4.799568696292497e-05
4.797297741327077e-05
4.795312417888485e-05
4.7934231607700994e-05
4.7910636817683615e-05
4.788800766208122e-05
4.7875759125906685e-05
4.7852221850766614e-05
4.783905108293194e-05
4.781648948364741e-05
4.779394915509464e-05
4.7781748681092825e-05
4.7767678948849316e-05
4.7746121445203144e-05
4.772645549344578e-05
4.770961185289754e-05
4.769091063507307e-05
4.7669422351082026e-05
4.7643288822753905e-05
4.7622775429257344e-05
4.759948618636829e-05
4.757621971089299e-05
4.7563200416992435e-05
4.754554276819268e-05
4.7527898225191086e-05
4.7508411592052426e-05
4.7493575355388564e-05
4.747041227727923e-05
4.7450047450047446e-05
4.743062458985504e-05
4.7413989075297306e-05
4.739828846728219e-05
4.7378907948623084e-05
4.7363230561611124e-05
4.734295757292761e-05
4.7327303964472105e-05
4.730798143971796e-05
4.729510851959831e-05
4.727673078168512e-05
4.725653175897874e-05
4.724093524109055e-05
4.7229015436771346e-05
4.722168316191215e-05
4.7205193864618084e-05
4.7187800983833324e-05
4.717224979321753e-05
4.715305364467267e-05
4.713661223356514e-05
4.711835744115046e-05
4.7101028479991736e-05
4.707369289896566e-05
4.705457686332901e-05
4.7040932054851014e-05
4.7024568726729274e-05
4.700276865623591e-05
4.69900612801895e-05
4.696919978638665e-05
4.6951980344486035e-05
4.6935678831365885e-05
4.6915770125580014e-05
4.689678210984125e-05
4.688232536333802e-05
4.686787752717373e-05
4.684983024958765e-05
4.6830895560687705e-05
4.681647940074906e-05
4.679847167730851e-05
4.6784075469763385e-05
4.6762497757962435e-05
4.674722558418022e-05
4.672388742743396e-05
4.6708640458640455e-05
4.669519551214394e-05
4.6679967260077756e-05
4.666564385803416e-05
4.6651329243353776e-05
4.6636129584555135e-05
4.662093982705547e-05
4.66048673357338e-05
4.6587022004390666e-05
4.656562563788528e-05
4.655315349786365e-05
4.653534774016701e-05
4.65220023579645e-05
4.650422041726389e-05
4.6483787982985653e-05
4.64633734955096e-05
4.6443863365971274e-05
4.6432342352656815e-05
4.6419055976294486e-05
4.640666221671275e-05
4.6391621546048445e-05
4.637217161514908e-05
4.63500892080484e-05
4.633243841911181e-05
4.6317445814933246e-05
4.630070085307455e-05
4.628660922054618e-05
4.626812696481087e-05
4.625317594581408e-05
4.623647741379747e-05
4.62233028766091e-05
4.620574850147795e-05
4.6192591467658855e-05
4.617768921782585e-05
4.616367235175453e-05
4.614616323098999e-05
4.612079858478645e-05
4.6108563560339054e-05
4.609109621042795e-05
4.607713185634033e-05
4.605968830841062e-05
4.6048357082931194e-05
4.60335477361584e-05
4.601613716591023e-05
4.5999609318386604e-05
4.5984831304961316e-05
4.596572090621733e-05
4.595703961119085e-05
4.594662638469284e-05
4.593361648576372e-05
4.591974737848565e-05
4.590155688020322e-05
4.589116877891772e-05
4.58755954400915e-05
4.586608360193265e-05
4.585311926836009e-05
4.583843521396502e-05
4.582721257548934e-05
4.5806508289095534e-05
4.579271582169696e-05
4.5779792924827065e-05
4.576429507312883e-05
4.5747087539872026e-05
4.573419037953113e-05
4.5715287693194055e-05
4.5700691770745294e-05
3.316874127755978e-05
3.3159402880488504e-05
3.315193594795771e-05
3.314198526744956e-05
3.312707044190261e-05
3.311837632473505e-05
3.310844577711144e-05
3.3094800994092883e-05
3.308612380452967e-05
3.3074974101671214e-05
3.306506956141992e-05
3.305640795349649e-05
3.304960558725407e-05
3.304466016996178e-05
3.3036009250082586e-05
3.3030450335913444e-05
3.302180685358255e-05
3.301378481241318e-05
3.300021792596743e-05
3.299159025689866e-05
3.297865720863667e-05
3.296819502242459e-05
3.296019900497512e-05
3.294729055158737e-05
3.294053301511535e-05
3.2930095000217455e-05
3.292273097159327e-05
3.291230423388849e-05
3.290372246641337e-05
3.289208293769742e-05
3.288045164092065e-05
3.2873721491350485e-05
3.286210317460317e-05
3.2847439139273135e-05
3.2838891160761856e-05
3.2823028141101856e-05
3.2813273897969286e-05
3.280413455884628e-05
3.279317406988039e-05
3.278526271511462e-05
3.277431483130503e-05
3.27621590880993e-05
3.275426268918676e-05
3.274576313074209e-05
3.2733022060821655e-05
3.272695836883899e-05
3.271362615114929e-05
3.2704542228968815e-05
3.2694858270873814e-05
3.268820387571081e-05
3.2679134064606025e-05
3.266946514537912e-05
3.2662217209907125e-05
3.265436890811183e-05
3.264471463591904e-05
3.263446322465441e-05
3.2627833388739086e-05
3.2621808602309376e-05
3.260976570190982e-05
3.2603145896002113e-05
3.259532595325953e-05
3.258630760244704e-05
3.2579697316170586e-05
3.2570687610233334e-05
3.2561082748155376e-05
3.2555682502242035e-05
3.25496843294765e-05
3.254009184901397e-05
3.2530505020745866e-05
3.2522719881200025e-05
3.251434005091868e-05
3.250417034638406e-05
3.249699556078777e-05
3.248982394193516e-05
3.2480266705888115e-05
3.247131190226747e-05
3.2459379842112674e-05
3.245043655021245e-05
3.244209392292248e-05
3.243375558411357e-05
3.2423041158909605e-05
3.241590214067278e-05
3.2406388338591726e-05
3.239806834158566e-05
3.2394503936237834e-05
3.2386783747945264e-05
3.237610032925883e-05
3.23666098724267e-05
3.2361866730169193e-05
3.2354162088247496e-05
3.234646111406094e-05
3.233639613915632e-05
3.2327520479179244e-05
3.23180584773926e-05
3.230682954185258e-05
3.230033214492488e-05
3.229029585222011e-05
3.228321516458348e-05
3.2273779076848126e-05
3.2265527023900836e-05
3.226022436073017e-05
3.225139046089062e-05
3.2243149851559834e-05
3.22349134522984e-05
3.222668125988082e-05
3.2218453271084846e-05
3.2209642229879604e-05
3.2199075339760995e-05
3.2193794494253706e-05
3.2186756060826894e-05
3.2177962345712735e-05
3.216741622815802e-05
3.2162145761271916e-05
3.2155121158069715e-05
3.214926966564759e-05
3.213991170620482e-05
3.213114356558694e-05
3.21247166357542e-05
3.211595678282947e-05
3.210836877370263e-05
3.210195095064173e-05
3.2094369557582135e-05
3.208620898413851e-05
3.2077470116507786e-05
3.20693181336867e-05
3.206291591046582e-05
3.2054189724515404e-05
3.204546828707902e-05
3.203907558199282e-05
3.202803964225284e-05
3.202049311559397e-05
3.201643107406064e-05
3.200946997149345e-05
3.2002511895273284e-05
3.199613631561471e-05
3.198860481398324e-05
3.198107685716526e-05
3.1974131118069e-05
3.196718839530745e-05
3.196256158823777e-05
3.195504588262248e-05
3.194868919953463e-05
3.1944067745532347e-05
3.193656073369728e-05
3.192617223266348e-05
3.191579048789006e-05
3.190829675920072e-05
3.189965452072273e-05
3.1891592654102575e-05
3.18835348613367e-05
3.187490602916854e-05
3.1867431485022305e-05
3.185938589530885e-05
3.1853641532340456e-05
3.184675103051279e-05
3.183986350911341e-05
3.1833552564402876e-05
3.182667075008857e-05
3.181921880816012e-05
3.181406181532237e-05
3.1808906493818266e-05
3.1804325388252796e-05
3.1799173221496234e-05
3.1791162056948164e-05
3.1786014153772335e-05
3.178029621634586e-05
3.17734374063283e-05
3.1766010368905266e-05
2.8763010768152153e-05
2.8755256820387475e-05
2.8748540113197375e-05
2.874182654307681e-05
2.8734084011278125e-05
2.872686141084798e-05
2.8718611455136142e-05
2.8711911854430603e-05
2.8703155553163625e-05
2.8694404591104733e-05
2.8689259458490225e-05
2.868411617067049e-05
2.867948878811235e-05
