0.0
0.0
0.0
0.0
0.0
0.0
0.0
0.0
0.0
0.0
0.0
0.0
0.0
0.0
0.0
0.0
0.0
0.0
0.0
0.0
0.0
0.0
0.0
0.0
0.0
0.0
0.0
0.0
0.0
0.0
0.0
0.0
0.0
0.0
0.0
0.0
0.0
0.0
0.0
0.0
0.0
0.0
0.0
0.0
0.0
0.0
0.0
0.0
0.0
0.0
0.0
0.0
0.0
0.0
0.0
0.0
0.0
0.0
0.0
0.0
0.0
0.0
0.0
0.0
0.0
0.0
0.0
0.0
0.0
0.0
0.0
0.0
0.0
0.0
0.0
0.0
0.0
0.0
0.0
0.0
0.0
0.0
0.0
0.0
0.0
0.0
0.0
0.0
0.0
0.0
0.0
0.0
0.0
0.0
0.0
0.0
0.0
0.0
0.0
0.0
0.0
0.0
0.0
0.0
0.0
0.0
0.0
0.0
0.0
0.0
0.0
0.0
0.0
0.0
0.0
0.0
0.0
0.0
0.0
0.0
0.0
0.0
0.0
0.0
0.0
0.0
0.0
0.0
0.0
0.0
0.0
0.0
0.0
0.0
0.0
0.0
0.0
0.0
0.0
0.0
0.0
0.0
0.0
0.0
0.0
0.0
0.0
0.0
0.0
0.0
0.0
0.0
0.0
0.0
0.0
0.0
0.0
0.0
0.0
0.0
0.0
0.0
0.0
0.0
0.0
0.0
0.0
0.0
0.0
0.0
0.0
0.0
0.0
0.0
0.0
0.0
0.0
0.0
0.0
0.0
0.0
0.0
0.0
0.0
0.0
0.0
0.0
0.0
0.0
0.0
0.0
0.0
0.0
0.0
0.0
0.0
0.0
0.0
0.0
0.0
0.0
0.0
0.0
0.0
0.0
0.0
0.0
0.0
0.0
0.0
0.0
0.0
0.0
0.0
0.0
0.0
0.0
0.0
0.0
0.0
0.0
0.0
0.0
0.0
0.0
0.0
0.0
0.0
0.0
0.0
0.0
0.0
0.0
0.0
0.0
0.0
0.0
0.0
0.0
0.0
0.0
0.0
0.0
0.0
0.0
0.0
0.0
0.0
0.0
0.0
0.0
0.0
0.0
0.0
0.0
0.0
0.0
0.0
0.0
0.0
0.0
0.0
0.0
0.0
0.0
0.0
0.0
0.0
0.0
0.0
0.0
0.0
0.0
0.0
0.0
0.0
0.0
0.0
0.0
0.0
0.0
0.0
0.0
0.0
0.0
0.0
0.0
0.0
0.0
0.0
0.0
0.0
0.0
0.0
0.0
0.0
0.0
0.0
0.0
0.0
0.0
0.0
0.0
0.0
0.0
0.0
0.0
0.0
0.0
0.0
0.0
0.0
0.0
0.0
0.0
0.0
0.0
0.0
0.0
0.0
0.0
0.0
0.0
0.0
0.0
0.0
0.0
0.0
0.0
0.0
0.0
0.0
0.0
0.0
0.0
0.0
0.0
0.0
0.0
0.0
0.0
0.0
0.0
0.0
0.0
0.0
0.0
0.0
0.0
0.0
0.0
0.0
0.0
0.0
0.0
0.0
0.0
0.0
0.0
0.0
0.0
0.0
0.0
0.0
0.0
0.0
0.0
0.0
0.0
0.0
0.0
0.0
0.0
0.0
0.0
0.0
0.0
0.0
0.0
0.0
0.0
0.0
0.0
0.0
0.0
0.0
0.0
0.0
0.0
0.0
0.0
0.0
0.0
0.0
0.0
0.0
0.0
0.0
0.0
0.0
0.0
0.0
0.0
0.0
0.0
0.0
0.0
0.0
0.0
0.0
0.0
0.0
0.0
0.0
0.0
0.0
0.0
0.0
0.0
0.0
0.0
0.0
0.0
0.0
0.0
0.0
0.0
0.0
0.0
0.0
0.0
0.0
0.0
0.0
0.0
0.0
0.0
0.0
0.0
0.0
0.0
0.0
0.0
0.0
0.0
0.0
0.0
0.0
0.0
0.0
0.0
0.0
0.0
0.0
0.0
0.0
0.0
0.0
0.0
0.0
0.0
0.0
0.0
0.0
0.0
0.0
0.0
0.0
0.0
0.0
0.0
0.0
0.0
0.0
0.0
0.0
0.0
0.0
0.0
0.0
0.0
0.0
0.0
0.0
0.0
0.0
0.0
0.0
0.0
0.0
0.0
0.0
0.0
0.0
0.0
0.0
0.0
0.0
0.0
0.0
0.0
0.0
0.0
0.0
0.0
0.0
0.0
0.0
0.0
0.0
0.0
0.0
0.0
0.0
0.0
0.0
0.0
0.0
0.0
0.0
0.0
0.0
0.0
0.0
0.0
0.0
0.0
0.0
0.0
0.0
0.0
0.0
0.0
0.0
0.0
0.0
0.0
0.0
0.0
0.0
0.0
0.0
0.0
0.0
0.0
0.0
0.0
0.0
0.0
0.0
0.0
0.0
0.0
0.0
0.0
0.0
0.0
0.0
0.0
0.0
0.0
0.0
0.0
0.0
0.0
0.0
0.0
0.0
0.0
0.0
0.0
0.0
0.0
0.0
0.0
0.0
0.0
0.0
0.0
0.0
0.0
0.0
0.0
0.0
0.0
0.0
0.0
0.0
0.0
0.0
0.0
0.0
0.0
0.0
0.0
0.0
0.0
0.0
0.0
0.0
0.0
0.0
0.0
0.0
0.0
0.0
0.0
0.0
0.0
0.0
0.0
0.0
0.0
0.0
0.0
0.0
0.0
0.0
0.0
0.0
0.0
0.0
0.0
0.0
0.0
0.0
0.0
0.0
0.0
0.0
0.0
0.0
0.0
0.0
0.0
0.0
0.0
0.0
0.0
0.0
0.0
0.0
0.0
0.0
0.0
0.0
0.0
0.0
0.0
0.0
0.0
0.0
0.0
0.0
0.0
0.0
0.0
0.0
0.0
0.0
0.0
0.0
0.0
0.0
0.0
0.0
0.0
0.0
0.0
0.0
0.0
0.0
0.0
0.0
0.0
0.0
0.0
0.0
0.0
0.0
0.0
0.0
0.0
0.0
0.0
0.0
0.0
0.0
0.0
0.0
0.0
0.0
0.0
0.0
0.0
0.0
0.0
0.0
0.0
0.0
0.0
0.0
0.0
0.0
0.0
0.0
0.0
0.0
0.0
0.0
0.0
0.0
0.0
0.0
0.0
0.0
0.0
0.0
0.0
0.0
0.0
0.0
0.0
0.0
0.0
0.0
0.0
0.0
0.0
0.0
0.0
0.0
0.0
0.0
0.0
0.0
0.0
0.0
0.0
0.0
0.0
0.0
0.0
0.0
0.0
0.0
0.0
0.0
0.0
0.0
0.0
0.0
0.0
0.0
0.0
0.0
0.0
0.0
0.0
0.0
0.0
0.0
0.0
0.0
0.0
0.0
0.0
0.0
0.0
0.0
0.0
0.0
0.0
0.0
0.0
0.0
0.0
0.0
0.0
0.0
0.0
0.0
0.0
0.0
0.0
0.0
0.0
0.0
0.0
0.0
0.0
0.0
0.0
0.0
0.0
0.0
0.0
0.0
0.0
0.0
0.0
0.0
0.0
0.0
0.0
0.0
0.0
0.0
0.0
0.0
0.0
0.0
0.0
0.0
0.0
0.0
0.0
0.0
0.0
0.0
0.0
0.0
0.0
0.0
0.0
0.0
0.0
0.0
0.0
0.0
0.0
0.0
0.0
0.0
0.0
0.0
0.0
0.0
0.0
0.0
0.0
0.0
0.0
0.0
0.0
0.0
0.0
0.0
0.0
0.0
0.0
0.0
0.0
0.0
0.0
0.0
0.0
0.0
0.0
0.0
0.0
0.0
0.0
0.0
0.0
0.0
0.0
0.0
0.0
0.0
0.0
0.0
0.0
0.0
0.0
0.0
0.0
0.0
0.0
0.0
0.0
0.0
0.0
0.0
0.0
0.0
0.0
0.0
0.0
0.0
0.0
0.0
0.0
0.0
0.0
0.0
0.0
0.0
0.0
0.0
0.0
0.0
0.0
0.0
0.0
0.0
0.0
0.0
0.0
0.0
0.0
0.0
0.0
0.0
0.0
0.0
0.0
0.0
0.0
0.0
0.0
0.0
0.0
0.0
0.0
0.0
0.0
0.0
0.0
0.0
0.0
0.0
0.0
0.0
0.0
0.0
0.0
0.0
0.0
0.0
0.0
0.0
0.0
0.0
0.0
0.0
0.0
0.0
0.0
0.0
0.0
0.0
0.0
0.0
0.0
7.4373068835655804e-06
7.433386718565222e-06
7.4285675695752894e-06
7.424957306495488e-06
7.421650979995278e-06
7.417447184404481e-06
7.413847719567841e-06
7.410401509027217e-06
7.4068088773971135e-06
7.403219727561515e-06
7.399484726790844e-06
7.39470942153205e-06
7.391727984410175e-06
7.38815343179727e-06
7.3844336139418115e-06
7.380866111088746e-06
7.378489690237588e-06
7.3744829481842016e-06
7.370925051093913e-06
7.368110816386679e-06
7.365150784723339e-06
7.362488788937526e-06
7.3595332717808734e-06
7.3565801265331786e-06
7.354366822445528e-06
7.350975674953221e-06
7.3490603224233195e-06
7.345821229423354e-06
7.3422909282658185e-06
7.339057798416098e-06
7.335387241761027e-06
7.3326000733260014e-06
7.3292289651128705e-06
7.3252755302500585e-06
7.321618743343984e-06
7.318257722425138e-06
7.3150457190357446e-06
7.3121281616645065e-06
7.3100872558597e-06
7.30615443882092e-06
7.302516712805296e-06
7.300190468605863e-06
7.297575214780907e-06
7.294526452605473e-06
7.292060272192723e-06
7.289885615067532e-06
7.287422571135182e-06
7.284527002417139e-06
7.280332512641305e-06
7.2774425743622316e-06
7.274121980412774e-06
7.270948594393438e-06
7.268498328245385e-06
7.2654738079669225e-06
7.262739505341416e-06
7.259288589718208e-06
7.255553796633423e-06
7.252396587417752e-06
7.249815459242856e-06
7.245660837203175e-06
7.242941424357354e-06
7.239223428759461e-06
7.235652030915969e-06
7.232654778812267e-06
7.2300876812451535e-06
7.227237487023824e-06
1.5763236192390297e-05
1.575547502757208e-05
1.5748651521713454e-05
1.5742763248519196e-05
1.573626027774499e-05
1.5729453401494295e-05
1.5722961419783415e-05
1.5715239853848267e-05
1.5708142708476505e-05
1.5703517587939697e-05
1.5697971037243434e-05
1.5690581728317576e-05
1.5684736790510734e-05
1.5677667163126125e-05
1.5671831841244344e-05
1.5663853699606445e-05
1.5658641612840086e-05
1.56515954845147e-05
1.4341123170691959e-05
1.4334675580228572e-05
1.4329353681015559e-05
1.4323755949241816e-05
1.4317883035911853e-05
1.431229426077e-05
1.4306151645207439e-05
1.4300293156009698e-05
1.4294439463048873e-05
1.4289147392555353e-05
1.4284415702468605e-05
1.428024328341739e-05
2.2711492664187867e-05
2.270265361588407e-05
2.2696028843410368e-05
2.2688084218168616e-05
2.2681026996902416e-05
2.2672211641856786e-05
2.265900145017609e-05
2.265240212544253e-05
2.264229062350399e-05
2.2632627195364834e-05
2.2625604426861115e-05
2.2618586015251386e-05
2.2608942805834398e-05
2.2600183384345172e-05
2.259318073253547e-05
2.2584433517880417e-05
2.2574819401444785e-05
2.25691421791474e-05
2.25612861222306e-05
2.2552999548940006e-05
2.2544719060593762e-05
2.253557401326379e-05
2.2526871339383405e-05
2.2519044677784637e-05
2.2508183332368694e-05
2.2499501796745926e-05
2.2487792341300433e-05
2.2479559657539963e-05
2.2470900184261378e-05
2.245792347622989e-05
2.2447984812334844e-05
2.2439781244189698e-05
2.2432877625447855e-05
2.2426409339638356e-05
2.241951394493767e-05
2.24096092404423e-05
2.2403154364134467e-05
2.2394123781919623e-05
2.2385959526185175e-05
2.238037688554675e-05
2.2374367924106142e-05
2.236493178695805e-05
2.2358074139373845e-05
2.2348651737767304e-05
2.2341804068761685e-05
2.2333250381260485e-05
2.2327693995764114e-05
2.2318724134192922e-05
2.2310188106757433e-05
2.2302084926339396e-05
2.229441365692082e-05
2.2287173413312446e-05
2.2279512396957253e-05
2.2273557468960203e-05
2.2265480870771145e-05
2.225741012775753e-05
2.2249769555958166e-05
2.224086218290885e-05
2.223280927425758e-05
2.159018027800532e-05
2.1581957483543757e-05
2.1574151628213915e-05
2.1568403557517858e-05
2.15610176800345e-05
2.1554456700900216e-05
2.1544622715636325e-05
2.1536025336500396e-05
2.1527434816193697e-05
2.1517625466742612e-05
2.1509457835136333e-05
2.1504152198799563e-05
2.149803356222416e-05
2.14894733182907e-05
2.1482548588470188e-05
2.1473593795394544e-05
2.1466679294125074e-05
2.145895658979311e-05
2.145083342796936e-05
2.1441499391439795e-05
2.1433389438382156e-05
2.142771612057502e-05
2.141961658886306e-05
2.1411927703255872e-05
2.1405861428526458e-05
2.1400202672507664e-05
2.1393739185150226e-05
2.1387279600938523e-05
2.1379613909325285e-05
2.1374775250524938e-05
2.1369132916006738e-05
2.1365104500496424e-05
2.13578571787527e-05
2.13490060153964e-05
2.1340162185232606e-05
2.1334538107249978e-05
2.1328515598045304e-05
2.1322095334850965e-05
2.131527803899442e-05
2.1307263270038228e-05
2.130085579320628e-05
2.1294452168902584e-05
2.1286453050849578e-05
2.1278459940169977e-05
2.127167051433648e-05
2.126528442317916e-05
2.126089620930727e-05
2.1255313828457113e-05
2.124853916293255e-05
2.1241370693155905e-05
2.123699234219041e-05
2.1229433985826232e-05
2.1221881007664844e-05
2.1216319093439166e-05
2.1210363133893535e-05
2.1204807254538764e-05
2.1197668256491786e-05
2.1189345498510515e-05
2.1183404671563772e-05
2.1175884404583957e-05
2.11679741003611e-05
2.1161650110787462e-05
2.1152960792365024e-05
2.1149013460725038e-05
2.1143095224769758e-05
2.113639189357205e-05
2.1130480718436343e-05
2.1124572848710778e-05
2.1118274761177155e-05
2.111316032961369e-05
2.1108048374680274e-05
2.1102545960103775e-05
2.1094690342354416e-05
2.1086448235870527e-05
2.1081349206349205e-05
2.1076644598179968e-05
2.1070375052675938e-05
2.1063717746182202e-05
2.1057847144803666e-05
2.1053153019269825e-05
2.104924284635291e-05
2.1042989589909267e-05
2.1038302085267e-05
2.1032835968623956e-05
2.1026592455163882e-05
2.101996278230119e-05
2.1013337288785057e-05
2.100554793589601e-05
2.100048795251419e-05
2.0995041465206893e-05
2.0989209077215595e-05
2.098337992877994e-05
2.0978718940698097e-05
2.097367187307227e-05
2.0967075524639396e-05
2.096048332408606e-05
2.0954282685599477e-05
2.0949247367480607e-05
2.0943827422862034e-05
2.093454261103004e-05
2.0927197971292806e-05
2.092024464380207e-05
2.0913295935439424e-05
2.090866602710747e-05
2.090326705768072e-05
2.0897485540783903e-05
2.0890166875568334e-05
2.0884007763937004e-05
2.0879390813068042e-05
2.0871700429711478e-05
2.0865168056655066e-05
2.085902367499187e-05
2.085441776305701e-05
2.0851731920321853e-05
2.0847129227675177e-05
2.0843295202363873e-05
2.0837929935524992e-05
2.083218449962931e-05
2.082491149412615e-05
2.0820703127392085e-05
2.081305590754106e-05
2.080694217505982e-05
2.080274106705825e-05
2.0798923349850125e-05
2.0794725479043198e-05
2.0789385184505792e-05
2.0783666483281373e-05
2.0778331866627556e-05
2.0772999987780587e-05
2.076729029617821e-05
2.07600625244236e-05
2.0754359941643624e-05
2.074980013060168e-05
2.0743343827024917e-05
2.0737650424206937e-05
2.0731201678007853e-05
2.0725135932509205e-05
2.071945251893697e-05
2.07141508112027e-05
2.070960864930714e-05
2.070317732880299e-05
2.0697127969124753e-05
2.0692215466822465e-05
2.068881586953876e-05
2.0683529826866687e-05
2.067786920639554e-05
2.0671834625322995e-05
2.0668064800461993e-05
2.0662789355017107e-05
2.065638707639218e-05
2.0650741300875228e-05
2.064397044269173e-05
2.0638707288498777e-05
2.063231992232538e-05
2.0625936508514265e-05
2.0619932196811188e-05
2.0615806259928936e-05
2.061168197387166e-05
2.0605311322012532e-05
2.0600442303614164e-05
2.0594452823560054e-05
2.058884084826024e-05
2.058510123026252e-05
2.0580241757310524e-05
2.0577252452626928e-05
2.0573517042738455e-05
2.0567916470061582e-05
2.0562692019256356e-05
2.0556351610348307e-05
2.054964249666068e-05
2.0546289581822578e-05
2.0540703821175047e-05
2.053623739890433e-05
2.0531400966183576e-05
2.0524708126577082e-05
2.0522478149596795e-05
2.051764819474869e-05
2.0510964316954723e-05
2.0503913835317388e-05
2.049946339639933e-05
2.0495756172839506e-05
2.049205028990224e-05
2.0486864304651724e-05
2.0482791443012657e-05
2.0479090246532105e-05
2.0475760313158687e-05
2.0469103694071182e-05
2.0464298826914164e-05
2.0459126876673588e-05
2.0455803431761844e-05
2.0452111981328426e-05
2.0446208431054182e-05
2.0442151716840122e-05
2.0437728045972865e-05
2.0432569515808198e-05
2.0428149990687166e-05
2.0424836601307188e-05
2.0417477360620692e-05
2.0410858576762836e-05
2.0406815876502752e-05
2.040167293718085e-05
2.03980009959024e-05
2.0394330376155427e-05
2.0389927375876315e-05
2.0386626373099246e-05
2.0382959845569104e-05
2.0378928188253346e-05
2.0375630745628227e-05
2.0370503510916192e-05
2.0366110791642707e-05
2.0362451639177357e-05
2.0359159525990863e-05
2.0357696706244422e-05
2.035367503561893e-05
2.035002035002035e-05
2.0345636459380535e-05
2.0341619551886086e-05
2.033577960799794e-05
2.0329943016365602e-05
2.0325567770823245e-05
2.0322287572323433e-05
2.0317915620891598e-05
