7.758461198741936e-06
7.758461198741936e-06
7.758461198741936e-06
7.758461198741936e-06
7.758461198741936e-06
7.758461198741936e-06
7.758461198741936e-06
7.758461198741936e-06
7.758600109814033e-06
7.758600109814033e-06
7.758600109814033e-06
7.758600109814033e-06
7.758600109814033e-06
7.758600109814033e-06
7.758739025860474e-06
7.758739025860474e-06
7.758739025860474e-06
7.758739025860474e-06
7.758877946881528e-06
7.758877946881528e-06
7.758877946881528e-06
7.758877946881528e-06
7.759016872877461e-06
7.759016872877461e-06
7.759016872877461e-06
7.759016872877461e-06
7.759155803848542e-06
7.759155803848542e-06
7.759155803848542e-06
7.759155803848542e-06
7.759572626615335e-06
7.759572626615335e-06
7.759572626615335e-06
7.759711577489674e-06
7.759711577489674e-06
7.759850533340497e-06
7.759850533340497e-06
7.76012845997266e-06
7.760406406513965e-06
7.760684372966552e-06
7.760684372966552e-06
7.760684372966552e-06
7.760962359332557e-06
7.761240365614124e-06
7.76137937622391e-06
7.761796437932497e-06
7.762074503973586e-06
7.762074503973586e-06
7.762213544465542e-06
7.762213544465542e-06
7.762213544465542e-06
7.762213544465542e-06
7.762213544465542e-06
7.762491640393618e-06
7.763047892033919e-06
7.763047892033919e-06
7.763186967400587e-06
7.763465133083708e-06
7.763465133083708e-06
7.763465133083708e-06
7.763465133083708e-06
7.763882418986873e-06
7.764021524256595e-06
7.764160634511097e-06
7.764299749750648e-06
7.764438869975513e-06
7.764577995185961e-06
7.764717125382264e-06
7.764717125382264e-06
7.764856260564684e-06
7.765273696031348e-06
7.765830346475508e-06
7.765830346475508e-06
7.765830346475508e-06
7.76596952155654e-06
7.766387076731905e-06
7.766665471795055e-06
7.766804676811308e-06
7.767222321801995e-06
7.767500776750078e-06
7.767779251664098e-06
7.767779251664098e-06
7.767918496609005e-06
7.768475526314217e-06
7.768614796223258e-06
7.76903263591325e-06
7.76903263591325e-06
7.769311220678321e-06
7.769589825423293e-06
7.769868450150317e-06
7.770147094861543e-06
7.770425759559119e-06
7.770425759559119e-06
7.770704444245195e-06
7.770983148921925e-06
7.771540618255948e-06
7.771958772747925e-06
7.772376972240658e-06
7.772655796906484e-06
7.772934641578026e-06
7.773213506257438e-06
7.773492390946872e-06
7.773910755504526e-06
7.774189690228442e-06
7.77432916509685e-06
7.77432916509685e-06
7.77502661451418e-06
7.775305629321275e-06
7.775305629321275e-06
7.775445144234508e-06
7.775863719016174e-06
7.77614279390829e-06
7.776282338866457e-06
7.777259293824856e-06
7.777398878858039e-06
7.777538468901812e-06
7.77781766402221e-06
7.778376114401963e-06
7.778515739527425e-06
7.77893464498139e-06
7.779632921012788e-06
7.779912266527825e-06
7.780051946808383e-06
7.78089013383131e-06
7.781169569641468e-06
7.781728501478528e-06
7.781868246984526e-06
7.782007997509758e-06
7.782007997509758e-06
7.782007997509758e-06
7.782427279203558e-06
7.782706825433886e-06
7.782846606080199e-06
7.78298639174764e-06
7.783405778879429e-06
7.784104857880209e-06
7.784524365561265e-06
7.78508377947852e-06
7.785643273803107e-06
7.786202848552366e-06
7.786902430112552e-06
7.787322239394267e-06
7.788022022129965e-06
7.78844195214302e-06
7.788861927443756e-06
7.78914193614102e-06
7.789561986937504e-06
7.789842045972052e-06
7.790402224459467e-06
7.790682343916677e-06
7.790822411199607e-06
7.790822411199607e-06
7.791522823168394e-06
7.791522823168394e-06
7.791803023219574e-06
7.792503611525713e-06
7.792783882125152e-06
7.793204325827879e-06
7.793624814901411e-06
7.794606132556272e-06
7.79530722505052e-06
7.795868189859374e-06
7.796850072570683e-06
7.797551568807395e-06
7.797972527142942e-06
7.798253191285152e-06
7.798393530932629e-06
7.799235674903859e-06
7.799937600499196e-06
7.800920508620017e-06
7.80148228163351e-06
7.802044135563518e-06
7.802325092877678e-06
7.802465579123004e-06
7.80274656679151e-06
7.803168086243015e-06
7.803449124513035e-06
7.80358965123957e-06
7.804151808762262e-06
7.804573480059315e-06
7.804995196926033e-06
7.805698159656549e-06
7.8064012490242e-06
7.806963811720054e-06
7.807667129120797e-06
7.807948491564412e-06
7.8082298742875e-06
7.809074144155509e-06
7.809777841858006e-06
7.810481666396304e-06
7.810904022014733e-06
7.811748870300934e-06
7.812312204033556e-06
7.812875619020146e-06
7.813298233593577e-06
7.813580002043551e-06
7.814002692825543e-06
7.814566351679531e-06
7.81541199244911e-06
7.815693913378063e-06
7.815693913378063e-06
7.816398804692245e-06
7.816680796820415e-06
7.817526895299262e-06
7.81837317696587e-06
7.819078551666066e-06
7.820066290100397e-06
7.82048968296938e-06
7.820913121687393e-06
7.821901323706378e-06
7.822466122704407e-06
7.823454717242293e-06
7.824161009196398e-06
7.824867428688372e-06
7.825150032203502e-06
7.825432656132431e-06
7.825856630306532e-06
7.826422000674276e-06
7.826987452737038e-06
7.828401440425866e-06
7.828684299272535e-06
7.829674466227e-06
7.830806392347495e-06
7.83151401238584e-06
7.83250489531556e-06
7.832646470488998e-06
7.832929636190545e-06
7.834204135254522e-06
7.834912369518575e-06
7.835904112644135e-06
7.836612654320988e-06
7.837321324145581e-06
7.838597252873148e-06
7.83973176056253e-06
7.839873597114926e-06
7.840866596702011e-06
7.842143680137057e-06
7.84313725490196e-06
7.843421179650546e-06
7.844273077247988e-06
7.84512515991986e-06
7.845977427726478e-06
7.846403631074172e-06
7.84668779236457e-06
7.847966772916064e-06
7.848677497841614e-06
7.849530537692843e-06
7.849957127157228e-06
7.851094925776957e-06
7.851806217422554e-06
7.852944552170735e-06
7.853940865866773e-06
7.854937432402221e-06
7.855934251873338e-06
7.856503976599705e-06
7.85750119373576e-06
7.857928650007859e-06
7.858641180488808e-06
7.85906876080622e-06
7.859781498074354e-06
7.860779547460969e-06
7.861492595078707e-06
7.862348422994346e-06
7.862633740375834e-06
7.862776406832149e-06
7.863347124434444e-06
7.864060637956797e-06
7.86520252896512e-06
7.865916379258183e-06
7.866344751635292e-06
7.86677317067267e-06
1.089463076280573e-05
1.0895619960775769e-05
1.0896609338394202e-05
1.0897203051216855e-05
1.0898588632772055e-05
1.089977655458063e-05
1.0901558922925979e-05
1.0903738164900866e-05
1.0905918278319034e-05
1.0907900956259317e-05
1.0908892565589716e-05
1.0910479515574709e-05
1.0910876325216854e-05
1.0911273163723653e-05
1.0912860806460414e-05
1.0914647456887142e-05
1.0915838882218098e-05
1.0917030567685589e-05
1.0918421196295015e-05
1.092001092001092e-05
1.0920805955479513e-05
1.0921203516627532e-05
1.0922595208621568e-05
1.0924186148131964e-05
1.0925379656943078e-05
1.0927369417935455e-05
1.0928563622454555e-05
1.092896174863388e-05
1.0930355418723698e-05
1.0931351114997814e-05
1.0933143825507024e-05
1.0933741526350316e-05
1.0934538562472663e-05
1.0935933655335824e-05
1.0937528483147091e-05
1.0937927262783703e-05
1.0940121070673181e-05
1.0941717120140054e-05
1.0942315758758412e-05
1.094331363536879e-05
1.0944710968424508e-05
1.0945908966523761e-05
1.0946907498631636e-05
1.0948505528995292e-05
1.0950503723171265e-05
1.0950703582705188e-05
1.095190289312768e-05
1.0952702579361457e-05
1.0954702305964835e-05
1.0955702443121644e-05
1.095610254911986e-05
1.0957903387818464e-05
1.0959504630390707e-05
1.0959905014156543e-05
1.0961907371882707e-05
1.0962908825141604e-05
1.0964912280701754e-05
1.0965713867972804e-05
1.0967116927744978e-05
1.0968119333138344e-05
1.096952300857451e-05
1.0970124693750685e-05
1.0970927043335162e-05
1.097213078779899e-05
1.0973936899862826e-05
1.0974539069359086e-05
1.0976345974425114e-05
1.0977350067693658e-05
1.0979358805445761e-05
1.0980966325036602e-05
1.0982172273675733e-05
1.0984182776801405e-05
1.0985590567039565e-05
1.0987401113389978e-05
1.0988407230371957e-05
1.0990017400860885e-05
1.0991628043307014e-05
1.0992836334988365e-05
1.099444780385905e-05
1.0996059745257948e-05
1.0996664345148637e-05
1.0997672159392929e-05
1.0999688342163638e-05
1.1000696710791682e-05
1.1001100110011001e-05
1.1003117549972492e-05
1.1005337588730534e-05
1.1006952725138045e-05
1.1008770320355216e-05
1.1009174311926605e-05
1.1010184420589044e-05
1.1011194714626537e-05
1.1013215859030836e-05
1.1014631101646687e-05
1.1016855789357716e-05
1.1018271967679736e-05
1.1020498126515318e-05
1.1021915241471793e-05
1.102333272092596e-05
1.1024142872891631e-05
1.102718200363897e-05
1.1029614514972701e-05
1.10312367854976e-05
1.1033062410356367e-05
1.1035091591260208e-05
1.1038136762514487e-05
1.1039558417663293e-05
1.1040574109853712e-05
1.104382558118132e-05
1.1044232149759788e-05
1.1046062078868883e-05
1.1047689191677407e-05
1.1048502927853275e-05
1.105053779283925e-05
1.1051962644366262e-05
1.1052980620440645e-05
1.1054406102032168e-05
1.1056239404437237e-05
1.105888858169754e-05
1.1060723371308483e-05
1.1062966718908454e-05
1.1063374698062065e-05
1.106541504527599e-05
1.1067660296613296e-05
1.107011070110701e-05
1.1072766530717699e-05
1.1073788342992137e-05
1.1075423634954036e-05
1.1077059409961968e-05
1.1079718575148191e-05
1.1082379017362393e-05
1.108524553818867e-05
1.1087498845052203e-05
1.1089753068165015e-05
1.1091188051093405e-05
1.1092828486383552e-05
1.1094674556213017e-05
1.1097547442015314e-05
1.1099189759147582e-05
1.1101243339253996e-05
1.1103297679410785e-05
1.1105763891459668e-05
1.110802554845876e-05
1.1108848197589379e-05
1.111111111111111e-05
1.1113580795732385e-05
1.1116051578479323e-05
1.1118111403476263e-05
1.1119553735243425e-05
1.11224395217351e-05
1.1123882976751084e-05
1.1125120522138989e-05
1.1126358342914364e-05
1.1130073458484826e-05
1.1132551580822323e-05
1.1134824162568433e-05
1.1137717881606059e-05
1.1141440588268062e-05
1.1143716801010363e-05
1.1146615144534443e-05
1.114806488173761e-05
1.1149722186088862e-05
1.115262365471477e-05
1.1155526633819838e-05
1.1159468809284678e-05
1.1160921892148291e-05
1.1163206072784103e-05
1.116611456433543e-05
1.1167361524717093e-05
1.1169856281182515e-05
1.1171104077452987e-05
1.1173184357541899e-05
1.1174849139536615e-05
1.1176722612372631e-05
1.11781801922647e-05
1.1178804985747023e-05
1.1181930001118193e-05
1.1183805849130458e-05
1.118609940713673e-05
1.1189019841861853e-05
1.1190689346463742e-05
1.1191733039861222e-05
1.1194656417336792e-05
1.1196954428395475e-05
1.119946242580356e-05
1.1201553282055112e-05
1.120385412581928e-05
1.1206783839817703e-05
1.1210343410186465e-05
1.1212857409829937e-05
1.1216211163868845e-05
1.1219357130836402e-05
1.1221875175341798e-05
1.1222714774704001e-05
1.122565436210219e-05
1.1227124733355786e-05
1.1229225932025752e-05
1.1230487028787482e-05
1.1232799775344005e-05
1.1234903098960771e-05
1.1238270055629436e-05
1.1239533184721728e-05
1.1241639030970715e-05
1.1242692250037475e-05
1.1244799280332845e-05
1.124627467151506e-05
1.1247750449910018e-05
1.124985937675779e-05
1.1252602164250483e-05
1.1255135155414658e-05
1.125809175344779e-05
1.126083855711122e-05
1.12631638227178e-05
1.126443255421008e-05
1.1265913102256937e-05
1.1268240464251507e-05
1.1269722013523665e-05
1.1271627435141177e-05
1.1275016442732312e-05
1.1277347567852041e-05
1.1279467609128849e-05
1.1281588447653429e-05
1.1283073509223912e-05
1.1285832518245429e-05
1.1288592876897895e-05
1.1290717148717562e-05
1.1293267330459823e-05
1.1296031327660214e-05
1.1298583910816511e-05
1.1300073450477427e-05
1.1303053708343537e-05
1.1306248586718926e-05
1.130816638082135e-05
1.1311790656460917e-05
1.1314350367716387e-05
0.0
0.0
0.0
0.0
0.0
0.0
0.0
0.0
0.0
0.0
0.0
0.0
0.0
0.0
0.0
0.0
0.0
0.0
0.0
0.0
0.0
0.0
0.0
0.0
0.0
0.0
0.0
0.0
0.0
0.0
0.0
0.0
0.0
0.0
0.0
0.0
0.0
0.0
0.0
0.0
0.0
0.0
0.0
0.0
0.0
0.0
0.0
0.0
0.0
0.0
0.0
0.0
0.0
0.0
0.0
0.0
0.0
0.0
0.0
0.0
0.0
0.0
0.0
0.0
0.0
0.0
0.0
0.0
0.0
0.0
0.0
0.0
0.0
0.0
0.0
0.0
0.0
0.0
0.0
0.0
0.0
0.0
0.0
0.0
0.0
0.0
0.0
0.0
0.0
0.0
0.0
0.0
0.0
0.0
0.0
0.0
0.0
0.0
0.0
0.0
0.0
0.0
0.0
0.0
0.0
0.0
0.0
0.0
0.0
0.0
0.0
0.0
0.0
0.0
0.0
0.0
0.0
0.0
0.0
0.0
0.0
0.0
0.0
0.0
0.0
0.0
0.0
0.0
0.0
0.0
0.0
0.0
0.0
0.0
0.0
0.0
0.0
0.0
0.0
0.0
0.0
0.0
0.0
0.0
0.0
0.0
0.0
0.0
0.0
0.0
0.0
0.0
0.0
0.0
0.0
0.0
0.0
0.0
0.0
0.0
0.0
0.0
0.0
0.0
0.0
0.0
0.0
0.0
0.0
0.0
0.0
0.0
0.0
0.0
0.0
0.0
0.0
0.0
0.0
0.0
0.0
0.0
0.0
0.0
0.0
0.0
0.0
0.0
0.0
0.0
0.0
0.0
0.0
0.0
0.0
0.0
0.0
0.0
0.0
0.0
0.0
0.0
0.0
0.0
0.0
0.0
0.0
0.0
0.0
0.0
0.0
0.0
0.0
0.0
0.0
0.0
0.0
0.0
0.0
0.0
0.0
0.0
0.0
0.0
0.0
0.0
0.0
0.0
0.0
0.0
0.0
0.0
0.0
0.0
0.0
0.0
0.0
0.0
0.0
0.0
0.0
0.0
0.0
0.0
0.0
0.0
0.0
0.0
0.0
0.0
0.0
0.0
0.0
0.0
0.0
0.0
0.0
0.0
0.0
0.0
0.0
0.0
0.0
0.0
0.0
0.0
0.0
0.0
0.0
0.0
0.0
0.0
0.0
0.0
0.0
0.0
0.0
0.0
0.0
0.0
0.0
0.0
0.0
0.0
0.0
0.0
0.0
0.0
0.0
0.0
0.0
0.0
0.0
0.0
0.0
0.0
0.0
0.0
0.0
0.0
0.0
0.0
0.0
0.0
0.0
0.0
0.0
0.0
0.0
0.0
0.0
0.0
0.0
0.0
0.0
0.0
0.0
0.0
0.0
0.0
0.0
0.0
0.0
0.0
0.0
0.0
0.0
0.0
0.0
0.0
0.0
0.0
0.0
0.0
0.0
0.0
0.0
0.0
0.0
0.0
0.0
0.0
0.0
0.0
0.0
0.0
0.0
0.0
0.0
0.0
0.0
0.0
0.0
0.0
0.0
0.0
0.0
0.0
0.0
0.0
0.0
0.0
0.0
0.0
0.0
0.0
0.0
0.0
0.0
0.0
0.0
0.0
0.0
0.0
0.0
0.0
0.0
0.0
0.0
0.0
0.0
0.0
0.0
0.0
0.0
0.0
0.0
0.0
0.0
0.0
0.0
0.0
0.0
0.0
0.0
0.0
0.0
0.0
0.0
0.0
0.0
0.0
0.0
0.0
0.0
0.0
0.0
0.0
0.0
0.0
0.0
0.0
0.0
0.0
0.0
0.0
0.0
0.0
0.0
0.0
0.0
0.0
0.0
0.0
0.0
0.0
0.0
0.0
0.0
0.0
0.0
0.0
0.0
0.0
0.0
0.0
0.0
0.0
0.0
0.0
0.0
0.0
0.0
0.0
0.0
0.0
0.0
0.0
0.0
0.0
0.0
0.0
0.0
0.0
0.0
0.0
0.0
0.0
0.0
0.0
0.0
0.0
0.0
0.0
0.0
0.0
0.0
0.0
0.0
0.0
0.0
0.0
0.0
0.0
0.0
0.0
0.0
0.0
0.0
0.0
0.0
0.0
0.0
0.0
0.0
0.0
0.0
0.0
0.0
0.0
0.0
0.0
0.0
0.0
0.0
0.0
0.0
0.0
0.0
0.0
0.0
0.0
0.0
0.0
0.0
0.0
0.0
0.0
0.0
0.0
0.0
0.0
0.0
0.0
0.0
0.0
0.0
0.0
0.0
0.0
0.0
0.0
0.0
0.0
0.0
0.0
0.0
0.0
0.0
0.0
0.0
0.0
0.0
0.0
0.0
0.0
0.0
0.0
0.0
0.0
0.0
0.0
0.0
0.0
0.0
0.0
0.0
0.0
0.0
0.0
0.0
0.0
0.0
0.0
0.0
0.0
0.0
0.0
0.0
0.0
0.0
0.0
0.0
0.0
0.0
0.0
0.0
0.0
0.0
0.0
0.0
0.0
0.0
0.0
0.0
0.0
0.0
0.0
0.0
0.0
0.0
0.0
0.0
0.0
0.0
0.0
0.0
0.0
0.0
0.0
0.0
0.0
0.0
0.0
0.0
0.0
0.0
0.0
0.0
0.0
0.0
0.0
0.0
0.0
0.0
0.0
0.0
0.0
0.0
0.0
0.0
0.0
0.0
0.0
0.0
0.0
0.0
0.0
0.0
0.0
0.0
0.0
0.0
0.0
0.0
0.0
0.0
0.0
0.0
0.0
0.0
0.0
0.0
0.0
0.0
0.0
0.0
0.0
0.0
0.0
0.0
0.0
0.0
0.0
0.0
0.0
0.0
0.0
0.0
0.0
0.0
0.0
0.0
0.0
0.0
0.0
0.0
0.0
0.0
0.0
0.0
0.0
0.0
0.0
0.0
0.0
0.0
0.0
0.0
0.0
0.0
0.0
0.0
0.0
0.0
0.0
0.0
0.0
0.0
0.0
0.0
0.0
0.0
0.0
0.0
0.0
0.0
0.0
0.0
0.0
0.0
0.0
0.0
0.0
0.0
0.0
0.0
0.0
0.0
0.0
0.0
0.0
0.0
0.0
0.0
0.0
0.0
0.0
0.0
0.0
0.0
0.0
0.0
0.0
0.0
0.0
0.0
0.0
0.0
0.0
0.0
0.0
0.0
0.0
0.0
0.0
0.0
0.0
0.0
0.0
0.0
0.0
0.0
0.0
0.0
0.0
0.0
0.0
0.0
0.0
0.0
0.0
0.0
0.0
0.0
0.0
0.0
0.0
0.0
0.0
0.0
0.0
0.0
0.0
0.0
0.0
0.0
0.0
0.0
0.0
0.0
0.0
0.0
0.0
0.0
0.0
0.0
0.0
0.0
0.0
0.0
0.0
0.0
0.0
0.0
0.0
0.0
0.0
0.0
0.0
0.0
0.0
0.0
0.0
0.0
0.0
0.0
0.0
0.0
0.0
0.0
0.0
0.0
0.0
0.0
0.0
0.0
0.0
0.0
0.0
0.0
0.0
0.0
0.0
0.0
0.0
0.0
0.0
0.0
0.0
0.0
0.0
0.0
0.0
0.0
0.0
0.0
0.0
0.0
0.0
0.0
0.0
0.0
0.0
0.0
0.0
