0.0
0.0
0.0
0.0
0.0
0.0
0.0
0.0
0.0
0.0
0.0
0.0
0.0
0.0
0.0
0.0
0.0
0.0
0.0
0.0
0.0
0.0
0.0
0.0
0.0
0.0
0.0
0.0
0.0
0.0
0.0
0.0
0.0
0.0
0.0
0.0
0.0
0.0
0.0
0.0
0.0
0.0
0.0
0.0
0.0
0.0
0.0
0.0
0.0
0.0
0.0
0.0
0.0
0.0
0.0
0.0
0.0
0.0
0.0
0.0
0.0
0.0
0.0
0.0
0.0
0.0
0.0
0.0
0.0
0.0
0.0
0.0
0.0
0.0
0.0
0.0
0.0
0.0
0.0
0.0
0.0
0.0
0.0
0.0
0.0
0.0
0.0
0.0
0.0
0.0
0.0
0.0
0.0
0.0
0.0
0.0
0.0
0.0
0.0
0.0
0.0
0.0
0.0
0.0
0.0
0.0
0.0
0.0
0.0
0.0
0.0
0.0
0.0
0.0
0.0
0.0
0.0
0.0
0.0
0.0
0.0
0.0
0.0
0.0
0.0
0.0
0.0
0.0
0.0
0.0
0.0
0.0
0.0
0.0
0.0
0.0
0.0
0.0
0.0
0.0
0.0
0.0
0.0
0.0
0.0
0.0
0.0
0.0
0.0
0.0
0.0
0.0
0.0
0.0
0.0
0.0
0.0
0.0
0.0
0.0
0.0
0.0
0.0
0.0
0.0
0.0
0.0
0.0
0.0
0.0
0.0
0.0
0.0
0.0
0.0
0.0
0.0
0.0
0.0
0.0
0.0
0.0
0.0
0.0
0.0
0.0
0.0
0.0
0.0
0.0
0.0
0.0
0.0
0.0
0.0
0.0
0.0
0.0
0.0
0.0
0.0
0.0
0.0
0.0
0.0
0.0
0.0
0.0
0.0
0.0
0.0
0.0
0.0
0.0
0.0
0.0
0.0
0.0
0.0
0.0
0.0
0.0
0.0
0.0
0.0
0.0
0.0
0.0
0.0
0.0
0.0
0.0
0.0
0.0
0.0
0.0
0.0
0.0
0.0
0.0
0.0
0.0
0.0
0.0
0.0
0.0
0.0
0.0
0.0
0.0
0.0
0.0
0.0
0.0
0.0
0.0
0.0
0.0
0.0
0.0
0.0
0.0
0.0
0.0
0.0
0.0
0.0
0.0
0.0
0.0
0.0
0.0
0.0
0.0
0.0
0.0
0.0
0.0
0.0
0.0
0.0
0.0
0.0
0.0
0.0
0.0
0.0
0.0
0.0
0.0
0.0
0.0
0.0
0.0
0.0
0.0
0.0
0.0
0.0
0.0
0.0
0.0
0.0
0.0
0.0
0.0
0.0
0.0
0.0
0.0
0.0
0.0
0.0
0.0
0.0
0.0
0.0
0.0
0.0
0.0
0.0
0.0
0.0
0.0
0.0
0.0
0.0
0.0
0.0
0.0
0.0
0.0
0.0
0.0
0.0
0.0
0.0
0.0
0.0
0.0
0.0
0.0
0.0
0.0
0.0
0.0
0.0
0.0
0.0
0.0
0.0
0.0
0.0
0.0
0.0
0.0
0.0
0.0
0.0
0.0
0.0
0.0
0.0
0.0
0.0
0.0
0.0
0.0
0.0
0.0
0.0
0.0
0.0
0.0
0.0
0.0
0.0
0.0
0.0
0.0
0.0
0.0
0.0
0.0
0.0
0.0
0.0
0.0
0.0
0.0
0.0
0.0
0.0
0.0
0.0
0.0
0.0
0.0
0.0
0.0
0.0
0.0
0.0
0.0
0.0
0.0
0.0
0.0
0.0
0.0
0.0
0.0
0.0
0.0
0.0
0.0
0.0
0.0
0.0
0.0
0.0
0.0
0.0
0.0
0.0
0.0
0.0
0.0
0.0
0.0
0.0
0.0
0.0
0.0
0.0
0.0
0.0
0.0
0.0
0.0
0.0
0.0
0.0
0.0
0.0
0.0
0.0
0.0
0.0
0.0
0.0
0.0
0.0
0.0
0.0
0.0
0.0
0.0
0.0
0.0
0.0
0.0
0.0
0.0
0.0
0.0
0.0
0.0
0.0
0.0
0.0
0.0
0.0
0.0
0.0
0.0
0.0
0.0
0.0
0.0
0.0
0.0
0.0
0.0
0.0
0.0
0.0
0.0
0.0
0.0
0.0
0.0
0.0
0.0
0.0
0.0
0.0
0.0
0.0
0.0
0.0
0.0
0.0
0.0
0.0
0.0
0.0
0.0
0.0
0.0
0.0
0.0
0.0
0.0
0.0
0.0
0.0
0.0
0.0
0.0
0.0
0.0
0.0
0.0
0.0
0.0
4.171069462210111e-05
4.16516258017938e-05
4.159387738124948e-05
4.154434166066582e-05
4.149492378765664e-05
4.144791378833932e-05
4.140558147238248e-05
4.1356492969396195e-05
4.1295011562603234e-05
4.124391652231296e-05
4.1197473221642406e-05
4.1148876635667845e-05
4.110377332639136e-05
4.105652114410839e-05
4.101386268558773e-05
4.0972411909314397e-05
4.091876261661847e-05
4.086191397205045e-05
4.080522306855277e-05
4.0764192733103245e-05
4.071992833292614e-05
4.068568948681783e-05
4.064379775646236e-05
4.06118857452281e-05
4.056027256503164e-05
4.0504414981232954e-05
4.046289552480375e-05
4.041383769802781e-05
4.0370330498439015e-05
4.032583272844584e-05
4.027818801858167e-05
4.0233893031489726e-05
4.018538859270769e-05
4.013807497792406e-05
4.0091944192013684e-05
4.004485023226013e-05
4.0006401024163864e-05
3.996483094876509e-05
3.992122212167989e-05
3.98851308232291e-05
3.9851222104144526e-05
3.9813143645822274e-05
3.9762485420422015e-05
3.9721420437994866e-05
3.96814899076744e-05
3.963011889035667e-05
3.9585147652600746e-05
3.9544447959506484e-05
3.9502791530601495e-05
3.94549950023673e-05
3.94124911321895e-05
3.937317899047169e-05
3.934219844204894e-05
3.9299937120100606e-05
3.9253657132389504e-05
3.9211585716526374e-05
3.9170627252311065e-05
3.912261026055658e-05
3.9077764751856194e-05
3.9036069328059126e-05
3.8999532005615936e-05
3.8958003272472275e-05
3.891757258127286e-05
3.888125664221468e-05
3.883595691797846e-05
3.878474466709761e-05
3.875067813686739e-05
3.8705681994116735e-05
3.8668763372947336e-05
3.864385820280297e-05
3.86010962711341e-05
3.85594200663222e-05
3.852277980379064e-05
3.848522167487685e-05
3.844773670989901e-05
3.842114699930842e-05
3.8381822368926074e-05
3.833571866693928e-05
3.829461322440643e-05
3.8267258533598655e-05
3.8229222417616025e-05
3.819028948239428e-05
3.815143576569932e-05
3.811944091486658e-05
3.8084598588330876e-05
3.80411351474728e-05
3.799777079744655e-05
3.7942024586431934e-05
3.7904631946023805e-05
3.787400580734756e-05
3.784056508577195e-05
3.7805277616755296e-05
3.775959723096287e-05
3.7732052120541326e-05
3.769696665075017e-05
3.766100077832735e-05
3.7628878910267665e-05
3.759304278088268e-05
3.7561036684612496e-05
3.753096304451172e-05
3.7496250374962504e-05
3.7473768362146497e-05
3.744103037715598e-05
3.7402752842609215e-05
3.736362277686444e-05
3.733293511535877e-05
3.730229782154581e-05
3.7268006658550525e-05
3.7232854270608387e-05
3.720699491504403e-05
3.717195747528065e-05
3.713422785562212e-05
3.709932726553225e-05
3.706540809014307e-05
3.702332469455757e-05
3.698133675205246e-05
3.695946778366391e-05
3.6926712784027966e-05
3.6895830771122866e-05
3.686590640975226e-05
3.682789098944267e-05
3.6797173977038566e-05
2.0430845673564117e-05
2.0417330229899135e-05
2.040233402701269e-05
2.0386861075773883e-05
2.0369917705532468e-05
2.0351511303229376e-05
2.033016182808815e-05
2.030935205043218e-05
2.02930313730265e-05
2.027624354201643e-05
2.0258005963956954e-05
2.0243734564152393e-05
2.02275191352331e-05
2.021034931567757e-05
2.0191251534535114e-05
2.0177562550443904e-05
2.016291636422292e-05
2.014975296402866e-05
2.0130283192823953e-05
2.0107454235434157e-05
2.009097192085764e-05
2.0075967460871936e-05
2.0059536704940262e-05
2.0045061297797447e-05
2.0026274472107404e-05
2.001184701343195e-05
1.9994081751801464e-05
1.9978263649149724e-05
1.99615142006212e-05
1.9947179867710302e-05
1.993429655854304e-05
1.9918572874090716e-05
1.9905251005215175e-05
1.9890522563808795e-05
1.9874867832128916e-05
1.9858764467109914e-05
1.9843159665999934e-05
1.98280511405095e-05
1.9811081526562696e-05
1.9795551543657106e-05
1.9782863292501502e-05
1.9765970904490826e-05
1.9749107340348216e-05
1.9730403762982605e-05
1.9716865807011317e-05
1.970055161544523e-05
1.9687519687519685e-05
1.967032534718124e-05
1.9655478768151833e-05
1.9642969388396502e-05
1.962770175314632e-05
1.9616612917147272e-05
1.9599542154695266e-05
1.9583881682020428e-05
1.9568705725803293e-05
1.9554012092201077e-05
1.9537050061737077e-05
1.9519660201755207e-05
1.9503214129688572e-05
1.94881628898607e-05
1.9473589917354083e-05
1.946131091390316e-05
1.944995526510289e-05
1.943226689052638e-05
1.9418682325892093e-05
1.9404213042735836e-05
1.9391570096647585e-05
1.9375339068433697e-05
1.9360484476763545e-05
1.9345203550231753e-05
1.9333534402091114e-05
1.9317400341531635e-05
1.9304870232662295e-05
1.929190974472945e-05
1.9273170205220716e-05
1.925491192803284e-05
1.9242018410763213e-05
1.922603666789713e-05
1.921141004065134e-05
1.9196363440909753e-05
1.918266500928441e-05
1.9165900030665438e-05
1.9150484507258032e-05
1.9138169931638455e-05
1.9126749141208963e-05
1.9112273137317857e-05
1.9099569877686352e-05
1.9086883493663153e-05
1.907290426927889e-05
1.906112521634377e-05
1.9048489835725822e-05
1.9036740909956212e-05
1.9026743991354246e-05
1.901285268841737e-05
1.8995517057974317e-05
1.8979941997297256e-05
1.896698227725176e-05
1.89523159730119e-05
1.8938102705118587e-05
1.8924770253289123e-05
1.8914031942017142e-05
1.8903734621811884e-05
1.8893020162631117e-05
1.888146218043125e-05
1.886949105208734e-05
1.885668167658528e-05
1.8844741940103872e-05
1.8831115027983036e-05
1.882090777002356e-05
1.8805193242165756e-05
1.8791199705353986e-05
1.8776803887549475e-05
1.8763697499174395e-05
1.8753985221859643e-05
1.8741332133888076e-05
1.872827520076711e-05
1.8712714915530804e-05
1.87001174367375e-05
1.8688375083163267e-05
1.867706605704723e-05
1.866075493950183e-05
1.8648227299512906e-05
1.8635299730160857e-05
1.8621973929236497e-05
1.860908272109451e-05
1.8595379420121685e-05
1.8586669640533807e-05
1.8572999316513624e-05
1.8563483400533142e-05
1.8553151067177248e-05
1.8540354936554904e-05
1.8526340751280167e-05
1.8513170269329598e-05
1.8502072232089993e-05
1.8489346438582088e-05
1.847868668278008e-05
1.8466402227786762e-05
1.8454134095119987e-05
1.844351489129392e-05
1.843209248486725e-05
1.841986988203915e-05
1.840766347845935e-05
1.839587932303164e-05
1.8386138322595826e-05
1.8372356217940236e-05
1.836021268470374e-05
1.83492972219164e-05
1.8337991183093837e-05
1.8329520793008386e-05
1.8316628568079245e-05
1.8304156507859803e-05
1.8291299926103147e-05
1.828086724434207e-05
1.827084703646861e-05
1.825923734817444e-05
1.8244446390518723e-05
1.823526408309445e-05
1.8219715189412158e-05
1.8208568223863418e-05
1.8195050946142647e-05
1.8183934130517003e-05
1.817243459740788e-05
1.8162532874184502e-05
1.8151455746750888e-05
1.8137628323720387e-05
1.812776448408382e-05
1.811633586237382e-05
1.8105708367734177e-05
1.8095093334491417e-05
1.8083313441688545e-05
1.807272464396732e-05
1.806214823966303e-05
1.8050802177648775e-05
1.803712762350021e-05
1.8026982787836833e-05
1.8012176231132243e-05
1.8001281691256417e-05
1.7990788716177315e-05
1.7979920025315726e-05
1.7968677002249675e-05
1.7960544276333747e-05
1.795087205336435e-05
1.7939665317603834e-05
1.793040135410391e-05
1.792076156068328e-05
1.7911902100707876e-05
1.7903820675332116e-05
1.7895362237922418e-05
1.7883457086856373e-05
1.7873100983020553e-05
1.7865437524564975e-05
1.7856632667638066e-05
1.7845161106114465e-05
1.783828524131632e-05
1.782759997718067e-05
1.781426138509445e-05
1.7801322994324938e-05
1.7792581205340618e-05
1.778346848769384e-05
1.7772090708750975e-05
1.776602851092255e-05
1.7756564601933332e-05
1.774711077036658e-05
1.7738044557967927e-05
1.7727101902472576e-05
1.7718432840052163e-05
1.771052501080342e-05
1.7701120126881626e-05
1.7691725226277165e-05
1.768234029310247e-05
1.7672215742409783e-05
1.7665098005963735e-05
1.7653871140863766e-05
1.7646020822304567e-05
1.763593780862891e-05
1.762698479848831e-05
1.7616178698516717e-05
1.760464199200045e-05
1.759757857318833e-05
1.7586437339523758e-05
1.7575680881877362e-05
1.7564567349577044e-05
1.7556426354302726e-05
1.7548292902066485e-05
1.7538690350914117e-05
1.7529467034084293e-05
1.75220953622518e-05
1.751215343448353e-05
1.7502590383376738e-05
1.7494874001917435e-05
1.7483862395009403e-05
1.7472864641212196e-05
1.7464442395283202e-05
1.745420017873101e-05
1.7442874585731727e-05
1.7433751743375174e-05
1.7423181194115144e-05
1.7410804448808752e-05
1.740135173700293e-05
1.7391909283801174e-05
1.7383927515975827e-05
1.737559077008618e-05
1.7364005111963104e-05
1.735424172376212e-05
1.7343767343767344e-05
1.7335469063121907e-05
1.7325377519976158e-05
1.731493794326241e-05
1.7308824038494823e-05
1.7298404395178588e-05
1.729050820261709e-05
1.728190239181529e-05
1.727402125395575e-05
1.726507413622834e-05
1.7257923112500947e-05
1.725042091027021e-05
1.7240071442856057e-05
1.7229021942882346e-05
1.722047721386455e-05
1.7211585462406455e-05
1.7201282527625257e-05
1.719347473246953e-05
1.7182839154879237e-05
1.717327837884252e-05
1.7166910436794868e-05
1.7157720631129594e-05
1.7151011223621742e-05
1.7143248988548307e-05
1.7134436791062675e-05
1.712492978778787e-05
1.712035610340695e-05
1.7110864714659218e-05
1.7102085770380554e-05
1.7094017094017092e-05
1.7088058181420493e-05
1.7079652668183337e-05
1.7070905713973558e-05
1.7062167714283762e-05
1.7055183752549748e-05
1.704576446844488e-05
1.7037748836321754e-05
1.7027652908323115e-05
1.701895912046019e-05
1.7011315927354875e-05
1.7004026553487865e-05
1.6995356868503524e-05
1.698669601967739e-05
1.6979427725367943e-05
1.6971819990088455e-05
1.6963183107383734e-05
1.6954555010749186e-05
1.6944901956797277e-05
1.6937669376693767e-05
1.6931474934644507e-05
1.692253540194406e-05
1.6915665259283316e-05
1.6909486898529548e-05
1.690262734439441e-05
1.6897143706827797e-05
1.68872136772921e-05
1.687832080961929e-05
1.686943730304932e-05
1.6860904284018557e-05
1.6853743216368354e-05
1.6845226062933762e-05
1.683705769049447e-05
1.6830936607960358e-05
1.682380096770503e-05
1.6815992681679984e-05
1.6808191640277804e-05
1.68024303035191e-05
1.6794303372296114e-05
1.678753693258125e-05
1.6779086546528404e-05
1.6770982175800143e-05
1.676288563018392e-05
1.675344953525931e-05
1.6744360499383808e-05
1.6736961906674698e-05
1.6729234001833523e-05
1.672050669823498e-05
1.6713129165747445e-05
1.670609304625583e-05
1.3358714891627424e-05
1.3352026169971292e-05
1.3347748902147652e-05
1.3342673204576535e-05
1.333680090156774e-05
1.3330933765255587e-05
1.3326403603459533e-05
1.331974719119831e-05
1.3314692763464483e-05
1.3309642170270252e-05
1.3304860930941118e-05
1.3301409949454642e-05
1.3294513354338664e-05
1.3289478055749359e-05
1.3283917161492581e-05
1.3278096452092628e-05
1.327386641180843e-05
1.3267790448517655e-05
1.3262775368373585e-05
1.325776407808823e-05
1.325381047051027e-05
1.3246963133701599e-05
1.3238545348637091e-05
1.3233289663477442e-05
1.3228300626360034e-05
1.3221217409699084e-05
1.321571348333168e-05
1.3209952378121677e-05
1.3204980918802572e-05
1.32000132000132e-05
1.3194265772095447e-05
1.318930611060552e-05
1.3184350176340683e-05
1.3179397965100954e-05
1.3174189128659131e-05
1.3168464162024783e-05
1.3162744168904332e-05
1.3155990580310744e-05
1.3148206584621858e-05
1.3143022369424072e-05
1.3138618999756936e-05
1.3132666193890682e-05
1.3128786834452562e-05
1.3124651376447812e-05
1.3120518522892024e-05
1.3114840097312113e-05
1.3109682155756133e-05
1.3103497978785437e-05
1.3097062328919622e-05
1.1782032400589102e-05
1.1776944667988301e-05
1.1773478277932577e-05
1.1768397928761965e-05
1.1762860727728983e-05
1.175871124524752e-05
1.1753183153770813e-05
1.1748350335807014e-05
1.1743521490644327e-05
1.1738696613386026e-05
1.1733875699143427e-05
1.172974663747263e-05
1.1726766344180592e-05
1.1722871321949122e-05
1.171829225420882e-05
1.1714631574836971e-05
1.1708687846382016e-05
1.1704804822379587e-05
1.17000117000117e-05
1.169704649575982e-05
1.1693171188026192e-05
1.168815989402735e-05
1.1684518013631937e-05
1.1680196227296619e-05
1.1677241057179557e-05
1.1670200143932469e-05
1.1664754942939906e-05
1.166090099895052e-05
1.1655238058237339e-05
1.1650711664304161e-05
1.1644832605531296e-05
1.1640765962400325e-05
1.1637379262190154e-05
1.163399453202257e-05
1.162993545385823e-05
1.1625879207115037e-05
1.1621600681800572e-05
1.1617100371747212e-05
1.161395222794317e-05
1.1609682475184303e-05
1.160496692584426e-05
1.1601825353855672e-05
1.1598685482312004e-05
1.1595323219634747e-05
1.1590395425657271e-05
1.1587037966861071e-05
1.1580999440251694e-05
1.157764742204384e-05
1.1572957855145144e-05
1.156938740093712e-05
1.1563812974598158e-05
1.1559580001926596e-05
1.1554460021568325e-05
1.1549789216346801e-05
1.1545566502463053e-05
1.1541346875180333e-05
1.1536021226279057e-05
1.1532473523362869e-05
1.1527598993256354e-05
1.1523835132332039e-05
1.1519631371796102e-05
1.151609374100305e-05
1.1511895625479662e-05
1.1509245760761144e-05
1.150439084250489e-05
1.1501083018650923e-05
1.1499099237226417e-05
1.1495133726722354e-05
1.1492051331162612e-05
1.1488090679329094e-05
1.1484792220967401e-05
1.1481275952467517e-05
1.1476664116296863e-05
1.147227533460803e-05
1.1469862935137924e-05
1.1466355801020506e-05
1.1462631820265933e-05
1.1458910257634499e-05
1.1456065986940084e-05
1.1450381679389312e-05
1.14464496928536e-05
1.1442083984896448e-05
1.1439248060094182e-05
1.1434016198189614e-05
1.1429659967615963e-05
1.1426612580700452e-05
1.1421392267717435e-05
1.141791470817713e-05
1.141400498411551e-05
1.1408796181856211e-05
1.1406193563104766e-05
1.1402291860663992e-05
1.1399042480431643e-05
1.1394063692816042e-05
1.1391251518833535e-05
1.1387360030366293e-05
1.1384119153780475e-05
1.138023253608482e-05
1.1377642931639329e-05
1.1374191958446285e-05
1.1370958571807603e-05
1.1367296288577762e-05
1.1363636363636363e-05
1.135890348718337e-05
1.1354604292040422e-05
1.1352241121601422e-05
1.1348590883298657e-05
1.1344299489506523e-05
1.1340225670490842e-05
1.1337654239337881e-05
1.1334013374135782e-05
1.1329091218066123e-05
1.1324600807821524e-05
1.1321395550691548e-05
1.1317124695852273e-05
1.131285706205102e-05
1.1309445271709422e-05
1.130667470696868e-05
1.1302414949327506e-05
1.1298371151492326e-05
1.1295180722891567e-05
1.1291354586171854e-05
1.1287531040710362e-05
1.1283073509223912e-05
1.1278831513055247e-05
1.1274804570054119e-05
1.127120395243552e-05
1.1267182453241193e-05
1.12631638227178e-05
1.1257458065968703e-05
1.1254079603856397e-05
1.1250914136773613e-05
1.124627467151506e-05
1.1243534967393749e-05
1.1239112110143297e-05
1.123553424965357e-05
1.1233430689732644e-05
1.1230697239120261e-05
1.1228385358185493e-05
1.122586439155815e-05
1.122229495931918e-05
1.1218727796267903e-05
1.1216211163868845e-05
1.1211809772960852e-05
1.1208249271463796e-05
1.1205109529945655e-05
1.119946242580356e-05
1.1196536538030902e-05
1.119256813475852e-05
1.118964584770892e-05
1.118609940713673e-05
1.1182972061208133e-05
1.1178804985747023e-05
1.117505727216852e-05
1.1171312070602692e-05
1.1167777240069985e-05
1.1165075643387483e-05
1.116237535347522e-05
1.1160091512750404e-05
1.1157808606389705e-05
1.1155526633819838e-05
1.1151379983272929e-05
1.1148272017837235e-05
1.1144337747729341e-05
1.1141647478273786e-05
1.1138751717224223e-05
1.1136064143729468e-05
1.11333778668448e-05
1.1131312381729805e-05
1.1127802815334112e-05
1.1124501715027348e-05
1.1121821012827167e-05
1.1119141602268305e-05
1.1115433779803257e-05
1.1111934217349433e-05
1.1109670968578148e-05
1.1106586205619933e-05
1.1102681297533354e-05
1.1100832562442182e-05
1.1096521240591074e-05
1.1093648886012758e-05
1.109159811442832e-05
1.1086884215972504e-05
1.1083197872026009e-05
1.1080537036695044e-05
1.1077877478675086e-05
1.1075423634954036e-05
1.1072153533862336e-05
1.1068476977567885e-05
1.1064598816087927e-05
1.106215085086377e-05
1.1058684753759952e-05
1.105522082803604e-05
7.982855283115033e-06
7.980356046654389e-06
7.977564633615003e-06
7.974628412987603e-06
7.971841004697254e-06
7.970081540064987e-06
7.968322851924044e-06
7.966125582905921e-06
7.963929525349801e-06
7.961295854002083e-06
7.960125892452577e-06
7.958225438161527e-06
7.956179809663698e-06
7.952967374480764e-06
7.951508034081387e-06
7.949465857044145e-06
7.947862025115243e-06
7.945530333590036e-06
7.943345614967708e-06
7.940289026520565e-06
7.938252607410664e-06
7.93665329645842e-06
7.934473456134568e-06
7.933166126601126e-06
7.930988201129862e-06
7.929682019751008e-06
7.926635935708886e-06
7.92489636673982e-06
7.922143610181784e-06
7.920406012197426e-06
7.918524474331799e-06
7.916499202260465e-06
7.914474965906877e-06
7.911873896902197e-06
7.909852024922119e-06
7.907398283486311e-06
7.905234481416618e-06
7.903504292210792e-06
7.901918950625164e-06
7.899902162750138e-06
7.898174306631428e-06
7.896447206176237e-06
7.894289392504068e-06
7.892851505106068e-06
7.891414141414141e-06
7.889546351084813e-06
7.886818093574064e-06
7.8855264195464e-06
7.883661414935293e-06
7.882944340349154e-06
7.88065057801541e-06
7.8790743905839e-06
7.877212436300619e-06
7.875065120730806e-06
7.873634227293651e-06
7.872346867714295e-06
7.869630490580658e-06
7.868344439804139e-06
7.865773598833445e-06
7.86377521700995e-06
7.861777850348035e-06
7.859638940278836e-06
7.85750119373576e-06
7.854937432402221e-06
7.853513843328441e-06
7.851663948782992e-06
7.850525985241012e-06
7.848961823857222e-06
7.847824643376738e-06
7.846119490364363e-06
7.844273077247988e-06
7.842711406318812e-06
7.840582856867145e-06
7.83916446567049e-06
7.83845546249902e-06
7.836754378032975e-06
7.834487413594643e-06
7.831797096210615e-06
7.830098900172263e-06
7.827694382726086e-06
7.825856630306532e-06
7.824867428688372e-06
7.823031003273638e-06
7.821336606261883e-06
7.81978405365575e-06
7.81724484212172e-06
7.814848211602044e-06
7.813298233593577e-06
7.811326423313806e-06
7.809074144155509e-06
7.807526455503105e-06
7.806260621018057e-06
7.804573480059315e-06
7.802325092877678e-06
7.800639652451501e-06
7.799095304944627e-06
7.797130655918622e-06
7.795587697363293e-06
7.794325730867928e-06
7.793204325827879e-06
7.792223361085637e-06
7.790402224459467e-06
7.788581938877606e-06
7.787602137397264e-06
7.785923051123569e-06
7.783405778879429e-06
7.781169569641468e-06
7.779632921012788e-06
7.777398878858039e-06
7.775863719016174e-06
7.773910755504526e-06
7.772376972240658e-06
7.770286424711902e-06
7.767779251664098e-06
7.76624788668447e-06
7.763882418986873e-06
7.761796437932497e-06
7.760545387251215e-06
7.758739025860474e-06
