3.334953899166688e-05
3.334953899166688e-05
3.334953899166688e-05
3.334953899166688e-05
3.334953899166688e-05
3.334953899166688e-05
3.334953899166688e-05
3.334953899166688e-05
3.334953899166688e-05
3.334953899166688e-05
3.334953899166688e-05
3.334953899166688e-05
3.3350136343204465e-05
3.3350136343204465e-05
3.3350733716141755e-05
3.3350733716141755e-05
3.335192852622008e-05
3.33525259633634e-05
3.33525259633634e-05
3.33525259633634e-05
3.33525259633634e-05
3.335312342191104e-05
3.335312342191104e-05
3.335312342191104e-05
3.454797177814572e-05
3.454797177814572e-05
3.454797177814572e-05
3.454797177814572e-05
3.454859067341601e-05
3.454859067341601e-05
3.454920959086058e-05
3.454920959086058e-05
3.454920959086058e-05
3.454920959086058e-05
3.454982853048062e-05
3.454982853048062e-05
3.454982853048062e-05
3.455044749227733e-05
3.45510664762519e-05
3.455168548240551e-05
3.455168548240551e-05
3.455230451073936e-05
3.455292356125465e-05
3.455354263395256e-05
3.455539998515397e-05
3.455663833022323e-05
3.455725753604194e-05
3.4557876764051614e-05
3.4557876764051614e-05
3.4557876764051614e-05
3.4557876764051614e-05
3.455849601425346e-05
3.455973458123841e-05
3.455973458123841e-05
3.456035389802391e-05
3.4560973237006354e-05
3.456221198156682e-05
3.456283138714723e-05
3.456345081492936e-05
3.456345081492936e-05
3.456468973710353e-05
3.456530923149796e-05
3.456530923149796e-05
3.456592874809887e-05
3.456592874809887e-05
3.456654828690747e-05
3.456716784792494e-05
3.456716784792494e-05
3.4567787431152485e-05
3.456840703659129e-05
3.4569026664242565e-05
3.4569646314107485e-05
3.4571505396996116e-05
3.4571505396996116e-05
3.457336467985064e-05
3.457398448524459e-05
3.457398448524459e-05
3.457398448524459e-05
3.4574604312861746e-05
3.457522416270332e-05
3.457522416270332e-05
3.457584403477049e-05
3.457708384558642e-05
3.4580183761658e-05
3.458080381157304e-05
3.458266409474113e-05
3.458266409474113e-05
3.458390439471763e-05
3.4586385261588355e-05
3.458762582850174e-05
3.458762582850174e-05
3.4589486845746257e-05
3.459072763517287e-05
3.4591348063268855e-05
3.4592588986232145e-05
3.459320948110186e-05
3.4593829998231866e-05
3.4593829998231866e-05
3.4594450537623384e-05
3.4595691683195715e-05
3.459693291782844e-05
3.459693291782844e-05
3.459755356854544e-05
3.459817424153113e-05
3.459817424153113e-05
3.459941565431339e-05
3.459941565431339e-05
3.46006571561848e-05
3.460189874715495e-05
3.460251957605505e-05
3.4603761300691305e-05
3.460500311445028e-05
3.460562405475379e-05
3.4606245017341574e-05
3.460748700937478e-05
3.46087290905595e-05
3.461059237951668e-05
3.4611213520421895e-05
3.4611213520421895e-05
3.461307707691282e-05
3.461369830700555e-05
3.4614940834091865e-05
3.4614940834091865e-05
3.4616183450387316e-05
3.461804754211862e-05
9.829992418084108e-06
9.830168873753278e-06
9.83052180409736e-06
9.830874759784711e-06
9.8317572598978e-06
9.832286836021394e-06
9.83281646919806e-06
9.83281646919806e-06
9.83281646919806e-06
9.833522735532109e-06
9.833522735532109e-06
9.833875906747492e-06
9.83405250186847e-06
9.83493557261988e-06
9.835288845328537e-06
9.835288845328537e-06
9.835995466889045e-06
9.836172138144332e-06
9.83740901465945e-06
9.83811594091313e-06
9.838646202282564e-06
9.839353306364948e-06
9.839883701131072e-06
9.840060512093861e-06
9.840414153082616e-06
9.840767819491222e-06
9.841475228578958e-06
9.842182739379e-06
9.842536532927992e-06
9.843775010678355e-06
9.844128918712319e-06
9.844482852194933e-06
9.845013800141082e-06
9.8451907955171e-06
9.846784040332426e-06
9.847315236536792e-06
9.848023587301015e-06
9.84855491725501e-06
9.849086304545738e-06
9.850149251174522e-06
9.850858009732647e-06
9.851212427261644e-06
1.0194046676740783e-05
1.0194230065782766e-05
1.0195330538613315e-05
1.0195697415690578e-05
1.01960643191728e-05
1.019624778081666e-05
1.0196981693418747e-05
1.0197532197208275e-05
1.0197715711680584e-05
1.0198082760441037e-05
1.019973480689502e-05
1.0200285607997024e-05
1.0200469221584192e-05
1.0200652841781874e-05
1.0201571041940458e-05
1.020248940741541e-05
1.0203224218853157e-05
1.0203775396896851e-05
1.0204694159313283e-05
1.0204694159313283e-05
1.0205061710608462e-05
1.0206348348672875e-05
1.0207083716098973e-05
1.0207635311212788e-05
1.0208370864108569e-05
1.0208922598350959e-05
1.021021021021021e-05
1.0210946134255921e-05
1.021168216439607e-05
1.0212050219258725e-05
1.0212418300653594e-05
1.021333862023803e-05
1.0214074995343583e-05
1.0214995613560707e-05
1.021573222763055e-05
1.021610057450542e-05
1.0217574227671595e-05
1.0218126957222112e-05
1.0220154143971913e-05
1.0220522809802082e-05
1.0221075858420061e-05
1.0221628966893947e-05
1.0222182135233456e-05
1.0224026462186137e-05
1.022476437932673e-05
1.0225686925556999e-05
1.0226240533208213e-05
1.022753251753721e-05
1.0229009470859357e-05
1.0230117465819371e-05
1.0231040978328248e-05
1.0231040978328248e-05
1.0231410430020161e-05
1.0231964657590311e-05
1.0232888503650732e-05
1.0234182168442598e-05
1.0234736696347403e-05
1.0235661043074069e-05
1.0236585556779932e-05
1.0237510237510238e-05
1.0238435085310254e-05
1.0239360100225266e-05
1.0240655401945725e-05
1.0241210631581484e-05
1.0241951031424716e-05
1.0242876681789973e-05
1.0243987683111279e-05
1.0244728484563604e-05
1.0245654637062751e-05
1.0246580957030661e-05
1.0247878086419753e-05
1.024899017302707e-05
1.0250473330680269e-05
1.0251585980654654e-05
1.0252884377619762e-05
1.0253440934148783e-05
1.0254368662649367e-05
1.0254925380337084e-05
1.0255482158477362e-05
1.0255667764626391e-05
1.0256410256410256e-05
1.0257152855712027e-05
1.0258266956311851e-05
1.0259195558371804e-05
1.0259938561073793e-05
1.026179653875639e-05
1.026179653875639e-05
1.026291164840472e-05
1.0264027000428674e-05
1.0264770703136793e-05
1.0265328550897914e-05
1.0267188481422429e-05
1.026774659201411e-05
1.026886299524612e-05
1.0874293170943888e-05
1.0875081563111723e-05
1.087547580206634e-05
1.0877447425670775e-05
1.0878236275291898e-05
1.0879222498232126e-05
1.0879814317835643e-05
1.088119548067681e-05
1.0882379613675523e-05
1.0884156296484418e-05
1.0885341074020318e-05
1.0886328585684478e-05
1.0887118724029684e-05
1.0887711403063075e-05
1.0888501742160279e-05
1.0890280424720936e-05
1.0892257420350368e-05
1.0893641744435164e-05
1.089463076280573e-05
1.0895817821926016e-05
1.0897598895709977e-05
1.0898192716374534e-05
1.0898984577936822e-05
1.089997456672601e-05
1.0901162790697675e-05
1.0902747492368077e-05
1.0903738164900866e-05
1.0903738164900866e-05
1.0905323615478288e-05
1.0907107798582075e-05
1.0908495900223623e-05
1.0909289259804723e-05
1.0910479515574709e-05
1.0912662325852097e-05
1.0913853317811409e-05
1.0914448911283721e-05
1.091564029326687e-05
1.0917030567685589e-05
1.0917626507997161e-05
1.091881858382923e-05
1.0920209668025626e-05
1.0921004732435383e-05
1.0922396373764404e-05
1.0922992900054615e-05
1.0924186148131964e-05
1.0925379656943078e-05
1.0926971407758149e-05
1.092816552528049e-05
1.0929359903821633e-05
1.0930554543467172e-05
1.0932346992693547e-05
1.093414002988665e-05
1.0934538562472663e-05
1.0936731011100781e-05
1.0938326071500192e-05
1.0940520039385871e-05
1.0942515319521446e-05
1.0944311693997045e-05
1.0946508063927607e-05
1.0947107226915288e-05
1.0948305749685236e-05
1.0949504534919795e-05
1.095190289312768e-05
1.0952502646854806e-05
1.0953902327704244e-05
1.0954902318787658e-05
1.095610254911986e-05
1.095690284879474e-05
1.0958103517551228e-05
1.0958703950612773e-05
1.0960505644660406e-05
1.0961506841807187e-05
1.0962908825141604e-05
1.0963509784932483e-05
1.0965513460167771e-05
1.0967116927744978e-05
1.096912192179016e-05
1.0971127649070197e-05
1.097213078779899e-05
1.09741376156857e-05
1.0975342064827687e-05
1.0976145177813552e-05
1.0978354344683731e-05
1.0980966325036602e-05
1.0981770261366133e-05
1.098277534733027e-05
1.0984182776801405e-05
1.0985389432055365e-05
1.0986797531632821e-05
1.0987803538072738e-05
1.0988809728759547e-05
1.099102399706906e-05
1.0992836334988365e-05
1.0994044892349976e-05
1.0995656715597339e-05
1.0997672159392929e-05
1.1000091667430562e-05
1.1000696710791682e-05
1.1002310485201892e-05
1.1004126547455295e-05
1.1005539454858946e-05
1.1006750807161725e-05
1.1008972312434634e-05
1.1010588515956177e-05
1.1012003083360863e-05
1.1014024524561274e-05
1.1016046708038042e-05
1.1016653507886087e-05
1.1018271967679736e-05
1.1020902979317439e-05
1.1022320198401763e-05
1.1024750565018465e-05
1.1026168773890031e-05
1.102697934279203e-05
1.1028803558627282e-05
1.1031033975584644e-05
1.1032656663724624e-05
1.1033671086264918e-05
1.1035700491088671e-05
1.103712151870792e-05
1.1038339833689013e-05
1.103976154115071e-05
1.1040980439062988e-05
1.1043215784436427e-05
1.1045248702183276e-05
1.1047892614483786e-05
1.1049927254645573e-05
1.1051555506437531e-05
1.105379513633014e-05
1.1055424528301886e-05
1.10566468875539e-05
1.1057869517139698e-05
1.1059907834101381e-05
1.1063374698062065e-05
1.106663961488094e-05
1.1069702225010147e-05
1.1072562190890971e-05
1.1073788342992137e-05
1.1075832533412094e-05
1.1077263915812794e-05
1.1079309389714708e-05
1.1080946312815114e-05
1.1080946312815114e-05
1.1082583719684515e-05
1.1084835944428023e-05
1.1087908635632842e-05
1.1090368015378643e-05
1.109159811442832e-05
1.1093443774729135e-05
1.1095084877399312e-05
1.1098368539824646e-05
1.1100216454220857e-05
1.1100832562442182e-05
1.1101448739060448e-05
1.1103708638685321e-05
1.1105558331945139e-05
1.1108436857793493e-05
1.1110082399777797e-05
1.1112140012964162e-05
1.1112963271656387e-05
1.1115021952168356e-05
1.1116463482417459e-05
1.1118729499842484e-05
1.1119759813188034e-05
1.112161485847745e-05
1.1123264307298716e-05
1.1125739398097499e-05
1.1128421989761852e-05
1.1129866998089373e-05
1.1130899376669635e-05
1.11333778668448e-05
1.1136064143729468e-05
1.1137717881606059e-05
1.1139992573338284e-05
1.1141026831306285e-05
1.1145165784341041e-05
1.114682222676352e-05
1.1150136589173216e-05
1.1154489682097043e-05
1.1156978690170702e-05
1.1157808606389705e-05
1.1160714285714286e-05
1.1163621478807725e-05
1.1166530186853272e-05
1.116860876363501e-05
1.1170272182298841e-05
1.1173600506536556e-05
1.117505727216852e-05
1.1176930814798256e-05
1.1180054782268433e-05
1.1181721612404256e-05
1.1183805849130458e-05
1.1186725086231006e-05
1.1187768040275965e-05
1.1190271923607744e-05
1.1192150571732358e-05
1.1194656417336792e-05
1.1198626301840307e-05
1.1200925943211305e-05
1.120385412581928e-05
1.120615591498263e-05
1.120699316373417e-05
1.1209505660800359e-05
1.1211600269078406e-05
1.1213905242500701e-05
1.1216420840109921e-05
1.1218098532298775e-05
1.1221035701595256e-05
1.122334455667789e-05
1.1225444340505144e-05
1.1228175234388157e-05
1.1230697239120261e-05
1.1233851338700617e-05
1.123553424965357e-05
1.1238691067113717e-05
1.123995429085255e-05
1.1242060294916715e-05
1.1242481590436395e-05
1.1244588541764275e-05
1.1246485473289597e-05
1.124985937675779e-05
1.1251758087201125e-05
1.1253657438667566e-05
1.2507582722025227e-05
1.2511103604448948e-05
1.2515096334954038e-05
1.2518386379995618e-05
1.2520972629153833e-05
1.2525206979045327e-05
1.2528737792311113e-05
1.2530621706795983e-05
1.2534862586568893e-05
1.2536748343582125e-05
1.2539342186108916e-05
1.2542880974330993e-05
1.2545241276352846e-05
1.2547838634795155e-05
1.2550909627175229e-05
1.2553982123129455e-05
1.2559421764221974e-05
1.2561551602853983e-05
1.2564155720145995e-05
1.2567234705675363e-05
1.2570552224359216e-05
1.2571737476978005e-05
1.257387149503332e-05
1.2575294576275449e-05
1.2579328389657275e-05
1.2581702430155823e-05
1.2585027592672996e-05
1.2587166125418523e-05
1.2590018633227576e-05
1.2594537748978268e-05
1.2597155562274037e-05
1.2598107764213814e-05
1.2602632689968933e-05
1.2605492212957184e-05
1.2608114582545326e-05
1.2610738043443991e-05
1.2614078573095431e-05
1.2616943293148368e-05
1.2619570429822568e-05
1.2621720719185646e-05
1.262482798671868e-05
1.262650176455362e-05
1.2628654416871882e-05
1.2632004446465564e-05
1.2636793287335405e-05
1.264110634962772e-05
1.2643983360517896e-05
1.2647101600490707e-05
1.264998134127752e-05
1.2653582861987371e-05
1.265646555542899e-05
1.26598303582732e-05
1.2665362134366825e-05
1.2668490929360494e-05
1.2671380420182974e-05
1.2674271229404309e-05
1.2678609917208677e-05
1.2681745261782926e-05
1.2684640802684069e-05
1.268874508311128e-05
1.26926103622471e-05
1.269671980243904e-05
1.270179984503804e-05
1.2705188799105553e-05
1.2708095056551022e-05
1.271221453133243e-05
1.271633667772988e-05
1.2719733394388052e-05
1.2724831873158876e-05
1.27284761468357e-05
1.2731636206227043e-05
1.273528437890018e-05
1.2738934642895814e-05
1.2740882306099697e-05
1.2743804917834316e-05
1.274721632663467e-05
1.2751361207808933e-05
1.27562409909048e-05
1.2759170653907495e-05
1.2763323314124532e-05
1.2766256231528822e-05
1.2770902775117172e-05
1.2774573488927638e-05
1.2777511579619868e-05
1.2780941060690297e-05
1.2784862722536517e-05
1.2789768185451638e-05
1.279516854435765e-05
1.2799836162097125e-05
1.2804015339210375e-05
1.2808197246237591e-05
1.2812381885854489e-05
1.2815337395795288e-05
1.2819773218211769e-05
1.2823225425891374e-05
1.2826926283654648e-05
1.2829394709157622e-05
1.2832358074119699e-05
1.2836064205993158e-05
1.2839277919009834e-05
1.284397777991844e-05
1.2846452773227992e-05
1.2850910165712486e-05
1.2854627022996927e-05
1.2858346030950038e-05
1.2862067191439007e-05
1.286479741160276e-05
1.287001287001287e-05
1.287249790821909e-05
1.2874983906270117e-05
1.287846591713995e-05
1.2884439462461185e-05
1.288867407765426e-05
1.2890667801045433e-05
1.2892911477269796e-05
1.2897900221843882e-05
1.2900645677316148e-05
1.2904391364381299e-05
1.2907889301941346e-05
1.291213934780784e-05
1.2917643563461152e-05
1.292114869011855e-05
1.2924906294429364e-05
1.2927663260227397e-05
1.2930672200994367e-05
1.2933431627413701e-05
1.2937698512811555e-05
1.2942470717660001e-05
1.2946743570323474e-05
1.2951019245214597e-05
1.2954039069381832e-05
1.2957815830563599e-05
1.2961342795113574e-05
1.2964871680182545e-05
1.2970925670110446e-05
1.297445977593108e-05
1.297850111290647e-05
1.298128099280837e-05
1.2985579513949759e-05
1.2989880882792304e-05
1.2994691668453436e-05
1.3001280626141675e-05
1.3003562976255494e-05
1.3007622466765524e-05
1.30111766007e-05
1.3017782290608971e-05
1.302159631749256e-05
1.302541257994347e-05
1.303075910687177e-05
1.303534533888639e-05
1.3037639665714918e-05
1.3041465339045494e-05
1.3047080389585819e-05
1.3052189178429952e-05
1.3056279091021849e-05
1.3060883307538087e-05
1.3064978671422318e-05
1.3068564222191728e-05
1.3073946239933061e-05
1.307779325316646e-05
1.308061583539353e-05
1.3082412658542488e-05
1.3085237235351077e-05
1.3090890049614473e-05
1.3093461125513917e-05
1.3098863673576317e-05
1.3102982894055831e-05
1.310787783457858e-05
1.3112260619292068e-05
1.3116904410559108e-05
1.3120518522892024e-05
1.3124392996823896e-05
1.31313728193714e-05
1.313939585057879e-05
1.3144836379649164e-05
1.3150281416022302e-05
1.3157288809068003e-05
1.3164043730953274e-05
1.3170805592324055e-05
1.317497019162994e-05
1.3179919075296876e-05
1.3185132444655405e-05
1.3192438094484242e-05
1.3200535941759234e-05
1.3205765637277234e-05
1.3209690629045467e-05
1.3215975471149524e-05
1.3224364569282444e-05
1.3231188557668134e-05
1.3236442573693893e-05
1.324143775531147e-05
1.3245383983681686e-05
1.3249859220245784e-05
1.3254601003373295e-05
1.3260137375023204e-05
1.3265678373627831e-05
1.3269903196056184e-05
1.3274130710365104e-05
1.3277303114191445e-05
1.3283917161492581e-05
1.3288418478874736e-05
1.3295043607743033e-05
1.3301409949454642e-05
1.3309907895437364e-05
1.3314692763464483e-05
1.3321077941627036e-05
1.3327469246864713e-05
1.333360000533344e-05
1.33397364068086e-05
1.3342940250313559e-05
1.3346145633141149e-05
1.3350689229331464e-05
1.3353363378400934e-05
1.3360856698131483e-05
1.336675020885547e-05
1.3373185425902521e-05
1.337962684220737e-05
1.3385805691644579e-05
1.339306640951979e-05
1.3398449799358214e-05
1.3405724244252294e-05
1.3414086131847052e-05
1.3416785740640114e-05
1.3421647775697422e-05
1.3425702164223188e-05
1.3431923652945956e-05
1.3437338332023192e-05
1.344058923543208e-05
1.3447909522464731e-05
1.3452794145343987e-05
1.3459584233443028e-05
1.3463933488168567e-05
1.346855765216103e-05
1.3472368172877428e-05
1.3479450577594457e-05
1.3486267608008145e-05
1.3491180140982831e-05
1.3496915954704349e-05
1.3503203635062418e-05
1.3510866114072241e-05
1.3515248579209493e-05
1.3523199047966786e-05
1.3532257518860582e-05
1.3538028321555248e-05
1.3545730385782401e-05
1.3552614638179069e-05
1.3557851351717779e-05
1.356309211374009e-05
1.356944161747744e-05
1.3576902972662905e-05
2.7162656779459596e-05
2.7175943854499996e-05
2.7190907360578622e-05
2.7202002067352157e-05
2.7209218483222115e-05
2.7222551161382086e-05
2.723200304998434e-05
2.7243687978041588e-05
2.726262770837167e-05
2.727043407713442e-05
2.728159379070925e-05
2.7295556283437055e-05
2.7304499781564e-05
2.7324084130855038e-05
2.7336408679309754e-05
2.7346500673407578e-05
2.7358284088421974e-05
2.7370077662595366e-05
2.7384130896145682e-05
2.7389193593667618e-05
2.7405519471621585e-05
2.7422428804519215e-05
2.7433713290262402e-05
2.7447831964372713e-05
2.7460268424123845e-05
2.7477811667078832e-05
2.7488575060990273e-05
2.7504452283213343e-05
2.751580439014659e-05
2.752602930145819e-05
2.753739923032969e-05
2.7543087717848607e-05
2.756016729021545e-05
2.7568715022192816e-05
2.7578979301976032e-05
2.7598388254125958e-05
2.761096155173604e-05
2.762354631087539e-05
2.764129886463365e-05
2.7655632069470946e-05
2.7672851548987864e-05
2.7688367424635723e-05
2.7701022860269112e-05
2.7711385915688108e-05
2.773271212058183e-05
2.7748872702046478e-05
2.7758693675875612e-05
2.777372744252574e-05
2.7795149746369256e-05
2.7810223037988763e-05
2.78247320130498e-05
2.7839837415349492e-05
2.7854377315395113e-05
2.787184525551514e-05
2.787942150200383e-05
2.7899255787351872e-05
2.7913857834722045e-05
2.7928475175076628e-05
2.794252223176925e-05
2.795834207031523e-05
2.796948529154692e-05
2.7984748312169867e-05
2.799767619287599e-05
2.8017090425159344e-05
2.803888994034726e-05
2.8048917311791762e-05
2.806072340544939e-05
2.8079633841574706e-05
2.809620139357159e-05
2.811338126664839e-05
2.8130582162397848e-05
2.814423922603342e-05
2.8161477914360945e-05
2.817278368232369e-05
2.818469430175943e-05
2.8203772254539045e-05
2.8222278666779554e-05
2.824200574724817e-05
2.826116139242742e-05
2.8276744498405896e-05
2.8297148354874535e-05
2.8315176226578038e-05
2.833262501770789e-05
2.8348287054754716e-05
2.836336304395612e-05
2.8380871292748687e-05
2.839416783792609e-05
2.8412319581770656e-05
2.8438377590558458e-05
2.8455371307026342e-05
2.8477250236717143e-05
2.8486985008724137e-05
2.850159965228048e-05
2.851561943054308e-05
2.852721139376823e-05
2.8546756018013e-05
2.8563267637817765e-05
2.858224899426211e-05
2.8601255595120623e-05
2.8617830339192834e-05
2.8638729585955567e-05
2.8657195463565957e-05
2.8679385974346286e-05
2.8693581245875295e-05
2.871706511594515e-05
2.8735012894837035e-05
2.875732413098961e-05
2.8775943311391674e-05
2.879147772259411e-05
2.8812631457631024e-05
2.88300755347979e-05
2.88487890720787e-05
2.8865027133125505e-05
2.8884411805059105e-05
2.890382253052966e-05
2.892890721053012e-05
2.8946492408782366e-05
2.896409899929038e-05
2.89943316081706e-05
2.9016416037373143e-05
2.9034107818159383e-05
2.904739081811976e-05
2.906828867717485e-05
2.9082871642746e-05
2.909683426443203e-05
2.9117803352915054e-05
2.9137529137529138e-05
2.9155368961194203e-05
2.9168763171519618e-05
2.919175332968436e-05
2.9206460469055753e-05
2.9219901675030863e-05
2.9236560318678506e-05
2.9260941763410655e-05
2.9277647248267126e-05
2.9300809434860637e-05
2.931820513948136e-05
2.934143156844622e-05
2.9362754813656617e-05
2.9386699579770195e-05
2.9409386005543666e-05
2.9431457813684156e-05
2.9459419649432903e-05
2.948091479278602e-05
2.949787246594839e-05
2.952334558552175e-05
2.9548207901190793e-05
2.9573112126454625e-05
2.9588862752060123e-05
2.9607917157047794e-05
2.9629629629629627e-05
2.9647418080477914e-05
2.9660608487383117e-05
2.9680416119433992e-05
2.9692974642199653e-05
2.971613660507997e-05
2.973535533749628e-05
2.9755927008711047e-05
2.977386747651586e-05
2.9797821779227938e-05
2.9822481677812816e-05
2.985520226899537e-05
2.9883975465256142e-05
2.990877822640945e-05
2.9934966285744218e-05
2.996120024568184e-05
2.9980737376235766e-05
3.001110410852015e-05
3.0036795073965607e-05
3.0054398461214796e-05
3.00754141008579e-05
3.0096459151580815e-05
3.0124338205945036e-05
3.0147496627248814e-05
3.0174104583446486e-05
3.0193920454116562e-05
3.0211024002658567e-05
3.023774426427788e-05
3.0256957209098266e-05
3.0278944778774458e-05
3.0298210133236377e-05
3.0331293553841837e-05
3.036168355535314e-05
3.0386593434976486e-05
3.421376762009033e-05
3.425048521520722e-05
3.427239701144698e-05
3.4311595031681036e-05
3.434459072696051e-05
3.4367410530174584e-05
3.439499208915182e-05
3.4420248284724295e-05
3.444000551040088e-05
3.446453599246375e-05
3.4493860092903464e-05
3.452085059375863e-05
3.455743445606598e-05
3.458372720355982e-05
3.461165720614703e-05
3.463723271602087e-05
3.46612441075885e-05
3.469250873094803e-05
3.471740036106096e-05
3.474876641879213e-05
3.4772932749148066e-05
3.48052068589461e-05
3.483106931382794e-05
3.485373051095569e-05
3.4880476234768856e-05
3.490726303786275e-05
3.492595697122101e-05
3.495118484516625e-05
3.499031934498122e-05
3.502136303144918e-05
3.504836674610963e-05
3.508033396477934e-05
3.511071579045925e-05
3.513950383020592e-05
3.516669011112674e-05
3.5193918490884776e-05
3.524270476011466e-05
3.5281665294601904e-05
3.53082409434362e-05
3.534817956875221e-05
3.538403472353274e-05
3.5419126328217236e-05
3.545512562932848e-05
3.5494557501183154e-05
3.5530710377336145e-05
0.0
0.0
0.0
0.0
0.0
0.0
0.0
0.0
0.0
0.0
0.0
0.0
0.0
0.0
0.0
0.0
0.0
0.0
0.0
0.0
0.0
0.0
0.0
0.0
0.0
0.0
0.0
0.0
0.0
0.0
0.0
0.0
0.0
0.0
0.0
0.0
0.0
0.0
0.0
0.0
0.0
0.0
0.0
0.0
0.0
0.0
0.0
0.0
0.0
0.0
0.0
0.0
0.0
0.0
0.0
0.0
0.0
0.0
0.0
0.0
0.0
0.0
0.0
0.0
0.0
0.0
0.0
0.0
0.0
0.0
0.0
0.0
0.0
0.0
0.0
0.0
0.0
0.0
0.0
0.0
0.0
0.0
0.0
0.0
0.0
0.0
0.0
0.0
0.0
0.0
0.0
0.0
0.0
0.0
0.0
0.0
0.0
0.0
0.0
0.0
0.0
0.0
0.0
0.0
0.0
0.0
0.0
0.0
0.0
0.0
0.0
0.0
0.0
0.0
0.0
0.0
0.0
0.0
0.0
0.0
0.0
0.0
0.0
0.0
0.0
0.0
0.0
0.0
0.0
0.0
0.0
0.0
0.0
0.0
0.0
0.0
0.0
0.0
0.0
0.0
0.0
0.0
0.0
0.0
0.0
0.0
0.0
0.0
0.0
0.0
0.0
0.0
0.0
0.0
0.0
0.0
0.0
0.0
0.0
0.0
0.0
0.0
0.0
0.0
0.0
0.0
0.0
0.0
0.0
0.0
0.0
0.0
0.0
0.0
0.0
0.0
0.0
0.0
0.0
0.0
0.0
0.0
0.0
0.0
0.0
0.0
0.0
0.0
0.0
0.0
0.0
0.0
0.0
0.0
0.0
0.0
0.0
0.0
0.0
0.0
0.0
0.0
0.0
0.0
0.0
0.0
0.0
0.0
0.0
0.0
0.0
0.0
0.0
0.0
0.0
0.0
0.0
0.0
0.0
0.0
0.0
0.0
0.0
0.0
0.0
0.0
0.0
0.0
0.0
0.0
0.0
0.0
0.0
0.0
0.0
0.0
0.0
0.0
0.0
0.0
0.0
0.0
0.0
0.0
0.0
0.0
0.0
0.0
0.0
0.0
0.0
0.0
0.0
0.0
0.0
0.0
0.0
0.0
0.0
0.0
0.0
0.0
0.0
0.0
0.0
0.0
0.0
0.0
0.0
0.0
0.0
0.0
0.0
0.0
0.0
0.0
0.0
0.0
0.0
0.0
0.0
0.0
0.0
0.0
0.0
0.0
0.0
0.0
0.0
0.0
0.0
0.0
0.0
0.0
0.0
0.0
0.0
0.0
0.0
0.0
0.0
0.0
0.0
0.0
0.0
0.0
0.0
0.0
0.0
0.0
0.0
0.0
0.0
0.0
0.0
0.0
0.0
0.0
0.0
0.0
0.0
0.0
0.0
0.0
0.0
0.0
0.0
0.0
0.0
0.0
0.0
0.0
0.0
0.0
0.0
0.0
0.0
0.0
0.0
0.0
0.0
0.0
0.0
0.0
0.0
0.0
0.0
0.0
0.0
0.0
0.0
0.0
0.0
0.0
0.0
0.0
0.0
0.0
0.0
0.0
0.0
0.0
0.0
0.0
0.0
0.0
0.0
0.0
0.0
