0.0
0.0
0.0
0.0
0.0
0.0
0.0
0.0
0.0
0.0
0.0
0.0
0.0
0.0
0.0
0.0
0.0
0.0
0.0
0.0
0.0
0.0
0.0
0.0
0.0
0.0
0.0
0.0
0.0
0.0
0.0
0.0
0.0
0.0
0.0
0.0
0.0
0.0
0.0
0.0
0.0
0.0
0.0
0.0
0.0
0.0
0.0
0.0
0.0
0.0
0.0
0.0
0.0
0.0
0.0
0.0
0.0
0.0
0.0
0.0
0.0
0.0
0.0
0.0
0.0
0.0
0.0
0.0
0.0
0.0
0.0
0.0
0.0
0.0
0.0
0.0
0.0
0.0
0.0
0.0
0.0
0.0
0.0
0.0
0.0
0.0
0.0
0.0
0.0
0.0
0.0
0.0
0.0
0.0
0.0
0.0
0.0
0.0
0.0
0.0
0.0
0.0
0.0
0.0
0.0
0.0
0.0
0.0
0.0
0.0
0.0
0.0
0.0
0.0
0.0
0.0
0.0
0.0
0.0
0.0
0.0
0.0
0.0
0.0
0.0
0.0
0.0
0.0
0.0
0.0
0.0
0.0
0.0
0.0
0.0
0.0
0.0
0.0
0.0
0.0
0.0
0.0
0.0
0.0
0.0
0.0
0.0
0.0
0.0
0.0
0.0
0.0
0.0
0.0
0.0
0.0
0.0
0.0
0.0
0.0
0.0
0.0
0.0
0.0
0.0
0.0
0.0
0.0
0.0
0.0
0.0
0.0
0.0
0.0
0.0
0.0
0.0
0.0
0.0
0.0
0.0
0.0
0.0
0.0
0.0
0.0
0.0
0.0
0.0
0.0
0.0
0.0
0.0
0.0
0.0
0.0
0.0
0.0
0.0
0.0
0.0
0.0
0.0
0.0
0.0
0.0
0.0
0.0
0.0
0.0
0.0
0.0
0.0
0.0
0.0
0.0
0.0
0.0
0.0
0.0
0.0
0.0
0.0
0.0
0.0
0.0
0.0
0.0
0.0
0.0
0.0
0.0
0.0
0.0
0.0
0.0
0.0
0.0
0.0
0.0
0.0
0.0
0.0
0.0
0.0
0.0
0.0
0.0
0.0
0.0
0.0
0.0
0.0
0.0
0.0
0.0
0.0
0.0
0.0
0.0
0.0
0.0
0.0
0.0
0.0
0.0
0.0
0.0
0.0
0.0
0.0
0.0
0.0
0.0
0.0
0.0
0.0
0.0
0.0
0.0
0.0
0.0
0.0
0.0
0.0
0.0
0.0
0.0
0.0
0.0
0.0
0.0
0.0
0.0
0.0
0.0
0.0
0.0
0.0
0.0
0.0
0.0
0.0
0.0
0.0
0.0
0.0
0.0
0.0
0.0
0.0
0.0
0.0
0.0
0.0
0.0
0.0
0.0
0.0
0.0
0.0
0.0
0.0
0.0
0.0
0.0
0.0
0.0
0.0
0.0
0.0
0.0
0.0
0.0
0.0
0.0
0.0
0.0
0.0
0.0
0.0
0.0
0.0
0.0
0.0
0.0
0.0
0.0
0.0
0.0
0.0
0.0
0.0
0.0
0.0
0.0
0.0
0.0
0.0
0.0
0.0
0.0
0.0
0.0
0.0
0.0
0.0
0.0
0.0
0.0
0.0
0.0
0.0
0.0
0.0
0.0
0.0
0.0
0.0
0.0
0.0
0.0
0.0
0.0
0.0
0.0
0.0
0.0
0.0
0.0
0.0
0.0
0.0
0.0
0.0
0.0
0.0
0.0
0.0
0.0
0.0
0.0
0.0
0.0
0.0
0.0
0.0
0.0
0.0
0.0
0.0
0.0
0.0
0.0
0.0
0.0
0.0
0.0
0.0
0.0
0.0
0.0
0.0
0.0
0.0
0.0
0.0
0.0
0.0
0.0
0.0
0.0
0.0
0.0
0.0
0.0
0.0
0.0
0.0
0.0
0.0
0.0
0.0
0.0
0.0
0.0
0.0
0.0
0.0
0.0
0.0
0.0
0.0
0.0
0.0
0.0
0.0
0.0
0.0
0.0
0.0
0.0
0.0
0.0
0.0
0.0
0.0
0.0
0.0
0.0
0.0
0.0
0.0
0.0
0.0
0.0
0.0
0.0
0.0
0.0
0.0
0.0
0.0
0.0
0.0
0.0
0.0
0.0
0.0
0.0
0.0
0.0
0.0
0.0
0.0
0.0
0.0
0.0
0.0
0.0
0.0
0.0
0.0
0.0
0.0
0.0
0.0
0.0
0.0
0.0
0.0
0.0
0.0
0.0
0.0
0.0
0.0
0.0
0.0
0.0
0.0
0.0
0.0
0.0
0.0
0.0
0.0
0.0
0.0
0.0
0.0
0.0
0.0
0.0
0.0
0.0
0.0
0.0
0.0
0.0
0.0
0.0
0.0
0.0
0.0
0.0
0.0
0.0
0.0
0.0
0.0
0.0
0.0
0.0
0.0
0.0
0.0
0.0
0.0
0.0
0.0
0.0
0.0
0.0
0.0
0.0
0.0
0.0
0.0
0.0
0.0
0.0
0.0
0.0
0.0
0.0
0.0
0.0
0.0
0.0
0.0
0.0
0.0
0.0
0.0
0.0
0.0
0.0
0.0
0.0
0.0
0.0
0.0
0.0
0.0
0.0
0.0
0.0
0.0
0.0
0.0
0.0
0.0
0.0
0.0
0.0
0.0
0.0
0.0
0.0
0.0
0.0
0.0
0.0
0.0
0.0
0.0
0.0
0.0
0.0
0.0
0.0
0.0
0.0
0.0
0.0
0.0
0.0
0.0
0.0
0.0
0.0
0.0
0.0
0.0
0.0
0.0
0.0
0.0
0.0
0.0
0.0
0.0
0.0
0.0
0.0
0.0
0.0
0.0
0.0
0.0
0.0
0.0
0.0
0.0
0.0
0.0
0.0
0.0
0.0
0.0
0.0
0.0
0.0
0.0
0.0
0.0
0.0
0.0
0.0
0.0
0.0
0.0
0.0
0.0
0.0
0.0
0.0
0.0
0.0
0.0
0.0
0.0
0.0
0.0
0.0
0.0
0.0
0.0
0.0
0.0
0.0
0.0
0.0
0.0
0.0
0.0
0.0
0.0
0.0
0.0
0.0
0.0
0.0
0.0
0.0
0.0
0.0
0.0
0.0
0.0
0.0
0.0
0.0
0.0
0.0
0.0
0.0
0.0
0.0
0.0
0.0
0.0
0.0
0.0
0.0
0.0
0.0
0.0
0.0
0.0
0.0
0.0
0.0
0.0
0.0
0.0
0.0
0.0
0.0
0.0
0.0
0.0
0.0
0.0
0.0
0.0
0.0
0.0
0.0
0.0
0.0
0.0
0.0
0.0
0.0
0.0
0.0
0.0
0.0
0.0
0.0
0.0
0.0
0.0
0.0
0.0
0.0
0.0
0.0
0.0
0.0
0.0
0.0
0.0
0.0
0.0
0.0
0.0
0.0
0.0
0.0
0.0
0.0
0.0
0.0
0.0
0.0
0.0
0.0
0.0
0.0
0.0
0.0
0.0
0.0
0.0
0.0
0.0
0.0
0.0
0.0
0.0
0.0
0.0
0.0
0.0
0.0
0.0
0.0
0.0
0.0
0.0
0.0
0.0
0.0
0.0
0.0
3.250763929523438e-05
3.2487925321088994e-05
3.24654243230959e-05
3.244505969890984e-05
3.241911430979706e-05
3.240230704426155e-05
3.237992444684296e-05
3.2361063168795306e-05
3.233873749568817e-05
3.231574638602236e-05
3.229765519023319e-05
3.228236306897665e-05
3.226569726171782e-05
3.2246275555173374e-05
3.222687721559781e-05
3.219989696032973e-05
3.2181244770547725e-05
3.2160545442850713e-05
3.213642985688577e-05
3.211922656902422e-05
3.209311281798926e-05
3.207321245295929e-05
3.2052651822727464e-05
3.203416978109984e-05
3.201844262295082e-05
3.2000682681230535e-05
3.1982260506172575e-05
3.196454066955058e-05
3.1942758576630676e-05
3.1927121025073434e-05
3.190267557105789e-05
3.188368830506313e-05
3.186878558681057e-05
3.185457325490029e-05
3.183767033153627e-05
3.181876034109711e-05
3.180054696940788e-05
3.177831447820008e-05
3.1764182707578934e-05
3.1749391469996824e-05
1.763108713283261e-05
1.7622139045725924e-05
1.7612827774724888e-05
1.760538583963606e-05
1.759534919730017e-05
1.7586066208022057e-05
1.757938851854977e-05
1.756715924981203e-05
1.756049590840445e-05
1.755014075212883e-05
1.7538690350914117e-05
1.753131092130545e-05
1.752393769889669e-05
1.751657067585936e-05
1.7510313574695493e-05
1.7497812773403324e-05
1.7490467695106164e-05
1.748019493913396e-05
1.7475063084977734e-05
1.746590655041359e-05
1.7458222473620626e-05
1.744835287548855e-05
1.743995423756008e-05
1.742974071517712e-05
1.7420267435945675e-05
1.7412259623755893e-05
1.740571325131761e-05
1.7395902916945e-05
1.7383564882417565e-05
1.7373055086483065e-05
1.7363643309093685e-05
1.7357494966326457e-05
1.734773889571233e-05
1.7338715270553313e-05
1.7329340653246825e-05
1.7322136304426152e-05
1.7313498988891658e-05
1.730415161205476e-05
1.7295532218117413e-05
1.728477004341934e-05
1.727652810891123e-05
1.726686281822828e-05
1.7258280522994932e-05
1.7246493787812936e-05
1.7236505539812878e-05
1.7229021942882346e-05
1.7222612601441185e-05
1.7214785434914338e-05
1.7206610091332686e-05
1.7197377743841616e-05
1.719028267700834e-05
1.7185319612574155e-05
1.7176110091995243e-05
1.7167971432495534e-05
1.716019384154963e-05
1.715136421951002e-05
1.7142896326620174e-05
1.71337322066191e-05
1.712492978778787e-05
1.711508181009105e-05
1.7105245152373523e-05
1.709682272646451e-05
1.7088408590684764e-05
1.7076502732240437e-05
1.706636083748046e-05
1.7061119755411786e-05
1.7055183752549748e-05
1.7049251878827554e-05
1.7040536027101265e-05
1.702869675977958e-05
1.7022435570081367e-05
1.7014094475863805e-05
1.7007844017660942e-05
1.699986400108799e-05
1.6993277459437046e-05
1.698565731096662e-05
1.6978389905328496e-05
1.6968364181819413e-05
1.69597308151525e-05
1.6953865142175112e-05
1.6945246519446364e-05
1.6937669376693767e-05
1.692872330340335e-05
1.692184813656608e-05
1.6910516311884034e-05
1.6903313049357674e-05
1.689611592087211e-05
1.6887898132198464e-05
1.6880714121730206e-05
1.687353622073285e-05
1.6866705797424114e-05
1.685749349300751e-05
1.68523798930885e-05
1.6845226062933762e-05
1.683739788118185e-05
1.6830936607960358e-05
1.6822102897439002e-05
1.681565335539547e-05
1.3447367005540315e-05
1.3440860215053763e-05
1.3434901186301775e-05
1.3430300100055736e-05
1.3425161437566285e-05
1.342056701895655e-05
1.3414625966691483e-05
1.341057826413475e-05
1.3405993819836848e-05
1.3400604367256963e-05
1.3394950103810863e-05
1.3389300609882642e-05
1.3384730699218332e-05
1.3380969585056132e-05
1.3375331875422158e-05
1.3370503332597954e-05
1.336433859888274e-05
1.3359250278874348e-05
1.3354165832031302e-05
1.334881796216945e-05
1.3342673204576535e-05
1.3338668800853674e-05
1.3334400085340159e-05
1.3328535060711476e-05
1.332081177026928e-05
1.3316288484073719e-05
1.3312299899492136e-05
1.3306188708368262e-05
1.3301409949454642e-05
1.3295043607743033e-05
1.3288948246191055e-05
1.328179994952916e-05
1.3276774274922165e-05
1.3270959822169137e-05
1.326330309300228e-05
1.3258027735794023e-05
1.325354698051066e-05
1.324801610958759e-05
1.3240385824842936e-05
1.3233815044200942e-05
1.3227250782061201e-05
1.3222004059155245e-05
1.3217809676758463e-05
1.3213094176328742e-05
1.3209690629045467e-05
1.3202888792067704e-05
1.3196355166702957e-05
1.3187218947396183e-05
1.318226458123241e-05
1.317783488172893e-05
1.317236700848959e-05
1.3166903670932743e-05
1.3158327576565018e-05
1.1837354745792807e-05
1.1832919181161992e-05
1.1828486939379004e-05
1.1823592007251803e-05
1.1819399574501616e-05
1.181381428683941e-05
1.1809163911195087e-05
1.1803820503236215e-05
1.1799177990599988e-05
1.1794075442769249e-05
1.1788282447247436e-05
1.1783420727037059e-05
1.1779025481958459e-05
1.177301624676242e-05
1.1767474699929395e-05
1.1762630124095748e-05
1.1757789535567312e-05
1.1753643629525152e-05
1.1749960833463888e-05
1.1745130664578643e-05
1.1739615331937622e-05
1.1735023176670773e-05
1.1730893307525368e-05
1.1726078799249531e-05
1.1721726219547932e-05
1.1717148046165564e-05
1.171303074670571e-05
1.17096018735363e-05
1.1705033164260631e-05
1.169978355400425e-05
1.1695222501608093e-05
1.1691348402182384e-05
1.168588345278903e-05
1.1681560656503708e-05
1.1677241057179557e-05
1.1673605976886259e-05
1.1669292257424587e-05
1.1664981724861964e-05
1.1661354271942781e-05
1.165750257436515e-05
1.1652748106428432e-05
1.1647093079685527e-05
1.1643024857858071e-05
1.1639636843330488e-05
1.1632866726123541e-05
1.1628132328145894e-05
1.1624752973999303e-05
1.1619125079881484e-05
1.1614851523481358e-05
1.1609907120743033e-05
1.1606089328200863e-05
1.1602049695446195e-05
1.1598909702487965e-05
1.1594426945448221e-05
1.1589276056555667e-05
1.1584577066398934e-05
1.1581670076825078e-05
1.1576530513805013e-05
1.1572734637194768e-05
1.1568049048527965e-05
1.1564704521799467e-05
1.1561139157578327e-05
1.1557130749672548e-05
1.1553570053146422e-05
1.154912226670773e-05
1.1546677443565614e-05
1.1541790901221505e-05
1.1538461538461538e-05
1.1534025374855825e-05
1.1530257316909121e-05
1.1525827458362948e-05
1.1521401002361888e-05
1.1517862284759949e-05
1.1514325740275192e-05
1.151012891344383e-05
1.1506155793349441e-05
1.1500421682128345e-05
1.1496675544655004e-05
1.149227144745159e-05
1.1486771068652602e-05
1.1482594300805695e-05
1.147842056932966e-05
1.1474030444427445e-05
1.1470301477757174e-05
1.1466794075489728e-05
1.1460880195599021e-05
1.1455847255369929e-05
1.1452567283832793e-05
1.1447978477800461e-05
1.1443175099650982e-05
1.1439902379499694e-05
1.1435323714955498e-05
1.1431184270690443e-05
1.1428789119792757e-05
1.1424654404204272e-05
1.142117485818708e-05
1.1417045649154186e-05
1.1413353623739775e-05
1.1409447022134326e-05
1.1407060970740888e-05
1.1402941959025429e-05
1.1399908800729594e-05
1.139622784858212e-05
1.1392981923135348e-05
1.1388656897729861e-05
1.1385199240986718e-05
1.1380016690691146e-05
1.137742718446602e-05
1.1373760733986692e-05
1.1369881184741619e-05
1.1365573677331363e-05
1.1361914861384639e-05
1.1358473421172194e-05
1.1355248963833531e-05
1.1350523069938139e-05
1.1347517730496453e-05
1.134365606034825e-05
1.1340868710543228e-05
1.1337225780851426e-05
1.0073536818777073e-05
1.0069923028025855e-05
1.0067451927917044e-05
1.0064032406184348e-05
1.0061754015268712e-05
1.0057769312488607e-05
1.005454591157027e-05
1.005151400929765e-05
1.0048105304143587e-05
1.0044131402349072e-05
1.0040916735697969e-05
1.003713740841112e-05
1.0033927216400455e-05
1.0030341783896285e-05
1.0027324459151187e-05
1.0025251101211175e-05
1.0022425176332043e-05
1.0020165583236262e-05
1.0016589977149654e-05
1.0014333014126468e-05
1.0011137390346761e-05
1.0007943805395532e-05
1.000531532376575e-05
1.0002125451658478e-05
9.99968750976532e-06
9.99687597625742e-06
9.993878749266074e-06
9.991819198031612e-06
9.98976049549212e-06
9.986580532409575e-06
9.983963259015206e-06
9.980600208345028e-06
9.978546125829467e-06
9.976119663555365e-06
9.97388089939471e-06
9.969965478994528e-06
9.966984364293278e-06
9.965494475379e-06
9.962702133886264e-06
9.959167413604222e-06
9.956936250715655e-06
9.95284838079598e-06
9.951177037658986e-06
9.947093894349428e-06
9.945609945609945e-06
9.94227267925607e-06
9.939863823865614e-06
9.936715542886244e-06
9.932644256138063e-06
9.928761138828902e-06
9.926913102284431e-06
9.924142337011469e-06
9.921742257940494e-06
9.918789907631269e-06
9.91528627290586e-06
9.911785112498762e-06
9.909022784559264e-06
9.906446000582003e-06
9.903318849729515e-06
9.900193672538718e-06
9.897621477838606e-06
9.894316333661082e-06
9.890463120935637e-06
9.887162755057902e-06
9.8849637345393e-06
9.883131964519556e-06
9.880751678183919e-06
9.876726112211954e-06
9.872703825055687e-06
9.86941529882739e-06
9.866311479453405e-06
9.864851533984414e-06
9.861385894520151e-06
9.859380584414784e-06
9.85664738460022e-06
9.85409776496745e-06
9.85082162009075e-06
9.84827501307974e-06
9.845547966278999e-06
9.843367415993011e-06
9.840643086025672e-06
9.838646202282566e-06
9.83610588567986e-06
9.834110842721836e-06
9.831754107829763e-06
9.828130566714578e-06
9.826138757361928e-06
9.823604894611138e-06
9.821072338335942e-06
9.818721847883452e-06
9.815107904842529e-06
9.813301930767154e-06
9.811135638950209e-06
9.808429118773947e-06
9.806264977537524e-06
9.803561143585407e-06
9.80175941581514e-06
9.79905806554345e-06
9.795458580515609e-06
9.792940514006965e-06
9.789884601735257e-06
9.787189791961047e-06
9.784675974339686e-06
9.782522301093807e-06
9.780548933308883e-06
9.777142263530649e-06
9.774096201541863e-06
9.77176814037145e-06
9.768367583672173e-06
9.765684605008575e-06
9.763539282990083e-06
9.759608639693548e-06
9.757644504616585e-06
9.754610577655845e-06
9.752470117822029e-06
9.749974101631293e-06
9.747835675860093e-06
9.746410579728685e-06
9.74391766389574e-06
9.742493713047025e-06
9.74071435963935e-06
9.738402171663684e-06
9.736091081132063e-06
9.733603440828817e-06
9.731294627108953e-06
9.120259744997538e-06
9.117765053430103e-06
9.115604091083115e-06
9.114274777155982e-06
9.11095318792252e-06
9.109293301025706e-06
9.107634018834588e-06
9.104980424292089e-06
9.10265979719274e-06
9.099677871403353e-06
9.097359946143629e-06
9.095870474804439e-06
9.094381491114789e-06
9.09305835924855e-06
9.090743804658096e-06
9.088430428065072e-06
9.086448470750722e-06
9.084302325581395e-06
9.082322168131948e-06
9.08017797148824e-06
9.078034787029304e-06
9.07589261403859e-06
9.073586788857636e-06
9.071775890848393e-06
9.068320728367522e-06
9.065196896076583e-06
9.063389345079487e-06
9.061910975786574e-06
9.059776404718331e-06
9.057314687341498e-06
9.054854307394194e-06
9.052559158474101e-06
9.050592813829306e-06
9.04879108151151e-06
9.047481181239142e-06
9.045844339110612e-06
9.044208089139715e-06
9.042081848924896e-06
9.039793169532281e-06
9.037669004410382e-06
9.034729500198764e-06
9.03244454079052e-06
9.031465626241827e-06
9.02999765220061e-06
9.027552088975553e-06
9.025270758122744e-06
9.023479092598943e-06
9.02087430313746e-06
9.019247073254325e-06
9.01648212933242e-06
9.01404388036561e-06
9.010957324106113e-06
9.01014542374714e-06
9.008035167369294e-06
9.006737039305401e-06
9.00511490526619e-06
9.003979759053502e-06
9.000738060520962e-06
8.99830831803621e-06
8.996203602079921e-06
8.993938085730218e-06
8.991835413444593e-06
8.990380293086398e-06
8.98811770838951e-06
8.986502273585076e-06
8.985533291400844e-06
8.983273145403258e-06
8.980852821783957e-06
8.979723783696414e-06
8.977305372019535e-06
8.975693821132374e-06
8.974243919949743e-06
8.972150445018663e-06
8.970701688286057e-06
8.968931620865323e-06
8.966519017986838e-06
8.964429145152036e-06
8.963143553707157e-06
8.960734063334468e-06
