2.6824034334763947e-05
2.6824034334763947e-05
2.6824034334763947e-05
2.6824034334763947e-05
2.6824034334763947e-05
2.6824034334763947e-05
2.6824034334763947e-05
2.6824034334763947e-05
2.6824034334763947e-05
2.6824034334763947e-05
2.6824514029220836e-05
2.6824514029220836e-05
2.6824514029220836e-05
2.6824514029220836e-05
2.6824514029220836e-05
2.6824514029220836e-05
2.6824514029220836e-05
2.6824514029220836e-05
2.6824514029220836e-05
2.6824514029220836e-05
2.6824514029220836e-05
2.6824993740834795e-05
2.6824993740834795e-05
2.6824993740834795e-05
2.682547346960674e-05
2.682547346960674e-05
2.682547346960674e-05
2.682547346960674e-05
2.682595321553759e-05
2.682595321553759e-05
2.6826432978628276e-05
2.682691275887971e-05
2.682691275887971e-05
2.682691275887971e-05
2.6827392556292813e-05
2.6827392556292813e-05
2.6828352202607717e-05
2.6829311917580354e-05
2.6829311917580354e-05
2.6829791800815625e-05
2.6829791800815625e-05
2.6830271701218096e-05
2.6830271701218096e-05
2.6830271701218096e-05
2.683075161878868e-05
2.6831711505437895e-05
2.6831711505437895e-05
2.6832191474518363e-05
2.6833151464195633e-05
2.6833631484794274e-05
2.683459157751619e-05
2.6835071649641305e-05
2.6835551738943754e-05
2.6836031845424455e-05
2.6836511969084337e-05
2.6836511969084337e-05
2.6837472267945322e-05
2.683795244314827e-05
2.6838432635534083e-05
2.683987331579795e-05
2.6840833855238436e-05
2.684131415074082e-05
2.684179446343253e-05
2.684179446343253e-05
2.684275514038761e-05
2.6843715886111063e-05
2.6843715886111063e-05
2.684467670061027e-05
2.684467670061027e-05
2.684515713365309e-05
2.6846118051329776e-05
2.6847559556836283e-05
2.6848040093073207e-05
2.6848520646512378e-05
2.6849962410052626e-05
2.685092367177431e-05
2.685140432844638e-05
2.685236569341759e-05
2.6854288629894193e-05
2.6855250201414376e-05
2.6856211841799008e-05
2.6856211841799008e-05
2.6856692687817805e-05
2.6856692687817805e-05
2.6857654431512983e-05
2.6858135329191212e-05
2.6858135329191212e-05
2.6859097176213584e-05
2.6859578125559576e-05
2.6860540075925795e-05
2.6860540075925795e-05
2.6861983130674593e-05
2.686246418338109e-05
2.6862945253317573e-05
2.6863426340484973e-05
2.686486970538193e-05
2.686535086148225e-05
2.6866794433200193e-05
2.6867756900535563e-05
2.686871943683164e-05
2.6869682042095835e-05
2.6869682042095835e-05
2.6870163370593294e-05
2.6871126079323564e-05
2.6873533152982068e-05
2.6874496103198067e-05
2.687497760418533e-05
2.6876903780684465e-05
2.687834859426237e-05
2.6878830233308245e-05
2.68802752540186e-05
2.688123868747872e-05
2.6882202190003405e-05
2.6883647573302744e-05
2.688412940227619e-05
2.6885093112039144e-05
2.6885093112039144e-05
2.688702073885533e-05
2.688846664037572e-05
2.688943066112147e-05
2.6890394750994945e-05
2.6891841015435916e-05
2.6891841015435916e-05
2.689328743545611e-05
2.689569848128956e-05
2.6896663020674568e-05
2.6898109959473515e-05
2.689907467183129e-05
2.6901004304160688e-05
2.6904864399483427e-05
2.6906312220847012e-05
2.6906794862595966e-05
2.69092083310909e-05
2.690969107674644e-05
2.6912587914453854e-05
2.691355366562601e-05
2.691403656720435e-05
2.6916451335055986e-05
2.6918866536259714e-05
2.692176534989321e-05
2.6922731759849232e-05
2.6925148088314486e-05
2.6926114741150283e-05
2.6927564850552014e-05
2.6928048255062473e-05
2.6931432572669982e-05
2.693288325492872e-05
2.6933850463262227e-05
2.693481774106662e-05
2.6936752505117983e-05
2.6938687547142702e-05
2.693917135108924e-05
2.6941106740664906e-05
2.6942558465351868e-05
2.694546238413451e-05
2.6947882794675097e-05
2.6947882794675097e-05
2.6949335249730506e-05
2.695078786136515e-05
2.695175635612254e-05
2.6953693554473415e-05
2.69551466359977e-05
2.695708432175976e-05
2.6959506820755225e-05
2.6960475942268635e-05
2.6961445133459154e-05
2.6963383724901584e-05
2.696386841632213e-05
2.696483785144172e-05
2.696629213483146e-05
2.6968231423383254e-05
2.696920117226128e-05
2.6971140879259193e-05
2.697405096297362e-05
2.697502113043322e-05
2.6975506240333777e-05
2.6976961674729782e-05
2.6977932051581805e-05
2.6980843601043258e-05
2.6983270372369132e-05
2.6984726644719088e-05
2.6986183074265975e-05
2.6987639661035245e-05
2.6990067655102922e-05
2.6991524661256365e-05
2.6993467580845435e-05
2.699541078016737e-05
2.6997840172786177e-05
2.7000756021168594e-05
2.700172811059908e-05
2.7002700270027004e-05
2.7004644798905412e-05
2.700561716837102e-05
2.7008534696964242e-05
2.701145285601095e-05
2.701145285601095e-05
2.7012425715829283e-05
2.7013398645728282e-05
2.7016317855985016e-05
2.7018751013203162e-05
2.7021671380447118e-05
2.7022158169699153e-05
2.702410550210788e-05
2.7025566185611588e-05
2.703141049899984e-05
2.703482084925384e-05
2.703628269137182e-05
2.7036770007209805e-05
2.7039206849932402e-05
2.7041156640406698e-05
2.7044081853421075e-05
2.7045057065070408e-05
2.704652001442481e-05
2.7047007699381524e-05
2.704749540192578e-05
2.7049934178493498e-05
2.705042198658299e-05
2.7051885516420494e-05
2.705286129096254e-05
2.7055301035316186e-05
2.7059205541725295e-05
2.7060181844421996e-05
2.7063111175260707e-05
2.7064576078523355e-05
2.7068971739993504e-05
2.7069948747563704e-05
2.7072391575071743e-05
2.7073368829528022e-05
2.707581227436823e-05
2.7077767347822946e-05
2.7081189405838704e-05
2.7083634262602917e-05
2.7084612328915532e-05
2.7087057803781354e-05
2.7089503720291845e-05
2.708999295660183e-05
2.7091950078566654e-05
2.7095375722543353e-05
2.7099291805174156e-05
2.7102229610089255e-05
2.7105657854316126e-05
2.710712736735579e-05
2.710810713123938e-05
2.7110066871498285e-05
2.711594779276185e-05
2.7118889210297947e-05
2.7121831266047082e-05
2.7124283466845083e-05
2.712575500018084e-05
2.713017055833891e-05
2.713213349009677e-05
2.713311506249661e-05
2.7137042062415198e-05
2.7140479119924732e-05
2.714539071265699e-05
2.7148338521682472e-05
2.7150795518308687e-05
2.715423606082549e-05
2.7155710845990913e-05
2.7157185791360393e-05
2.715866089696004e-05
2.716062795371829e-05
2.7162595295438495e-05
2.716456292218258e-05
2.7167514896854e-05
2.7169975365889e-05
2.7170959678295838e-05
2.7172928517082713e-05
2.7176374671618806e-05
2.717785186258878e-05
2.718179182371702e-05
2.7184747544311137e-05
2.718770390777931e-05
2.718967517401392e-05
2.7194604590449256e-05
2.7196083763937994e-05
2.71965768575262e-05
2.7200029013364282e-05
2.7202988701692025e-05
2.7206442485580586e-05
2.7207429442066315e-05
2.7209403569873747e-05
2.721384640505089e-05
2.7216809101300964e-05
2.721878459053875e-05
2.722224238684621e-05
2.7224218664924318e-05
2.7226195229970597e-05
2.7230643550875918e-05
2.7233609905771708e-05
2.7237071470075538e-05
2.7240039225656486e-05
2.7242512849385227e-05
2.7245481790936337e-05
2.7248946374073536e-05
2.725092653150207e-05
2.7253897307314946e-05
2.725835468571117e-05
2.7262813522355506e-05
2.726529128419522e-05
2.7268265192968422e-05
2.7270743945894846e-05
2.7273719044328885e-05
2.727520683698518e-05
2.7281159631158723e-05
2.728512960436562e-05
2.7287115024285532e-05
2.7291583275717767e-05
2.7294562923065725e-05
2.72975432211101e-05
2.7299530448076293e-05
2.7304499781564002e-05
2.7310962620395827e-05
2.7312951801744386e-05
2.7316433566433566e-05
2.7317428519395376e-05
2.7320413813201224e-05
2.7325888546809247e-05
2.732887569005411e-05
2.733136547501913e-05
2.7332361516034985e-05
2.7335350074716623e-05
2.733883755262726e-05
2.7345815178750477e-05
2.7349803993071384e-05
2.735379397122381e-05
2.7359781121751025e-05
2.7363774011711697e-05
2.7367268746579092e-05
2.7371263822488232e-05
2.7376259307928164e-05
2.7380257009345794e-05
2.7384255878486928e-05
2.738825591586328e-05
2.739225712198685e-05
2.7394258163488934e-05
2.7397260273972603e-05
2.7399262046542214e-05
2.7403266469363148e-05
2.740877446233121e-05
2.7412280701754386e-05
2.741528676389955e-05
2.7419295872481994e-05
2.7421300866513107e-05
2.742631463468149e-05
2.74323335771763e-05
2.7437853262360753e-05
2.74423710208562e-05
2.744488152959473e-05
2.7449401603045054e-05
2.745442565341533e-05
2.7458446218056673e-05
2.7462467960454047e-05
2.746649088112503e-05
2.7468502783474948e-05
2.7471521189700012e-05
2.7475043502152212e-05
2.747856671795999e-05
2.74810838539472e-05
2.7487126862252846e-05
2.7490653177919507e-05
2.749418039848232e-05
2.7499725002749972e-05
2.7502246016758037e-05
2.75072894316994e-05
2.7511830086937383e-05
2.75158674835822e-05
2.7521925800888042e-05
2.752697643690817e-05
2.7533039647577094e-05
2.7536072254653597e-05
2.7540116770095106e-05
2.7544668270378463e-05
2.7546691642333755e-05
2.7548209366391185e-05
2.755377578574184e-05
2.755782550384891e-05
2.7559850809340954e-05
2.756086357372531e-05
2.7566941723485197e-05
2.757150209543416e-05
2.7576570945324854e-05
2.7580120249324285e-05
2.7586206896551723e-05
2.7590266154100832e-05
2.759635728083893e-05
2.7599403852876777e-05
2.7603974972396027e-05
2.760803946109107e-05
2.7611088613187057e-05
2.76121051468964e-05
2.761769742050706e-05
2.762125731963319e-05
2.762888876609383e-05
2.7636524430687598e-05
2.7640089185354437e-05
2.764314542137368e-05
2.764671188439988e-05
2.7649259921476102e-05
2.7650788969178588e-05
2.7655377127159425e-05
2.7660986944014164e-05
2.7663537613189975e-05
2.766915074153324e-05
2.7676298018377063e-05
2.7681405477227432e-05
2.768651482151427e-05
2.7687025859682154e-05
2.769162605228179e-05
2.7696227773777213e-05
2.7702365782037787e-05
2.7705947543405985e-05
2.77105540263435e-05
2.771823490280139e-05
2.772182076918812e-05
2.7725407563491182e-05
2.7731558513588462e-05
2.773976402707401e-05
2.774694783573807e-05
2.775464890369137e-05
2.77623542476402e-05
2.7766465514049832e-05
2.7769549763033174e-05
2.7777263384011407e-05
2.7782922763474717e-05
2.7788069655427936e-05
2.779373343956716e-05
2.779785400567076e-05
2.7807129748067406e-05
2.7813317016187352e-05
2.781795927450762e-05
2.7823119157144978e-05
2.7826216005639446e-05
2.7832411771254684e-05
2.7836543814719963e-05
2.7839643652561248e-05
2.7843777843777843e-05
2.7846879293060557e-05
2.785204991087344e-05
2.7857222449206998e-05
2.786136186336788e-05
2.7864467231386535e-05
2.7869644383337668e-05
2.787585950566809e-05
2.7880004460800714e-05
2.7885705787213475e-05
2.7888816584549597e-05
2.7898672023211696e-05
2.7905419232414935e-05
2.7913208530276528e-05
2.791892344631191e-05
2.7924120855595062e-05
2.7926720285969615e-05
2.793660253664351e-05
2.7942847562452264e-05
2.7948053883847888e-05
2.795222033803552e-05
2.7955867004622036e-05
2.7962641910407696e-05
2.796942010068991e-05
2.7974636329727714e-05
2.7980898373377107e-05
2.798925212718316e-05
2.7994998226983444e-05
2.8000224001792016e-05
2.8004406026548176e-05
2.8010681406509682e-05
2.8015913038605928e-05
2.8022193577313233e-05
2.8029000672696015e-05
2.803685912412852e-05
2.8041052100274803e-05
2.8045246330746938e-05
2.8048917311791766e-05
2.805258925398814e-05
2.8057836553749462e-05
2.806413590525548e-05
2.8066761469949855e-05
2.807411566535654e-05
2.8076743097800656e-05
2.808305094265441e-05
2.8090413678158766e-05
2.8097780275358247e-05
2.810567734682406e-05
2.811252506700152e-05
2.8117794815078637e-05
2.8120957612343224e-05
2.812834024040355e-05
2.8135726745821844e-05
2.8143117131653502e-05
2.8147341952674937e-05
2.8153153153153154e-05
2.8158966753646585e-05
2.8164253928913422e-05
2.8169014084507043e-05
2.8174834238058565e-05
2.81785392245266e-05
2.818436331523271e-05
2.819177927716278e-05
2.819601872215643e-05
2.8201319821767658e-05
2.8206622915060456e-05
2.8214581295613574e-05
2.8220420296126276e-05
2.822732404968009e-05
2.8236357133445025e-05
2.8243800485793367e-05
2.8247523633761442e-05
2.825710195162384e-05
2.8262426046651844e-05
2.8268817609588785e-05
2.827308025785049e-05
2.828000980373673e-05
2.8285875919290968e-05
2.829121086382497e-05
2.8297615454271053e-05
2.830348887672887e-05
2.8312036390404107e-05
2.8321658516322715e-05
2.832754192476205e-05
2.8333962976955045e-05
2.8337709935201104e-05
2.8345742469481083e-05
2.835270768358378e-05
2.8365039143754017e-05
2.8372550503139895e-05
2.8379528899820262e-05
2.8383825004257573e-05
2.8390271600264978e-05
2.8396183552930485e-05
2.8399946986765626e-05
2.840909090909091e-05
2.841608729422017e-05
2.842416432956871e-05
2.8431168141928392e-05
2.8439792958307262e-05
2.8448962561165268e-05
2.845921794069099e-05
2.8467859786301264e-05
2.8473804100227792e-05
2.847812879708384e-05
2.848570017851039e-05
2.8491110773438686e-05
2.849760620107911e-05
2.8503562945368172e-05
2.8510605945411692e-05
2.8518194608160004e-05
2.852361755533582e-05
2.85284999714715e-05
2.853338405934944e-05
2.8539355771609048e-05
2.8544243577545195e-05
2.8548046362027293e-05
2.8556198598842523e-05
2.8567619555487838e-05
2.8572517048268506e-05
2.8576871785101925e-05
2.8585040495474034e-05
2.85932138772398e-05
2.86046644672858e-05
2.8612849076758738e-05
2.861940013737312e-05
2.862704683384862e-05
2.8635790920545226e-05
2.864508736751647e-05
2.864946425501843e-05
2.8656579550664832e-05
2.866698518872432e-05
2.8677398386418384e-05
2.867904326711661e-05
2.8690013962473462e-05
2.87015422295358e-05
2.870538704430198e-05
2.8710881424059718e-05
2.8716377907533264e-05
2.8722426470588235e-05
2.8727927375799595e-05
2.8740587457607634e-05
2.8751054205320862e-05
2.8758771425284713e-05
2.8765941125707164e-05
2.8778082612282484e-05
2.878636677669456e-05
2.879797262272736e-05
2.8804608737397984e-05
2.881014116969173e-05
2.8817890146202762e-05
2.8825643292272806e-05
2.883395486524932e-05
2.884338044418806e-05
2.885059239883059e-05
2.8861694758716232e-05
2.887169419101513e-05
2.888058839385421e-05
2.8890044490668517e-05
2.8898950004816492e-05
2.8910646827538355e-05
2.8921237828979082e-05
2.89357433592469e-05
2.89441185551096e-05
2.8963679545849506e-05
2.896759491715268e-05
2.898214699744957e-05
2.8991669726898472e-05
2.8999516674722088e-05
2.9004563384639185e-05
2.9015784586815228e-05
2.9025891094856612e-05
2.9035442596929984e-05
2.904556280618864e-05
2.905287623474724e-05
2.9065261199813982e-05
2.9075402209730567e-05
2.9090062834535722e-05
2.9101914906000814e-05
2.9110386585933862e-05
2.9119993787734657e-05
2.9130738755534842e-05
2.914205781784271e-05
2.915168593917015e-05
0.0
0.0
0.0
0.0
0.0
0.0
0.0
0.0
0.0
0.0
0.0
0.0
0.0
0.0
0.0
0.0
0.0
0.0
0.0
0.0
0.0
0.0
0.0
0.0
0.0
0.0
0.0
0.0
0.0
0.0
0.0
0.0
0.0
0.0
0.0
0.0
0.0
0.0
0.0
0.0
0.0
0.0
0.0
0.0
0.0
0.0
0.0
0.0
0.0
0.0
0.0
0.0
0.0
0.0
0.0
0.0
0.0
0.0
0.0
0.0
0.0
0.0
0.0
0.0
0.0
0.0
0.0
0.0
0.0
0.0
0.0
0.0
0.0
0.0
0.0
0.0
0.0
0.0
0.0
0.0
0.0
0.0
0.0
0.0
0.0
0.0
0.0
0.0
0.0
0.0
0.0
0.0
0.0
0.0
0.0
0.0
0.0
0.0
0.0
0.0
0.0
0.0
0.0
0.0
0.0
0.0
0.0
0.0
0.0
0.0
0.0
0.0
0.0
0.0
0.0
0.0
0.0
0.0
0.0
0.0
0.0
0.0
0.0
0.0
0.0
0.0
0.0
0.0
0.0
0.0
0.0
0.0
0.0
0.0
0.0
0.0
0.0
0.0
0.0
0.0
0.0
0.0
0.0
0.0
0.0
0.0
0.0
0.0
0.0
0.0
0.0
0.0
0.0
0.0
0.0
0.0
0.0
0.0
0.0
0.0
0.0
0.0
0.0
0.0
0.0
0.0
0.0
0.0
0.0
0.0
0.0
0.0
0.0
0.0
0.0
0.0
0.0
0.0
0.0
0.0
0.0
0.0
0.0
0.0
0.0
0.0
0.0
0.0
0.0
0.0
0.0
0.0
0.0
0.0
0.0
0.0
0.0
0.0
0.0
0.0
0.0
0.0
0.0
0.0
0.0
0.0
0.0
0.0
0.0
0.0
0.0
0.0
0.0
0.0
0.0
0.0
0.0
0.0
0.0
0.0
0.0
0.0
0.0
0.0
0.0
0.0
0.0
0.0
0.0
0.0
0.0
0.0
0.0
0.0
0.0
0.0
0.0
0.0
0.0
0.0
0.0
0.0
0.0
0.0
0.0
0.0
0.0
0.0
0.0
0.0
0.0
0.0
0.0
0.0
0.0
0.0
0.0
0.0
0.0
0.0
0.0
0.0
0.0
0.0
0.0
0.0
0.0
0.0
0.0
0.0
0.0
0.0
0.0
0.0
0.0
0.0
0.0
0.0
0.0
0.0
0.0
0.0
0.0
0.0
0.0
0.0
0.0
0.0
0.0
0.0
0.0
0.0
0.0
0.0
0.0
0.0
0.0
0.0
0.0
0.0
0.0
0.0
0.0
0.0
0.0
0.0
0.0
0.0
0.0
0.0
0.0
0.0
0.0
0.0
0.0
0.0
0.0
0.0
0.0
0.0
0.0
0.0
0.0
0.0
0.0
0.0
0.0
0.0
0.0
0.0
0.0
0.0
0.0
0.0
0.0
0.0
0.0
0.0
0.0
0.0
0.0
0.0
0.0
0.0
0.0
0.0
0.0
0.0
0.0
0.0
0.0
0.0
0.0
0.0
0.0
0.0
0.0
0.0
0.0
0.0
0.0
0.0
0.0
0.0
0.0
0.0
0.0
0.0
0.0
0.0
0.0
0.0
0.0
0.0
0.0
0.0
0.0
0.0
0.0
0.0
0.0
0.0
0.0
0.0
0.0
0.0
0.0
0.0
0.0
0.0
0.0
0.0
0.0
0.0
0.0
0.0
0.0
0.0
0.0
0.0
0.0
0.0
0.0
0.0
0.0
0.0
0.0
0.0
0.0
0.0
0.0
0.0
0.0
0.0
0.0
0.0
0.0
0.0
0.0
0.0
0.0
0.0
0.0
0.0
0.0
0.0
0.0
0.0
0.0
0.0
0.0
0.0
0.0
0.0
0.0
0.0
0.0
0.0
0.0
0.0
0.0
0.0
0.0
0.0
0.0
0.0
0.0
0.0
0.0
0.0
0.0
0.0
0.0
0.0
0.0
0.0
0.0
0.0
0.0
0.0
0.0
0.0
0.0
0.0
0.0
0.0
0.0
0.0
0.0
0.0
0.0
0.0
0.0
0.0
0.0
0.0
0.0
0.0
0.0
0.0
0.0
0.0
0.0
0.0
0.0
0.0
0.0
0.0
0.0
0.0
0.0
0.0
0.0
0.0
0.0
0.0
0.0
0.0
0.0
0.0
0.0
0.0
0.0
0.0
0.0
0.0
0.0
0.0
0.0
0.0
0.0
0.0
0.0
0.0
0.0
0.0
0.0
0.0
0.0
0.0
0.0
0.0
0.0
0.0
0.0
0.0
0.0
0.0
0.0
0.0
0.0
0.0
0.0
0.0
0.0
0.0
0.0
0.0
0.0
0.0
0.0
0.0
0.0
0.0
0.0
0.0
0.0
0.0
0.0
0.0
0.0
0.0
0.0
0.0
0.0
0.0
0.0
0.0
0.0
0.0
0.0
0.0
0.0
0.0
0.0
0.0
0.0
0.0
0.0
0.0
0.0
0.0
0.0
0.0
0.0
0.0
0.0
0.0
0.0
0.0
0.0
0.0
0.0
0.0
0.0
0.0
0.0
0.0
0.0
0.0
0.0
0.0
0.0
0.0
0.0
0.0
0.0
0.0
0.0
0.0
0.0
0.0
0.0
0.0
0.0
0.0
0.0
0.0
0.0
0.0
0.0
0.0
0.0
0.0
0.0
0.0
0.0
0.0
0.0
0.0
0.0
0.0
0.0
0.0
0.0
0.0
0.0
0.0
0.0
0.0
0.0
0.0
0.0
0.0
0.0
0.0
0.0
0.0
0.0
0.0
0.0
0.0
0.0
0.0
0.0
0.0
0.0
0.0
0.0
0.0
0.0
0.0
0.0
0.0
0.0
0.0
0.0
0.0
0.0
0.0
0.0
0.0
0.0
0.0
0.0
0.0
0.0
0.0
0.0
0.0
0.0
0.0
0.0
0.0
0.0
0.0
0.0
0.0
0.0
0.0
0.0
0.0
0.0
0.0
0.0
0.0
0.0
0.0
0.0
0.0
0.0
0.0
0.0
0.0
0.0
0.0
0.0
0.0
0.0
0.0
0.0
0.0
0.0
0.0
0.0
0.0
0.0
0.0
0.0
0.0
0.0
0.0
