4.148580647639534e-05
4.148655016287312e-05
4.148655016287312e-05
4.148655016287312e-05
4.148655016287312e-05
4.148655016287312e-05
4.148655016287312e-05
4.148655016287312e-05
4.148655016287312e-05
4.148655016287312e-05
4.148655016287312e-05
4.148655016287312e-05
4.148655016287312e-05
4.148655016287312e-05
4.148655016287312e-05
4.148655016287312e-05
4.148729387601445e-05
4.148729387601445e-05
4.148729387601445e-05
4.148729387601445e-05
4.148729387601445e-05
4.148803761582077e-05
4.14895251754341e-05
4.1490268995243985e-05
4.149101284172459e-05
4.149175671487735e-05
4.149175671487735e-05
4.149175671487735e-05
4.149250061470371e-05
4.149250061470371e-05
4.149250061470371e-05
4.1493988494382936e-05
4.1493988494382936e-05
4.1494732474238685e-05
4.1494732474238685e-05
4.1495476480773757e-05
4.1495476480773757e-05
4.1496964573887645e-05
4.149845277373609e-05
4.149845277373609e-05
4.149919691368935e-05
4.149919691368935e-05
4.149919691368935e-05
4.149994108033056e-05
4.150068527366115e-05
4.150068527366115e-05
4.150291801380356e-05
4.150366231390603e-05
4.150440664070506e-05
4.150440664070506e-05
4.150515099420208e-05
4.150515099420208e-05
4.150589537439854e-05
4.150589537439854e-05
4.150738421489551e-05
4.150812867519889e-05
4.150812867519889e-05
4.150961767592262e-05
4.151036221634585e-05
4.1511106783478574e-05
4.151185137732223e-05
4.151259599787824e-05
4.151334064514806e-05
4.151557474725472e-05
4.151557474725472e-05
4.1516319501394126e-05
4.1516319501394126e-05
4.151706428225452e-05
4.151929878517607e-05
4.151929878517607e-05
4.1520043672934825e-05
4.152153352863832e-05
4.152302349126606e-05
4.152451356082956e-05
4.1526003737340334e-05
4.152674886570454e-05
4.152749402080989e-05
4.452055379809032e-05
4.452215169320905e-05
4.751393585447746e-05
4.751478855064512e-05
4.7519052490605155e-05
4.752075828087674e-05
4.752161122193789e-05
4.752587638656317e-05
4.752587638656317e-05
4.7526729511363676e-05
4.752758266679318e-05
4.7530142316872175e-05
4.7531848903433404e-05
4.7531848903433404e-05
4.7531848903433404e-05
4.753270224267154e-05
4.7533555612550225e-05
4.7535262444235836e-05
4.753611590604606e-05
4.753867647536624e-05
4.753953005977497e-05
4.7540383674837454e-05
4.754209099693029e-05
4.7542944703963935e-05
4.7543798441657946e-05
4.754465221001396e-05
4.7548067590091184e-05
4.7548067590091184e-05
4.755062944718117e-05
4.75540456860954e-05
4.755660818743462e-05
4.755746241591909e-05
4.7559170964955046e-05
4.756344287467974e-05
4.756515185345827e-05
4.756686095505017e-05
4.756771555190527e-05
4.7571988996838515e-05
4.7571988996838515e-05
4.7577118144423934e-05
4.757968313300233e-05
4.757968313300233e-05
4.7581393279042616e-05
4.7583103548022135e-05
4.7583103548022135e-05
4.758481393995412e-05
4.758737975841702e-05
4.758823509272858e-05
4.759080128015832e-05
4.7593367744365406e-05
4.759593448539464e-05
4.759764579989299e-05
4.759764579989299e-05
4.7600213002391995e-05
4.7601924624578346e-05
4.7604492288671586e-05
4.79495570659666e-05
4.795214376052699e-05
4.9152715088085256e-05
4.9154482948789417e-05
4.915890315696077e-05
4.916243989591951e-05
4.916420845624385e-05
4.916420845624385e-05
4.916597714381647e-05
4.916597714381647e-05
4.916686153532519e-05
4.916863041379599e-05
4.9173937812959124e-05
4.9173937812959124e-05
4.917570720064288e-05
4.917659194223549e-05
4.917747671566422e-05
4.917747671566422e-05
4.918101612777467e-05
4.918367102122095e-05
4.91854411094316e-05
4.918809648065168e-05
4.919163742163832e-05
4.919252273654404e-05
4.919517887247049e-05
5.2197703301054745e-05
5.2199582403340764e-05
5.2201461640925936e-05
5.2206160326918565e-05
5.220897994455045e-05
5.221367998415584e-05
5.221367998415584e-05
5.2214620093626205e-05
5.2214620093626205e-05
5.221650041413086e-05
5.2217440625168796e-05
5.221932114882506e-05
5.22230826025103e-05
5.222496353256856e-05
5.223060713578156e-05
5.2234370215601856e-05
5.2240015852142733e-05
5.224283912808502e-05
4.2037497447723364e-05
4.204128454141967e-05
4.204507231752438e-05
4.2047345310819976e-05
4.2049618549888864e-05
4.2050376350868336e-05
4.20518920347709e-05
4.2052649917696954e-05
4.2055681722600717e-05
4.2061746644073496e-05
4.206705488548746e-05
4.2070088767887296e-05
4.2074640412091044e-05
4.207995190862639e-05
4.2083746655845127e-05
4.208526474637615e-05
4.2088301256035154e-05
4.209057892584842e-05
4.209057892584842e-05
4.209209750935045e-05
4.209437559007294e-05
4.2097413414641476e-05
4.209893249135468e-05
4.210197097369829e-05
4.2107289373323225e-05
4.2111849071132925e-05
4.211412929037692e-05
4.212021108242925e-05
4.212553409159294e-05
4.212629463130465e-05
4.2130858446334306e-05
4.213237993776445e-05
4.213390153909123e-05
4.213618414716363e-05
4.214075010535187e-05
4.214607830741349e-05
4.214988499102809e-05
4.2155215503483824e-05
4.216130916888013e-05
4.216435666226952e-05
4.2169690835923754e-05
4.2174264059092165e-05
4.217731342564139e-05
4.218188830235977e-05
4.218417611290895e-05
4.2185701457817304e-05
4.21895153027399e-05
4.219256687521849e-05
4.21986713446908e-05
4.220096097616851e-05
4.220554098459497e-05
4.2210885584379555e-05
4.221546774738264e-05
4.221852307543847e-05
4.222157884578266e-05
4.222539918082725e-05
4.222845594667149e-05
4.223151315511634e-05
4.223686433519175e-05
4.22429816303377e-05
4.2246040942448815e-05
4.225063074155892e-05
4.225522153809006e-05
4.2256752025305753e-05
4.225904796401943e-05
4.226210960376253e-05
4.2262875083016354e-05
4.226976564434219e-05
4.2274360600295916e-05
4.2276658452915876e-05
4.2279722645019446e-05
4.228355350983696e-05
4.2286618701559164e-05
4.2295050270688315e-05
4.2298117129528916e-05
4.230425218169071e-05
4.230655328510386e-05
4.23088546388637e-05
4.231269078490041e-05
4.2313458097586916e-05
4.231959760108338e-05
4.232343569558566e-05
4.232497112832326e-05
4.2329578095048035e-05
4.2331881954523456e-05
4.2335722277661854e-05
4.234186824420369e-05
4.234417344173441e-05
4.2348015995450605e-05
4.235185924662092e-05
4.235724097034387e-05
4.236108589617903e-05
4.236262406197046e-05
4.237031656679377e-05
4.237416386694512e-05
4.237878154948933e-05
4.238494002530986e-05
4.239033016011433e-05
4.2394181095829014e-05
4.239572166603072e-05
4.2401885066661815e-05
4.240959183797112e-05
4.241267533097034e-05
4.2414988244988966e-05
4.2419614829897336e-05
4.242269978061403e-05
4.2428099524199165e-05
4.243504407182434e-05
4.2439675033345456e-05
4.244507909943669e-05
4.2448167755158964e-05
4.245202920699609e-05
4.245666387665732e-05
4.246361777891014e-05
4.247212008688582e-05
4.247598589797268e-05
4.247985241285561e-05
4.2486813913824595e-05
4.2489908646696404e-05
4.2492229992229985e-05
4.249532551419343e-05
4.249687344431088e-05
3.03593330661712e-05
3.036265150963103e-05
3.0365417433393453e-05
3.0367630535259854e-05
3.037261119412958e-05
3.0377039818223792e-05
3.0380362133916635e-05
3.0383685176407673e-05
3.0384793018789954e-05
3.0387008945935432e-05
3.039033344273853e-05
3.039255017810034e-05
3.0398647868142824e-05
3.0401420354358952e-05
3.040585738436652e-05
3.0409186006908965e-05
3.041362530413625e-05
3.041806589769796e-05
3.042361846348557e-05
3.042806197587663e-05
3.0431395462070308e-05
3.0435285452542255e-05
3.04391764376423e-05
3.0445849012945574e-05
3.0447517613888937e-05
3.045252451428223e-05
3.0457533061652135e-05
3.0460316299924457e-05
3.0461986487062792e-05
3.046421368818049e-05
3.046811207390345e-05
3.0470897246040305e-05
3.0474240124822485e-05
3.0478698437661915e-05
3.0483158055174515e-05
3.0488734412634528e-05
3.049319696775649e-05
3.049654474148079e-05
3.04993351144945e-05
3.0504917392683698e-05
3.0509384686729637e-05
3.0514411956767177e-05
3.0518882032313386e-05
3.05205586483055e-05
3.0524471468776517e-05
3.052726695484406e-05
3.052950371238765e-05
3.053453761549688e-05
3.053733494570462e-05
3.0538454021303624e-05
3.0542931144016025e-05
3.0546289847635106e-05
3.055132928833733e-05
3.0555250003055524e-05
3.05614131597445e-05
3.056477592962766e-05
3.056757880321815e-05
3.057094293016373e-05
3.0572625271332044e-05
3.057655145422078e-05
3.057991755654227e-05
3.058665198507371e-05
3.059002031177349e-05
3.0592827817446476e-05
3.059732089858212e-05
3.060237719266032e-05
3.060687307941871e-05
3.061305708110623e-05
3.061530642860204e-05
3.0616993656158914e-05
3.062261909136564e-05
3.0628246594138974e-05
3.0633313115346676e-05
3.0635565440631336e-05
3.0640634383694276e-05
3.0645141519263534e-05
3.064964998099721e-05
3.0654159769480714e-05
3.065923486813463e-05
3.066092694114328e-05
3.066826141626031e-05
3.06722122026329e-05
0.0
0.0
0.0
0.0
0.0
0.0
0.0
0.0
0.0
0.0
0.0
0.0
0.0
0.0
0.0
0.0
0.0
0.0
0.0
0.0
0.0
0.0
0.0
0.0
0.0
0.0
0.0
0.0
0.0
0.0
0.0
0.0
0.0
0.0
0.0
0.0
0.0
0.0
0.0
0.0
0.0
0.0
0.0
0.0
0.0
0.0
0.0
0.0
0.0
0.0
0.0
0.0
0.0
0.0
0.0
0.0
0.0
0.0
0.0
0.0
0.0
0.0
0.0
0.0
0.0
0.0
0.0
0.0
0.0
0.0
0.0
0.0
0.0
0.0
0.0
0.0
0.0
0.0
0.0
0.0
0.0
0.0
0.0
0.0
0.0
0.0
0.0
0.0
0.0
0.0
0.0
0.0
0.0
0.0
0.0
0.0
0.0
0.0
0.0
0.0
0.0
0.0
0.0
0.0
0.0
0.0
0.0
0.0
0.0
0.0
0.0
0.0
0.0
0.0
0.0
0.0
0.0
0.0
0.0
0.0
0.0
0.0
0.0
0.0
0.0
0.0
0.0
0.0
0.0
0.0
0.0
0.0
0.0
0.0
0.0
0.0
0.0
0.0
0.0
0.0
0.0
0.0
0.0
0.0
0.0
0.0
0.0
0.0
0.0
0.0
0.0
0.0
0.0
0.0
0.0
0.0
0.0
0.0
0.0
0.0
0.0
0.0
0.0
0.0
0.0
0.0
0.0
0.0
0.0
0.0
0.0
0.0
0.0
0.0
0.0
0.0
0.0
0.0
0.0
0.0
0.0
0.0
0.0
0.0
0.0
0.0
0.0
0.0
0.0
0.0
0.0
0.0
0.0
0.0
0.0
0.0
0.0
0.0
0.0
0.0
0.0
0.0
0.0
0.0
0.0
0.0
0.0
0.0
0.0
0.0
0.0
0.0
0.0
0.0
0.0
0.0
0.0
0.0
0.0
0.0
0.0
0.0
0.0
0.0
0.0
0.0
0.0
0.0
0.0
0.0
0.0
0.0
0.0
0.0
0.0
0.0
0.0
0.0
0.0
0.0
0.0
0.0
0.0
0.0
0.0
0.0
0.0
0.0
0.0
0.0
0.0
0.0
0.0
0.0
0.0
0.0
0.0
0.0
0.0
0.0
0.0
0.0
0.0
0.0
0.0
0.0
0.0
0.0
0.0
0.0
0.0
0.0
0.0
0.0
0.0
0.0
0.0
0.0
0.0
0.0
0.0
0.0
0.0
0.0
0.0
0.0
0.0
0.0
0.0
0.0
0.0
0.0
0.0
0.0
0.0
0.0
0.0
0.0
0.0
0.0
0.0
0.0
0.0
0.0
0.0
0.0
0.0
0.0
0.0
0.0
0.0
0.0
0.0
0.0
0.0
0.0
0.0
0.0
0.0
0.0
0.0
0.0
0.0
0.0
0.0
0.0
0.0
0.0
0.0
0.0
0.0
0.0
0.0
0.0
0.0
0.0
0.0
0.0
0.0
0.0
0.0
0.0
0.0
0.0
0.0
0.0
0.0
0.0
0.0
0.0
0.0
0.0
0.0
0.0
0.0
0.0
0.0
0.0
0.0
0.0
0.0
0.0
0.0
0.0
0.0
0.0
0.0
0.0
0.0
0.0
0.0
0.0
0.0
0.0
0.0
0.0
0.0
0.0
0.0
0.0
0.0
0.0
0.0
0.0
0.0
0.0
0.0
0.0
0.0
0.0
0.0
0.0
0.0
0.0
0.0
0.0
0.0
0.0
0.0
0.0
0.0
0.0
0.0
0.0
0.0
0.0
0.0
0.0
0.0
0.0
0.0
0.0
0.0
0.0
0.0
0.0
0.0
0.0
0.0
0.0
0.0
0.0
0.0
0.0
0.0
0.0
0.0
0.0
0.0
0.0
0.0
0.0
0.0
0.0
0.0
0.0
0.0
0.0
0.0
0.0
0.0
0.0
0.0
0.0
0.0
0.0
0.0
0.0
0.0
0.0
0.0
0.0
0.0
0.0
0.0
0.0
0.0
0.0
0.0
0.0
0.0
0.0
0.0
0.0
0.0
0.0
0.0
0.0
0.0
0.0
0.0
0.0
0.0
0.0
0.0
0.0
0.0
0.0
0.0
0.0
0.0
0.0
0.0
0.0
0.0
0.0
0.0
0.0
0.0
0.0
0.0
0.0
0.0
0.0
0.0
0.0
0.0
0.0
0.0
0.0
0.0
0.0
0.0
0.0
0.0
0.0
0.0
0.0
0.0
0.0
0.0
0.0
0.0
0.0
0.0
0.0
0.0
0.0
0.0
0.0
0.0
0.0
0.0
0.0
0.0
0.0
0.0
0.0
0.0
0.0
0.0
0.0
0.0
0.0
0.0
0.0
0.0
0.0
0.0
0.0
0.0
0.0
0.0
0.0
0.0
0.0
0.0
0.0
0.0
0.0
0.0
0.0
0.0
0.0
0.0
0.0
0.0
0.0
0.0
0.0
0.0
0.0
0.0
0.0
0.0
0.0
0.0
0.0
0.0
0.0
0.0
0.0
0.0
0.0
0.0
0.0
0.0
0.0
0.0
0.0
0.0
0.0
0.0
0.0
0.0
0.0
0.0
0.0
0.0
0.0
0.0
0.0
0.0
0.0
0.0
0.0
0.0
0.0
0.0
0.0
0.0
0.0
0.0
0.0
0.0
0.0
0.0
0.0
0.0
0.0
0.0
0.0
0.0
0.0
0.0
0.0
0.0
0.0
0.0
0.0
0.0
0.0
0.0
0.0
0.0
0.0
0.0
0.0
0.0
0.0
0.0
0.0
0.0
0.0
0.0
0.0
0.0
0.0
0.0
0.0
0.0
0.0
0.0
0.0
0.0
0.0
0.0
0.0
0.0
0.0
0.0
0.0
0.0
0.0
0.0
0.0
0.0
0.0
0.0
0.0
0.0
0.0
0.0
0.0
0.0
0.0
0.0
0.0
0.0
0.0
0.0
0.0
0.0
0.0
0.0
0.0
0.0
0.0
0.0
0.0
0.0
0.0
0.0
0.0
0.0
0.0
0.0
0.0
0.0
0.0
0.0
0.0
0.0
0.0
0.0
0.0
0.0
0.0
0.0
0.0
0.0
0.0
0.0
0.0
0.0
0.0
0.0
0.0
0.0
0.0
0.0
0.0
0.0
0.0
0.0
0.0
0.0
0.0
0.0
0.0
0.0
0.0
0.0
0.0
0.0
0.0
0.0
0.0
0.0
0.0
0.0
0.0
0.0
0.0
0.0
0.0
0.0
0.0
0.0
0.0
0.0
0.0
0.0
0.0
0.0
0.0
0.0
0.0
0.0
0.0
0.0
0.0
0.0
0.0
0.0
0.0
0.0
0.0
0.0
0.0
0.0
0.0
0.0
0.0
0.0
0.0
0.0
0.0
0.0
0.0
0.0
0.0
0.0
0.0
0.0
0.0
0.0
0.0
0.0
0.0
0.0
0.0
0.0
0.0
0.0
0.0
0.0
0.0
0.0
0.0
0.0
0.0
0.0
0.0
0.0
0.0
0.0
0.0
0.0
0.0
0.0
0.0
0.0
0.0
0.0
0.0
0.0
0.0
0.0
0.0
0.0
0.0
0.0
0.0
0.0
0.0
0.0
0.0
0.0
0.0
0.0
0.0
0.0
0.0
0.0
0.0
0.0
0.0
0.0
0.0
0.0
0.0
0.0
0.0
0.0
0.0
0.0
0.0
0.0
0.0
0.0
0.0
0.0
0.0
0.0
0.0
0.0
0.0
0.0
0.0
0.0
0.0
0.0
0.0
0.0
0.0
0.0
0.0
0.0
0.0
0.0
0.0
0.0
0.0
0.0
0.0
0.0
0.0
0.0
0.0
0.0
0.0
0.0
0.0
0.0
0.0
0.0
0.0
0.0
0.0
0.0
0.0
0.0
0.0
0.0
0.0
0.0
0.0
0.0
0.0
0.0
0.0
0.0
0.0
0.0
0.0
0.0
0.0
0.0
0.0
0.0
0.0
0.0
0.0
0.0
0.0
0.0
0.0
0.0
0.0
0.0
0.0
0.0
0.0
0.0
0.0
0.0
0.0
0.0
0.0
0.0
0.0
0.0
0.0
0.0
0.0
0.0
0.0
0.0
0.0
0.0
0.0
0.0
0.0
0.0
0.0
0.0
0.0
0.0
0.0
0.0
0.0
0.0
0.0
0.0
0.0
0.0
0.0
0.0
0.0
0.0
0.0
