0.0
0.0
0.0
0.0
0.0
0.0
0.0
0.0
0.0
0.0
0.0
0.0
0.0
0.0
0.0
0.0
0.0
0.0
0.0
0.0
0.0
0.0
0.0
0.0
0.0
0.0
0.0
0.0
0.0
0.0
0.0
0.0
0.0
0.0
0.0
0.0
0.0
0.0
0.0
0.0
0.0
0.0
0.0
0.0
0.0
0.0
0.0
0.0
0.0
0.0
0.0
0.0
0.0
0.0
0.0
0.0
0.0
0.0
0.0
0.0
0.0
0.0
0.0
0.0
0.0
0.0
0.0
0.0
0.0
0.0
0.0
0.0
0.0
0.0
0.0
0.0
0.0
0.0
0.0
0.0
0.0
0.0
0.0
0.0
0.0
0.0
0.0
0.0
0.0
0.0
0.0
0.0
0.0
0.0
0.0
0.0
0.0
0.0
0.0
0.0
0.0
0.0
0.0
0.0
0.0
0.0
0.0
0.0
0.0
0.0
0.0
0.0
0.0
0.0
0.0
0.0
0.0
0.0
0.0
0.0
0.0
0.0
0.0
0.0
0.0
0.0
0.0
0.0
0.0
0.0
0.0
0.0
0.0
0.0
0.0
0.0
0.0
0.0
0.0
0.0
0.0
0.0
0.0
0.0
0.0
0.0
0.0
0.0
0.0
0.0
0.0
0.0
0.0
0.0
0.0
0.0
0.0
0.0
0.0
0.0
0.0
0.0
0.0
0.0
0.0
0.0
0.0
0.0
0.0
0.0
0.0
0.0
0.0
0.0
0.0
0.0
0.0
0.0
0.0
0.0
0.0
0.0
0.0
0.0
0.0
0.0
0.0
0.0
0.0
0.0
0.0
0.0
0.0
0.0
0.0
0.0
0.0
0.0
0.0
0.0
0.0
0.0
0.0
0.0
0.0
0.0
0.0
0.0
0.0
0.0
0.0
0.0
0.0
0.0
0.0
0.0
0.0
0.0
0.0
0.0
0.0
0.0
0.0
0.0
0.0
0.0
0.0
0.0
0.0
0.0
0.0
0.0
0.0
0.0
0.0
0.0
0.0
0.0
0.0
0.0
0.0
0.0
0.0
0.0
0.0
0.0
0.0
0.0
0.0
0.0
0.0
0.0
0.0
0.0
0.0
0.0
0.0
0.0
0.0
0.0
0.0
0.0
0.0
0.0
0.0
0.0
0.0
0.0
0.0
0.0
0.0
0.0
0.0
0.0
0.0
0.0
0.0
0.0
0.0
0.0
0.0
0.0
0.0
0.0
0.0
0.0
0.0
0.0
0.0
0.0
0.0
0.0
0.0
0.0
0.0
0.0
0.0
0.0
0.0
0.0
0.0
0.0
0.0
0.0
0.0
0.0
0.0
0.0
0.0
0.0
0.0
0.0
0.0
0.0
0.0
0.0
0.0
0.0
0.0
0.0
0.0
0.0
0.0
0.0
0.0
0.0
0.0
0.0
0.0
0.0
0.0
0.0
0.0
0.0
0.0
0.0
0.0
0.0
0.0
0.0
0.0
0.0
0.0
0.0
0.0
0.0
0.0
0.0
0.0
0.0
0.0
0.0
0.0
0.0
0.0
0.0
0.0
0.0
0.0
0.0
0.0
0.0
0.0
0.0
0.0
0.0
0.0
0.0
0.0
0.0
0.0
0.0
0.0
0.0
0.0
0.0
0.0
0.0
0.0
0.0
0.0
0.0
0.0
0.0
0.0
0.0
0.0
0.0
0.0
0.0
0.0
0.0
0.0
0.0
0.0
0.0
0.0
0.0
0.0
0.0
0.0
0.0
0.0
0.0
0.0
0.0
0.0
0.0
0.0
0.0
0.0
0.0
0.0
0.0
0.0
0.0
0.0
0.0
0.0
0.0
0.0
0.0
0.0
0.0
0.0
0.0
0.0
0.0
7.479111908883048e-05
7.467622522349528e-05
7.454500921163329e-05
7.442612144216559e-05
7.431471218973608e-05
7.420127626195171e-05
7.411171812137383e-05
7.400359446030236e-05
7.388408642327138e-05
7.375563703797362e-05
7.362066426873647e-05
7.348618459729571e-05
7.336372687732537e-05
7.325317343212047e-05
7.311774045291219e-05
7.30033581544751e-05
7.288477957560234e-05
7.2771124417831e-05
7.264198914521135e-05
7.253810841338432e-05
7.244351992714252e-05
7.233572041210694e-05
7.222153439808511e-05
7.210102383453846e-05
7.197425378121883e-05
7.185899212630758e-05
7.175733718772744e-05
7.164276868596928e-05
7.153953070067861e-05
7.142565609566958e-05
7.13121434392828e-05
7.121637569690312e-05
7.109052871041781e-05
7.098239636570131e-05
7.087889833940867e-05
7.076067728076826e-05
7.06621039136711e-05
7.055313659087244e-05
7.045301287277192e-05
7.033196688369103e-05
7.022190120781671e-05
7.01121794871795e-05
7.003011294856789e-05
6.992098928211122e-05
6.982265046781176e-05
6.97350069735007e-05
6.964134706262748e-05
6.953757512541598e-05
6.943617823275007e-05
6.93433187712364e-05
6.925481815663462e-05
6.913989964837423e-05
6.904578722061115e-05
6.897027381198704e-05
6.887662229044289e-05
6.877916973716532e-05
6.868199256272139e-05
6.857098076094197e-05
6.849851260372632e-05
6.840413160954922e-05
6.831001034408728e-05
6.823210613016736e-05
6.810663553220472e-05
6.802522764156536e-05
6.793214549124646e-05
6.784523532604482e-05
6.775067750677507e-05
6.766619300331565e-05
6.757800432499228e-05
6.74822377110025e-05
6.739842095128057e-05
6.730122103643881e-05
6.722947340113907e-05
6.714241866175568e-05
6.706522572238829e-05
6.698051823783826e-05
6.688835378205864e-05
6.67830599998092e-05
6.669715679548747e-05
6.661717961894973e-05
6.652032195835828e-05
6.643320141597624e-05
6.635762970546693e-05
6.62784642333002e-05
6.619760932062339e-05
6.610945837465175e-05
6.602901503575e-05
6.593385892038015e-05
6.585012511523772e-05
6.576104315803319e-05
6.566665728571563e-05
6.5603883749918e-05
6.552650547146321e-05
6.544563804822409e-05
6.536496997880308e-05
6.528084753191768e-05
4.656664152068024e-05
4.6517253249230135e-05
4.6467969628535044e-05
4.640715784002524e-05
4.635037172998127e-05
4.631302044256722e-05
4.624106391439854e-05
4.619108327328492e-05
4.614632075384629e-05
4.608252458502686e-05
4.60265296917143e-05
4.5970670712085686e-05
4.591494715189582e-05
4.5856834961250974e-05
4.58013868659943e-05
4.5741050763418135e-05
4.56858821486984e-05
4.564334291843534e-05
4.558217554607446e-05
4.5533608356327803e-05
4.548266200924207e-05
4.542811455153365e-05
4.537369777487386e-05
4.532310844006925e-05
4.526033746107611e-05
4.521122685185185e-05
4.515488124266233e-05
4.509989627023857e-05
4.505356869317618e-05
4.500976711946492e-05
4.494907270063018e-05
4.4895796855498385e-05
4.484385370141168e-05
4.479805038884707e-05
4.47439304858296e-05
4.469952976094691e-05
4.465521706901017e-05
4.460502252553637e-05
4.4551367726989213e-05
4.450140624443732e-05
4.4450371160599186e-05
4.441010063328803e-05
4.435337218688736e-05
4.429796583740874e-05
4.4249745563963e-05
4.4205147247345476e-05
4.416180886769122e-05
4.4108047072107834e-05
4.4063733784545965e-05
4.401602183194683e-05
4.397653412139282e-05
4.393364262617742e-05
4.388967890310914e-05
4.3837730257678174e-05
4.3784754148605455e-05
4.3737644115537354e-05
4.3691780702214294e-05
4.364715638776133e-05
4.360148245040331e-05
4.3549075453128127e-05
4.350133549099957e-05
4.344803614876607e-05
4.3397127110185304e-05
4.336325397857855e-05
4.3314794601243994e-05
4.326756663205261e-05
4.3222683264177036e-05
4.318236777558987e-05
4.3136544417699786e-05
4.309193232842947e-05
4.3045188839243435e-05
4.29952189316548e-05
4.294757818606608e-05
4.291550794795207e-05
4.2875763188584756e-05
4.28327893569085e-05
4.279429637617898e-05
4.276135741652982e-05
4.2718612499466016e-05
4.267813855030899e-05
4.2632287989631824e-05
4.260504273285786e-05
4.2571306939123026e-05
4.253002619849613e-05
4.248341022830584e-05
4.244338053037248e-05
4.2409900167095005e-05
4.2375395150559775e-05
4.23430976516518e-05
4.230655328510386e-05
4.225935410803181e-05
4.221439848703596e-05
4.217807583618035e-05
4.2134358040920886e-05
4.210136324214178e-05
4.205992698396675e-05
4.2017512899376454e-05
4.1962502307937624e-05
4.1929776011136546e-05
4.189288826328842e-05
4.185606536243167e-05
4.181825785137791e-05
4.1775282400909026e-05
4.1738665865284276e-05
4.1691681675672064e-05
4.164792510037149e-05
4.160737615564487e-05
4.157209016154914e-05
4.153893444325366e-05
4.150169741942445e-05
4.1460401170841724e-05
4.142021637921036e-05
4.1379082046443876e-05
4.134418204670238e-05
4.131036477052092e-05
4.1269448227477196e-05
4.123677330496243e-05
4.119396590787381e-05
4.115632819702357e-05
4.112180277983386e-05
4.108936114261295e-05
4.1056970652477375e-05
4.101756372078524e-05
4.098226287662699e-05
4.0954065919664504e-05
4.0911843160358056e-05
4.087171187077999e-05
4.0842665882487475e-05
4.0805667091045604e-05
4.077172725345336e-05
4.074083127592135e-05
4.0701034620300044e-05
4.067620116822049e-05
4.06444585345234e-05
4.060682844427118e-05
4.056433097248927e-05
4.0530791242106625e-05
4.04963229338776e-05
4.045798438321802e-05
4.042363974452259e-05
4.0386417240153786e-05
4.035707943887516e-05
4.031997935617057e-05
4.028684231729917e-05
4.0254731943739984e-05
4.022267271615664e-05
4.019454158125326e-05
4.0165481784954006e-05
4.012776680952151e-05
4.0091086949549373e-05
4.0058324921085095e-05
4.00236940268639e-05
3.999680025597952e-05
3.9958443219052184e-05
3.993259378169649e-05
3.990009017420379e-05
3.986573221390357e-05
3.9823819422873205e-05
3.979054258383867e-05
3.975732131071936e-05
3.972415546445482e-05
3.969199015638644e-05
3.965704586733925e-05
3.961933740620121e-05
3.95845208689594e-05
3.954976546989076e-05
3.9525379246013864e-05
3.9495406684202624e-05
3.946267620084923e-05
3.943559772535472e-05
3.9399240382645416e-05
3.9366669028666806e-05
3.933972210420305e-05
3.9317449083903436e-05
3.9287790926091804e-05
3.92507810905437e-05
3.922030042750127e-05
3.9200006272001e-05
3.916592251413889e-05
3.914200720212932e-05
3.9113530934891615e-05
3.908326298345996e-05
3.9056702520719576e-05
3.902286740029657e-05
3.899821388180421e-05
3.896630194208048e-05
3.894080996884735e-05
3.8908991868020694e-05
3.8879039532207394e-05
3.88545673543925e-05
3.883193538365952e-05
3.8805715305750225e-05
3.877231346639991e-05
3.8735367714845716e-05
3.8707479833403006e-05
3.868501883960417e-05
3.8652720765014643e-05
3.862316153751081e-05
3.859722254386574e-05
3.8573996497481115e-05
3.854812347734912e-05
3.85178337570295e-05
3.848670284416734e-05
3.846360957897732e-05
3.8435225115113495e-05
3.8405997480566565e-05
3.836974622249848e-05
3.8342382135517314e-05
3.8312414754877166e-05
3.828513235170254e-05
3.825174236686481e-05
3.8231560918169165e-05
3.4382377885254545e-05
3.4360325277745965e-05
3.433201345814928e-05
3.430453277226364e-05
3.427396321261282e-05
3.425048521520722e-05
3.4223915672271785e-05
3.419426904050881e-05
3.417012164563306e-05
3.415067276825353e-05
3.412891629314464e-05
3.410098438174915e-05
3.407774269032419e-05
3.4055305816646236e-05
3.403212632725293e-05
3.401129174886062e-05
3.39850918730317e-05
3.3963545794180914e-05
3.3943563168971055e-05
3.3922069698545876e-05
3.389830508474576e-05
3.3871514056678336e-05
3.384629270273929e-05
3.381805884342239e-05
3.379291700459584e-05
3.376705236144253e-05
3.374502260916515e-05
3.3719231201528605e-05
3.369802080291151e-05
3.366852217633327e-05
3.364511136531862e-05
3.3622486719117745e-05
3.360064513238654e-05
3.357357088499933e-05
3.354954148959964e-05
3.352779454167505e-05
3.35098183767844e-05
3.348662767334911e-05
3.3458990430728734e-05
3.343139876972452e-05
3.340534040041868e-05
3.33830369661496e-05
3.33592794395641e-05
3.333555570371358e-05
3.331630499966684e-05
3.329338127580237e-05
3.3268275372604684e-05
3.3248365288706636e-05
3.323142363418849e-05
3.3210087010427965e-05
3.3185840707964604e-05
3.31616297835651e-05
3.31389183457052e-05
3.311989401633915e-05
3.308993845271448e-05
3.30695121144646e-05
3.304765471810351e-05
3.3028007750572485e-05
3.300838412956891e-05
3.299531466531752e-05
3.297138084142964e-05
3.295472021442538e-05
3.2934460423756724e-05
3.291422552827332e-05
3.289473684210526e-05
3.2878153562895906e-05
3.286086708874625e-05
3.2843598782597274e-05
3.282132072994617e-05
3.280122457905095e-05
3.2779003955333144e-05
3.276253713087542e-05
3.274322760908952e-05
3.272108546747524e-05
3.2703963720402914e-05
3.2678314670384734e-05
3.265697117478011e-05
3.263636561432519e-05
3.262004175365344e-05
3.259523240400704e-05
3.258107256890897e-05
3.25577357180066e-05
3.2539372640895484e-05
3.251468579975289e-05
3.249777931841324e-05
3.2485110990795884e-05
3.2466829722300385e-05
3.244225279003374e-05
3.2425421530479896e-05
3.240720736291751e-05
3.239390994493035e-05
3.2376429958989856e-05
3.236385604556831e-05
3.2342223851312015e-05
3.232270993600103e-05
3.230321955421557e-05
3.228583727938011e-05
3.2271250618532305e-05
3.225112878950763e-05
3.223241721640845e-05
3.221511103474936e-05
3.219713230874904e-05
3.217503217503217e-05
3.21515840013718e-05
3.21316110789795e-05
3.2113037893384715e-05
3.2097233218496565e-05
3.208144409273676e-05
3.206361421059382e-05
3.203827505927081e-05
3.2019126091318545e-05
3.2000682681230535e-05
3.1984306367009253e-05
3.197067223666823e-05
3.1953645910998444e-05
3.193527783691718e-05
3.19176100093625e-05
3.1900640139512134e-05
3.188097768331562e-05
3.186540054808489e-05
3.184307731499172e-05
3.182281059063136e-05
3.18039182427275e-05
3.17857218537433e-05
3.176821907363873e-05
3.1751407645738964e-05
3.1739986034406146e-05
3.1725217317738625e-05
3.170577045022194e-05
3.168701677299421e-05
3.1666279634360025e-05
3.1647572631179186e-05
3.1636225587379255e-05
3.161955353190413e-05
3.1604896651987946e-05
3.158426682388613e-05
3.1571636042179706e-05
3.1555695803092456e-05
3.154308785801405e-05
3.1526513798104204e-05
3.150863336554216e-05
3.149341787566399e-05
3.147689595836656e-05
3.146633102580239e-05
3.145181581816657e-05
3.142940954615933e-05
3.141690229343387e-05
3.1397831456440744e-05
3.138469263924342e-05
3.136369338853344e-05
3.134992789516584e-05
3.133551985627441e-05
3.1318509238960225e-05
3.1308703819661866e-05
3.129237509126943e-05
3.1279976644284105e-05
3.1266284523189163e-05
3.124869797091788e-05
3.123503321325198e-05
3.121943097383812e-05
3.1204493447056376e-05
3.118892169501393e-05
3.1177253076155636e-05
3.116300328250301e-05
3.114747290169857e-05
3.112808168008633e-05
3.111387678904791e-05
3.1102909158769985e-05
3.10842175066313e-05
3.106554830692762e-05
3.1050114885425076e-05
3.1039192153292225e-05
3.102186007072984e-05
3.100903396522854e-05
3.099749953503751e-05
3.09782945416245e-05
3.095847436638323e-05
3.094825451844516e-05
3.093293739173472e-05
3.092082208158974e-05
3.090107535742244e-05
3.088389713603327e-05
3.086991418163858e-05
3.085848299697587e-05
3.0838815789473685e-05
3.082234003205523e-05
3.081157693650761e-05
3.079765937788728e-05
3.0783754386685003e-05
3.076923076923077e-05
3.074904677954983e-05
3.073518564052127e-05
3.072637142037773e-05
3.071630421427694e-05
3.070058740457234e-05
3.06873977086743e-05
3.067547393607231e-05
3.06597988717194e-05
3.064476587398872e-05
3.0634126416828345e-05
3.061786858810802e-05
3.0602252325771174e-05
3.0591642363306345e-05
3.057667611146218e-05
3.0564215416590254e-05
3.054989816700611e-05
3.053124363932424e-05
3.0518199019348536e-05
3.05101293629485e-05
3.0495862727956574e-05
3.0477893368010404e-05
3.046365685736916e-05
3.0454997665116844e-05
3.0441400304414e-05
3.042534634185919e-05
3.0410542321338064e-05
3.039760061605804e-05
3.0380362133916635e-05
3.0366831322374282e-05
3.0355155317211373e-05
3.0338578536466973e-05
3.032815058937706e-05
3.0311603281736248e-05
3.029690971520905e-05
3.028345312121457e-05
3.0270619336871634e-05
3.0258406794020938e-05
3.024437454633438e-05
3.0229746070133012e-05
3.0218175225125406e-05
3.0204180258547784e-05
3.0193236714975845e-05
3.0176229178401866e-05
3.016348609463291e-05
3.015317814497648e-05
3.0141060161556084e-05
3.0124111338715508e-05
3.0115644073241245e-05
3.0102952096168897e-05
3.0090270812437313e-05
3.0074584970727403e-05
3.006192757079584e-05
3.0046271257736914e-05
3.0036644706541982e-05
4.3361952221799715e-05
4.3343735829932516e-05
4.3325534737080654e-05
4.330648331367885e-05
4.32865838228047e-05
6.789815277084374e-05
6.786698071779314e-05
6.783448385938312e-05
6.780877924253606e-05
6.77695834163843e-05
6.773852927699083e-05
6.770885193667231e-05
6.768054781431643e-05
6.765226734584237e-05
6.762132060461417e-05
6.758637140698923e-05
6.755145831677661e-05
6.752865002284057e-05
6.75085378444921e-05
6.748307961018599e-05
6.745630220423389e-05
6.741617591656257e-05
6.738678029927659e-05
6.735874474998019e-05
6.732273330297211e-05
6.729874705567983e-05
6.726812282367839e-05
6.72428455590056e-05
6.721227217016567e-05
6.717774440844069e-05
6.715253500819657e-05
6.712469399036564e-05
6.709290393874813e-05
6.706511233406316e-05
6.703337867944245e-05
6.700959813949823e-05
6.69831950984062e-05
6.69660442763728e-05
6.693967553945504e-05
6.692122977601071e-05
6.689358018376061e-05
6.686200861339994e-05
6.684097745099967e-05
6.681470709611492e-05
6.678714543883084e-05
6.675960651102516e-05
6.673732972166609e-05
6.671637690828462e-05
6.668235663293325e-05
6.666535950275485e-05
6.663530887425526e-05
6.660398056730921e-05
6.658571932160903e-05
6.65713782233274e-05
6.653880778112647e-05
6.65192808091875e-05
6.649456309160605e-05
6.647506207597709e-05
6.64555724952113e-05
6.642181761350317e-05
6.639328256199962e-05
6.636736287331642e-05
6.634275790747137e-05
6.631817117890303e-05
6.629231009202933e-05
6.625742960148106e-05
6.622129598971623e-05
6.618777862134751e-05
6.61658817576772e-05
6.614914687056169e-05
6.611570247933885e-05
6.608229188937047e-05
6.605918125473587e-05
6.602839220864973e-05
6.600403789408295e-05
6.597714086119575e-05
6.595026574077666e-05
6.592341250605915e-05
6.590041284670402e-05
6.58799821736519e-05
6.585573719686993e-05
6.583023543990088e-05
6.57971126678794e-05
6.577420103691094e-05
6.575130535679753e-05
6.572588439976803e-05
6.570048309178745e-05
6.56712958491878e-05
6.565100697059222e-05
6.561679790026248e-05
6.559148082413767e-05
6.557629995371086e-05
6.555101411274775e-05
6.553206252529731e-05
6.551564667797133e-05
6.548536209553159e-05
6.546014632268002e-05
6.544502617801048e-05
6.542361792607131e-05
6.540348177358854e-05
6.538587280524626e-05
6.536953010843652e-05
6.534691524120701e-05
6.532557111841221e-05
6.53054952653516e-05
6.528292467502545e-05
6.526663339348102e-05
6.524909802717433e-05
6.523157208088715e-05
6.521405554703084e-05
6.519029814974596e-05
6.51690561987273e-05
6.514533157057731e-05
6.511538829838169e-05
6.509544140452988e-05
6.50667891453286e-05
6.504936098568914e-05
6.503318605229434e-05
6.500583140546432e-05
6.498843588126231e-05
6.49673252570031e-05
6.494622834329813e-05
6.492142598002711e-05
6.363023199582586e-05
6.361565963077472e-05
6.358896095637798e-05
6.357319499806102e-05
6.356107265666215e-05
6.353684183773961e-05
6.3505369378981e-05
6.348238998501816e-05
6.346546843862254e-05
6.344251790665068e-05
6.342441078722378e-05
6.34063140007482e-05
6.338943298152199e-05
6.335449373424058e-05
6.333643681873745e-05
6.331237693656733e-05
6.329674781309736e-05
6.32787237946985e-05
6.324510640989154e-05
6.322351408936011e-05
6.32055317481386e-05
6.318276879529416e-05
6.316361270599234e-05
6.313490034155982e-05
6.31181635139144e-05
6.309307490409854e-05
6.306800623111901e-05
6.304176516942475e-05
6.302388605281402e-05
6.299887232018547e-05
6.298458767139681e-05
6.296793043303046e-05
6.295009316613789e-05
6.292988980976295e-05
6.291444893234181e-05
6.289308176100629e-05
6.286461476564072e-05
6.28385426485189e-05
6.282077860072998e-05
6.280065815089742e-05
6.278528061881173e-05
6.276400107954082e-05
6.273801233429322e-05
6.27250260308858e-05
6.270024891998821e-05
6.268374171791062e-05
6.266606507244197e-05
6.264486625321055e-05
6.262485831125807e-05
6.260486314576917e-05
6.258253071237695e-05
6.256138836233053e-05
6.254495418582106e-05
6.252149176279346e-05
6.25062506250625e-05
6.247696162040248e-05
6.246642429694039e-05
6.244068135271492e-05
6.243015626268112e-05
6.241262232873977e-05
6.23915946043749e-05
6.237408232131385e-05
6.235541338521305e-05
6.233092735953726e-05
6.230296686728223e-05
6.229248814885414e-05
6.227037798119434e-05
6.225525901300513e-05
6.224130955715308e-05
6.222039709057423e-05
6.220065932698887e-05
6.217977416306024e-05
6.216353984061269e-05
6.214036265115643e-05
6.212299109777538e-05
6.21079436059872e-05
6.208480784751971e-05
6.207093466413418e-05
6.205129159763461e-05
6.203512428737152e-05
6.202011932670958e-05
6.200166164453208e-05
6.198321494539279e-05
6.196132374172041e-05
6.194405213211427e-05
6.19302417756639e-05
6.190723819428968e-05
6.188540061514088e-05
6.185898625493326e-05
6.184750878234626e-05
6.183374143602681e-05
6.182227332863484e-05
6.180164145159696e-05
6.178560395427866e-05
6.176270767710456e-05
6.173868484253549e-05
6.17203942698786e-05
6.170782578646624e-05
6.168727021491846e-05
6.167357410696666e-05
6.165532208740258e-05
6.163480147430446e-05
6.161885043872621e-05
6.159038697240135e-05
6.157332151125561e-05
6.155853909275025e-05
6.154149127341655e-05
6.152331733727083e-05
6.151082898144218e-05
6.149380757357735e-05
6.147792942333702e-05
6.145526057030482e-05
6.143826989831967e-05
6.142128861863522e-05
6.140997297961189e-05
6.138961533267033e-05
6.137379093631855e-05
6.136588179703848e-05
6.134668237141735e-05
6.133200856194839e-05
6.131057484794978e-05
6.129141000888725e-05
6.1273383454961e-05
6.125424185624855e-05
6.123961223077535e-05
6.122161612822255e-05
6.120138315125923e-05
6.119127167700799e-05
6.117218133881437e-05
6.115871297604413e-05
6.114637218573822e-05
6.112955185925532e-05
6.110937967868689e-05
6.109146002480314e-05
6.107914635785051e-05
6.106124442816144e-05
6.104782486600002e-05
6.103329366169245e-05
6.1014301752330746e-05
6.099978650074725e-05
6.099085747046518e-05
6.0969661496439376e-05
6.0954052834973e-05
6.093622414780691e-05
6.0925086513622855e-05
6.090282345489537e-05
6.088502471932004e-05
6.08594572553602e-05
4.867867813049537e-05
4.866180048661801e-05
4.864937181498644e-05
4.863961088311294e-05
4.8631627578996e-05
4.862010076515884e-05
4.5568051327853014e-05
4.5561407665251226e-05
4.554895601792807e-05
4.5538170094172935e-05
4.552987670509388e-05
4.551992862475192e-05
4.550418638514743e-05
4.549259380572843e-05
4.5479352374022196e-05
4.546694553059925e-05
4.5452892622086466e-05
4.544132615966265e-05
4.5434719395173016e-05
4.542398749931864e-05
4.541326067211626e-05
4.5397592111714395e-05
4.5386877745906105e-05
4.537287428083994e-05
4.536711065945632e-05
4.5357233571610003e-05
4.534653824527036e-05
4.533749229262631e-05
4.533009374263386e-05
4.532516271733416e-05
4.531776819055215e-05
4.5311197303077536e-05
4.530627038782167e-05
4.5293137183853905e-05
4.528165187466039e-05
4.527263178863114e-05
4.525869872189435e-05
4.5242317854428316e-05
4.5235768827126986e-05
4.5222676458883546e-05
4.521449757650293e-05
4.5203869451225027e-05
4.519406330784388e-05
4.518344478583047e-05
4.51720150332466e-05
4.5162222703952595e-05
4.515243461927467e-05
4.5141020548192556e-05
4.513124165072029e-05
4.5114952899989176e-05
4.510844069142218e-05
4.510274405094806e-05
4.508972855983407e-05
4.5078346165635874e-05
4.5066969516701817e-05
4.505397466164465e-05
4.5043421858671756e-05
4.502638546188066e-05
4.501908809335158e-05
4.500774133150902e-05
4.4997210172969275e-05
4.498911263474239e-05
4.4976162633804086e-05
4.4966455024551684e-05
4.495836855072203e-05
4.4942204325237744e-05
4.493493421525631e-05
4.492766645700422e-05
4.491636572701629e-05
4.49034575662326e-05
4.4896199985633216e-05
4.488330341113106e-05
4.487363584147042e-05
4.486075222509331e-05
4.48527037209803e-05
4.484304932735426e-05
4.482696790389098e-05
4.481973502572653e-05
4.4806882337126984e-05
4.479403701779219e-05
4.478440786055927e-05
