4.478039693343842e-05
4.478039693343842e-05
4.478039693343842e-05
4.478039693343842e-05
4.478039693343842e-05
4.478039693343842e-05
4.478039693343842e-05
4.478039693343842e-05
4.478039693343842e-05
4.478039693343842e-05
4.478039693343842e-05
4.478039693343842e-05
4.478039693343842e-05
4.4781199061386065e-05
4.4781199061386065e-05
4.4781199061386065e-05
4.4781199061386065e-05
4.4781199061386065e-05
4.4781199061386065e-05
4.4781199061386065e-05
4.4781199061386065e-05
4.4781199061386065e-05
4.4781199061386065e-05
4.478280340349306e-05
4.478440786055927e-05
4.478521013220594e-05
4.478521013220594e-05
4.478521013220594e-05
4.478521013220594e-05
4.4786012432597054e-05
4.478681476173414e-05
4.478761711961877e-05
4.478761711961877e-05
4.4789221921636776e-05
4.4789221921636776e-05
4.4789221921636776e-05
4.479002436577326e-05
4.479002436577326e-05
4.4790826838663444e-05
4.4790826838663444e-05
4.479162934030888e-05
4.479323442987171e-05
4.479323442987171e-05
4.479323442987171e-05
4.479483963447411e-05
4.479644495412844e-05
3.28513149485429e-05
3.285190361848786e-05
3.285190361848786e-05
3.285249230953021e-05
3.285425850925296e-05
3.2854847284696215e-05
3.285602489889305e-05
3.285602489889305e-05
3.2856613737648903e-05
3.2856613737648903e-05
3.285838038055979e-05
3.285838038055979e-05
3.285838038055979e-05
3.286014721345952e-05
3.286250328625033e-05
3.286368144934811e-05
3.286544885239828e-05
3.286544885239828e-05
3.286544885239828e-05
3.2867216445559943e-05
3.286780568553279e-05
3.2868394946633683e-05
3.2868394946633683e-05
3.286898422886375e-05
3.286957353222414e-05
3.286957353222414e-05
3.2870162856715976e-05
3.2870162856715976e-05
3.287252036602058e-05
3.2873109796186725e-05
3.2873109796186725e-05
3.287369924749114e-05
3.2874878213519346e-05
3.287664682112713e-05
3.287841561904079e-05
3.288077431234345e-05
3.288136403854892e-05
3.288313334409509e-05
3.288372315492419e-05
3.2885492714368574e-05
3.2885492714368574e-05
3.288608260983952e-05
3.288608260983952e-05
3.288608260983952e-05
3.2887852423236766e-05
3.288903240466666e-05
3.289080253558187e-05
3.28913926215636e-05
3.289257285704888e-05
3.289434336909846e-05
3.289847530520813e-05
3.290201779101835e-05
3.290319878916229e-05
3.290497044535382e-05
3.2906742292343504e-05
3.2907923629684144e-05
3.29102865588406e-05
3.291205897840969e-05
3.291383158890026e-05
3.2914422501496114e-05
3.2914422501496114e-05
3.291678636407163e-05
3.291737738276925e-05
3.291855948383699e-05
3.291974166980901e-05
3.292092394069446e-05
3.292328873724223e-05
3.292565387355352e-05
3.292565387355352e-05
3.2928019349701556e-05
3.292920221523724e-05
3.353092629183881e-05
3.35315286185609e-05
3.3532130966922945e-05
3.353273333692613e-05
3.3533938141860534e-05
3.3536950532997966e-05
3.353875822747663e-05
3.353996346539694e-05
3.354237420112247e-05
3.35441824803527e-05
3.354779962378539e-05
3.354960848805095e-05
3.3551417547391375e-05
3.35538299300163e-05
3.3554433079877527e-05
3.355563944465417e-05
3.3559259059501764e-05
3.356167256992515e-05
3.356227600177401e-05
3.356287945532241e-05
3.35665006323689e-05
3.3568915184539115e-05
3.357193386329029e-05
3.357374533115104e-05
3.357495308499859e-05
3.357616092574272e-05
3.357676487870394e-05
3.357736885339282e-05
3.3579180907837144e-05
3.3582201433240386e-05
3.3587035404333926e-05
3.35894529117857e-05
3.359307982555594e-05
3.35973122150228e-05
3.359912642271301e-05
3.3601545671100873e-05
3.360275542594493e-05
3.3605780194193404e-05
3.360759531654154e-05
3.360941063497779e-05
3.3612436601542574e-05
3.361425244303585e-05
3.361849016959328e-05
3.3620912207392996e-05
3.362151777137368e-05
3.362454591852052e-05
3.362575733011487e-05
3.362999795817869e-05
3.363181569764998e-05
3.363302763313574e-05
3.3634239655969776e-05
3.363666396372046e-05
3.3639088620977575e-05
3.364151362781673e-05
3.364393898431352e-05
3.364636469054357e-05
3.3648790746582546e-05
3.36493973152588e-05
3.365182380866535e-05
3.3654857417590676e-05
3.365667784549181e-05
3.365971232967284e-05
3.366274736108105e-05
3.3663961526901115e-05
3.366517578031068e-05
3.366942635714844e-05
3.367003367003367e-05
3.367185574014948e-05
3.367489296194737e-05
3.367671555804122e-05
3.3678538351435545e-05
3.368157677895864e-05
3.368400791574186e-05
3.368887124233729e-05
3.3689479256906346e-05
3.369069535188728e-05
3.3694344163658245e-05
3.36961688659434e-05
3.3699210475640284e-05
3.370164415878289e-05
3.370590395021156e-05
3.370894731773091e-05
3.371381784905842e-05
3.37168626459308e-05
3.371747167130282e-05
3.3721735465028754e-05
3.3724172402787065e-05
3.3727219070333296e-05
3.373087579809661e-05
3.373209488356404e-05
3.3737581858820266e-05
3.374002108751318e-05
3.3742460668944285e-05
3.374734089032717e-05
3.3749171337310915e-05
3.375283282704084e-05
3.37540535001748e-05
3.375649511133615e-05
3.3758937075752644e-05
3.376199002815509e-05
3.376443278767598e-05
3.376565429999578e-05
3.376870846750365e-05
3.377176318757199e-05
3.3772985230349853e-05
3.3774818460350775e-05
3.3776040724254816e-05
3.3778485517474336e-05
3.3779708046809026e-05
3.378154200674424e-05
3.378398759645027e-05
3.378643354027524e-05
3.378643354027524e-05
3.3788268230580795e-05
3.3791938209027275e-05
3.379438530427016e-05
3.379989256462721e-05
3.3802952929388047e-05
3.380540162024461e-05
3.380662609871535e-05
3.381091247200034e-05
3.381397483274159e-05
3.38151999323696e-05
3.381826306985283e-05
3.38225523947575e-05
3.382377811601556e-05
3.3826842807869574e-05
3.383113430960321e-05
3.383297385798609e-05
3.3834813606428616e-05
3.3836653554963416e-05
3.383910713098756e-05
3.384217460144796e-05
3.384769744993865e-05
3.385445004654987e-05
3.385752029939721e-05
3.3859976902658616e-05
3.386304815809206e-05
3.386304815809206e-05
3.386489117880058e-05
3.3870421444815406e-05
3.3872265268226e-05
3.3877797943133695e-05
3.3884562556348214e-05
3.388763827366689e-05
3.388948397208959e-05
3.3890714549404796e-05
3.3893791383714036e-05
3.38980998904365e-05
3.390240949267466e-05
3.3905488450943e-05
3.391041594758419e-05
3.3912880233029935e-05
3.391780987856213e-05
3.392150805332946e-05
3.3923973951234285e-05
3.392705682782019e-05
3.392890682273964e-05
3.3932607417910356e-05
3.394124528004558e-05
3.394680051405155e-05
3.395297512944572e-05
3.395729869688866e-05
3.395853420412718e-05
3.3959769801274704e-05
3.3962241265336076e-05
3.396533110132586e-05
3.3968421499584493e-05
3.3975222355696314e-05
3.397645916757675e-05
3.39851193727318e-05
3.398759452799728e-05
3.3991926917357126e-05
3.399564127313677e-05
3.3998117961327144e-05
2.3073933741377635e-05
2.307477441371856e-05
2.3077717249379026e-05
2.3078558197443137e-05
2.307939920679749e-05
2.3081501998372146e-05
2.308360517315741e-05
2.308655026185008e-05
2.3088654356768318e-05
2.309033790886608e-05
2.309286369741056e-05
2.309539003859361e-05
2.3097074573159984e-05
2.309960183581046e-05
2.3101286984856497e-05
2.3105079469312807e-05
2.3107608484140882e-05
2.3112668175072378e-05
2.3114355231143552e-05
2.3116886277086297e-05
2.3118995905504146e-05
2.312321631768865e-05
2.3124482741833406e-05
2.3127438271041404e-05
2.3131239347455564e-05
2.3135886804629612e-05
2.3137999902576843e-05
2.3142227256671658e-05
2.314434151303087e-05
2.314730212102384e-05
2.3150263486551523e-05
2.3154495323401272e-05
2.3156611822059717e-05
2.316042249486509e-05
2.3162116529827318e-05
2.316677640402858e-05
2.316847136864696e-05
2.3170166581302893e-05
2.317228594600857e-05
2.3174405698464388e-05
2.317822223035493e-05
2.3180767283397078e-05
2.3184161556999482e-05
2.3189254831603293e-05
2.319137768989466e-05
2.319689894087843e-05
2.320072288568149e-05
2.3203272882701347e-05
2.3208374558735507e-05
2.3211351572569067e-05
2.321475480942519e-05
2.3219010259136374e-05
2.3221990002322197e-05
2.3228377742323937e-05
2.3230081733208624e-05
2.3235621430580524e-05
2.3239031788549273e-05
2.3241590214067276e-05
2.3244575755907485e-05
2.3247135402328384e-05
2.3250975929121234e-05
2.325524466965313e-05
2.3257806666421846e-05
2.325951497790346e-05
2.3262505126933694e-05
2.3265923381640737e-05
2.326806030101522e-05
2.327276290566569e-05
2.3273618128923594e-05
2.327532876401879e-05
2.3280034307418977e-05
2.328174588587043e-05
2.3286882131607652e-05
2.328987932165162e-05
2.3292020644085664e-05
2.4520621842969938e-05
2.4524681025867408e-05
2.4526485538570963e-05
2.4530095360745715e-05
2.4533706245668267e-05
2.453641510707078e-05
2.4539576201519e-05
2.761159687068569e-05
2.7617188938395257e-05
2.7619731536209468e-05
2.7622274602239247e-05
2.7627362139462923e-05
2.7632451551101614e-05
2.76375428381914e-05
2.7643654859754523e-05
2.7645183287565196e-05
2.7649769585253457e-05
2.7653337757867374e-05
2.7657926761809936e-05
2.7661497040219816e-05
2.7664558012578152e-05
2.7668130003320175e-05
2.767323444764224e-05
2.768038383465584e-05
2.768344898863133e-05
2.7689581333530236e-05
2.7694182375422337e-05
2.7698784946633674e-05
2.7704924088507996e-05
2.7711577897245468e-05
2.771618625277162e-05
2.772130844575864e-05
2.7725920038446608e-05
2.7734122215031893e-05
2.7737199282531112e-05
2.7741816164231553e-05
2.7745921349561616e-05
2.7751567963589943e-05
2.77551624602176e-05
2.7759271596713303e-05
2.7764923646459972e-05
2.7768007552898054e-05
2.7773148919624506e-05
2.7777263384011407e-05
2.778137906765692e-05
2.7784466630855575e-05
2.778652538762203e-05
2.779270348891071e-05
2.779785400567076e-05
2.7803006431762154e-05
2.7807129748067406e-05
2.7813317016187352e-05
2.7823119157144978e-05
2.7824151363383416e-05
2.7829829866973412e-05
2.783499415465123e-05
2.7837577017296416e-05
2.7841710594698938e-05
2.784894730979169e-05
2.7853601470670157e-05
2.785929200252591e-05
2.7863432031801465e-05
2.7869644383337668e-05
2.7872751598037757e-05
2.7876377557657643e-05
2.7884669008978864e-05
2.788777957499024e-05
2.78929653941276e-05
2.7897115438263685e-05
2.7900747740039432e-05
2.790593838368805e-05
2.7912169705991813e-05
2.7917364600781685e-05
2.7925680455747105e-05
2.793192059886038e-05
2.793712284884154e-05
2.7944409255188344e-05
2.795169946332737e-05
2.7953262145692403e-05
2.796055697429493e-05
2.796942010068991e-05
2.79741146192723e-05
2.7978810714019248e-05
2.798559674620795e-05
2.799186369828503e-05
2.799708830281651e-05
2.800336040324839e-05
2.8007020426453563e-05
2.8009112297867574e-05
2.801382015127463e-05
2.8018529587567245e-05
2.8024287716020552e-05
2.8029000672696015e-05
2.8032143524574846e-05
2.8040527909672112e-05
2.8046295084419348e-05
2.804839282709101e-05
2.80546879383545e-05
2.806256080221507e-05
2.806833704459123e-05
2.8074641112504447e-05
2.8079371022089106e-05
2.8084102525696955e-05
2.8088835624133927e-05
2.8094096493856758e-05
2.809883296180432e-05
2.810304449648712e-05
2.8109364166182562e-05
2.8113578858588697e-05
2.8120957612343224e-05
2.813045027474073e-05
2.8134143596668917e-05
2.814470129090363e-05
2.814892658759946e-05
2.8155266911930326e-05
2.8163196335029385e-05
2.816689826116348e-05
2.81716593107334e-05
2.818065679717442e-05
2.8185422499483267e-05
2.819071961510271e-05
2.8197608842770133e-05
2.8202380280895707e-05
2.8207683773059782e-05
2.8216173510656308e-05
2.8219889378033637e-05
2.822519945807617e-05
2.8229448961156277e-05
2.8238483405184584e-05
2.8245396000451927e-05
2.8252311980863767e-05
2.8259763748375065e-05
2.8268284868929387e-05
2.827894349867089e-05
2.8286409323200514e-05
2.8290677278814055e-05
2.8300284889534554e-05
2.830348887672887e-05
2.83104333383663e-05
2.8314708547266687e-05
2.8321123782191676e-05
2.833021700946229e-05
2.8339316077838654e-05
2.834949254408346e-05
2.835753176043557e-05
2.83693308620494e-05
2.837630767484535e-05
2.838328792007266e-05
2.8390271600264978e-05
2.8394570958032826e-05
2.840209796830326e-05
2.840909090909091e-05
2.8414472437961737e-05
2.842093296449278e-05
2.8427396429519007e-05
2.8437636263673762e-05
2.8445186126334552e-05
2.844950213371266e-05
2.8452200303490138e-05
2.8460837887067395e-05
2.846894038603883e-05
2.847218267752406e-05
2.847704749971523e-05
2.848407740073299e-05
2.848948737915709e-05
2.849219313907989e-05
2.849923052077594e-05
2.8504104591061113e-05
2.8510605945411692e-05
2.8517110266159696e-05
2.8527414845666685e-05
2.8532841300336688e-05
2.8535555301906177e-05
2.854207101267268e-05
2.8550763257071074e-05
2.855674224684448e-05
2.856000456960073e-05
2.856816363844132e-05
2.8572517048268506e-05
2.858177245098226e-05
2.8591033851784082e-05
2.8598120150235457e-05
2.8604118993135013e-05
2.861503243037009e-05
2.8623222974906974e-05
2.8634150997422926e-05
2.8638524543215534e-05
2.8647822765469824e-05
2.8654389852525408e-05
2.8662602946515582e-05
2.8672464876230527e-05
2.8680688336520076e-05
2.8687270501835986e-05
2.8691111493659266e-05
2.869989476705252e-05
2.870868341977837e-05
2.8718027262980548e-05
2.8726827026198866e-05
2.8735081703415645e-05
2.8738935509828717e-05
2.8745544440611704e-05
2.875160529796247e-05
2.8757668711656442e-05
2.876814790663777e-05
2.877421830040284e-05
2.8781947962238083e-05
2.8793550244745177e-05
2.8799631364718532e-05
2.8805715053866686e-05
2.8815675727595814e-05
2.882508935777701e-05
2.8835063437139562e-05
2.8839498577251404e-05
2.8847263356282935e-05
2.8854477253053766e-05
2.8868915875979138e-05
2.887892031343255e-05
2.888837531777213e-05
2.8899506781750925e-05
2.890674683471122e-05
2.891733497840839e-05
2.892625732798519e-05
2.8933510792199525e-05
2.8943560057887122e-05
2.895026344739737e-05
2.8959765232836514e-05
2.896983274749894e-05
2.89804671651307e-05
2.898886827458256e-05
0.0
0.0
0.0
0.0
0.0
0.0
0.0
0.0
0.0
0.0
0.0
0.0
0.0
0.0
0.0
0.0
0.0
0.0
0.0
0.0
0.0
0.0
0.0
0.0
0.0
0.0
0.0
0.0
0.0
0.0
0.0
0.0
0.0
0.0
0.0
0.0
0.0
0.0
0.0
0.0
0.0
0.0
0.0
0.0
0.0
0.0
0.0
0.0
0.0
0.0
0.0
0.0
0.0
0.0
0.0
0.0
0.0
0.0
0.0
0.0
0.0
0.0
0.0
0.0
0.0
0.0
0.0
0.0
0.0
0.0
0.0
0.0
0.0
0.0
0.0
0.0
0.0
0.0
0.0
0.0
0.0
0.0
0.0
0.0
0.0
0.0
0.0
0.0
0.0
0.0
0.0
0.0
0.0
0.0
0.0
0.0
0.0
0.0
0.0
0.0
0.0
0.0
0.0
0.0
0.0
0.0
0.0
0.0
0.0
0.0
0.0
0.0
0.0
0.0
0.0
0.0
0.0
0.0
0.0
0.0
0.0
0.0
0.0
0.0
0.0
0.0
0.0
0.0
0.0
0.0
0.0
0.0
0.0
0.0
0.0
0.0
0.0
0.0
0.0
0.0
0.0
0.0
0.0
0.0
0.0
0.0
0.0
0.0
0.0
0.0
0.0
0.0
0.0
0.0
0.0
0.0
0.0
0.0
0.0
0.0
0.0
0.0
0.0
0.0
0.0
0.0
0.0
0.0
0.0
0.0
0.0
0.0
0.0
0.0
0.0
0.0
0.0
0.0
0.0
0.0
0.0
0.0
0.0
0.0
0.0
0.0
0.0
0.0
0.0
0.0
0.0
0.0
0.0
0.0
0.0
0.0
0.0
0.0
0.0
0.0
0.0
0.0
0.0
0.0
0.0
0.0
0.0
0.0
0.0
0.0
0.0
0.0
0.0
0.0
0.0
0.0
0.0
0.0
0.0
0.0
0.0
0.0
0.0
0.0
0.0
0.0
0.0
0.0
0.0
0.0
0.0
0.0
0.0
0.0
0.0
0.0
0.0
0.0
0.0
0.0
0.0
0.0
0.0
0.0
0.0
0.0
0.0
0.0
0.0
0.0
0.0
0.0
0.0
0.0
0.0
0.0
0.0
0.0
0.0
0.0
0.0
0.0
0.0
0.0
0.0
0.0
0.0
0.0
0.0
0.0
0.0
0.0
0.0
0.0
0.0
0.0
0.0
0.0
0.0
0.0
0.0
0.0
0.0
0.0
0.0
0.0
0.0
0.0
0.0
0.0
0.0
0.0
0.0
0.0
0.0
0.0
0.0
0.0
0.0
0.0
0.0
0.0
0.0
0.0
0.0
0.0
0.0
0.0
0.0
0.0
0.0
0.0
0.0
0.0
0.0
0.0
0.0
0.0
0.0
0.0
0.0
0.0
0.0
0.0
0.0
0.0
0.0
0.0
0.0
0.0
0.0
0.0
0.0
0.0
0.0
0.0
0.0
0.0
0.0
0.0
0.0
0.0
0.0
0.0
0.0
0.0
0.0
0.0
0.0
0.0
0.0
0.0
0.0
0.0
0.0
0.0
0.0
0.0
0.0
0.0
0.0
0.0
0.0
0.0
0.0
0.0
0.0
0.0
0.0
0.0
0.0
0.0
0.0
0.0
0.0
0.0
0.0
0.0
0.0
0.0
0.0
0.0
0.0
0.0
0.0
0.0
0.0
0.0
0.0
0.0
0.0
0.0
0.0
0.0
0.0
0.0
0.0
0.0
0.0
0.0
0.0
0.0
0.0
0.0
0.0
0.0
0.0
0.0
0.0
0.0
0.0
0.0
0.0
0.0
0.0
0.0
0.0
0.0
0.0
0.0
0.0
0.0
0.0
0.0
0.0
0.0
0.0
0.0
0.0
0.0
0.0
0.0
0.0
0.0
0.0
0.0
0.0
0.0
0.0
0.0
0.0
0.0
0.0
0.0
0.0
0.0
0.0
0.0
0.0
0.0
0.0
0.0
0.0
0.0
0.0
0.0
0.0
0.0
0.0
0.0
0.0
0.0
0.0
0.0
0.0
0.0
0.0
0.0
0.0
0.0
0.0
0.0
0.0
0.0
0.0
0.0
0.0
0.0
0.0
0.0
0.0
0.0
0.0
0.0
0.0
0.0
0.0
0.0
0.0
0.0
0.0
0.0
0.0
0.0
0.0
0.0
0.0
0.0
0.0
0.0
0.0
0.0
0.0
0.0
0.0
0.0
0.0
0.0
0.0
0.0
0.0
0.0
0.0
0.0
0.0
0.0
0.0
0.0
0.0
0.0
0.0
0.0
0.0
0.0
0.0
0.0
0.0
0.0
0.0
0.0
0.0
0.0
0.0
0.0
0.0
0.0
0.0
0.0
0.0
0.0
0.0
0.0
0.0
0.0
0.0
0.0
0.0
0.0
0.0
0.0
0.0
0.0
0.0
0.0
0.0
0.0
0.0
0.0
0.0
0.0
0.0
0.0
0.0
0.0
0.0
0.0
0.0
0.0
0.0
0.0
0.0
0.0
0.0
0.0
0.0
0.0
0.0
0.0
0.0
0.0
0.0
0.0
0.0
0.0
0.0
0.0
0.0
0.0
0.0
0.0
0.0
0.0
0.0
0.0
0.0
0.0
0.0
0.0
0.0
0.0
0.0
0.0
0.0
0.0
0.0
0.0
0.0
0.0
0.0
0.0
0.0
0.0
0.0
0.0
0.0
0.0
0.0
0.0
0.0
0.0
0.0
0.0
0.0
0.0
0.0
0.0
0.0
0.0
0.0
0.0
0.0
0.0
0.0
0.0
0.0
0.0
0.0
0.0
0.0
0.0
0.0
0.0
0.0
0.0
0.0
0.0
0.0
0.0
0.0
0.0
0.0
0.0
0.0
0.0
0.0
0.0
0.0
0.0
0.0
0.0
0.0
0.0
0.0
0.0
0.0
0.0
0.0
0.0
0.0
0.0
0.0
0.0
0.0
0.0
0.0
0.0
0.0
0.0
0.0
0.0
0.0
0.0
0.0
0.0
0.0
0.0
0.0
0.0
0.0
0.0
0.0
0.0
0.0
0.0
0.0
0.0
0.0
0.0
0.0
0.0
0.0
0.0
0.0
0.0
0.0
0.0
0.0
0.0
0.0
0.0
0.0
0.0
0.0
0.0
0.0
0.0
0.0
0.0
0.0
0.0
0.0
0.0
0.0
0.0
0.0
0.0
0.0
0.0
0.0
0.0
0.0
0.0
0.0
0.0
0.0
0.0
