7.745979538697126e-06
7.745979538697126e-06
7.745979538697126e-06
7.745979538697126e-06
7.745979538697126e-06
7.745979538697126e-06
7.745979538697126e-06
7.745979538697126e-06
7.745979538697126e-06
7.745979538697126e-06
7.74611800316995e-06
7.74611800316995e-06
7.74611800316995e-06
7.74611800316995e-06
8.937828465196096e-06
8.937988237607479e-06
8.937988237607479e-06
8.937988237607479e-06
8.937988237607479e-06
8.937988237607479e-06
8.937988237607479e-06
8.937988237607479e-06
8.938148015731141e-06
8.938148015731141e-06
8.938307799567386e-06
8.938307799567386e-06
8.938307799567386e-06
8.938467589116521e-06
8.938467589116521e-06
8.938627384378855e-06
8.938627384378855e-06
8.938787185354691e-06
8.938787185354691e-06
8.938946992044337e-06
8.938946992044337e-06
8.9391068044481e-06
8.939266622566285e-06
8.939586275947149e-06
8.939746111210441e-06
8.939905952189383e-06
8.94006579888428e-06
8.940385509423166e-06
8.940545373267769e-06
8.941024999105897e-06
8.941184885821069e-06
8.94134477825465e-06
8.94134477825465e-06
8.94134477825465e-06
8.942144326209424e-06
8.942304252959903e-06
8.942464185430938e-06
8.942624123622836e-06
8.942944017170453e-06
8.943103972526785e-06
8.94342390040603e-06
8.94358387292956e-06
8.943903835145964e-06
8.943903835145964e-06
8.943903835145964e-06
8.943903835145964e-06
8.944543828264759e-06
8.944543828264759e-06
8.944863859172063e-06
8.94518391298125e-06
8.945343948474819e-06
8.94566403664144e-06
8.94566403664144e-06
8.945824089315109e-06
8.946464357286e-06
8.946464357286e-06
8.946624438599317e-06
8.946784525641484e-06
8.947104716913606e-06
8.947264821144176e-06
8.947264821144176e-06
8.947424931104829e-06
8.947424931104829e-06
8.947424931104829e-06
8.94758504679587e-06
8.948065428254411e-06
8.94822556687009e-06
8.948706017109926e-06
8.949026345933563e-06
8.949346697691069e-06
8.949346697691069e-06
8.949667072384908e-06
8.949667072384908e-06
8.950468109482126e-06
8.95078856447253e-06
8.95126928998532e-06
8.951750067138126e-06
8.952230895939268e-06
8.952551477170994e-06
8.952551477170994e-06
8.953032392071195e-06
8.95335303071e-06
8.953673692315957e-06
8.953834031732387e-06
8.954315084439191e-06
8.954475446828325e-06
8.954635814961405e-06
8.954796188838742e-06
8.955437741796819e-06
8.955758552749419e-06
8.955918966845188e-06
8.956239812277214e-06
8.956560680698611e-06
8.957042026441188e-06
8.95736295234683e-06
8.958004873154651e-06
8.958165367732689e-06
8.958486374142224e-06
8.958646885974342e-06
8.958807403558438e-06
8.959288990825689e-06
8.959770629871875e-06
8.960091751339533e-06
8.960252320705351e-06
8.960894655722427e-06
8.961055253866696e-06
8.961376467425396e-06
8.961858330943504e-06
8.962179602079226e-06
8.962822213458574e-06
8.962982880702698e-06
8.963464916998316e-06
8.963464916998316e-06
8.963947005145306e-06
8.96475060063829e-06
8.965072079179517e-06
8.965393580778196e-06
8.966197435667533e-06
8.966679817797066e-06
8.967644737786067e-06
8.967644737786067e-06
8.967966423933708e-06
8.968448996430557e-06
8.968931620865323e-06
8.969253399347038e-06
8.96941429724639e-06
8.969575200918485e-06
8.969736110363633e-06
8.97021887334051e-06
8.97054074419606e-06
8.97118455520867e-06
8.97166747411674e-06
8.972311446874944e-06
8.972472454509564e-06
8.972794487115067e-06
8.972794487115067e-06
8.973438621679828e-06
8.973599669771532e-06
8.973921783297736e-06
8.974727168294084e-06
8.97521046868549e-06
8.975693821132374e-06
8.976338372051273e-06
8.976821845993644e-06
8.977466558937068e-06
8.977627751642906e-06
8.97778895013736e-06
8.978111364493366e-06
8.978595029449791e-06
8.979562515714235e-06
8.98069151324652e-06
8.981175456243714e-06
8.981982143819498e-06
8.983434546695893e-06
8.983595953788382e-06
8.98375736668104e-06
8.98391878537418e-06
8.98391878537418e-06
8.984241640163154e-06
8.984725965858042e-06
8.985210343774148e-06
8.986179256303804e-06
8.986825314089544e-06
8.987148377819717e-06
8.98763301696865e-06
8.987794574967195e-06
8.98811770838951e-06
8.988440865047549e-06
8.989572096368214e-06
8.990380293086398e-06
8.990541949868737e-06
8.990541949868737e-06
8.991026955098812e-06
8.991350320991206e-06
8.991835413444593e-06
8.992805755395683e-06
8.993291004910338e-06
8.993938085730218e-06
8.994261661060243e-06
8.994585259673677e-06
8.995232526760817e-06
8.996041741633682e-06
8.996365468350786e-06
8.997174887085456e-06
8.998470260055791e-06
8.99911808642753e-06
8.999928000575996e-06
9.000414019044876e-06
9.001224166486642e-06
9.002034459787913e-06
9.002358617957905e-06
9.003007004339449e-06
9.004304057339408e-06
9.005439285328339e-06
9.006088115566123e-06
9.007710600273834e-06
9.00835975785529e-06
9.008846687447073e-06
9.00933366968179e-06
9.010307792114179e-06
9.011282125220776e-06
9.01160694975128e-06
9.011769370798262e-06
9.012581563863154e-06
9.012906482082342e-06
9.013393903340364e-06
9.014206389269489e-06
9.014856483484784e-06
9.01599437401951e-06
9.01631953836444e-06
9.016807328860996e-06
9.017295172140165e-06
9.017620430320846e-06
9.018271017080606e-06
9.019409769824663e-06
9.02006061480733e-06
9.021199819576003e-06
9.022664934314999e-06
9.023967658099914e-06
9.024130525023914e-06
9.025270758122744e-06
9.025922449274317e-06
9.026411279403535e-06
9.026737195573288e-06
9.027389098524925e-06
9.02820410963851e-06
9.029508433560877e-06
9.030486923854934e-06
9.030976248532467e-06
9.032607713846987e-06
9.032770892799075e-06
9.032934077647101e-06
9.034239768723461e-06
9.035545837324032e-06
9.037015615962984e-06
1.2050660978754684e-05
1.2051314497128774e-05
1.2052621746545417e-05
1.205436518699334e-05
1.2055673098368264e-05
1.2056327160493826e-05
1.2057417421762432e-05
1.20585078802349e-05
1.2059598535964737e-05
1.2061780439410661e-05
1.206330824165219e-05
1.2064399765950644e-05
1.2065709855875095e-05
1.2068549360366883e-05
1.206986035171573e-05
1.2072264575750442e-05
1.207335772151593e-05
1.2074669757782124e-05
1.2075544607061778e-05
1.2076857118703428e-05
1.207773228498617e-05
1.2078826421224914e-05
1.2081015288524847e-05
1.2082985947487343e-05
1.208364297668461e-05
1.2084081035847425e-05
1.2085833590157296e-05
1.2086929194768776e-05
1.2087805821487282e-05
1.2088682575372936e-05
1.2089997944700348e-05
1.209065573671388e-05
1.2091752215813592e-05
1.2093287620706126e-05
1.2095262285762665e-05
1.2097237595794999e-05
1.2100311583023262e-05
1.2101849162552037e-05
1.2103387132889138e-05
1.2104266148604074e-05
1.2106024563123837e-05
1.2108443217455531e-05
1.2109762890842597e-05
1.2111742940367832e-05
1.2113063333151638e-05
1.2115264627667628e-05
1.2116585788456529e-05
1.2118788363539413e-05
1.212099173954413e-05
1.212231414977119e-05
1.2124077812331398e-05
1.2125180362057885e-05
1.2126283112331823e-05
1.212782729973925e-05
1.2129151201998884e-05
1.2130254674696895e-05
1.2132462222545754e-05
1.2133787136972255e-05
1.2135333236250666e-05
1.213621689846841e-05
1.2137542633118498e-05
1.2139752834632286e-05
1.2141300454691701e-05
1.2142627300268958e-05
1.214417565335665e-05
1.2145281861628802e-05
1.2147273544452947e-05
1.2148380317194209e-05
1.2150373016451605e-05
1.2152144853566653e-05
1.2153252514204113e-05
1.215436037678517e-05
1.2155690078525757e-05
1.2157463466822282e-05
1.2159459147257129e-05
1.216078996491612e-05
1.2162786737697341e-05
1.2163674402763586e-05
1.2164784166316929e-05
1.2165450121654501e-05
1.2167670499482873e-05
1.2169225246274696e-05
1.2171224790350653e-05
1.2172335932127054e-05
1.2173447276799843e-05
1.2175225850439526e-05
1.2177004943864007e-05
1.2178784557301181e-05
1.2179897079869674e-05
1.2181454952979584e-05
1.2183013224660855e-05
1.2185017302724569e-05
1.2186130964349472e-05
1.2186799259042605e-05
1.2188804582990523e-05
1.2189918937039067e-05
1.2191479375064767e-05
1.2193263222069805e-05
1.219437839156149e-05
1.219593997158346e-05
1.2197725124264324e-05
1.2198617896592315e-05
1.2202190293157621e-05
1.2203307096223076e-05
1.2205541315757353e-05
1.220665873233849e-05
1.221001221001221e-05
1.221135411705804e-05
1.2213367530762419e-05
1.2215381608521449e-05
1.2217396350663709e-05
1.2218292004960626e-05
1.2219411757517992e-05
1.2220979755947034e-05
1.2222548156839738e-05
1.2224116960351076e-05
1.2225461969644177e-05
1.222703152128726e-05
1.2228601475992197e-05
1.2230396203685018e-05
1.2231069362394353e-05
1.2233538245098937e-05
1.2236457300882249e-05
1.2238928359432848e-05
1.2240276630251844e-05
1.224432322564451e-05
1.2245222832442492e-05
1.2246122571440816e-05
1.2247697432882618e-05
1.2249947937721265e-05
1.2252424448487744e-05
1.225445142948176e-05
1.2256704417316272e-05
1.225828200177745e-05
1.2259409096481548e-05
1.2261212879178007e-05
1.226279162451332e-05
1.2264370776457314e-05
1.2266627413458943e-05
1.2268659096904002e-05
1.2270465602817299e-05
1.227114317969862e-05
1.2272950417280313e-05
1.2275436238315318e-05
1.2277018648791327e-05
1.2279506118263922e-05
1.2280863344693131e-05
1.2283578697817821e-05
1.2285842409499413e-05
1.2286748127806753e-05
1.2288786482334868e-05
1.2291052114060962e-05
1.2292865221025716e-05
1.229399868454214e-05
1.2295585884667404e-05
1.2297400329570328e-05
1.2299215310063217e-05
1.2301484789214057e-05
1.2301484789214057e-05
1.2302846878767746e-05
1.230557196298484e-05
1.2307389356569683e-05
1.2308752754083428e-05
1.2310571087392744e-05
1.231193518997316e-05
1.2314891782888457e-05
1.231830500123183e-05
1.2319443161169115e-05
1.2320581531448283e-05
1.2321720112127652e-05
1.2322858903265557e-05
1.2325137117150428e-05
1.232741617357002e-05
1.2330152154077581e-05
1.2332433065719536e-05
1.2334258402713536e-05
1.2337225728050532e-05
1.2340422906292998e-05
1.2342707619770549e-05
1.2344764585339358e-05
1.2346593574832703e-05
1.234979561088264e-05
1.2350481977559174e-05
1.235368603106952e-05
1.2355975658727951e-05
1.2358266135261223e-05
1.2360099127995006e-05
1.2361245024598876e-05
1.2363308174001199e-05
1.2366060111418201e-05
1.2368583797155225e-05
1.2372486065487569e-05
1.2375012375012374e-05
1.2375701547581478e-05
1.2380068090374496e-05
1.2382597497477045e-05
1.2384897855554936e-05
1.2388119793118398e-05
1.2389731390623451e-05
1.2391113093689206e-05
1.2392955843898327e-05
1.2395720997111797e-05
1.2398487384539085e-05
1.240079365079365e-05
1.2404947092900648e-05
1.2407486677461179e-05
1.2410720380264472e-05
1.2413724613933163e-05
1.2416730302409466e-05
1.2419968825878246e-05
1.2422746048013913e-05
1.2424829779832016e-05
1.2428767625546088e-05
1.2431316973720195e-05
1.2432476114105265e-05
1.243340358206357e-05
1.2435258933179135e-05
1.2438739209393736e-05
1.2441060475994973e-05
1.244431170511959e-05
1.2446635052213633e-05
1.2449656700716478e-05
1.2451749470800647e-05
1.2454308256583658e-05
1.2458264812876863e-05
1.2460360478228635e-05
1.2463155795679023e-05
1.2466418584936825e-05
1.2468983403783088e-05
1.2471315973261498e-05
1.247528334487297e-05
1.2478552487911401e-05
1.2480888639271115e-05
1.2484394506866417e-05
1.2486966728477152e-05
1.2489306031710348e-05
1.249351898702548e-05
1.2495860746127844e-05
1.2499140684077969e-05
1.2502422344329213e-05
1.2505705728238508e-05
1.2508052058512667e-05
1.2511338400425385e-05
1.251392173793345e-05
1.2517211165352359e-05
1.2520032051282051e-05
1.2523089446166369e-05
1.2524501055189214e-05
1.2527796047480347e-05
1.2532270596786726e-05
1.2537219871493496e-05
1.2539106337891298e-05
1.2541229291295132e-05
1.2544297048954118e-05
1.2548074811622027e-05
1.2550437068970925e-05
1.2553982123129455e-05
1.2556583102606118e-05
1.2558948564826152e-05
1.2562024998429746e-05
1.2565576602896364e-05
1.2566997807058883e-05
1.2568893246105213e-05
1.2571500408573762e-05
1.2575769008274856e-05
1.2577667094307347e-05
1.2580752706434425e-05
1.2583364791745311e-05
1.2585740356176451e-05
1.2588116817724068e-05
1.2592396710865978e-05
1.2594775687045014e-05
1.2598107764213814e-05
1.2601441604919602e-05
1.260382400020166e-05
1.2605015535681647e-05
1.2608353033884947e-05
1.2611215153636128e-05
1.2614078573095431e-05
1.2618853829506665e-05
1.2621720719185646e-05
1.2625545265736163e-05
1.2628415197034848e-05
1.263080780331306e-05
1.2635116780066838e-05
1.2639668335102886e-05
1.2641585760517798e-05
1.2643743559593123e-05
1.2647101600490707e-05
1.2648541306973773e-05
1.2650941546324584e-05
1.2655024044545684e-05
1.2658147733242194e-05
1.2661032507200961e-05
1.2663678038649544e-05
1.2668250197941408e-05
1.2671862130140023e-05
1.2674753159182225e-05
1.267716335792703e-05
1.2678368801070054e-05
1.2680297987002694e-05
1.2684882157444757e-05
1.268874508311128e-05
1.2691160606637475e-05
1.2695027357783956e-05
1.2698654577547508e-05
1.2702041853227906e-05
1.2707610587981142e-05
1.2711002643888549e-05
1.2713911562031174e-05
1.2716821811892771e-05
1.2718762718762718e-05
1.272264631043257e-05
1.272944830571043e-05
1.2734554577117278e-05
1.2739178068231036e-05
1.274356131564527e-05
0.0
0.0
0.0
0.0
0.0
0.0
0.0
0.0
0.0
0.0
0.0
0.0
0.0
0.0
0.0
0.0
0.0
0.0
0.0
0.0
0.0
0.0
0.0
0.0
0.0
0.0
0.0
0.0
0.0
0.0
0.0
0.0
0.0
0.0
0.0
0.0
0.0
0.0
0.0
0.0
0.0
0.0
0.0
0.0
0.0
0.0
0.0
0.0
0.0
0.0
0.0
0.0
0.0
0.0
0.0
0.0
0.0
0.0
0.0
0.0
0.0
0.0
0.0
0.0
0.0
0.0
0.0
0.0
0.0
0.0
0.0
0.0
0.0
0.0
0.0
0.0
0.0
0.0
0.0
0.0
0.0
0.0
0.0
0.0
0.0
0.0
0.0
0.0
0.0
0.0
0.0
0.0
0.0
0.0
0.0
0.0
0.0
0.0
0.0
0.0
0.0
0.0
0.0
0.0
0.0
0.0
0.0
0.0
0.0
0.0
0.0
0.0
0.0
0.0
0.0
0.0
0.0
0.0
0.0
0.0
0.0
0.0
0.0
0.0
0.0
0.0
0.0
0.0
0.0
0.0
0.0
0.0
0.0
0.0
0.0
0.0
0.0
0.0
0.0
0.0
0.0
0.0
0.0
0.0
0.0
0.0
0.0
0.0
0.0
0.0
0.0
0.0
0.0
0.0
0.0
0.0
0.0
0.0
0.0
0.0
0.0
0.0
0.0
0.0
0.0
0.0
0.0
0.0
0.0
0.0
0.0
0.0
0.0
0.0
0.0
0.0
0.0
0.0
0.0
0.0
0.0
0.0
0.0
0.0
0.0
0.0
0.0
0.0
0.0
0.0
0.0
0.0
0.0
0.0
0.0
0.0
0.0
0.0
0.0
0.0
0.0
0.0
0.0
0.0
0.0
0.0
0.0
0.0
0.0
0.0
0.0
0.0
0.0
0.0
0.0
0.0
0.0
0.0
0.0
0.0
0.0
0.0
0.0
0.0
0.0
0.0
0.0
0.0
0.0
0.0
0.0
0.0
0.0
0.0
0.0
0.0
0.0
0.0
0.0
0.0
0.0
0.0
0.0
0.0
0.0
0.0
0.0
0.0
0.0
0.0
0.0
0.0
0.0
0.0
0.0
0.0
0.0
0.0
0.0
0.0
0.0
0.0
0.0
0.0
0.0
0.0
0.0
0.0
0.0
0.0
0.0
0.0
0.0
0.0
0.0
0.0
0.0
0.0
0.0
0.0
0.0
0.0
0.0
0.0
0.0
0.0
0.0
0.0
0.0
0.0
0.0
0.0
0.0
0.0
0.0
0.0
0.0
0.0
0.0
0.0
0.0
0.0
0.0
0.0
0.0
0.0
0.0
0.0
0.0
0.0
0.0
0.0
0.0
0.0
0.0
0.0
0.0
0.0
0.0
0.0
0.0
0.0
0.0
0.0
0.0
0.0
0.0
0.0
0.0
0.0
0.0
0.0
0.0
0.0
0.0
0.0
0.0
0.0
0.0
0.0
0.0
0.0
0.0
0.0
0.0
0.0
0.0
0.0
0.0
0.0
0.0
0.0
0.0
0.0
0.0
0.0
0.0
0.0
0.0
0.0
0.0
0.0
0.0
0.0
0.0
0.0
0.0
0.0
0.0
0.0
0.0
0.0
0.0
0.0
0.0
0.0
0.0
0.0
0.0
0.0
0.0
0.0
0.0
0.0
0.0
0.0
0.0
0.0
0.0
0.0
0.0
0.0
0.0
0.0
0.0
0.0
0.0
0.0
0.0
0.0
0.0
0.0
0.0
0.0
0.0
0.0
0.0
0.0
0.0
0.0
0.0
0.0
0.0
0.0
0.0
0.0
0.0
0.0
0.0
0.0
0.0
0.0
0.0
0.0
0.0
0.0
0.0
0.0
0.0
0.0
0.0
0.0
0.0
0.0
0.0
0.0
0.0
0.0
0.0
0.0
0.0
0.0
0.0
0.0
0.0
0.0
0.0
0.0
0.0
0.0
0.0
0.0
0.0
0.0
0.0
0.0
0.0
0.0
0.0
0.0
0.0
0.0
0.0
0.0
0.0
0.0
0.0
0.0
0.0
0.0
0.0
0.0
0.0
0.0
0.0
0.0
0.0
0.0
0.0
0.0
0.0
0.0
0.0
0.0
0.0
0.0
0.0
0.0
0.0
0.0
0.0
0.0
0.0
0.0
0.0
0.0
0.0
0.0
0.0
0.0
0.0
0.0
0.0
0.0
0.0
0.0
0.0
0.0
0.0
0.0
0.0
0.0
0.0
0.0
0.0
0.0
0.0
0.0
0.0
0.0
0.0
0.0
0.0
0.0
0.0
0.0
0.0
0.0
0.0
0.0
0.0
0.0
0.0
0.0
0.0
0.0
0.0
0.0
0.0
0.0
0.0
0.0
0.0
0.0
0.0
0.0
0.0
0.0
0.0
0.0
0.0
0.0
0.0
0.0
0.0
0.0
0.0
0.0
0.0
0.0
0.0
0.0
0.0
0.0
0.0
0.0
0.0
0.0
0.0
0.0
0.0
0.0
0.0
0.0
0.0
0.0
0.0
0.0
0.0
0.0
0.0
0.0
0.0
0.0
0.0
0.0
0.0
0.0
0.0
0.0
0.0
0.0
0.0
0.0
0.0
0.0
0.0
0.0
0.0
0.0
0.0
0.0
0.0
0.0
0.0
0.0
0.0
0.0
0.0
0.0
0.0
0.0
0.0
0.0
0.0
0.0
0.0
0.0
0.0
0.0
0.0
0.0
0.0
0.0
0.0
0.0
0.0
0.0
0.0
0.0
0.0
0.0
0.0
0.0
0.0
0.0
0.0
0.0
0.0
0.0
0.0
0.0
0.0
0.0
0.0
0.0
0.0
0.0
0.0
0.0
0.0
0.0
0.0
0.0
0.0
0.0
0.0
0.0
0.0
0.0
0.0
0.0
0.0
0.0
0.0
0.0
0.0
0.0
0.0
0.0
0.0
0.0
0.0
0.0
0.0
0.0
0.0
0.0
0.0
0.0
0.0
0.0
0.0
0.0
0.0
0.0
0.0
0.0
0.0
0.0
0.0
0.0
0.0
0.0
0.0
0.0
0.0
0.0
0.0
0.0
0.0
0.0
0.0
0.0
0.0
0.0
0.0
0.0
0.0
0.0
0.0
0.0
0.0
0.0
0.0
0.0
0.0
0.0
0.0
0.0
0.0
0.0
0.0
0.0
0.0
0.0
0.0
0.0
0.0
0.0
0.0
0.0
0.0
0.0
0.0
0.0
0.0
0.0
0.0
0.0
0.0
0.0
0.0
0.0
0.0
0.0
0.0
0.0
0.0
0.0
0.0
0.0
0.0
0.0
0.0
0.0
0.0
0.0
0.0
0.0
0.0
0.0
0.0
0.0
0.0
0.0
