52361
52335
52312
52285
52256
52228
52198
52161
52126
52088
52061
52017
51979
51943
51914
51876
51845
51824
51798
51768
51744
51713
51683
51649
51622
51586
51548
51529
51513
51471
51433
51414
51391
51358
51327
51297
51276
51248
51200
51175
51149
51113
51089
51065
51035
51009
50975
50934
50908
50882
50852
50820
50793
50759
50729
50707
50681
50645
50626
50589
50552
50523
50495
50456
50418
50384
50363
50337
50298
50279
50250
50223
50199
50163
50131
50099
50070
50049
50026
50001
49976
49950
49904
49871
49828
49794
49765
49736
49707
49663
49639
49607
49569
49529
49500
49458
49423
49399
49376
49332
49307
49272
49241
49185
49135
49095
49070
49051
49013
48970
48934
48919
48885
48850
48816
48790
48759
48715
48690
48655
48617
48585
48552
48522
48489
48467
48432
48390
48356
48314
48280
48250
48216
48173
48145
48119
48087
48049
48013
47980
47956
47930
47902
47865
47833
47792
47761
47730
47698
47665
47633
47590
47539
47511
47480
47441
47417
47385
47354
47316
47265
47232
47215
47173
47139
47118
47070
47023
46987
46960
46928
46887
46851
46811
46780
46760
46734
46698
46671
46642
46607
46576
46532
46499
46472
46437
46408
46383
46353
46321
46300
46259
46227
46191
46136
46109
46084
46048
46003
45973
45946
45899
45875
45839
45803
45766
45734
45702
45665
45647
45616
45563
45529
45506
45461
45435
45389
45352
45323
45293
45247
45207
45180
45147
45109
45070
45035
45001
44975
44938
44902
44875
44838
44801
44751
44711
44662
44624
44584
44544
44515
44487
44460
44424
44392
44355
44322
44284
44247
44210
44182
44149
44113
44081
44048
43994
43955
43922
43883
43832
43788
43745
43684
43662
43627
43595
43567
43531
43501
43469
43430
43392
43368
43327
43290
43253
43201
43170
43138
43105
43069
43036
43010
42964
42911
42859
42826
42783
42732
42710
42647
42595
42548
42508
42429
42380
42329
42297
42262
42214
42162
42129
42093
42048
42006
41960
41917
41893
41849
41817
41776
41719
41671
41637
41602
41556
41521
41475
41427
41393
41349
41292
41257
41210
41160
41117
41089
41062
41028
40989
40946
40898
40866
40832
40786
40741
40698
40658
40622
40584
40547
40492
40417
40377
40336
40302
40244
40214
40170
40129
40077
40035
39998
39941
39893
39844
39807
39760
39706
39677
39645
39582
39531
39490
39444
39399
39366
39344
39290
39245
39206
39170
39125
39074
39027
38981
38926
38891
38820
38756
38694
38641
38582
38552
38519
38489
38425
38378
38339
38295
38246
38205
38174
38124
38075
38042
37990
37938
37880
37836
37796
37749
37706
37676
37644
37599
37545
37481
37442
37403
37344
37304
37268
37195
37156
37119
37090
37044
36997
36966
36945
36896
36865
36819
36763
36714
36668
36617
36576
36528
36491
36421
36378
36307
36230
36163
36125
36080
36031
35988
35952
35904
35844
35786
35756
35697
35628
35575
35528
35488
35447
35378
35336
35272
35224
35182
35110
35022
34996
34930
34899
34841
34809
34749
34694
34659
34630
34586
34549
34499
34444
34412
34370
34323
34291
34216
34180
34138
34074
34018
33933
33854
33802
33766
33689
33645
33612
33566
33529
33469
33424
33372
33331
33284
33242
33205
33165
33085
33035
32994
32936
32893
32834
32775
32722
32659
32613
32539
32456
32392
32352
32277
32216
32114
32063
32010
31959
31908
31880
31825
31735
31655
31599
31536
31495
31430
31370
31308
31264
31202
31137
31045
30984
30940
30899
30856
30789
30746
30647
30588
30534
30495
30459
30387
30329
30273
30160
30106
30049
29967
29909
29845
29785
29727
29696
29623
29580
29513
29469
29415
29369
29330
29265
29207
29153
29112
29039
28976
28921
28886
28832
28753
28671
28614
28564
28521
28499
28426
28349
28305
28235
28122
28061
27995
27950
27897
27819
27733
27671
27620
27547
27452
27393
27294
27241
27161
27113
27060
27026
26952
26903
26821
26762
26697
26650
26549
26469
26400
26342
26261
26217
26136
26085
26032
25973
25893
25829
25777
25715
25653
25615
25582
25531
25473
25414
25352
25307
25252
25222
25161
25100
25026
24933
24853
24804
24690
24634
24601
24471
24394
24364
24297
24229
24178
24088
24003
23858
23813
23773
23732
23642
23570
23515
23465
23399
23361
23271
23225
23178
23107
23077
22997
22951
22897
22810
22764
22676
22570
22485
22430
22374
22281
22214
22168
22045
21978
21898
21808
21774
21704
21645
21596
21564
21527
21478
21355
21295
21233
21190
21071
20979
20923
20876
20824
20754
20677
20634
20580
20504
20446
20395
20360
20278
20191
20145
20095
19976
19893
19858
19801
19730
19655
19590
19470
19355
19280
19204
19163
19130
19042
18904
18831
18765
18721
18658
18598
18456
18391
18339
18252
18216
18093
18050
17965
17881
17841
17776
17736
17682
17485
17440
17379
17242
17173
17123
17072
17027
16981
16945
16883
16830
16801
16766
16722
16636
16560
16453
16378
16350
16291
16266
16039
15986
15940
15763
15724
15623
15528
15476
15359
15237
15092
14964
14863
14837
14813
14703
14612
14564
14545
14447
14352
14295
14233
14183
14128
14066
13954
13864
13801
13673
13572
13518
13426
13336
13228
13183
13116
13082
13052
12976
12950
12895
12749
12608
12566
12489
12306
12239
12064
12030
11971
11913
11859
11722
11559
11483
11441
11371
11226
11150
10954
10935
10868
10831
10792
10779
10736
10711
10612
10405
10269
10147
10085
9942
9873
9821
9788
9706
9661
9625
9560
9534
9333
9309
9224
9149
9123
9011
8953
8739
8631
8611
8598
8486
8419
8267
7898
7873
7841
7737
7713
7535
7296
7242
7216
7186
7034
6885
6819
6799
6741
6584
6459
6403
6365
6268
6255
6129
6086
6030
5932
5704
5585
5547
5502
4924
4862
4824
4762
4746
4731
4636
4622
4517
4436
4405
4371
3084
3046
2990
2435
2422
2416
2415
2414
2318
2294
2288
2241
2217
2180
2172
2043
2022
2021
2020
2016
2013
2010
1993
1988
1980
1972
1972
1969
1948
1924
1922
1900
1827
1821
1798
1790
1778
1520
1512
1173
1173
1162
1124
1124
1116
1112
1110
1110
1101
1097
1094
1087
1082
1082
990
989
988
985
982
981
975
973
963
957
954
954
952
950
946
945
813
803
799
798
795
780
780
780
774
773
752
750
749
740
740
739
738
734
734
734
729
610
607
601
600
600
599
599
592
592
590
590
568
535
356
356
356
351
323
259
259
259
259
214
214
214
213
213
213
212
206
198
197
197
197
196
196
196
196
195
194
111
105
103
103
103
103
103
103
103
103
103
89
89
89
89
89
89
89
88
88
88
88
88
88
88
88
88
88
85
85
85
85
85
85
85
79
79
79
79
79
79
79
79
78
78
78
78
78
78
78
78
78
78
78
78
76
76
72
72
72
72
72
72
72
71
71
71
70
70
70
45
45
45
45
45
45
45
45
45
45
43
42
42
41
41
40
40
40
40
40
40
40
40
40
40
40
40
40
40
40
40
40
40
40
40
40
40
40
40
40
40
40
39
39
39
39
39
38
38
38
38
38
38
38
38
38
38
38
38
38
38
35
35
35
35
35
35
35
35
35
35
31
31
31
31
31
30
30
30
30
30
30
30
30
30
30
30
30
30
30
30
30
30
30
30
30
29
29
29
28
28
28
28
28
28
28
28
28
23
23
23
23
22
22
22
22
22
22
21
18
18
18
18
18
18
18
18
18
18
18
18
18
18
18
18
18
18
18
18
15
15
15
15
15
15
15
15
15
15
15
15
15
15
15
15
15
15
15
15
15
13
13
12
12
12
12
12
10
10
9
9
9
9
9
9
9
9
9
8
8
8
8
8
8
8
8
8
8
8
8
8
8
8
8
8
7
7
7
7
7
7
7
7
7
7
6
6
6
6
6
6
6
6
6
6
6
6
6
6
6
6
6
6
6
6
5
4
4
4
4
4
4
3
