2
2
2
2
2
3
3
3
3
3
3
3
3
3
3
3
3
3
3
3
4
4
4
4
4
4
4
4
4
4
4
4
4
4
4
4
4
4
4
4
4
4
4
4
4
4
4
4
4
4
4
4
4
4
4
4
4
4
4
5
5
5
5
5
5
5
5
5
5
5
5
5
5
5
5
5
5
5
5
5
5
5
5
6
6
6
6
6
6
6
6
6
8
8
8
8
8
8
8
8
8
8
8
8
8
8
8
8
8
8
9
9
9
9
10
10
10
10
10
10
10
10
10
10
10
10
10
10
10
11
11
11
11
11
11
11
11
11
11
11
11
11
11
11
11
11
11
11
11
11
11
11
11
11
11
11
11
11
11
11
11
11
11
11
11
11
11
11
11
11
11
11
11
12
12
12
12
12
12
12
12
12
12
12
12
12
12
12
12
12
12
12
12
12
12
12
12
12
12
12
12
12
12
12
12
12
12
12
12
12
12
12
12
12
12
12
12
12
12
12
12
12
15
15
15
15
15
15
15
15
15
15
15
15
20
20
20
20
20
20
20
20
20
20
20
20
20
20
20
20
20
20
20
20
20
20
20
20
20
20
20
20
20
20
20
20
20
22
22
22
22
22
22
22
22
22
22
22
22
22
22
22
22
22
22
22
22
22
22
24
24
24
25
25
26
26
26
26
26
26
26
26
27
27
27
27
27
27
27
27
27
27
27
27
27
27
27
27
27
27
27
27
27
27
27
27
27
27
27
27
27
27
27
27
27
27
27
27
27
27
27
27
27
27
27
27
27
27
27
27
27
27
27
27
30
30
30
30
30
30
30
30
30
30
30
30
33
33
33
33
33
33
33
33
33
33
33
33
33
33
33
33
33
33
33
33
33
33
33
33
34
34
34
34
34
34
37
37
37
37
37
37
37
37
37
37
37
37
37
37
37
37
37
37
37
37
37
37
37
37
37
45
45
45
45
45
48
48
49
49
49
49
49
49
49
49
49
49
49
49
49
49
49
49
49
58
58
58
58
58
58
58
58
58
58
58
58
58
58
58
58
58
58
58
58
58
58
58
58
58
59
59
59
59
59
59
59
59
59
59
97
98
98
98
98
98
98
98
105
105
105
105
105
105
105
105
106
106
107
107
107
107
107
108
108
108
108
108
108
120
120
120
120
152
152
152
152
152
158
158
158
160
160
160
160
160
160
160
160
160
163
163
163
163
163
163
163
187
191
191
191
191
191
191
191
191
191
191
191
191
191
191
191
191
192
192
192
204
204
204
204
204
204
204
204
204
204
204
206
206
209
209
209
209
209
210
210
211
211
211
211
217
217
218
224
224
224
226
226
226
226
226
243
243
243
243
244
244
244
244
244
244
244
244
244
244
244
245
247
247
247
247
247
247
247
249
249
326
398
456
456
457
457
457
459
459
550
550
550
579
579
580
655
659
661
661
739
742
745
745
747
747
748
858
889
1025
1033
1057
1060
1063
1063
1065
1238
1238
1253
1278
1280
1304
1305
1307
1809
1835
1837
1870
1882
1887
2729
3066
3182
3231
3250
3506
3511
3533
4115
4149
4400
4598
4619
4633
4644
4650
4724
4863
6927
7152
7223
7522
8118
8241
8296
8335
8591
8850
9244
9441
9555
9655
9683
9746
10141
10352
10384
10672
10753
10969
11662
11785
11845
11903
11947
12307
12493
12602
12755
12980
13337
13420
13516
13606
13728
13760
13810
13903
14073
14297
14473
14518
14642
14701
14761
14846
15066
15430
15511
15626
15684
15774
15830
15984
16014
16106
16195
16410
16686
16861
16953
17039
17190
17320
17494
17547
17650
17912
18022
18115
18174
18303
18489
18652
18715
18777
18958
19057
19135
19242
19415
19516
19668
19776
19962
20019
20097
20278
20418
20533
20645
20778
20857
21040
21186
21347
21591
21669
21770
21876
22015
22126
22174
22353
22460
22582
22741
22874
22969
23272
23428
23478
23577
23787
23868
24018
24087
24163
24292
24379
24435
24576
24663
24776
24824
24910
25002
25137
25200
25284
25354
25475
25596
25641
25720
25840
26015
26103
26208
26317
26374
26461
26603
26737
26887
26970
27073
27201
27286
27400
27566
27621
27710
27885
27927
27999
28054
28138
28253
28541
28675
28741
28855
29025
29129
29242
29345
29440
29520
29667
29707
29753
29863
29950
30007
30071
30177
30271
30332
30429
30555
30646
30698
30826
30902
30998
31113
31250
31323
31411
31489
31568
31637
31702
31759
31822
31949
32004
32060
32182
32291
32365
32451
32516
32597
32671
32726
32817
32891
32979
33029
33106
33173
33213
33243
33285
33324
33423
33509
33547
33639
33682
33773
33849
33913
33970
34048
34123
34227
34292
34370
34495
34567
34634
34706
34783
34846
34909
34978
35021
35094
35175
35229
35296
35347
35402
35508
35583
35650
35696
35830
35878
35980
36008
36049
36080
36137
36233
36285
36336
36423
36460
36532
36587
36635
36700
36772
36828
36872
36923
36981
37041
37101
37166
37218
37285
37349
37419
37518
37623
37683
37737
37839
37872
37943
38007
38054
38095
38184
38280
38363
38470
38509
38574
38674
38769
38843
38917
38997
39047
39119
39201
39259
39338
39400
39435
39485
39538
39614
39664
39702
39783
39842
39881
39976
40034
40113
40174
40211
40263
40329
40387
40415
40497
40586
40622
40663
40739
40774
40809
40857
40901
40968
41017
41069
41129
41194
41247
41287
41355
41418
41470
41523
41606
41643
41682
41731
41804
41845
41878
41966
42039
42084
42134
42183
42225
42277
42311
42359
42408
42467
42515
42549
42606
42657
42695
42737
42789
42833
42878
42951
43009
43090
43158
43194
43233
43278
43354
43376
43415
43462
43515
43547
43588
43625
43679
43735
43770
43835
43861
43898
43940
43982
44013
44078
44128
44163
44199
44252
44295
44342
44378
44430
44457
44493
44548
44604
44656
44677
44715
44766
44815
44842
44886
44942
44987
45029
45063
45106
45150
45185
45225
45250
45270
45338
45366
45401
45447
45492
45535
45571
45624
45672
45709
45758
45797
45837
45912
45949
45983
46034
46084
46132
46168
46206
46246
46285
46321
46371
46422
46454
46485
46537
46568
46631
46661
46706
46739
46792
46809
46844
46875
46901
46966
47001
47048
47089
47132
47177
47217
47242
47289
47312
47354
47400
47447
47486
47521
47561
47598
47631
47672
47696
47745
47784
47813
47844
47888
47922
47960
48006
48037
48063
48093
48127
48166
48189
48209
48238
48293
48317
48347
48385
48422
48452
48475
48502
48535
48590
48624
48661
48707
48737
48800
48837
48874
48904
48931
48967
48993
49012
49034
49057
49077
49103
49129
49163
49191
49217
49263
49301
49331
49348
49379
49401
49435
49461
49486
49507
49533
49579
49603
49630
49659
49705
49749
49774
49795
49842
49865
49879
49897
49933
49953
49977
50002
50032
50058
50082
50115
50136
50155
50184
50207
50244
50283
50316
50337
50367
50391
50431
50447
50469
50501
50527
50557
50592
50635
50650
50685
50725
50749
50779
50801
50822
50845
50861
50902
50919
50950
50977
50997
51018
51058
51083
51116
51142
51171
51197
51218
51238
51254
51292
51330
51361
51385
51409
51440
51485
51504
51528
51546
51566
51598
51632
51658
51683
51709
51741
51770
51796
51819
51834
51864
51891
51917
51943
51965
51982
52004
52029
52077
52101
52122
52144
52172
52189
52210
52244
52267
52284
52316
52333
52350
52369
52388
