2
2
2
2
3
3
3
3
3
3
3
3
3
3
3
3
3
3
3
3
3
3
4
4
4
4
4
4
4
4
4
4
4
4
4
4
4
4
4
4
4
4
4
4
4
4
4
4
4
4
5
5
5
5
5
5
5
5
5
5
5
5
5
5
5
5
5
5
5
5
5
5
5
5
5
5
5
5
6
6
6
6
6
6
6
6
6
6
6
7
7
7
7
7
7
7
7
7
7
7
7
9
9
9
9
9
9
9
9
9
9
9
9
9
9
9
9
9
9
9
9
9
9
9
9
9
9
9
9
9
9
9
9
9
9
9
9
9
9
9
9
9
9
9
9
9
9
9
9
9
9
9
9
9
9
9
9
9
9
9
9
9
9
9
9
9
9
9
9
9
9
9
9
9
9
9
9
10
10
10
10
10
10
11
11
11
11
12
12
12
12
12
12
12
12
12
12
12
12
12
12
12
12
12
12
12
12
12
12
12
12
12
12
12
12
14
14
14
14
14
14
14
14
15
15
15
15
15
16
16
16
16
16
16
16
16
16
16
16
16
16
16
16
16
16
16
16
16
16
16
16
16
16
16
16
20
20
20
20
20
20
20
20
20
20
20
20
20
20
20
20
20
20
20
20
20
20
20
20
20
20
20
20
20
20
23
23
23
23
23
23
23
24
24
24
24
24
24
24
24
24
25
25
25
25
25
25
25
25
25
26
26
27
27
27
27
27
27
27
27
27
27
27
27
27
27
27
27
27
27
27
27
27
27
27
27
27
27
27
27
27
27
27
30
30
30
30
30
30
30
30
30
39
39
39
39
39
39
39
39
39
39
39
39
39
39
39
39
39
39
39
39
39
39
39
39
39
39
39
39
39
39
39
39
39
39
39
39
39
39
39
39
39
39
39
39
39
39
39
39
39
39
55
55
55
55
55
55
57
57
58
58
58
61
61
61
61
61
61
61
61
61
61
61
61
61
61
61
61
61
62
62
62
62
63
63
63
63
63
63
63
63
63
63
63
68
68
68
68
68
68
68
68
68
68
68
69
69
69
69
69
71
71
71
71
73
74
75
75
75
75
75
75
75
75
75
75
103
103
103
103
103
103
103
103
103
103
103
103
103
103
103
103
103
103
103
103
103
103
103
103
103
103
103
103
103
103
114
114
114
114
114
114
114
114
114
114
114
114
114
116
116
116
116
116
116
116
116
116
116
116
116
116
116
116
164
167
167
167
168
168
168
168
171
171
171
177
177
177
177
178
178
178
178
180
180
183
183
185
185
185
185
187
187
187
187
187
189
191
193
193
193
193
193
193
193
200
200
200
200
200
200
200
202
202
202
235
235
235
236
236
239
245
259
271
271
271
271
274
296
300
300
312
312
320
320
320
320
320
321
380
380
405
405
405
405
546
547
547
551
552
554
554
554
554
554
614
618
621
621
621
689
697
719
721
739
739
742
1123
1165
1176
1210
1211
1315
1315
2003
2007
2036
2040
2045
2174
2185
2216
2222
2347
2356
4008
4088
4174
4470
4551
4604
4662
4669
4795
4819
5242
5382
6628
6707
6740
7055
7085
7131
7204
7298
7346
7463
7489
8070
8267
8703
8838
9245
9521
9789
9820
9923
9946
10082
10161
10277
10343
10613
10747
10813
11008
11240
11363
11657
11785
12017
12085
12460
12589
12635
13032
13310
13414
13603
13692
13743
13854
14078
14145
14221
14308
14669
14777
14926
15119
15232
15293
15671
15762
16039
16127
16269
16410
16480
16643
16702
16763
16878
16938
16979
17132
17215
17295
17395
17466
17503
17618
17747
17793
17872
17957
18108
18202
18352
18449
18578
18661
18790
18849
18962
19051
19119
19245
19425
19499
19644
19708
20004
20134
20356
20523
20667
20788
21132
21234
21314
21422
21637
21792
21904
21984
22114
22326
22460
22519
22565
22659
22785
22837
22979
23064
23154
23273
23355
23456
23508
23660
23761
23881
23970
24060
24274
24377
24439
24533
24603
24699
24791
24900
24985
25158
25251
25382
25449
25585
25713
25778
25878
25985
26035
26126
26196
26341
26397
26449
26535
26602
26852
26985
27136
27285
27377
27430
27523
27612
27780
27889
27974
28103
28162
28287
28394
28485
28539
28645
28785
28826
28882
28974
29081
29191
29241
29295
29359
29439
29599
29663
29760
29822
29884
29982
30084
30190
30237
30326
30442
30520
30614
30723
30780
30864
30968
31045
31146
31245
31307
31365
31432
31517
31571
31687
31759
31838
31998
32081
32207
32246
32338
32382
32458
32504
32561
32648
32721
32788
32855
32899
32992
33078
33155
33224
33309
33401
33464
33526
33643
33759
33840
33935
34052
34130
34240
34299
34357
34427
34455
34535
34592
34648
34709
34759
34846
34878
34991
35045
35152
35208
35253
35346
35382
35437
35518
35574
35616
35688
35742
35799
35861
35905
35991
36062
36124
36153
36223
36319
36393
36463
36549
36578
36631
36666
36737
36814
36868
36939
37003
37057
37143
37224
37265
37380
37441
37538
37598
37634
37722
37777
37842
37895
37981
38040
38099
38145
38206
38293
38344
38420
38465
38503
38567
38619
38691
38738
38792
38840
38866
38926
39007
39049
39095
39178
39251
39327
39398
39453
39526
39561
39601
39667
39756
39848
39887
39930
39988
40043
40079
40136
40178
40214
40258
40314
40357
40422
40490
40551
40595
40669
40702
40742
40783
40818
40864
40914
40972
41041
41093
41177
41226
41260
41298
41338
41379
41436
41497
41537
41590
41634
41674
41700
41738
41795
41838
41873
41936
41983
42032
42070
42136
42195
42230
42281
42329
42357
42400
42442
42473
42530
42590
42637
42690
42740
42786
42828
42863
42925
42980
43019
43085
43127
43160
43212
43248
43330
43369
43422
43460
43488
43541
43574
43638
43682
43730
43766
43819
43865
43909
43960
44003
44031
44083
44144
44174
44239
44269
44330
44368
44390
44426
44478
44506
44544
44591
44625
44656
44684
44747
44807
44865
44896
44944
45022
45065
45107
45139
45186
45221
45270
45319
45352
45397
45438
45479
45511
45560
45620
45663
45700
45734
45772
45816
45847
45881
45913
45960
46002
46034
46069
46095
46133
46193
46234
46288
46319
46362
46407
46438
46479
46505
46528
46553
46609
46638
46682
46707
46751
46775
46823
46870
46914
46951
46981
47014
47068
47115
47129
47156
47188
47219
47243
47305
47336
47366
47412
47468
47499
47521
47547
47579
47602
47633
47676
47728
47755
47797
47835
47868
47901
47937
47972
47989
48019
48053
48080
48122
48161
48190
48216
48256
48292
48319
48355
48381
48421
48459
48492
48526
48559
48584
48623
48652
48685
48704
48732
48747
48780
48808
48843
48872
48898
48926
48947
48967
48985
49019
49045
49083
49135
49152
49192
49213
49252
49292
49317
49360
49404
49422
49449
49484
49515
49546
49571
49601
49636
49657
49688
49711
49719
49749
49777
49805
49823
49862
49892
49918
49952
49980
50007
50030
50056
50082
50109
50139
50168
50200
50219
50246
50284
50304
50323
50354
50377
50414
50441
50466
50484
50522
50544
50586
50619
50642
50673
50687
50721
50745
50767
50796
50836
50852
50873
50914
50952
50974
50993
51015
51035
51071
51095
51136
51157
51194
51224
51247
51269
51295
51323
51346
51368
51397
51424
51454
51487
51507
51536
51567
51602
51619
51645
51672
51685
51707
51734
51756
51778
51809
51825
51857
51884
51901
51923
51948
51965
51984
52005
52037
52050
52081
