2
3
3
3
3
3
3
3
3
3
3
3
3
3
3
3
3
3
3
3
3
3
3
4
4
4
4
4
4
4
4
4
4
4
4
4
5
5
5
5
5
5
5
5
5
5
5
5
5
5
5
5
5
5
5
5
5
5
5
5
5
5
5
5
5
5
5
6
6
6
6
6
6
6
6
6
6
6
6
6
6
6
6
6
6
6
6
6
6
6
6
6
6
6
6
6
6
7
7
7
7
7
7
7
7
7
7
7
7
7
7
7
7
7
7
7
7
7
7
7
7
8
8
8
8
9
9
9
9
9
9
9
9
9
9
9
9
9
9
9
9
9
9
9
9
9
9
9
9
9
9
9
9
9
9
9
9
9
9
9
9
9
9
9
9
9
9
9
9
9
9
9
9
9
9
9
10
10
10
11
11
11
11
11
11
12
12
12
12
12
12
12
12
12
12
12
12
12
12
12
12
12
13
13
15
15
15
15
15
15
15
15
15
15
15
15
16
16
16
16
16
16
16
16
16
16
16
16
16
16
16
16
16
17
17
17
17
17
17
17
17
17
17
17
17
17
17
18
18
18
18
18
18
18
18
18
18
18
18
18
18
18
18
18
18
18
22
22
22
22
22
22
22
22
22
22
22
22
22
22
22
22
22
22
22
22
22
22
22
22
22
22
22
22
22
22
22
22
22
22
22
22
22
22
22
22
22
22
23
23
23
23
23
23
23
23
23
23
23
23
23
23
23
23
23
23
24
24
24
24
24
24
25
25
25
25
25
25
25
25
26
33
43
43
43
43
43
43
44
44
44
44
44
44
44
44
44
44
44
44
44
44
44
44
44
44
44
45
45
45
45
45
45
48
48
48
48
48
48
48
48
48
48
48
48
48
48
48
48
48
48
48
48
49
49
49
50
50
50
52
52
52
52
52
52
52
53
53
53
53
53
55
55
57
57
57
57
57
57
57
57
57
60
60
60
60
60
60
60
60
60
60
60
60
60
61
61
61
61
61
61
61
61
61
61
63
63
63
63
63
63
63
63
63
63
63
63
63
63
63
63
64
64
66
67
67
67
67
67
67
67
67
67
67
84
85
85
85
85
85
85
85
85
85
85
85
85
85
85
85
85
85
85
85
85
85
85
85
85
85
85
85
85
85
85
85
86
86
86
91
91
91
91
91
91
91
91
92
92
92
92
92
92
92
92
99
99
99
99
99
99
99
99
99
99
99
99
124
124
124
124
129
130
130
130
130
135
135
135
135
136
136
136
136
136
136
136
136
136
136
136
136
136
136
136
136
136
136
136
136
136
136
136
136
136
138
138
138
138
138
138
155
155
155
155
156
274
298
298
298
305
305
310
310
311
311
311
311
371
444
444
449
449
451
451
451
453
454
454
485
506
511
512
735
749
751
760
761
762
762
762
773
779
780
798
802
802
804
805
1204
1204
1205
1206
1208
1210
1210
1249
1262
1265
1615
1629
1635
1635
1707
1708
1853
1867
1897
1899
2833
2837
2843
2851
2853
3169
3186
3194
3222
3246
4238
4298
4531
4625
4648
6647
6763
6825
6847
7103
7351
7448
7601
7876
8007
8051
8055
8113
8191
8400
8455
8641
8700
8827
8895
8967
9057
9309
9775
9953
10056
10393
10455
10552
10753
10863
11042
11190
11846
11925
12161
12253
12290
12428
12517
12758
12951
13102
13151
13213
13584
13674
13737
14055
14136
14225
14342
14464
14750
14808
14906
15047
15112
15284
15627
15817
15918
16023
16076
16177
16304
16394
16560
16700
16815
16927
16987
17190
17344
17415
17618
17763
17825
18019
18107
18292
18360
18442
18500
18619
18688
18762
18852
19094
19235
19329
19374
19484
19532
19587
19660
19789
19898
20038
20135
20304
20390
20457
20616
20766
20992
21120
21191
21286
21335
21405
21605
21760
21833
21946
22090
22180
22276
22377
22437
22507
22651
22717
22828
22992
23189
23265
23435
23509
23611
23807
23908
23999
24063
24137
24198
24273
24380
24503
24621
24915
25017
25120
25237
25326
25417
25496
25585
25632
25761
25841
25950
26030
26105
26189
26312
26362
26414
26518
26591
26732
26800
26889
26999
27102
27185
27303
27412
27541
27609
27691
27818
27891
27969
28089
28197
28258
28333
28448
28504
28644
28748
28813
28901
28971
29057
29187
29319
29420
29478
29653
29717
29843
29956
30034
30109
30170
30235
30309
30411
30502
30566
30627
30652
30704
30848
30991
31078
31195
31274
31326
31384
31526
31652
31710
31789
31858
31940
32034
32111
32191
32277
32316
32425
32472
32566
32637
32700
32770
32840
32899
32962
33015
33080
33175
33232
33284
33382
33485
33583
33618
33673
33734
33835
33911
33991
34051
34139
34220
34303
34396
34494
34597
34665
34732
34788
34837
34886
34933
35027
35087
35145
35304
35399
35491
35581
35654
35737
35831
35932
35997
36066
36107
36201
36262
36304
36371
36404
36457
36524
36604
36661
36756
36821
36889
36945
36997
37073
37152
37237
37293
37342
37388
37474
37528
37591
37629
37705
37772
37850
37918
37962
38019
38052
38139
38180
38252
38336
38387
38453
38539
38575
38625
38663
38701
38740
38787
38826
38891
38947
38991
39039
39099
39161
39210
39275
39321
39380
39413
39453
39497
39548
39597
39663
39717
39783
39852
39899
39983
40055
40113
40182
40237
40287
40339
40382
40502
40563
40610
40706
40734
40797
40861
40918
40949
40988
41067
41100
41163
41205
41278
41318
41359
41392
41452
41500
41540
41593
41628
41685
41736
41800
41880
41938
41998
42035
42107
42149
42188
42235
42271
42316
42361
42394
42426
42459
42515
42591
42635
42693
42731
42768
42817
42853
42904
42944
42998
43042
43086
43147
43180
43238
43325
43368
43408
43443
43489
43532
43563
43608
43658
43706
43744
43810
43837
43901
43950
43992
44036
44075
44122
44160
44198
44226
44265
44298
44328
44366
44414
44471
44496
44544
44594
44642
44697
44725
44751
44785
44826
44864
44913
44959
44990
45024
45065
45105
45154
45193
45260
45318
45363
45424
45476
45503
45534
45581
45648
45698
45750
45795
45824
45864
45903
45933
46002
46032
46056
46085
46115
46157
46188
46248
46280
46346
46401
46429
46459
46487
46516
46546
46598
46629
46684
46725
46746
46778
46813
46848
46893
46918
46939
46968
47032
47055
47107
47132
47168
47201
47223
47254
47320
47348
47371
47410
47449
47497
47547
47584
47611
47667
47700
47729
47769
47818
47850
47892
47926
47962
47983
48008
48027
48052
48089
48109
48145
48192
48239
48265
48285
48312
48339
48366
48406
48431
48468
48528
48576
48604
48638
48666
48699
48729
48755
48780
48811
48837
48873
48918
48974
49030
49061
49100
49137
49187
49220
49247
49273
49300
49324
49358
49384
49414
49438
49468
49505
49537
49559
49575
49600
49622
49657
49688
49726
49750
49771
49785
49808
49833
49864
49888
49915
49942
49952
49984
50009
50034
50051
50079
50113
50141
50160
50199
50229
50256
50285
50316
50330
50355
50377
50395
50425
50443
50476
50505
50523
50571
50592
50623
50665
50687
50708
50738
50780
50806
50849
50867
50895
50928
50964
50991
51005
51024
51053
51076
51097
51121
51155
51179
51203
51234
51263
51296
51324
51343
51365
51390
51411
51433
51458
51480
51498
51522
51555
51584
51606
51633
51664
51693
51717
51738
51762
51788
51803
51838
51858
51890
51907
51934
51959
51981
51999
52026
52049
52071
52093
52110
52142
52159
