52097
52073
52042
52015
51986
51959
51923
51901
51875
51836
51805
51785
51758
51729
51700
51678
51649
51609
51584
51561
51536
51501
51468
51438
51409
51382
51358
51331
51290
51257
51238
51214
51184
51159
51136
51102
51083
51055
51019
50972
50941
50918
50891
50861
50832
50794
50768
50739
50713
50685
50658
50633
50600
50575
50527
50507
50464
50437
50406
50378
50350
50305
50272
50248
50216
50175
50149
50125
50104
50084
50055
50028
49994
49956
49926
49901
49884
49844
49803
49761
49731
49709
49683
49663
49632
49595
49562
49541
49506
49483
49445
49403
49381
49360
49330
49304
49278
49251
49220
49198
49166
49143
49111
49076
49035
49009
48987
48954
48931
48896
48871
48839
48794
48760
48724
48693
48665
48642
48611
48566
48531
48500
48486
48450
48421
48387
48357
48318
48276
48245
48201
48174
48148
48117
48072
48028
48003
47962
47928
47881
47855
47825
47791
47771
47741
47716
47683
47638
47612
47570
47539
47507
47475
47452
47420
47382
47334
47300
47281
47240
47206
47185
47159
47125
47091
47033
46982
46938
46883
46857
46824
46786
46749
46727
46697
46663
46617
46592
46563
46539
46516
46482
46461
46410
46381
46341
46280
46237
46207
46167
46134
46095
46044
46005
45970
45930
45894
45869
45836
45790
45766
45734
45688
45638
45602
45570
45537
45504
45464
45414
45376
45331
45282
45241
45207
45168
45122
45079
45043
45015
44962
44913
44887
44852
44820
44783
44760
44720
44677
44644
44616
44576
44533
44508
44464
44434
44401
44363
44317
44270
44231
44194
44160
44111
44076
44032
43998
43938
43895
43861
43820
43785
43749
43723
43684
43642
43610
43575
43532
43501
43473
43436
43404
43358
43324
43291
43253
43212
43177
43148
43117
43065
43030
42995
42940
42905
42871
42840
42807
42755
42699
42660
42638
42600
42538
42489
42447
42409
42369
42341
42307
42273
42216
42162
42091
42056
42016
41966
41938
41904
41856
41826
41784
41724
41691
41668
41630
41579
41536
41478
41428
41387
41350
41303
41266
41238
41213
41171
41137
41074
41030
41001
40966
40916
40886
40834
40804
40767
40734
40698
40670
40632
40599
40564
40509
40462
40397
40346
40294
40248
40194
40158
40093
40039
39975
39945
39916
39868
39840
39795
39736
39701
39674
39648
39597
39551
39517
39480
39448
39384
39353
39312
39278
39238
39195
39133
39094
39047
39017
38984
38950
38928
38897
38843
38790
38752
38719
38673
38638
38595
38562
38522
38467
38406
38336
38285
38213
38153
38112
38075
38025
37995
37946
37897
37839
37809
37779
37737
37667
37617
37556
37518
37474
37409
37367
37332
37282
37244
37190
37131
37092
37051
37002
36946
36886
36846
36812
36764
36726
36678
36637
36601
36530
36484
36424
36382
36344
36294
36249
36207
36159
36115
36073
36021
35973
35925
35881
35825
35793
35737
35679
35633
35577
35529
35490
35444
35399
35333
35297
35254
35194
35147
35108
35072
35033
34991
34931
34889
34846
34812
34762
34700
34668
34631
34590
34546
34497
34459
34380
34308
34231
34202
34163
34103
34066
34017
33968
33930
33879
33809
33771
33735
33690
33652
33582
33544
33504
33450
33408
33365
33289
33210
33163
33085
33050
32991
32948
32921
32859
32803
32725
32663
32623
32582
32532
32436
32398
32356
32313
32229
32172
32132
32070
31992
31944
31885
31819
31775
31721
31636
31574
31524
31480
31417
31357
31301
31230
31175
31132
31085
31040
31004
30934
30865
30776
30716
30680
30602
30516
30433
30382
30313
30217
30175
30133
30074
30025
29983
29938
29878
29810
29749
29705
29659
29602
29564
29522
29494
29404
29347
29304
29257
29227
29162
29101
29037
28970
28940
28881
28792
28745
28671
28626
28529
28449
28376
28317
28268
28193
28125
28084
28030
27990
27917
27855
27789
27710
27595
27544
27503
27451
27377
27322
27268
27230
27167
27121
27036
26973
26914
26814
26763
26679
26629
26594
26523
26501
26457
26406
26375
26339
26287
26217
26154
26115
26066
26029
25953
25846
25775
25696
25630
25578
25529
25476
25398
25341
25270
25222
25175
25050
24982
24947
24903
24850
24808
24750
24699
24622
24547
24494
24442
24360
24335
24271
24189
24152
24082
23992
23912
23863
23824
23749
23680
23627
23581
23509
23454
23402
23332
23276
23230
23173
23118
23059
23010
22931
22879
22773
22725
22683
22579
22540
22458
22387
22341
22225
22172
22106
22045
21958
21907
21880
21825
21741
21655
21599
21564
21490
21465
21420
21353
21307
21218
21139
21066
21004
20922
20885
20824
20742
20656
20624
20553
20520
20424
20368
20290
20222
20181
20130
20003
19941
19873
19842
19774
19698
19610
19532
19479
19373
19302
19265
19220
19131
19106
19057
19004
18897
18855
18786
18696
18565
18499
18422
18360
18334
18277
18255
18228
18139
18068
17947
17872
17819
17777
17649
17579
17499
17470
17396
17349
17250
17159
17118
17072
17019
16941
16878
16844
16686
16619
16558
16510
16443
16294
16178
16058
16029
15910
15847
15784
15722
15691
15605
15441
15393
15313
15171
15085
15035
14954
14859
14811
14754
14651
14591
14480
14414
14361
14227
14086
14012
13934
13851
13818
13756
13689
13643
13598
13503
13296
13241
13130
13094
13027
12854
12655
12581
12551
12481
12292
12252
12202
12004
11963
11932
11876
11776
11641
11541
11495
11444
11342
11311
11229
11131
11097
10850
10670
10635
10508
10436
10410
10356
10318
10212
10162
10012
9962
9823
9616
9538
9494
9473
9441
9330
9236
9201
9169
9112
9056
8806
8612
8520
8016
7945
7674
7390
7376
7246
7105
7056
7020
6925
6813
6769
6760
6719
6555
6440
6338
6291
6260
5832
5822
5702
5640
5619
5557
5397
5231
5152
5129
5118
5070
4305
4277
4182
4168
4161
3950
3947
3927
3894
3884
3868
3671
3642
3567
3558
3555
3541
3533
3135
2999
2932
2801
2693
2683
2671
2647
2560
2554
2419
2395
2170
2134
2130
1477
1462
1418
1396
1358
1357
1276
1274
1272
1270
1266
1141
1087
1084
1081
1076
1073
1058
1057
1052
1045
1043
1043
931
930
930
929
915
910
910
908
896
784
737
726
724
721
710
709
688
686
686
656
624
584
584
584
584
583
575
574
573
572
572
572
572
569
569
564
564
563
562
562
562
561
561
560
560
552
535
534
532
499
498
495
495
494
494
492
492
492
492
491
490
486
486
486
423
421
417
414
414
414
382
382
278
278
263
262
248
246
246
246
246
225
224
222
222
220
219
211
211
211
205
205
202
202
201
201
200
200
200
182
182
181
181
180
180
143
143
143
131
131
131
131
131
131
59
59
59
58
58
57
56
56
56
56
56
56
56
56
56
56
56
56
56
56
56
56
56
56
56
55
55
55
55
55
55
50
50
50
50
50
50
50
50
50
50
49
49
49
49
49
49
49
49
49
49
48
48
48
48
48
47
47
46
46
44
44
43
43
43
43
43
43
43
40
40
40
40
40
40
40
40
40
40
40
36
30
30
30
30
30
29
29
29
29
29
29
28
28
27
27
27
27
27
27
27
27
27
27
27
27
27
27
25
25
25
25
25
25
25
25
25
25
25
25
25
25
22
22
22
22
22
22
22
22
22
22
22
22
22
22
22
22
22
22
22
22
22
18
18
18
18
18
18
18
18
18
18
18
18
18
18
18
18
18
18
18
18
18
18
18
18
18
18
18
18
18
18
18
18
18
18
18
18
18
18
17
17
17
17
17
17
17
17
17
17
17
17
17
17
17
17
17
17
17
17
17
17
17
13
13
13
13
13
12
12
12
12
12
12
12
12
12
12
12
12
12
10
10
10
10
10
10
10
10
10
10
9
9
9
9
9
9
9
9
9
8
8
8
7
7
7
7
7
7
7
7
7
7
7
7
6
6
5
5
5
5
5
5
5
5
5
5
5
5
5
4
4
4
4
2
