52370
52346
52316
52283
52259
52231
52207
52165
52145
52106
52065
52039
52017
51972
51942
51903
51855
51836
51809
51781
51740
51683
51645
51631
51618
51570
51550
51525
51501
51463
51436
51410
51384
51355
51325
51302
51283
51266
51224
51204
51168
51144
51118
51101
51061
51022
50996
50955
50918
50853
50826
50800
50777
50737
50716
50688
50645
50595
50554
50519
50488
50455
50435
50416
50374
50350
50318
50287
50257
50207
50171
50149
50123
50096
50069
50041
50001
49969
49943
49916
49891
49853
49823
49801
49779
49743
49697
49647
49616
49581
49545
49518
49492
49462
49424
49387
49356
49316
49279
49252
49225
49193
49151
49126
49090
49067
49039
49007
48974
48946
48903
48863
48832
48794
48771
48723
48682
48649
48617
48586
48547
48515
48478
48458
48424
48382
48350
48309
48271
48224
48174
48138
48107
48080
48036
48007
47960
47921
47890
47859
47823
47780
47744
47701
47651
47622
47587
47550
47521
47487
47447
47402
47370
47334
47300
47269
47196
47160
47136
47112
47083
47040
46988
46954
46924
46886
46860
46828
46786
46760
46721
46668
46624
46587
46543
46506
46458
46415
46385
46351
46331
46282
46251
46221
46186
46160
46133
46090
46062
46031
45998
45961
45920
45883
45835
45791
45755
45716
45684
45644
45613
45592
45565
45528
45474
45442
45392
45351
45313
45288
45236
45198
45161
45105
45072
45025
45003
44969
44933
44904
44855
44814
44786
44732
44704
44642
44617
44546
44512
44489
44460
44412
44377
44336
44308
44282
44242
44201
44149
44100
44059
44024
43996
43959
43922
43893
43849
43821
43781
43748
43727
43674
43640
43590
43531
43495
43469
43430
43403
43364
43332
43300
43258
43211
43164
43110
43072
43033
43008
42965
42901
42862
42828
42787
42768
42733
42700
42663
42639
42597
42552
42510
42479
42421
42395
42359
42304
42278
42255
42213
42171
42146
42110
42058
42013
41956
41917
41871
41827
41768
41729
41689
41647
41625
41596
41564
41522
41481
41460
41434
41387
41353
41326
41277
41241
41195
41158
41120
41077
41031
40980
40914
40856
40818
40769
40713
40667
40634
40603
40563
40523
40474
40426
40393
40323
40291
40231
40189
40147
40093
40049
39997
39935
39890
39844
39816
39771
39715
39679
39652
39600
39559
39524
39484
39444
39412
39380
39339
39292
39236
39189
39145
39098
39071
39023
38975
38922
38879
38825
38765
38750
38712
38660
38598
38568
38531
38496
38443
38377
38333
38299
38267
38204
38149
38113
38082
38047
37998
37930
37893
37838
37794
37753
37706
37644
37579
37536
37493
37446
37387
37350
37309
37283
37215
37157
37105
37079
37041
36987
36949
36879
36832
36797
36751
36715
36649
36616
36579
36507
36462
36412
36361
36321
36295
36252
36205
36154
36112
36055
36013
35976
35882
35842
35814
35766
35702
35662
35620
35574
35529
35489
35421
35375
35339
35291
35232
35176
35138
35080
35012
34982
34931
34899
34832
34799
34742
34671
34604
34567
34507
34453
34374
34325
34285
34228
34183
34146
34112
34060
34016
33966
33919
33834
33778
33721
33675
33625
33578
33528
33465
33394
33334
33286
33215
33161
33120
33093
33041
32982
32939
32912
32852
32804
32776
32733
32703
32655
32572
32495
32440
32408
32348
32311
32263
32240
32184
32133
32077
32014
31969
31936
31898
31848
31785
31714
31664
31617
31558
31468
31372
31318
31260
31219
31188
31114
31051
31001
30952
30907
30876
30822
30797
30720
30678
30573
30494
30433
30388
30339
30306
30244
30210
30172
30138
30100
30045
29995
29948
29890
29818
29771
29722
29684
29612
29564
29537
29493
29455
29403
29360
29293
29258
29198
29143
29107
29059
29022
28982
28914
28831
28779
28720
28656
28618
28569
28525
28462
28419
28365
28303
28269
28222
28174
28123
28078
28017
27939
27890
27846
27781
27729
27643
27598
27510
27462
27377
27340
27274
27205
27167
27121
27060
26981
26956
26907
26856
26790
26724
26658
26598
26502
26396
26356
26284
26224
26165
26129
26073
25987
25916
25893
25818
25740
25663
25584
25551
25500
25444
25379
25345
25294
25246
25182
25122
25076
25016
24944
24891
24835
24778
24746
24677
24629
24589
24546
24495
24454
24387
24252
24169
24120
23991
23928
23823
23692
23616
23500
23440
23394
23344
23298
23237
23186
23074
23006
22935
22901
22849
22798
22758
22670
22581
22523
22471
22410
22302
22244
22211
22167
22132
22041
21973
21917
21869
21806
21739
21685
21627
21536
21444
21408
21357
21276
21232
21142
21076
21010
20871
20819
20746
20617
20569
20518
20442
20382
20320
20170
20034
19954
19839
19770
19718
19658
19567
19500
19454
19377
19321
19266
19198
19132
19051
18980
18913
18734
18690
18623
18573
18505
18453
18370
18312
18254
18145
18111
18009
17936
17853
17781
17731
17691
17645
17592
17547
17476
17397
17289
17244
17179
17140
17053
16972
16902
16788
16689
16586
16538
16451
16279
16172
16088
16070
16043
15928
15872
15767
15723
15663
15648
15587
15493
15460
15331
15270
15173
15120
15074
15046
15010
14755
14658
14588
14484
14342
14250
14195
14020
13892
13846
13814
13667
13574
13539
13456
13421
13310
13266
13116
13025
12945
12890
12788
12603
12370
12255
12191
12110
11899
11846
11813
11786
11716
11681
11631
11594
11497
11382
11328
11283
11187
10941
10866
10820
10793
10621
10575
10501
10470
10423
9993
9950
9917
9763
9684
9478
9433
9338
9252
9187
9118
9060
9022
8928
8813
8768
8752
8689
8663
8540
8502
8435
8392
8359
8320
8223
8203
8076
8060
8013
7871
7811
7505
7428
7376
7367
7297
7233
7186
7098
7069
6985
6947
6920
6908
6846
6805
6724
6641
6626
6578
6541
6497
4772
4748
4696
4633
4616
4600
4583
4540
4488
3981
3859
3815
3806
3790
3784
3650
3534
3490
3478
3444
3146
3131
3068
2965
2756
2739
2722
2642
1863
1858
1850
1825
1807
1803
1786
1752
1717
1708
1680
1674
1665
1656
1586
1552
1408
1372
1368
1365
1358
1355
1349
1280
1278
1251
1247
1039
1037
1035
1028
1011
1007
1007
1006
1001
996
995
786
775
771
770
769
759
753
752
740
736
734
733
729
492
491
490
488
386
385
381
381
381
381
381
381
373
372
371
371
371
370
370
368
368
367
367
366
366
366
366
358
358
358
358
357
357
339
337
332
332
332
321
319
258
255
214
214
214
214
214
213
212
212
212
206
206
189
188
186
137
135
135
135
134
134
134
134
134
132
132
132
132
132
125
125
125
125
124
124
124
122
122
122
95
95
95
90
90
89
89
89
89
89
81
81
81
81
81
81
81
69
69
69
69
69
68
66
59
59
59
59
59
59
59
59
59
59
59
59
59
59
59
59
59
59
59
59
58
58
58
58
58
58
58
58
56
56
56
56
56
56
53
38
38
38
38
38
38
38
38
38
38
37
37
37
37
37
37
37
37
37
37
37
37
37
37
37
37
37
37
37
36
36
34
34
34
34
33
33
33
33
33
33
33
33
33
33
33
33
33
33
33
33
33
33
33
32
32
32
32
32
32
32
32
32
32
32
32
32
32
32
32
31
31
31
31
31
31
31
31
31
31
31
31
31
31
31
31
31
31
31
31
31
31
31
31
26
26
26
22
22
22
22
22
22
22
22
22
22
22
22
22
22
22
22
21
21
20
20
19
19
19
19
19
19
19
19
19
19
18
18
18
18
18
18
18
17
17
17
17
17
17
17
17
17
17
17
17
17
17
17
17
17
15
15
15
15
15
15
15
15
15
15
15
15
14
14
14
14
14
13
13
13
12
12
12
12
12
12
12
12
12
12
12
12
12
12
11
11
11
11
11
11
11
9
9
9
9
9
9
9
9
9
9
9
8
8
8
8
8
8
8
8
8
8
6
6
6
6
6
6
6
6
6
6
6
5
4
4
4
4
4
4
3
