2
2
2
3
3
3
3
3
3
3
3
3
3
3
3
3
3
3
3
3
3
3
3
3
3
3
3
3
3
3
4
4
4
4
4
4
4
4
4
4
4
4
4
4
4
5
5
5
5
5
5
5
5
5
5
5
5
5
5
5
5
5
5
5
5
5
5
5
5
5
5
5
6
6
6
6
6
6
6
6
6
6
6
6
6
6
6
6
6
6
6
6
6
6
6
6
7
7
7
7
7
7
7
7
7
7
7
7
7
7
7
7
7
7
7
7
7
7
7
7
7
7
7
7
7
7
7
7
7
7
7
7
7
7
7
7
7
7
7
8
8
8
8
8
8
8
8
8
8
8
8
8
8
8
8
8
8
8
8
8
9
9
9
9
9
9
9
9
9
9
9
9
9
9
9
9
9
9
9
9
9
9
9
9
9
9
10
10
10
10
10
10
10
10
10
10
10
10
10
10
10
10
12
12
12
12
12
12
12
12
12
12
12
12
12
12
12
12
12
12
12
12
12
12
12
12
12
12
12
12
12
12
12
12
12
12
12
12
12
13
13
13
13
13
13
13
13
13
13
13
13
13
13
13
13
13
13
13
13
13
13
13
14
16
16
16
16
16
16
16
16
16
16
16
16
16
16
16
16
16
16
16
16
16
16
16
16
16
16
16
16
16
17
17
17
17
17
18
18
18
18
18
18
18
18
18
18
18
18
18
18
18
18
18
23
23
23
23
23
23
23
23
23
23
23
23
23
38
38
38
38
38
38
38
38
38
38
38
38
41
41
41
41
41
41
41
41
41
41
41
41
41
41
41
41
42
42
42
42
42
42
42
42
42
42
42
42
42
42
42
67
67
67
75
75
75
75
75
75
75
75
75
75
75
75
75
75
77
77
77
83
83
83
83
83
83
83
83
83
83
83
83
83
83
83
83
83
84
84
84
84
84
85
85
85
85
85
85
85
85
85
85
85
85
85
85
87
87
87
87
90
90
90
90
90
90
90
90
90
90
90
94
94
94
94
94
94
100
100
100
100
100
100
100
100
100
100
100
105
106
106
106
107
108
108
108
108
111
111
111
111
112
112
112
113
113
113
113
113
113
113
113
113
114
114
114
114
114
114
116
116
116
116
116
118
118
118
118
119
119
119
119
119
119
119
119
119
119
119
119
119
119
119
128
128
128
128
128
128
128
128
128
128
128
128
129
130
130
130
130
130
130
130
130
138
141
141
143
145
145
146
146
146
149
149
153
153
154
154
154
154
154
154
155
187
188
188
189
196
196
197
197
197
197
197
197
197
197
197
197
213
213
233
233
235
235
235
238
238
238
296
296
296
296
296
296
297
297
297
297
297
299
299
300
300
300
301
301
301
301
399
407
407
407
408
408
418
418
418
418
419
419
419
419
419
420
420
420
421
422
423
425
425
566
636
636
636
640
642
680
684
1082
1084
1100
1129
1130
1236
1242
1456
1463
1463
1463
1465
1465
1500
1510
1531
1913
1919
1988
2007
2037
2308
3027
3037
3039
3075
3081
3092
4991
5016
5054
5207
5335
5486
5521
5589
5617
5624
5694
5931
6046
6325
6601
6810
6832
7160
7479
7565
7597
7605
7974
8285
8366
8516
8575
8775
8860
8928
9115
9264
9360
9749
10144
10226
10341
10397
10478
10582
10645
11099
11345
11390
11497
11811
11862
11954
12009
12237
12370
12420
12453
12507
12610
12702
12837
12919
13102
13130
13206
13378
13460
13614
13647
13795
13937
14002
14167
14296
14337
14531
14875
15123
15342
15428
15516
15566
15703
15985
16083
16195
16321
16389
16496
16727
16883
17017
17393
17445
17515
17591
17686
17711
17736
17775
18032
18226
18368
18491
18621
18829
18931
19108
19233
19421
19595
19777
19852
19925
20106
20208
20283
20497
20548
20613
20673
20754
20833
20917
20989
21065
21133
21263
21399
21476
21609
21676
21753
21945
21982
22226
22431
22575
22655
22730
22875
22937
23032
23164
23233
23308
23380
23617
23718
23779
23952
24028
24173
24327
24482
24561
24656
24761
24858
24947
25070
25204
25305
25443
25638
25711
25811
26033
26139
26184
26345
26435
26590
26691
26807
26911
27007
27077
27150
27261
27382
27468
27540
27621
27689
27755
27899
28128
28214
28285
28381
28477
28571
28709
28786
28936
29094
29155
29253
29318
29454
29536
29662
29708
29802
29937
29996
30121
30219
30282
30351
30435
30477
30536
30624
30722
30793
30843
30972
31063
31153
31230
31289
31358
31456
31525
31591
31705
31766
31832
31870
31974
32113
32169
32244
32304
32382
32449
32567
32673
32744
32796
32860
32929
32998
33064
33101
33156
33218
33313
33422
33488
33569
33600
33723
33820
33899
33965
34058
34122
34177
34233
34316
34400
34497
34542
34606
34666
34720
34774
34846
34879
34945
35011
35079
35147
35212
35267
35331
35415
35480
35623
35672
35767
35810
35880
35933
35995
36051
36115
36173
36248
36295
36336
36384
36450
36542
36615
36663
36731
36830
36904
36949
36995
37044
37101
37183
37228
37288
37337
37377
37444
37522
37568
37665
37725
37792
37833
37908
37974
38062
38146
38205
38261
38340
38400
38445
38518
38572
38655
38726
38771
38839
38880
38952
38998
39050
39098
39143
39198
39302
39348
39401
39440
39521
39589
39694
39752
39791
39837
39904
39967
40026
40096
40142
40192
40225
40263
40316
40372
40421
40469
40501
40546
40616
40670
40737
40784
40833
40887
40917
41000
41065
41107
41148
41216
41286
41351
41424
41481
41545
41630
41702
41724
41754
41818
41893
41929
41987
42075
42125
42158
42198
42227
42283
42339
42382
42442
42495
42570
42601
42648
42696
42737
42792
42849
42880
42921
42975
43034
43064
43135
43184
43241
43276
43311
43346
43385
43442
43498
43546
43604
43654
43739
43768
43825
43874
43927
43966
44009
44050
44102
44157
44199
44271
44306
44339
44406
44468
44512
44540
44587
44626
44683
44738
44784
44838
44880
44930
44967
45023
45070
45116
45143
45175
45234
45279
45327
45375
45427
45479
45524
45572
45616
45664
45694
45748
45798
45849
45898
45937
45968
46024
46048
46080
46127
46164
46204
46240
46284
46321
46364
46412
46454
46487
46533
46567
46618
46655
46691
46726
46763
46786
46815
46851
46877
46917
46962
46997
47034
47058
47082
47104
47140
47173
47194
47234
47274
47318
47359
47387
47422
47454
47499
47519
47546
47580
47601
47643
47676
47709
47753
47785
47828
47878
47897
47940
47974
48005
48051
48094
48113
48144
48188
48222
48250
48295
48337
48386
48406
48437
48464
48491
48533
48558
48589
48634
48664
48693
48726
48764
48796
48827
48866
48887
48922
48960
49000
49032
49063
49085
49102
49146
49184
49213
49251
49274
49309
49332
49382
49422
49465
49498
49538
49565
49595
49613
49635
49670
49699
49732
49758
49785
49823
49848
49881
49901
49933
49960
49987
50007
50040
50074
50095
50127
50154
50186
50218
50243
50295
50327
50353
50388
50404
50444
50472
50499
50522
50546
50591
50622
50657
50693
50721
50749
50780
50801
50831
50864
50889
50911
50936
50981
51010
51040
51075
51113
51131
51162
51190
51222
51248
51267
51298
51329
51368
51388
51428
51451
51475
51495
51529
51549
51576
51598
51614
51631
51649
51667
51709
51738
51755
51769
51786
51805
51821
51850
51874
51897
51922
51945
51964
51990
52029
52041
52068
52084
52115
52145
52197
52224
52258
52286
52311
52337
52360
52386
