2
2
2
2
3
3
3
3
3
3
3
3
3
3
3
3
3
3
3
3
4
4
4
4
4
4
4
4
4
4
4
4
4
4
4
4
4
5
5
5
5
5
5
5
5
5
5
5
5
5
5
5
5
5
5
5
5
5
5
6
6
6
6
6
6
6
6
6
6
6
6
6
6
6
6
6
6
6
6
6
6
7
7
7
7
7
7
7
8
8
8
8
8
8
8
8
8
8
8
8
8
8
8
8
8
8
8
8
8
8
8
8
8
8
8
8
8
8
8
8
8
8
8
8
8
8
8
8
8
8
8
8
8
8
8
8
10
10
10
10
10
10
10
10
10
10
10
10
10
10
10
10
10
10
10
10
10
10
10
10
10
10
10
10
10
10
10
10
10
10
10
10
10
10
10
10
10
10
10
10
10
10
10
10
10
10
10
10
10
10
11
11
11
11
11
11
11
11
11
11
11
11
11
11
11
11
11
11
11
11
11
11
11
11
11
11
11
11
11
11
11
11
11
11
11
11
11
11
11
11
11
11
11
11
11
11
11
11
12
12
12
12
14
14
14
14
14
14
14
14
14
14
14
14
14
14
14
14
14
14
14
14
14
14
14
16
16
16
16
16
16
16
16
16
16
16
16
16
16
21
21
21
21
21
21
21
21
21
21
21
21
21
21
21
21
21
21
21
21
21
21
21
21
21
21
21
21
21
27
27
27
27
27
27
27
27
27
27
27
28
28
28
28
28
28
28
28
28
28
28
28
28
28
28
28
28
28
28
28
28
28
28
28
28
30
30
30
30
30
30
30
31
31
31
31
31
31
31
31
31
31
31
31
31
31
31
31
31
31
31
31
31
31
31
31
31
31
31
31
31
31
31
31
31
31
32
32
32
32
32
32
32
32
32
32
32
32
32
32
32
33
33
34
34
34
34
34
34
34
34
34
35
35
35
37
37
37
37
38
38
38
38
38
38
38
40
43
43
43
43
43
43
43
43
43
43
43
44
44
44
44
44
44
44
44
45
45
45
45
45
45
45
45
45
45
45
45
45
45
45
45
45
45
45
45
45
49
49
49
63
63
63
63
63
70
74
74
74
74
74
74
74
74
74
74
74
74
74
82
82
82
82
82
82
82
105
105
105
106
106
106
110
110
125
125
137
137
137
137
137
137
137
139
139
154
154
154
154
154
154
154
154
154
154
154
154
154
154
154
154
154
154
154
157
157
174
174
174
174
184
184
184
189
189
189
189
189
192
193
193
195
220
220
220
227
227
228
228
228
228
245
245
245
245
247
251
251
251
255
255
255
255
255
255
255
255
255
255
255
255
255
256
256
256
256
274
275
275
280
280
280
280
280
286
308
308
308
308
311
342
343
364
364
499
509
509
538
538
554
557
683
683
690
757
761
761
794
799
801
801
802
803
806
944
958
974
974
983
984
1433
1465
1467
1467
1471
1757
1765
1773
1790
1810
1857
1860
1864
1882
1888
1891
1910
1922
2041
2146
2157
2210
2215
2493
2548
4892
4910
5241
5326
5358
5497
5569
5584
5861
5873
5916
5930
6076
6158
6175
6249
6313
6362
6529
6591
6646
6795
6800
6841
6915
7122
7232
7244
7901
7927
7978
8226
8366
8895
8924
9170
9263
9515
9986
10285
10378
10492
10541
10553
10669
10771
10871
11066
11099
11169
11349
11359
11830
12125
12256
12325
12435
12491
12942
13035
13540
13856
13929
14067
14240
14369
14484
14599
14956
15078
15155
15455
15578
15732
15809
15944
15996
16106
16158
16266
16436
16631
16870
16971
17073
17153
17225
17336
17547
17676
17749
17903
17992
18173
18244
18334
18463
18656
18808
18953
19043
19235
19465
19543
19656
19759
19864
19965
20117
20246
20432
20711
20751
20808
20898
21015
21226
21420
21494
21596
21666
21736
21795
21885
21982
22055
22214
22292
22493
22616
22784
22860
22926
22991
23050
23104
23202
23410
23637
23696
23868
23926
23991
24126
24219
24351
24427
24524
24713
24809
24903
24982
25073
25154
25301
25444
25566
25686
25737
25781
25964
26005
26125
26192
26374
26424
26538
26655
26773
26911
27086
27139
27205
27312
27346
27427
27492
27554
27609
27693
27771
27848
27932
28038
28139
28283
28426
28506
28573
28645
28747
28855
28926
28982
29026
29104
29181
29277
29370
29430
29518
29613
29699
29756
29818
29960
30037
30117
30169
30246
30310
30377
30520
30595
30662
30780
30851
30935
31011
31066
31118
31216
31320
31420
31461
31534
31585
31640
31721
31841
31940
32021
32186
32256
32305
32483
32573
32653
32700
32791
32856
32971
33049
33114
33162
33266
33387
33466
33542
33641
33693
33845
33907
33984
34057
34144
34205
34238
34297
34340
34424
34501
34572
34645
34670
34704
34776
34822
34860
34922
34985
35081
35133
35186
35269
35340
35418
35518
35570
35642
35722
35764
35823
35856
35916
35995
36060
36165
36214
36242
36279
36349
36401
36461
36528
36617
36680
36786
36861
36917
37005
37066
37111
37182
37237
37290
37350
37426
37476
37529
37597
37646
37718
37772
37814
37864
37926
38049
38110
38165
38241
38300
38372
38440
38475
38517
38589
38636
38724
38777
38837
38907
38966
38994
39057
39117
39170
39277
39339
39378
39420
39483
39560
39635
39692
39789
39867
39920
39984
40024
40070
40130
40165
40242
40297
40358
40394
40444
40477
40541
40593
40636
40688
40732
40788
40865
40913
41005
41065
41143
41197
41241
41300
41353
41378
41426
41476
41526
41563
41602
41633
41682
41730
41791
41843
41903
41964
42016
42066
42117
42199
42260
42326
42414
42430
42466
42508
42603
42630
42668
42712
42768
42808
42841
42875
42922
42953
43008
43053
43081
43124
43190
43220
43278
43329
43391
43439
43469
43514
43564
43619
43652
43682
43721
43753
43825
43867
43906
43953
44012
44042
44109
44178
44220
44267
44329
44380
44398
44465
44486
44534
44566
44605
44656
44700
44738
44770
44832
44862
44902
44931
44973
45008
45050
45094
45140
45172
45216
45265
45291
45339
45377
45411
45434
45478
45513
45552
45578
45640
45666
45709
45766
45816
45856
45876
45905
45951
45991
46026
46061
46109
46139
46191
46221
46252
46280
46316
46368
46411
46434
46472
46506
46550
46587
46624
46651
46682
46706
46737
46767
46815
46854
46887
46924
46958
46989
47029
47069
47129
47161
47214
47254
47297
47335
47360
47407
47445
47483
47517
47547
47573
47607
47628
47662
47704
47759
47798
47829
47849
47912
47936
47981
48013
48055
48094
48154
48166
48186
48220
48243
48276
48301
48379
48408
48435
48463
48491
48526
48550
48572
48596
48629
48666
48694
48735
48765
48804
48845
48868
48894
48921
48945
48972
49010
49041
49058
49081
49104
49140
49179
49211
49236
49264
49306
49336
49373
49394
49420
49451
49479
49521
49562
49581
49603
49636
49658
49680
49716
49731
49751
49773
49793
49836
49868
49884
49913
49938
49969
49997
50037
50072
50095
50115
50146
50160
50182
50214
50238
50270
50298
50333
50348
50376
50404
50425
50450
50481
50501
50525
50550
50574
50604
50627
50661
50702
50724
50750
50786
50812
50839
50865
50902
50927
50957
50989
51018
51038
51050
51088
51104
51127
51169
51194
51227
51243
51277
51312
51328
51357
51376
51404
51436
51464
51486
51504
51521
51556
51582
51621
51654
51675
51695
51718
51741
51763
51781
51808
51845
51871
51892
51909
51936
51960
51979
51993
52021
52042
52058
