52048
52024
51991
51959
51926
51893
51870
51842
51813
51789
51759
51731
51700
51670
51642
51606
51571
51523
51496
51474
51447
51418
51391
51358
51333
51302
51283
51256
51220
51198
51181
51150
51122
51102
51078
51058
51020
50990
50955
50912
50891
50865
50833
50796
50752
50717
50686
50645
50621
50585
50565
50534
50492
50449
50422
50390
50361
50340
50311
50284
50266
50224
50186
50145
50124
50098
50070
50048
50020
49995
49966
49932
49893
49857
49810
49781
49746
49709
49684
49653
49627
49596
49546
49509
49455
49418
49367
49334
49300
49275
49251
49208
49175
49147
49117
49095
49052
49021
48995
48962
48929
48891
48851
48825
48795
48760
48741
48704
48678
48651
48611
48580
48554
48520
48482
48446
48417
48386
48348
48322
48282
48226
48195
48173
48132
48095
48060
48021
47981
47947
47917
47885
47849
47813
47783
47741
47705
47666
47626
47607
47578
47530
47507
47480
47439
47399
47369
47338
47303
47262
47229
47199
47162
47130
47096
47052
47025
46980
46943
46913
46883
46862
46822
46792
46760
46725
46696
46678
46648
46613
46581
46547
46509
46481
46430
46395
46362
46321
46286
46251
46219
46202
46173
46139
46104
46067
46031
45995
45962
45923
45890
45861
45825
45800
45760
45725
45699
45666
45630
45597
45563
45529
45498
45453
45429
45383
45332
45303
45244
45202
45175
45143
45105
45073
45039
45015
44989
44946
44897
44874
44845
44816
44764
44716
44682
44653
44612
44590
44565
44525
44505
44463
44428
44390
44355
44328
44277
44238
44194
44162
44137
44104
44054
44023
43986
43943
43910
43876
43831
43785
43748
43712
43660
43621
43589
43547
43513
43485
43453
43423
43382
43330
43293
43254
43222
43173
43144
43104
43066
43012
42975
42937
42900
42853
42809
42755
42716
42687
42655
42614
42574
42538
42504
42464
42439
42391
42355
42328
42297
42229
42189
42143
42115
42079
42035
41955
41915
41873
41825
41783
41746
41711
41683
41654
41593
41535
41480
41435
41396
41352
41319
41273
41241
41199
41134
41091
41055
41018
40981
40947
40892
40837
40804
40772
40741
40714
40609
40553
40506
40477
40440
40391
40359
40326
40285
40243
40172
40136
40088
40043
40005
39974
39934
39887
39846
39787
39732
39688
39618
39571
39544
39504
39460
39400
39358
39318
39260
39217
39183
39150
39105
39029
38986
38939
38912
38871
38845
38804
38759
38715
38688
38626
38572
38533
38494
38457
38428
38395
38350
38295
38247
38205
38160
38112
38084
38049
37993
37947
37890
37870
37830
37795
37741
37698
37662
37608
37571
37529
37499
37441
37392
37354
37299
37245
37191
37152
37117
37073
37052
37003
36972
36915
36856
36807
36755
36718
36674
36638
36598
36551
36504
36468
36414
36368
36326
36287
36240
36190
36159
36111
36066
36005
35948
35913
35872
35817
35758
35724
35667
35625
35568
35507
35461
35406
35366
35335
35303
35257
35202
35150
35072
35029
34963
34911
34866
34837
34791
34748
34713
34681
34638
34582
34533
34488
34455
34404
34319
34271
34235
34181
34134
34090
34037
33995
33959
33914
33838
33776
33741
33663
33618
33577
33508
33489
33438
33389
33343
33286
33253
33210
33170
33121
33065
32996
32934
32897
32830
32762
32733
32673
32617
32526
32471
32395
32369
32340
32284
32258
32222
32178
32103
32030
31999
31918
31834
31788
31748
31679
31621
31569
31509
31466
31410
31364
31306
31256
31211
31166
31126
31086
31048
31003
30952
30900
30865
30830
30739
30676
30623
30580
30519
30451
30355
30309
30254
30188
30133
30055
29999
29919
29885
29817
29752
29690
29620
29536
29472
29399
29339
29257
29210
29130
29072
28996
28943
28889
28853
28807
28753
28665
28604
28512
28463
28407
28352
28295
28229
28167
28118
28040
27973
27923
27867
27813
27739
27690
27634
27588
27541
27497
27452
27408
27357
27321
27256
27211
27155
27120
27055
26972
26904
26848
26815
26779
26714
26614
26550
26502
26458
26313
26253
26210
26148
26085
26019
25984
25943
25825
25764
25713
25631
25580
25543
25461
25428
25380
25283
25232
25198
25125
25071
25032
24998
24929
24846
24758
24674
24587
24491
24403
24352
24196
24143
24087
24026
23981
23911
23843
23793
23709
23645
23576
23495
23440
23397
23355
23270
23204
23091
23003
22954
22887
22842
22795
22715
22655
22589
22511
22406
22376
22323
22220
22143
22045
22003
21922
21872
21811
21784
21715
21659
21613
21545
21483
21432
21402
21347
21278
21205
21156
21121
21063
20988
20915
20843
20805
20740
20641
20587
20530
20448
20404
20287
20238
20134
20100
19994
19951
19899
19855
19773
19712
19661
19583
19548
19462
19419
19336
19256
19213
19187
19077
19038
18960
18906
18848
18796
18724
18673
18602
18498
18362
18277
18209
18111
18035
17970
17910
17889
17815
17727
17621
17534
17451
17413
17330
17279
17214
17159
17085
17038
16999
16958
16894
16862
16792
16749
16676
16637
16558
16513
16466
16414
16347
16195
16151
15962
15906
15842
15813
15761
15656
15597
15530
15458
15381
15349
15275
15230
15118
15084
15003
14922
14850
14815
14627
14518
14421
14313
14174
14126
14077
14051
13904
13785
13690
13448
13370
13321
13246
13171
13033
13001
12942
12833
12775
12669
12637
12576
12476
12426
12358
12240
12220
12178
12084
12055
11964
11926
11824
11737
11698
11632
11587
11525
11341
11294
11140
11036
10975
10944
10877
10832
10614
10573
10327
10292
10221
10166
10133
10071
10002
9975
9866
9815
9751
9730
9418
9258
9153
9098
9073
8925
8763
8657
8612
8327
8015
7947
7838
7767
7376
7338
7248
7241
7179
7093
7054
7025
6958
6873
6815
6722
6654
6565
6534
6483
6464
6405
6212
6164
6138
6076
6068
5870
5798
5748
5596
5570
5523
5477
5343
5327
5308
4946
4241
4192
3975
3936
2987
2925
2915
2847
2745
2731
2721
2720
2557
2544
2522
2499
1856
1840
1839
1834
1785
1767
1446
1387
1386
1381
1345
1341
1341
1333
1326
1305
1304
1278
1156
1155
1121
1043
1015
949
942
940
939
939
938
926
925
852
841
841
706
662
662
661
659
657
657
656
648
647
635
634
634
632
631
576
565
561
561
559
557
533
532
532
532
532
531
531
531
526
516
516
516
502
493
477
477
476
476
476
476
454
428
425
421
419
419
419
416
416
412
412
410
409
347
327
326
253
253
251
251
251
251
251
248
194
194
194
194
194
194
194
194
193
192
192
192
191
190
189
189
189
184
184
184
180
180
174
172
169
169
168
164
159
159
159
159
159
155
155
154
153
152
152
152
152
152
149
148
148
148
147
147
147
147
141
141
141
141
141
140
140
140
135
135
134
134
134
133
129
129
129
72
72
72
72
71
71
71
71
71
71
71
71
71
71
71
70
68
68
64
64
64
64
63
63
63
63
63
63
63
50
50
50
50
49
49
49
49
49
49
49
49
49
49
49
49
49
49
49
49
49
49
49
49
49
49
49
49
49
49
49
49
49
49
49
49
49
49
46
46
45
45
45
45
44
43
43
43
43
43
43
43
43
43
43
43
43
43
39
39
39
39
39
38
38
38
37
37
37
37
37
37
37
37
37
37
37
37
37
37
37
37
37
37
36
36
36
36
36
33
33
33
33
33
33
33
33
33
33
33
33
33
33
33
33
33
31
31
27
27
26
26
26
25
25
25
25
25
25
25
25
25
25
25
25
25
25
24
24
24
23
22
22
22
22
22
22
22
22
22
22
22
22
22
22
22
22
21
21
21
21
21
21
21
21
21
21
21
21
21
21
21
21
21
21
21
21
21
21
21
21
21
21
21
21
21
21
21
21
21
21
21
21
21
21
21
21
21
21
21
21
21
21
21
19
19
19
15
15
8
8
8
8
7
7
7
6
6
6
6
6
5
5
5
5
5
5
4
4
4
4
4
4
4
4
3
