52156
52117
52089
52061
52037
52007
51987
51959
51932
51910
51889
51860
51832
51798
51775
51748
51711
51684
51657
51633
51612
51580
51558
51527
51482
51452
51428
51408
51377
51339
51316
51295
51259
51235
51190
51163
51143
51111
51081
51049
51004
50972
50949
50913
50869
50828
50798
50763
50737
50713
50688
50648
50621
50589
50556
50517
50484
50463
50439
50386
50348
50314
50283
50228
50195
50169
50128
50102
50070
50048
50010
49990
49957
49918
49890
49858
49817
49788
49764
49740
49706
49674
49647
49620
49592
49556
49523
49499
49465
49425
49395
49361
49330
49308
49277
49247
49204
49179
49153
49122
49080
49052
49035
49006
48973
48948
48913
48869
48834
48798
48772
48742
48713
48682
48648
48621
48573
48531
48503
48470
48433
48410
48369
48337
48311
48278
48229
48198
48167
48123
48079
48046
48032
48007
47984
47937
47909
47881
47850
47821
47787
47754
47722
47680
47646
47587
47544
47510
47473
47437
47402
47379
47349
47317
47299
47270
47237
47200
47175
47143
47100
47057
47016
46975
46948
46921
46874
46833
46788
46761
46722
46680
46649
46618
46592
46548
46495
46470
46443
46391
46362
46326
46302
46269
46239
46213
46172
46132
46111
46087
46058
46026
45988
45953
45928
45899
45866
45835
45805
45777
45733
45708
45673
45633
45604
45549
45501
45465
45426
45400
45364
45342
45315
45285
45267
45232
45189
45151
45112
45078
45049
45021
44988
44954
44917
44874
44843
44804
44765
44688
44659
44635
44588
44545
44504
44470
44415
44385
44353
44315
44277
44251
44224
44179
44155
44121
44079
44054
44026
43998
43956
43906
43876
43848
43815
43783
43737
43695
43668
43616
43592
43557
43520
43484
43446
43373
43329
43301
43272
43228
43191
43152
43124
43081
43032
43000
42947
42924
42881
42853
42814
42780
42738
42690
42660
42620
42576
42528
42488
42454
42430
42358
42289
42260
42214
42178
42142
42104
42052
42022
41959
41911
41848
41799
41751
41713
41670
41630
41576
41542
41491
41450
41413
41381
41349
41302
41253
41211
41160
41104
41073
41037
41009
40963
40920
40869
40822
40783
40761
40720
40668
40631
40599
40544
40489
40448
40417
40390
40319
40276
40225
40178
40124
40088
40047
40020
39995
39949
39910
39869
39818
39774
39730
39696
39657
39604
39563
39526
39484
39447
39413
39355
39323
39278
39244
39182
39150
39101
39010
38981
38948
38903
38876
38846
38817
38775
38737
38695
38624
38597
38550
38506
38466
38433
38388
38348
38306
38268
38224
38176
38140
38112
38071
38032
37978
37938
37891
37849
37804
37759
37703
37654
37623
37599
37543
37499
37438
37396
37346
37301
37226
37188
37152
37094
37052
37002
36976
36939
36909
36862
36816
36777
36736
36686
36631
36584
36549
36500
36462
36390
36335
36300
36253
36205
36163
36120
36071
36010
35964
35898
35854
35780
35732
35693
35653
35623
35573
35522
35486
35457
35384
35315
35280
35247
35217
35176
35129
35089
35025
34997
34951
34907
34859
34829
34782
34727
34642
34600
34554
34514
34459
34408
34361
34307
34261
34218
34178
34135
34082
34020
33969
33921
33860
33813
33762
33715
33662
33633
33607
33564
33482
33424
33375
33312
33252
33184
33151
33089
33048
32968
32920
32871
32815
32775
32705
32637
32596
32555
32505
32432
32390
32356
32300
32266
32197
32131
32086
32042
31965
31910
31862
31798
31751
31680
31611
31536
31470
31422
31355
31318
31268
31172
31120
31038
30946
30912
30872
30824
30785
30718
30671
30603
30539
30478
30428
30375
30326
30246
30198
30140
30073
29999
29953
29876
29833
29785
29716
29675
29638
29584
29526
29470
29422
29381
29286
29234
29153
29092
29048
28987
28924
28852
28772
28716
28678
28626
28536
28461
28399
28333
28289
28221
28179
28100
28048
27992
27941
27866
27757
27679
27624
27575
27542
27474
27418
27379
27330
27278
27214
27150
27072
27014
26975
26935
26851
26816
26739
26667
26536
26483
26443
26348
26298
26262
26211
26158
26068
26008
25926
25819
25750
25701
25619
25588
25495
25417
25347
25279
25223
25139
25085
25036
24979
24939
24878
24816
24745
24662
24622
24583
24493
24418
24361
24316
24250
24199
24166
24115
24063
23994
23945
23864
23830
23761
23668
23611
23567
23459
23409
23352
23258
23202
23134
23064
22997
22874
22809
22759
22682
22590
22534
22460
22378
22304
22239
22157
22097
22020
21984
21871
21784
21718
21668
21603
21544
21460
21400
21336
21298
21242
21166
21082
20989
20951
20868
20771
20724
20636
20555
20534
20471
20419
20371
20341
20242
20158
20096
20053
19981
19841
19776
19684
19615
19564
19509
19363
19318
19278
19219
19185
19115
19031
18986
18930
18856
18776
18738
18589
18546
18484
18426
18351
18288
18209
18153
18105
18080
18027
17876
17798
17729
17676
17591
17494
17464
17420
17356
17227
17151
17068
17016
16960
16861
16769
16716
16629
16521
16486
16419
16373
16287
16221
16140
16015
15950
15847
15806
15675
15620
15544
15484
15409
15360
15314
15169
15084
15003
14892
14665
14601
14545
14499
14177
14059
13880
13841
13645
13605
13531
13449
13382
13319
13196
13136
12996
12962
12873
12832
12719
12620
12531
12220
12174
12074
12042
11979
11939
11886
11846
11818
11771
11708
11657
11571
11537
11476
11366
11333
11299
11215
11004
10933
10778
10682
10644
10624
10400
10366
10186
10116
9917
9865
9782
9632
9577
9537
9456
9429
9399
9359
9229
9149
9095
8982
8888
8673
8643
8605
8480
8449
8408
8398
8340
8306
8197
8174
8117
8030
7836
7628
7557
7447
7417
7377
7326
7082
7017
6926
6910
6794
6781
6699
6671
6623
6537
6495
6038
5978
5815
5723
5697
5637
5621
5548
5413
5362
5261
5250
5185
5156
5006
4997
4872
4710
4627
2374
2367
2360
2347
2256
2251
2192
2187
2180
2162
2160
2152
2086
2014
1958
1951
1934
1421
1415
1413
1396
1322
1321
1122
1098
1059
973
973
928
787
784
770
729
728
728
727
660
521
521
520
520
520
489
487
487
487
487
487
487
380
377
360
360
359
358
358
358
358
346
346
310
300
300
297
287
287
287
286
285
285
280
280
280
280
279
279
254
247
246
246
246
246
245
245
227
226
226
225
222
221
221
221
220
219
219
219
219
218
197
197
197
197
196
196
195
189
189
189
189
189
189
189
189
189
189
189
188
187
185
185
183
177
176
164
164
164
164
164
164
164
164
164
164
163
163
163
163
163
163
163
162
158
158
158
128
128
128
128
128
128
128
128
128
126
126
126
125
91
91
91
85
85
85
85
85
85
85
85
85
85
85
85
75
75
75
75
75
74
74
74
74
74
73
70
70
70
70
70
70
70
49
49
49
49
48
48
48
48
48
48
48
42
39
39
39
39
39
39
39
34
34
34
34
34
34
34
34
34
34
33
33
33
32
32
32
32
32
32
32
32
32
30
30
30
30
30
30
30
30
30
30
30
30
30
30
30
30
30
30
30
30
30
30
30
28
28
28
28
28
28
28
28
28
28
28
27
27
27
27
27
27
27
27
27
27
27
27
27
27
27
27
27
27
27
26
26
26
26
26
26
26
26
26
26
26
26
26
26
26
26
25
25
25
25
25
25
25
25
25
25
25
25
25
25
25
25
25
25
25
25
25
25
25
25
25
25
25
25
25
25
25
25
25
25
25
25
25
25
25
25
25
25
24
24
24
24
14
14
14
14
14
14
14
14
14
14
14
14
14
14
14
14
14
14
13
13
13
13
13
13
13
13
11
11
11
11
11
11
11
11
11
11
11
11
11
11
11
11
11
10
10
10
10
10
10
10
10
10
10
10
10
10
10
10
10
10
9
9
9
9
9
9
9
9
9
9
9
9
9
9
9
9
6
6
5
5
4
4
4
4
4
4
4
4
3
3
2
