2
2
2
3
3
3
3
3
3
4
4
4
4
4
4
4
4
4
4
4
4
4
4
4
4
4
4
4
4
4
4
4
4
4
4
4
4
4
4
4
4
5
5
5
5
5
5
5
5
5
5
5
5
5
5
5
5
5
5
5
5
5
5
5
5
5
5
5
5
5
5
5
5
5
5
5
5
5
6
6
6
6
6
6
6
6
6
6
6
6
6
6
6
6
6
6
6
7
7
7
8
8
8
8
8
8
8
8
8
8
8
8
8
8
8
8
8
8
8
8
8
8
8
8
8
8
8
8
8
8
8
8
8
8
8
8
8
8
8
8
8
8
8
8
8
8
8
8
8
8
8
8
8
8
8
8
8
8
8
8
8
8
8
8
8
8
10
10
10
10
10
10
10
10
10
10
11
11
11
11
11
11
11
11
11
11
11
11
11
11
11
11
11
11
11
11
11
11
11
11
11
11
11
11
11
11
11
11
11
11
11
11
11
11
11
11
11
11
11
11
11
11
11
11
11
11
11
11
11
11
11
11
11
11
13
13
13
13
13
13
13
13
13
13
13
13
13
13
13
13
13
13
13
13
13
13
13
13
13
14
14
14
14
15
15
15
15
17
17
17
17
17
17
17
17
17
17
17
17
17
17
17
17
17
17
17
17
17
17
17
17
17
17
17
17
17
17
17
17
17
17
17
17
17
17
17
17
17
17
17
17
17
18
18
18
18
19
19
19
19
19
20
22
22
22
22
22
22
22
22
22
22
22
22
22
25
25
25
25
25
25
25
25
25
25
25
25
26
26
26
26
26
28
30
30
30
30
30
30
30
30
30
30
30
30
30
30
30
31
31
31
31
31
31
31
35
35
35
35
35
35
35
35
45
45
49
49
49
49
49
49
49
50
50
50
50
50
50
53
53
53
53
53
53
53
53
53
53
53
53
53
53
53
53
53
53
53
53
53
53
53
53
54
54
54
54
54
54
54
54
54
54
54
54
54
59
59
59
59
59
59
59
59
59
59
59
59
59
59
59
59
59
59
59
59
59
61
61
61
61
61
61
61
61
61
61
61
61
61
61
61
61
61
61
61
61
63
63
63
63
63
63
63
63
63
64
64
64
64
64
64
64
64
64
64
64
64
64
64
64
66
75
75
75
75
75
75
75
75
80
80
80
80
80
80
81
81
81
81
89
90
90
104
104
104
104
104
104
104
104
104
104
104
104
104
104
104
104
106
106
106
106
121
140
140
140
140
140
140
140
140
140
141
141
141
141
141
141
141
143
147
147
152
157
157
157
157
157
157
157
161
161
161
161
161
161
161
161
161
161
162
188
188
188
201
201
201
201
202
206
206
206
206
206
217
398
430
461
525
525
525
562
563
563
563
582
591
603
604
605
619
619
683
685
792
796
804
818
828
866
867
867
884
884
885
894
896
942
942
1005
1006
1418
1418
1432
1432
1432
1433
1434
1448
1448
1451
1452
1452
1458
1460
2081
2109
3186
3190
3246
3336
3343
3370
3404
3538
3656
3699
3782
4959
5017
5521
5563
5809
5909
5950
6199
6265
6450
6456
6743
7053
7196
7201
7283
7383
7460
7498
7636
7718
7818
7861
8080
8109
8142
8192
9838
10020
10079
10151
10195
10476
10538
10809
10899
10962
11058
11189
11221
11383
11434
11645
11840
11916
12360
12406
12501
12573
12646
12756
12863
13123
13297
13422
13620
13656
13908
13977
14080
14122
14217
14287
14461
14518
14649
14786
14846
14890
15025
15069
15161
15400
15507
15693
15731
15870
15940
16218
16362
16577
16701
16977
17236
17301
17448
17523
17690
17770
17906
17989
18102
18320
18413
18564
18612
18803
18868
18923
19002
19066
19148
19243
19353
19552
19710
19789
20070
20178
20319
20508
20604
20700
20825
20988
21097
21161
21306
21448
21630
21695
21776
21884
21998
22047
22165
22452
22523
22591
22710
22834
22934
23043
23153
23262
23352
23451
23503
23592
23772
23863
24032
24182
24276
24399
24542
24651
24747
24865
24946
25019
25126
25247
25398
25455
25558
25616
25710
25831
25895
25989
26159
26310
26393
26549
26738
26853
26924
26991
27142
27206
27325
27394
27476
27568
27666
27743
27832
27947
28003
28049
28154
28279
28343
28424
28543
28625
28687
28786
28911
29008
29070
29152
29361
29437
29564
29642
29703
29861
29972
30101
30169
30239
30303
30380
30440
30575
30677
30795
30951
31044
31113
31183
31246
31335
31447
31488
31578
31642
31751
31840
31905
31966
32027
32079
32137
32198
32245
32330
32410
32492
32581
32636
32772
32855
32911
32959
33059
33115
33221
33299
33354
33449
33547
33646
33732
33808
33875
33944
33997
34052
34094
34151
34224
34306
34369
34421
34477
34509
34613
34700
34761
34813
34883
34964
35019
35101
35169
35264
35362
35402
35464
35498
35572
35627
35683
35735
35786
35878
35916
35985
36082
36150
36241
36317
36399
36474
36509
36577
36675
36739
36798
36878
36944
37014
37074
37124
37175
37245
37298
37369
37413
37461
37518
37603
37677
37734
37786
37823
37856
37939
38012
38056
38102
38174
38285
38356
38401
38460
38511
38571
38647
38730
38806
38880
38935
39000
39047
39081
39145
39183
39283
39339
39380
39452
39513
39572
39617
39656
39698
39777
39823
39853
39893
39930
40009
40095
40142
40206
40246
40311
40374
40421
40462
40521
40582
40656
40687
40727
40771
40807
40897
40964
41007
41040
41103
41159
41236
41285
41352
41427
41471
41500
41566
41614
41680
41753
41801
41865
41915
42007
42078
42129
42166
42204
42273
42304
42347
42411
42447
42503
42561
42599
42659
42708
42766
42806
42849
42904
42938
42979
43019
43070
43094
43124
43153
43195
43226
43269
43317
43390
43435
43480
43524
43558
43599
43638
43683
43733
43782
43823
43870
43896
43959
43989
44054
44086
44131
44159
44206
44255
44311
44361
44418
44468
44520
44575
44616
44657
44716
44767
44807
44863
44897
44942
44966
45014
45071
45127
45160
45209
45248
45301
45330
45376
45391
45417
45453
45485
45517
45557
45591
45635
45691
45734
45777
45814
45859
45910
45943
45978
46002
46034
46074
46124
46152
46180
46218
46249
46296
46336
46378
46428
46453
46498
46535
46567
46594
46638
46674
46707
46738
46773
46817
46856
46884
46936
46975
47023
47041
47069
47106
47146
47180
47223
47276
47308
47334
47370
47392
47423
47441
47461
47486
47516
47549
47585
47621
47643
47680
47704
47727
47757
47791
47827
47845
47869
47896
47939
47969
47989
48032
48076
48115
48144
48179
48206
48252
48283
48318
48350
48390
48436
48461
48481
48516
48551
48588
48627
48659
48678
48702
48732
48762
48811
48843
48867
48887
48924
48945
48970
48996
49046
49073
49101
49152
49186
49216
49244
49266
49307
49331
49356
49388
49418
49433
49481
49514
49562
49594
49617
49653
49687
49720
49744
49771
49821
49840
49860
49916
49936
49963
50019
50047
50080
50102
50130
50154
50184
50226
50253
50275
50314
50352
50376
50408
50432
50458
50482
50505
50531
50564
50591
50616
50642
50665
50698
50732
50759
50803
50828
50862
50877
50891
50915
50947
50969
50998
51021
51049
51072
51102
51123
51137
51158
51188
51209
51239
51270
51285
51306
51341
51378
51403
51418
51439
51461
51480
51502
51521
51540
51572
51589
51610
51634
51662
51692
51716
51744
51759
51802
51827
51859
51892
51921
51943
51963
51989
52026
52057
52090
52113
52147
52174
