2
2
2
3
3
3
3
3
3
3
3
4
4
4
4
4
4
4
4
4
4
4
4
4
4
4
4
4
4
4
4
4
4
4
4
4
5
5
5
5
5
5
5
5
5
5
5
5
5
5
5
7
7
7
7
7
7
7
7
7
7
7
7
7
7
7
7
7
7
7
7
7
7
7
7
7
7
7
7
7
7
7
7
7
7
7
7
7
7
7
7
7
7
7
7
7
7
7
7
7
7
7
7
7
7
7
7
7
7
7
7
7
7
7
7
7
7
7
7
7
7
8
8
8
8
8
8
8
8
9
9
9
9
9
9
9
9
9
9
9
9
9
10
10
10
10
10
10
10
10
10
10
10
10
10
10
10
10
10
10
10
10
10
10
10
10
10
10
10
10
10
10
11
11
11
11
11
11
11
11
11
11
11
11
11
11
11
11
11
11
12
12
12
13
13
13
13
13
13
13
13
13
13
13
13
13
13
13
13
13
13
13
13
13
15
15
15
15
15
15
15
15
15
15
15
15
15
15
15
15
15
15
15
15
15
15
15
15
15
15
15
15
15
15
15
15
15
15
15
15
15
15
15
15
15
15
17
17
17
17
17
17
17
17
17
17
20
20
20
20
20
20
20
20
20
20
20
20
20
20
20
20
20
20
20
20
20
20
20
20
20
20
21
21
21
21
21
21
23
23
23
23
23
23
23
23
23
23
23
23
23
23
23
23
23
23
23
23
23
23
23
23
23
23
23
23
23
23
23
23
23
23
23
23
23
24
24
24
24
24
24
24
24
24
24
24
24
24
24
24
24
24
24
24
24
24
24
24
24
24
24
26
26
26
26
26
26
26
27
27
27
27
27
27
27
27
27
27
27
27
27
31
31
31
31
31
31
31
31
31
31
31
31
31
31
31
31
31
31
31
31
31
31
31
31
31
31
31
31
33
33
33
33
34
34
34
34
34
34
39
39
39
39
39
40
40
40
40
40
55
55
56
69
69
69
69
69
69
69
69
69
69
69
69
69
69
69
69
94
95
95
95
95
95
95
95
95
95
95
95
95
95
95
95
95
95
95
95
95
95
95
96
96
96
96
96
96
97
97
97
97
97
97
97
97
97
110
110
112
112
112
112
112
112
112
116
116
116
118
118
118
118
172
172
172
172
175
175
175
175
175
175
178
178
178
178
178
306
306
306
306
306
307
308
308
308
308
308
308
308
308
308
308
309
310
310
311
312
312
312
312
350
350
350
350
351
351
352
353
353
353
356
359
359
363
365
365
365
365
365
365
365
365
366
366
367
367
368
368
368
368
368
369
369
369
372
372
372
379
385
385
385
386
386
386
386
387
387
390
391
395
397
397
397
402
402
402
402
403
404
406
452
452
453
469
474
474
474
476
534
534
540
540
540
541
546
549
549
577
578
578
580
581
586
587
587
615
618
628
630
630
645
645
647
745
747
747
820
820
822
823
829
829
830
834
837
868
1251
1395
2739
2745
2771
2782
2802
2819
2820
2837
2839
2937
2974
2979
2987
3007
3010
3053
3326
3470
3474
3853
3920
3950
4187
4324
4400
4567
4648
4758
4765
4890
6826
6877
7003
7136
7162
7835
8014
8080
8578
8823
9114
9191
9308
9388
9721
9889
10196
10611
10824
10874
11112
11183
11448
11620
11736
11816
11930
12302
12357
12466
12561
12794
12857
12891
13088
13193
13367
13641
13763
13964
14249
14311
14514
14673
14744
14917
14950
15168
15316
15615
15722
15833
16049
16322
16433
16545
16739
16849
16935
17320
17373
17490
17652
17767
17872
18047
18125
18190
18383
18505
18644
18798
18895
18965
19058
19217
19347
19678
19953
20035
20103
20184
20243
20525
20667
20721
20752
20826
21007
21090
21192
21304
21367
21443
21573
21681
21829
21947
22070
22158
22256
22406
22542
22631
22705
22770
22884
22983
23097
23240
23340
23469
23607
23714
23859
23940
24055
24222
24297
24376
24454
24559
24612
24681
24797
24885
25039
25089
25257
25334
25430
25576
25656
25742
25830
25889
25973
26041
26112
26203
26285
26360
26443
26510
26616
26667
26739
26801
26920
26993
27099
27192
27264
27358
27418
27493
27548
27584
27758
27873
27927
27981
28142
28224
28295
28401
28522
28613
28721
28868
28943
29042
29116
29194
29262
29337
29412
29577
29657
29803
29898
29953
30025
30112
30215
30266
30394
30480
30543
30604
30812
30889
30969
31014
31052
31130
31241
31351
31431
31574
31708
31776
31847
31947
32010
32132
32197
32355
32460
32519
32618
32689
32746
32804
32849
32890
32950
33018
33105
33160
33282
33337
33446
33539
33598
33660
33751
33849
33925
33992
34079
34148
34245
34311
34389
34476
34563
34626
34711
34786
34845
34928
35018
35087
35153
35212
35251
35298
35350
35462
35528
35603
35649
35722
35770
35815
35879
35985
36025
36114
36169
36204
36255
36338
36425
36490
36544
36615
36689
36784
36871
36925
36993
37061
37169
37207
37281
37349
37390
37456
37524
37573
37643
37693
37739
37785
37841
37900
37960
38037
38094
38151
38180
38261
38304
38366
38446
38524
38566
38612
38654
38724
38754
38805
38870
38922
38968
39033
39081
39110
39199
39265
39346
39406
39488
39541
39577
39641
39714
39798
39884
39955
40020
40061
40142
40193
40256
40328
40407
40465
40506
40571
40657
40688
40759
40795
40820
40845
40899
40950
40978
41034
41114
41187
41248
41321
41374
41404
41476
41525
41596
41665
41712
41747
41783
41821
41860
41916
41945
41980
42019
42102
42166
42227
42282
42345
42391
42436
42466
42522
42550
42596
42640
42700
42751
42805
42850
42883
42934
42998
43048
43113
43170
43202
43240
43282
43326
43384
43418
43459
43495
43537
43582
43615
43663
43713
43766
43801
43840
43881
43914
43943
43969
44019
44067
44097
44120
44161
44213
44241
44272
44321
44349
44386
44427
44461
44519
44549
44574
44640
44700
44746
44810
44859
44891
44926
44986
45013
45069
45101
45152
45181
45225
45269
45317
45347
45395
45430
45452
45507
45533
45579
45629
45671
45733
45765
45783
45816
45850
45901
45924
45962
45993
46038
46078
46107
46145
46174
46218
46251
46284
46339
46384
46419
46451
46484
46514
46551
46591
46631
46653
46687
46744
46779
46825
46862
46903
46941
46973
47006
47049
47075
47112
47151
47218
47257
47301
47323
47362
47404
47432
47462
47504
47530
47562
47586
47619
47645
47684
47728
47759
47790
47846
47891
47931
47970
47996
48031
48073
48111
48149
48184
48208
48230
48258
48283
48316
48340
48374
48430
48454
48479
48516
48531
48560
48583
48626
48655
48668
48705
48738
48764
48790
48830
48869
48903
48943
48981
49014
49035
49055
49088
49108
49156
49175
49204
49225
49255
49279
49332
49359
49386
49421
49452
49482
49501
49532
49556
49582
49597
49634
49652
49699
49720
49754
49783
49807
49851
49888
49920
49951
49968
49985
50008
50029
50053
50080
50107
50142
50170
50210
50241
50262
50289
50310
50341
50367
50402
50440
50461
50482
50510
50536
50558
50575
50594
50616
50641
50680
50713
50747
50769
50789
50806
50852
50887
50907
50931
50962
50986
51009
51043
51064
51084
51121
51153
51186
51223
51247
51271
51291
51307
51331
51365
51393
51420
51438
51458
51479
51501
51517
51537
51552
51578
51615
51633
51669
51695
51715
51731
51754
51774
51804
51824
51841
51886
51915
51940
51956
51999
52023
52047
52074
