52347
52316
52279
52252
52218
52199
52171
52148
52117
52097
52074
52049
52022
51983
51940
51917
51886
51861
51842
51812
51780
51744
51720
51681
51640
51614
51590
51564
51537
51502
51475
51448
51420
51386
51350
51302
51276
51257
51212
51192
51170
51136
51113
51075
51049
51003
50976
50942
50909
50875
50848
50820
50798
50771
50734
50684
50651
50617
50582
50562
50519
50495
50465
50425
50400
50370
50341
50306
50279
50255
50228
50185
50157
50125
50091
50063
50040
50012
49982
49961
49929
49895
49880
49842
49797
49751
49730
49712
49671
49639
49602
49581
49551
49526
49482
49456
49417
49397
49363
49333
49297
49257
49221
49203
49178
49135
49090
49055
49009
48977
48935
48913
48899
48886
48860
48831
48796
48762
48735
48713
48684
48668
48634
48605
48561
48530
48486
48454
48417
48394
48368
48342
48298
48252
48229
48188
48156
48109
48071
48042
48007
47984
47949
47917
47876
47853
47828
47771
47745
47711
47678
47651
47621
47565
47537
47497
47463
47428
47383
47339
47306
47287
47260
47225
47185
47145
47102
47074
47026
46991
46955
46916
46878
46840
46818
46778
46759
46731
46704
46662
46619
46575
46552
46513
46479
46422
46376
46335
46297
46254
46215
46166
46144
46106
46066
46035
46008
45977
45939
45912
45874
45846
45779
45746
45711
45672
45631
45563
45534
45492
45467
45438
45407
45379
45321
45271
45232
45191
45147
45104
45049
45006
44964
44932
44898
44866
44834
44774
44746
44693
44646
44611
44589
44539
44507
44474
44448
44419
44379
44349
44306
44266
44231
44181
44148
44113
44083
44043
44004
43968
43914
43868
43832
43790
43754
43705
43662
43633
43597
43566
43542
43504
43456
43425
43386
43357
43307
43272
43234
43189
43146
43131
43105
43063
43024
42978
42953
42910
42870
42832
42786
42700
42668
42633
42590
42541
42497
42453
42406
42376
42329
42275
42232
42199
42156
42100
42059
41998
41954
41893
41836
41783
41745
41702
41658
41617
41589
41555
41512
41472
41441
41409
41382
41337
41290
41232
41183
41138
41109
41055
41009
40967
40936
40899
40842
40798
40733
40699
40664
40634
40596
40560
40521
40481
40432
40401
40366
40313
40267
40238
40205
40158
40116
40072
40037
39985
39937
39902
39857
39816
39785
39745
39679
39626
39597
39546
39504
39464
39417
39369
39334
39282
39232
39187
39157
39120
39091
39055
39014
38952
38903
38858
38826
38803
38750
38722
38674
38609
38550
38500
38459
38417
38375
38318
38267
38177
38137
38087
38040
37979
37931
37886
37839
37791
37756
37693
37655
37621
37571
37534
37500
37420
37377
37317
37267
37232
37194
37139
37100
37071
37030
36979
36940
36905
36877
36826
36769
36719
36679
36637
36584
36538
36508
36447
36388
36344
36319
36282
36234
36176
36124
36083
36026
35982
35937
35894
35848
35815
35747
35697
35632
35588
35524
35489
35446
35357
35318
35270
35233
35175
35129
35084
34989
34951
34911
34861
34805
34720
34665
34623
34563
34508
34472
34436
34388
34338
34286
34241
34182
34156
34106
34047
33989
33928
33878
33837
33802
33729
33685
33648
33589
33527
33492
33443
33384
33340
33300
33227
33163
33111
33075
33017
32974
32914
32882
32810
32772
32697
32622
32565
32532
32492
32406
32362
32326
32250
32193
32123
32067
32018
31974
31908
31867
31814
31744
31689
31635
31593
31551
31484
31444
31392
31330
31289
31243
31170
31124
31051
31004
30950
30843
30784
30703
30637
30579
30511
30431
30389
30332
30273
30213
30148
30080
30033
29963
29896
29825
29788
29725
29674
29628
29577
29503
29436
29367
29320
29259
29224
29171
29138
29068
29017
28956
28881
28850
28800
28734
28677
28634
28570
28507
28423
28383
28316
28285
28250
28212
28121
28026
27979
27943
27869
27788
27707
27666
27616
27530
27494
27471
27400
27362
27327
27280
27218
27182
27143
27099
27029
26951
26878
26824
26743
26671
26625
26573
26516
26451
26335
26283
26221
26143
26106
26059
25983
25927
25877
25823
25748
25660
25618
25566
25513
25460
25394
25327
25263
25198
25126
25077
24998
24965
24892
24833
24795
24693
24599
24531
24475
24415
24328
24288
24244
24184
24125
24064
23994
23887
23812
23741
23669
23598
23551
23486
23452
23371
23308
23188
23127
23095
23053
23002
22956
22912
22850
22789
22755
22696
22669
22614
22576
22481
22409
22382
22310
22260
22156
22106
22047
21977
21911
21839
21726
21629
21554
21506
21365
21281
21247
21162
21114
21049
20972
20899
20776
20674
20608
20555
20526
20445
20409
20341
20274
20226
20167
20105
20074
20028
19988
19899
19806
19780
19685
19587
19472
19407
19360
19287
19222
19201
19053
18967
18872
18820
18751
18705
18652
18623
18593
18546
18467
18348
18214
18167
18103
17993
17961
17909
17868
17771
17725
17665
17567
17473
17420
17359
17291
17249
17177
17078
17056
17002
16943
16899
16823
16756
16689
16530
16466
16352
16310
16239
16208
16155
16119
16059
15987
15947
15839
15678
15600
15546
15490
15307
15153
15106
15043
14962
14910
14855
14747
14708
14658
14508
14465
14427
14400
14291
14186
14104
14040
13962
13922
13799
13769
13734
13673
13570
13500
13449
13405
13321
13247
13112
13044
12854
12817
12755
12699
12622
12437
12361
12169
12110
12052
11935
11891
11650
11514
11199
11152
10959
10919
10878
10842
10782
10697
10648
10553
10504
10489
10423
10341
10321
10284
10106
9980
9752
9687
9664
9627
9598
9466
9404
9269
9213
9160
9067
9040
8980
8921
8830
8758
8738
8515
8478
8384
8299
8273
8156
8094
8050
8030
7972
7888
7869
7824
7579
7544
7409
7338
7279
7235
7139
6893
6745
6619
6404
6330
6235
6185
6116
6030
5995
5299
5224
5209
5128
4526
4503
4484
4460
4373
4350
4340
4327
4298
4163
4155
4133
4017
4007
3634
3503
3410
3404
3285
3158
3055
2983
2276
2247
2229
2227
1479
1374
1327
1317
1313
1233
1231
1227
1222
1216
1182
1162
1156
1153
1148
1109
1107
1105
1103
987
836
834
832
832
831
630
629
626
623
623
623
611
606
605
603
601
593
593
581
394
394
392
392
392
377
377
376
372
369
369
369
369
361
360
350
348
347
347
328
326
326
320
281
281
281
280
218
212
212
210
210
210
210
201
189
189
189
188
188
188
185
180
180
180
180
180
180
178
178
176
176
176
176
173
172
172
170
170
153
153
153
153
152
152
152
152
152
152
151
150
150
150
145
145
145
143
143
143
143
143
143
143
142
140
140
140
140
140
138
138
138
138
128
128
127
127
127
127
127
127
127
127
127
127
127
126
126
107
106
106
104
104
100
97
97
96
95
95
95
95
95
95
95
95
66
66
66
65
64
64
64
64
64
64
64
64
64
64
64
64
64
64
64
64
64
64
64
64
64
62
62
62
62
62
62
62
62
62
62
62
62
62
62
62
62
62
61
61
59
59
59
59
59
59
59
59
59
59
58
58
58
58
58
58
55
55
55
55
55
55
55
55
55
55
54
54
54
36
33
33
33
33
33
33
33
33
33
33
33
33
33
33
33
33
33
33
33
33
33
33
33
33
32
32
32
32
32
32
32
31
31
31
31
30
30
30
30
30
28
28
28
28
24
24
24
24
24
24
24
24
23
23
23
23
23
18
18
18
18
18
18
18
18
18
18
18
18
18
18
18
18
18
18
18
17
17
14
14
14
14
14
14
14
14
14
14
13
13
13
13
13
13
13
13
13
13
13
12
12
12
12
12
12
12
12
12
12
12
12
12
12
12
12
12
12
12
12
12
12
12
12
12
12
12
12
12
12
12
12
12
12
12
12
12
12
10
10
10
10
10
10
10
10
10
10
10
10
10
10
10
10
10
10
10
10
10
10
10
10
10
10
9
8
8
8
8
7
7
7
7
7
5
4
3
3
3
3
3
2
