2
2
2
2
3
3
3
3
3
3
3
3
3
3
3
3
3
4
4
4
4
4
4
4
4
4
4
4
5
5
5
5
5
5
5
5
5
5
5
5
5
5
5
5
5
5
5
5
5
5
5
5
5
5
5
5
5
5
5
5
5
5
5
5
5
5
5
5
5
5
5
5
5
5
6
6
6
6
6
6
6
6
6
7
7
7
7
7
7
7
7
7
7
7
7
7
7
7
7
7
7
7
7
7
7
7
7
7
7
7
7
7
7
7
7
7
7
7
7
7
7
7
7
7
7
7
7
7
7
7
7
7
7
7
7
7
7
7
7
8
8
8
8
8
8
11
11
11
11
11
11
11
11
11
11
11
11
11
11
11
11
11
11
11
11
11
11
11
11
11
11
11
11
11
11
11
11
11
11
13
13
13
14
14
14
14
14
14
14
14
14
14
14
14
14
14
14
14
14
14
14
14
14
14
14
14
14
14
14
14
14
14
14
14
14
14
14
14
14
14
14
14
14
14
14
14
14
14
14
14
14
14
14
14
14
14
14
14
14
14
14
14
14
14
15
15
15
15
15
15
15
15
15
15
15
15
15
15
15
15
15
15
15
15
16
16
16
16
16
16
16
16
16
16
16
16
16
16
16
16
16
17
17
17
17
17
17
17
17
17
17
20
20
20
20
20
20
25
25
26
26
26
26
26
26
26
26
26
26
26
26
26
26
26
26
28
28
28
28
28
28
28
28
28
28
28
29
29
29
29
29
29
29
29
29
29
29
29
29
31
31
32
32
32
32
32
32
32
32
32
32
32
32
32
32
32
32
32
32
32
32
32
32
32
32
32
32
32
32
32
32
32
32
32
32
32
32
32
32
32
32
32
32
32
32
32
32
32
32
32
33
33
33
33
33
33
33
33
33
33
33
33
33
33
33
33
33
33
33
33
33
33
33
33
33
33
33
33
33
33
33
33
33
33
33
33
33
33
33
33
33
33
33
33
33
35
35
48
48
48
48
48
48
48
48
48
48
48
48
48
48
49
49
49
49
49
49
49
49
49
49
49
49
51
52
53
53
53
53
53
53
53
53
53
53
53
53
53
54
54
54
54
54
54
57
58
58
76
76
76
76
76
76
76
77
77
77
77
77
77
82
84
84
84
84
84
84
85
96
96
96
96
106
106
106
106
106
106
107
107
107
107
107
107
107
107
107
107
113
113
114
114
114
115
115
116
116
125
125
125
125
125
125
126
126
126
126
126
126
126
126
126
126
126
126
126
126
150
150
150
150
150
153
153
153
153
153
153
153
153
153
153
158
158
158
202
205
205
209
209
209
209
209
209
210
210
221
221
221
221
221
225
225
259
259
259
259
259
260
327
328
377
377
435
435
444
448
470
470
475
475
475
509
510
510
510
510
513
576
578
587
587
599
599
601
603
603
603
603
605
605
634
804
814
814
866
1187
1485
1486
1489
1502
1623
1638
1691
1693
1699
1744
1865
1874
2131
2140
2209
2476
2718
2724
3778
3812
3858
3881
3888
3897
3919
3960
3982
4008
4042
4064
4136
4157
4515
4587
4888
5184
5232
5310
5342
5446
6349
6530
6760
6801
6857
7209
7221
7574
7598
7617
8027
8061
8130
8348
8501
8706
8775
8877
9130
9159
9429
9518
9876
9950
10091
10298
10828
10882
10970
11193
11644
11781
11835
11973
12055
12151
12392
12600
12772
12930
13012
13247
13441
13529
13636
13942
14096
14526
14574
14657
14732
14972
15195
15336
15766
15848
15944
16039
16140
16216
16403
16499
16649
16784
16827
17080
17170
17293
17368
17461
17563
17817
17868
18122
18236
18368
18458
18545
18683
18975
19053
19194
19483
19547
19619
19933
20031
20183
20228
20392
20541
20683
20754
20902
20961
21020
21129
21248
21395
21483
21562
21854
21955
22027
22081
22242
22366
22420
22475
22648
22752
22826
23033
23154
23369
23505
23588
23685
23780
23985
24067
24134
24306
24400
24496
24671
24743
24849
24932
24983
25126
25189
25352
25444
25547
25647
25744
25845
25949
26010
26118
26218
26349
26453
26551
26639
26701
26794
26935
27027
27161
27253
27329
27435
27474
27608
27795
27887
27970
28127
28202
28305
28377
28416
28478
28548
28671
28745
28793
28897
28968
29029
29198
29277
29372
29483
29583
29647
29695
29777
29843
29906
29989
30138
30222
30292
30374
30445
30564
30634
30707
30778
30877
31002
31050
31150
31236
31298
31374
31435
31476
31559
31613
31694
31763
31814
31872
31951
31984
32042
32117
32168
32239
32320
32498
32566
32674
32738
32808
32937
33002
33136
33198
33263
33329
33455
33529
33640
33719
33823
33876
34048
34141
34182
34211
34318
34371
34406
34498
34597
34664
34743
34807
34913
34974
35034
35117
35179
35255
35311
35362
35420
35499
35556
35625
35692
35773
35816
35864
35936
35989
36039
36121
36188
36260
36322
36382
36441
36497
36538
36599
36677
36766
36838
36889
36945
37019
37074
37136
37188
37232
37270
37351
37429
37469
37518
37593
37676
37747
37801
37868
37910
37970
38015
38051
38177
38219
38250
38345
38391
38449
38508
38571
38623
38674
38763
38811
38840
38893
38992
39047
39106
39149
39187
39255
39316
39356
39399
39466
39513
39583
39665
39696
39747
39835
39866
39926
39999
40055
40106
40163
40209
40278
40315
40409
40489
40551
40613
40694
40726
40769
40816
40866
40941
40973
41053
41093
41146
41214
41262
41318
41350
41410
41450
41494
41563
41638
41705
41763
41818
41868
41944
41998
42044
42108
42153
42207
42237
42269
42312
42351
42436
42476
42520
42551
42616
42671
42721
42800
42873
42936
42991
43023
43088
43130
43156
43198
43230
43264
43324
43364
43413
43481
43522
43553
43615
43671
43713
43763
43808
43849
43908
43975
44002
44074
44118
44146
44169
44217
44298
44347
44390
44428
44488
44527
44582
44610
44644
44676
44706
44740
44769
44814
44848
44886
44915
44949
45002
45036
45079
45108
45152
45207
45244
45275
45331
45392
45423
45480
45521
45576
45614
45670
45705
45740
45781
45824
45851
45903
45943
45989
46032
46081
46137
46176
46221
46298
46347
46393
46429
46465
46522
46551
46596
46619
46656
46688
46729
46754
46785
46833
46873
46903
46942
46989
47027
47059
47092
47117
47149
47171
47208
47239
47271
47306
47343
47367
47399
47433
47465
47509
47547
47583
47608
47660
47690
47715
47746
47775
47815
47849
47881
47917
47944
47961
47980
47999
48034
48065
48112
48150
48192
48238
48272
48313
48345
48383
48413
48450
48468
48496
48540
48583
48640
48676
48723
48757
48798
48821
48863
48915
48944
48979
49004
49032
49070
49092
49124
49152
49171
49201
49226
49265
49284
49331
49354
49377
49421
49453
49486
49507
49538
49564
49600
49619
49649
49683
49712
49748
49777
49801
49839
49868
49886
49920
49949
49978
49996
50047
50071
50118
50140
50174
50206
50233
50255
50280
50303
50340
50360
50401
50429
50459
50486
50508
50536
50573
50601
50630
50669
50690
50727
50743
50774
50798
50825
50840
50859
50889
50911
50941
50975
51020
51048
51062
51097
51126
51150
51168
51191
51220
51236
51273
51292
51311
51340
51365
51378
51413
51467
51493
51512
51568
51595
51636
51656
51679
51711
51728
51755
51773
51800
51827
51847
51860
51894
51912
51942
51977
51997
52022
52047
52080
52101
52123
52152
52192
52220
52246
52274
52288
52309
52336
52358
52373
