52280
52243
52210
52189
52159
52130
52099
52069
52036
52011
51989
51972
51939
51911
51890
51853
51821
51798
51773
51731
51711
51684
51653
51636
51610
51561
51517
51491
51465
51427
51402
51379
51336
51299
51276
51259
51242
51208
51180
51155
51131
51102
51071
51041
51016
50986
50946
50907
50879
50831
50790
50752
50726
50691
50658
50637
50600
50559
50515
50495
50459
50430
50403
50369
50336
50289
50263
50230
50206
50183
50162
50139
50116
50081
50050
50024
49997
49961
49923
49889
49832
49802
49771
49743
49712
49680
49646
49618
49581
49548
49520
49493
49462
49436
49402
49365
49331
49299
49261
49224
49197
49171
49134
49111
49069
49035
49004
48981
48943
48917
48883
48851
48819
48781
48731
48693
48665
48639
48610
48578
48556
48518
48492
48461
48430
48401
48378
48342
48300
48265
48218
48180
48159
48126
48091
48051
48016
47975
47939
47914
47867
47831
47808
47771
47735
47706
47663
47630
47591
47555
47519
47468
47442
47398
47369
47343
47317
47281
47235
47202
47156
47119
47079
47049
47012
46978
46939
46892
46872
46838
46813
46771
46728
46694
46667
46623
46586
46561
46522
46472
46445
46420
46379
46341
46291
46264
46227
46189
46156
46124
46093
46066
46045
45994
45952
45922
45874
45837
45796
45782
45755
45723
45683
45665
45636
45602
45568
45530
45474
45447
45403
45378
45347
45324
45292
45260
45233
45199
45151
45112
45080
45049
45017
44981
44944
44894
44855
44804
44753
44688
44658
44627
44577
44531
44486
44446
44414
44375
44342
44309
44277
44249
44232
44192
44153
44116
44063
44028
43986
43946
43902
43872
43829
43793
43749
43715
43676
43632
43591
43552
43523
43453
43405
43365
43330
43287
43248
43218
43171
43135
43090
43034
43009
42959
42931
42895
42864
42797
42760
42724
42695
42670
42634
42598
42571
42525
42479
42436
42402
42359
42329
42280
42257
42220
42166
42129
42097
42057
42028
41986
41914
41878
41835
41806
41769
41737
41707
41655
41625
41570
41542
41501
41454
41423
41390
41359
41306
41268
41230
41181
41149
41087
41061
41005
40947
40914
40879
40845
40806
40769
40710
40668
40620
40566
40531
40496
40446
40406
40358
40318
40289
40260
40233
40179
40148
40101
40061
40024
39991
39946
39908
39853
39822
39768
39730
39698
39664
39592
39551
39515
39459
39412
39360
39325
39289
39227
39169
39119
39088
39056
38986
38945
38903
38873
38825
38795
38750
38698
38658
38605
38548
38498
38463
38384
38330
38273
38238
38182
38132
38067
38015
37962
37898
37829
37769
37717
37676
37638
37605
37555
37534
37489
37404
37365
37300
37257
37190
37142
37106
37066
37016
36961
36916
36833
36775
36718
36651
36597
36559
36513
36468
36416
36381
36309
36263
36224
36184
36110
36059
36025
35986
35946
35898
35860
35800
35754
35710
35655
35581
35517
35466
35426
35385
35341
35272
35201
35161
35117
35085
35029
34961
34920
34876
34832
34789
34754
34665
34615
34552
34504
34455
34380
34344
34283
34232
34186
34144
34095
34037
33995
33944
33899
33863
33809
33776
33741
33678
33620
33580
33542
33485
33417
33377
33311
33259
33180
33135
33101
33037
32979
32931
32899
32828
32784
32734
32696
32652
32576
32526
32480
32440
32387
32331
32223
32154
32096
32003
31961
31890
31839
31749
31704
31660
31605
31523
31479
31423
31395
31349
31272
31238
31191
31147
31087
31035
30988
30880
30841
30813
30761
30721
30668
30628
30561
30495
30463
30426
30370
30334
30287
30240
30173
30091
30048
30008
29919
29867
29798
29730
29634
29551
29474
29428
29380
29314
29229
29150
29113
29039
28971
28926
28875
28841
28811
28756
28717
28640
28596
28529
28452
28397
28350
28300
28228
28174
28112
28075
28034
27979
27899
27854
27811
27753
27713
27649
27586
27544
27462
27392
27329
27282
27178
27142
27098
27053
26954
26904
26813
26744
26695
26652
26555
26507
26437
26375
26318
26257
26186
26107
26071
26000
25963
25916
25838
25752
25703
25639
25551
25498
25445
25379
25312
25191
25148
25085
25008
24931
24891
24835
24804
24715
24657
24573
24510
24460
24410
24327
24262
24214
24148
24082
24032
23990
23950
23858
23769
23711
23653
23586
23541
23496
23410
23360
23327
23271
23173
23088
23049
22986
22890
22832
22780
22696
22634
22595
22522
22483
22388
22340
22287
22210
22131
22095
21996
21946
21815
21737
21669
21572
21491
21440
21406
21299
21213
21142
21104
21038
20968
20921
20801
20741
20689
20616
20547
20419
20339
20273
20225
20192
20056
20005
19975
19891
19844
19765
19713
19648
19594
19500
19378
19302
19213
19152
19093
19028
18959
18918
18805
18743
18683
18641
18583
18538
18468
18416
18297
18190
18131
18051
17994
17907
17850
17771
17722
17656
17570
17457
17366
17312
17254
17193
17162
17080
17010
16948
16862
16773
16727
16682
16601
16552
16462
16418
16372
16324
16250
16168
16062
16021
15946
15881
15764
15670
15621
15586
15519
15421
15346
15178
14975
14926
14873
14838
14777
14722
14633
14562
14397
14348
14297
14166
14077
14041
13928
13874
13776
13649
13571
13498
13466
13329
13218
13172
13116
13051
12972
12922
12861
12812
12759
12680
12497
12299
12231
12181
12121
12075
11981
11911
11858
11824
11566
11489
11470
11434
11281
11253
11216
11170
11050
11020
10935
10863
10784
10728
10654
10597
10556
10533
10495
10386
10358
10284
10204
10136
10103
10034
9957
9892
9870
9805
9747
9619
9546
9492
9427
9394
9095
8880
8844
8746
8723
8669
8521
8449
8114
8097
8026
8012
7966
7889
7857
7768
7751
7688
7642
7522
7448
7153
7131
7107
7086
7053
6773
6558
6429
6344
6280
6237
6228
6061
5977
5894
5684
5650
5637
5527
5426
5380
5333
5313
5287
5194
5155
5098
5058
5021
4795
4776
4736
4720
4706
4273
4254
4242
3203
3181
3041
3005
1665
1557
1554
1492
1411
1409
1407
1400
1396
1394
1392
1376
1366
1353
1350
1350
1348
1347
1064
713
696
693
693
693
692
677
677
671
671
670
670
669
668
668
667
665
663
661
471
466
466
466
460
409
409
409
409
369
368
365
364
363
363
363
352
352
351
349
349
346
323
322
320
316
315
290
289
289
289
289
289
289
289
287
284
284
283
283
283
281
280
280
277
277
216
214
214
213
212
211
208
207
207
207
204
204
202
202
202
202
191
191
191
191
191
191
189
185
183
173
171
158
158
158
158
158
152
143
143
143
118
111
110
110
110
109
109
91
91
91
91
91
91
91
91
91
91
90
90
90
90
90
90
90
90
90
90
90
90
90
90
90
90
90
90
90
90
90
90
87
87
87
87
86
86
86
86
86
86
86
86
86
86
86
85
65
65
65
65
65
65
65
65
65
44
43
43
43
43
43
43
43
43
43
43
43
43
43
43
43
42
42
42
42
42
42
42
38
38
38
38
36
36
36
36
36
36
36
36
36
36
36
36
36
35
33
33
33
33
33
33
33
33
33
32
31
31
31
31
31
31
31
31
31
31
31
31
29
28
28
28
28
28
28
28
28
28
28
28
28
28
28
28
28
28
28
28
28
28
24
24
24
24
21
21
21
21
21
21
21
21
20
20
20
20
20
20
20
20
19
19
19
19
19
19
19
19
19
19
19
19
19
19
19
19
19
19
19
19
19
19
18
18
18
18
18
18
18
18
18
18
17
17
17
17
17
17
17
17
17
17
17
16
16
16
16
16
16
16
16
16
16
16
16
16
16
16
16
14
14
14
14
14
14
14
14
14
14
14
14
14
14
14
12
12
12
12
12
11
11
11
11
11
11
11
11
11
11
9
9
9
9
9
9
9
9
9
9
9
9
7
7
7
7
7
7
7
7
7
6
6
6
6
6
6
6
6
5
5
5
5
5
5
5
5
5
4
4
4
3
3
3
3
