2
2
2
3
3
3
3
3
3
3
3
3
4
4
4
4
4
4
4
4
4
4
4
4
4
4
4
4
4
4
4
4
4
4
5
5
5
5
5
5
5
5
5
5
5
5
5
5
5
5
5
5
5
5
5
5
5
5
5
5
5
5
5
5
6
6
6
6
6
6
6
6
6
6
6
6
6
6
6
6
6
6
6
6
6
6
6
6
6
6
6
6
6
7
7
7
7
7
7
7
7
7
7
7
7
7
7
7
9
9
9
9
9
9
9
9
9
9
9
9
9
9
9
9
9
9
9
9
9
9
11
11
11
11
11
11
11
11
11
11
11
11
11
11
11
11
11
11
11
11
11
11
11
11
11
11
11
11
11
11
11
11
11
11
11
11
11
11
11
11
11
11
11
11
11
11
11
11
11
11
11
11
11
11
11
11
11
11
11
11
11
11
11
14
14
14
14
14
14
14
14
14
14
14
14
14
14
14
14
14
14
14
14
14
14
14
14
14
14
14
14
14
14
14
14
14
14
14
14
14
14
14
14
14
14
14
14
14
14
14
14
14
14
14
14
14
14
14
14
14
14
14
14
14
14
16
16
16
16
16
16
16
16
16
16
16
16
16
16
18
19
19
19
19
19
19
19
19
19
19
20
20
20
20
20
20
21
21
21
21
21
21
21
21
21
21
21
21
21
21
21
21
21
21
21
21
21
21
21
21
21
21
21
21
21
21
21
21
21
21
21
21
21
21
21
26
26
27
27
27
27
27
27
27
27
27
27
27
27
27
27
27
27
27
27
27
27
27
27
27
27
27
27
27
27
27
27
27
27
30
30
30
30
30
30
30
30
30
30
30
30
30
30
30
30
39
39
39
39
39
39
39
39
39
39
39
39
39
39
39
40
40
40
40
45
46
46
46
46
46
46
46
46
46
46
46
46
46
49
49
49
49
49
49
49
49
49
49
49
49
49
49
54
54
54
54
70
70
71
71
71
71
71
73
73
73
73
73
73
73
73
73
73
73
76
76
76
76
76
76
76
77
77
77
77
77
77
77
77
77
78
78
78
84
84
87
96
96
96
96
96
96
96
96
96
96
96
96
96
97
97
97
97
97
99
99
99
99
99
99
99
99
99
99
100
102
102
102
102
102
102
102
102
102
102
102
102
102
102
133
133
133
133
133
135
137
137
137
137
137
137
137
137
142
152
152
161
161
161
161
161
161
162
163
163
163
163
163
163
168
168
172
172
172
174
174
174
178
178
178
178
178
178
178
178
178
179
179
179
179
179
179
182
186
186
186
209
209
209
209
209
210
210
210
210
210
273
273
273
273
273
273
273
273
273
275
275
275
279
280
315
315
315
315
316
316
317
317
348
349
349
355
367
373
487
487
494
503
508
509
509
515
516
516
592
627
630
630
641
647
658
661
661
663
663
799
844
847
852
852
884
950
953
979
1024
1024
1024
1026
1029
1029
1037
1104
1153
1399
2392
2400
2418
2422
3893
4179
4190
4413
4521
4596
4670
4837
4957
5130
5315
5416
5551
5616
5620
5633
5716
6688
6716
6759
6841
6874
7017
7089
7171
7237
7399
7422
7753
7790
7963
8064
8102
8343
8413
8505
8592
8639
8674
8831
9349
9384
9426
9473
9816
9868
10085
10151
10482
10858
10871
10951
11231
11467
11550
11676
11744
12021
12105
12125
12297
12326
12415
12449
12567
12645
12755
12822
12921
13123
13238
13476
13609
13808
14151
14451
14601
14905
14973
15167
15301
15394
15465
15693
15787
15884
15959
16053
16222
16394
16470
16572
16645
16678
16869
17027
17125
17206
17312
17346
17440
17575
17886
17998
18118
18212
18316
18437
18520
18642
18781
18859
18929
18976
19102
19249
19364
19455
19564
19696
19751
19840
20050
20166
20341
20398
20544
20735
20847
20987
21087
21224
21353
21453
21765
21944
22109
22197
22305
22424
22549
22635
22783
22992
23198
23328
23474
23518
23647
23708
23829
23926
24046
24130
24207
24331
24442
24571
24660
24762
24904
24992
25054
25115
25243
25350
25414
25567
25661
25773
25853
26009
26112
26231
26308
26345
26471
26646
26775
26873
27011
27094
27194
27298
27477
27535
27598
27663
27726
27855
27932
28027
28124
28177
28246
28339
28428
28523
28604
28645
28737
28907
29009
29148
29228
29320
29401
29478
29555
29611
29724
29791
29920
29998
30089
30190
30244
30328
30381
30454
30598
30708
30780
30876
30942
31000
31064
31167
31219
31292
31380
31432
31494
31552
31660
31695
31742
31896
31972
32100
32182
32250
32367
32450
32503
32551
32624
32691
32755
32838
32894
32958
33022
33083
33152
33263
33342
33438
33532
33646
33752
33800
33833
33899
33943
34037
34126
34253
34318
34368
34432
34484
34535
34595
34666
34718
34791
34849
34921
35024
35135
35184
35240
35339
35395
35468
35524
35616
35701
35743
35779
35847
35889
36026
36116
36213
36294
36374
36447
36506
36553
36622
36726
36809
36860
36926
37013
37090
37180
37228
37312
37413
37489
37546
37626
37700
37754
37836
37882
37920
38005
38031
38085
38141
38203
38232
38297
38364
38411
38442
38508
38602
38666
38737
38819
38951
38980
39046
39099
39140
39198
39258
39298
39362
39417
39475
39563
39630
39682
39746
39812
39865
39904
39966
40017
40077
40139
40240
40300
40348
40393
40425
40459
40507
40554
40611
40658
40724
40794
40830
40886
40949
40996
41040
41098
41172
41230
41279
41311
41352
41426
41462
41501
41596
41642
41686
41732
41779
41823
41895
41979
42031
42081
42153
42197
42236
42282
42360
42384
42431
42485
42525
42566
42622
42670
42719
42778
42814
42853
42896
42940
42984
43037
43098
43138
43179
43249
43283
43335
43377
43441
43499
43519
43558
43590
43624
43689
43719
43759
43800
43844
43895
43955
44009
44033
44079
44109
44163
44202
44251
44285
44340
44392
44423
44476
44511
44538
44576
44654
44704
44773
44820
44860
44896
44936
44984
45044
45076
45119
45166
45212
45255
45299
45327
45362
45418
45437
45490
45548
45578
45614
45659
45711
45774
45806
45866
45890
45932
45998
46075
46107
46144
46177
46211
46234
46275
46309
46344
46369
46411
46450
46477
46504
46551
46585
46636
46675
46707
46759
46805
46859
46927
46956
46997
47021
47045
47078
47127
47152
47187
47224
47255
47295
47321
47367
47394
47442
47482
47524
47550
47598
47622
47647
47698
47718
47746
47796
47828
47871
47898
47944
47975
47994
48021
48055
48094
48127
48140
48171
48210
48234
48260
48290
48318
48345
48376
48409
48441
48493
48523
48555
48575
48607
48646
48665
48695
48717
48757
48797
48821
48844
48889
48911
48934
48961
49006
49037
49081
49107
49143
49167
49200
49222
49248
49266
49290
49320
49346
49373
49401
49426
49455
49486
49514
49547
49572
49601
49630
49668
49706
49738
49770
49801
49826
49852
49884
49918
49945
49978
49993
50012
50041
50080
50124
50154
50185
50218
50251
50282
50306
50332
50363
50390
50408
50436
50465
50505
50516
50550
50564
50585
50610
50625
50636
50655
50674
50704
50729
50754
50775
50799
50827
50851
50870
50890
50912
50935
50971
50994
51024
51046
51077
51096
51127
51166
51182
51217
51239
51271
51306
51333
51354
51377
51408
51431
51453
51487
51508
51528
51553
51568
51586
51618
51646
51665
51709
51743
51756
51779
51811
51827
51843
51869
51904
51925
51945
51966
51999
52023
52051
52080
52101
52126
52149
