52140
52110
52080
52061
52032
52007
51985
51958
51943
51913
51877
51850
51825
51799
51766
51741
51714
51684
51660
51633
51605
51578
51558
51524
51491
51469
51434
51397
51373
51346
51318
51293
51258
51227
51202
51168
51141
51109
51080
51044
51006
50978
50952
50921
50903
50874
50851
50816
50772
50735
50706
50673
50644
50610
50586
50546
50526
50491
50460
50395
50366
50341
50305
50291
50271
50234
50200
50157
50128
50080
50031
49992
49960
49929
49887
49854
49824
49778
49752
49722
49676
49646
49610
49572
49548
49513
49484
49462
49425
49394
49357
49327
49292
49264
49229
49208
49166
49126
49095
49047
49005
48968
48933
48902
48872
48840
48811
48771
48738
48703
48677
48645
48611
48578
48539
48509
48469
48437
48410
48380
48348
48311
48288
48252
48223
48178
48128
48084
48064
48028
47995
47965
47934
47888
47858
47825
47786
47752
47725
47699
47667
47629
47599
47553
47520
47480
47433
47389
47361
47337
47286
47266
47238
47190
47152
47117
47088
47054
47016
46980
46941
46922
46877
46844
46808
46770
46733
46704
46661
46607
46568
46530
46500
46466
46434
46382
46349
46325
46291
46242
46208
46180
46155
46123
46089
46058
46008
45979
45947
45912
45883
45851
45817
45772
45728
45683
45647
45602
45551
45502
45475
45425
45401
45365
45323
45270
45226
45184
45151
45100
45069
45040
45015
44991
44944
44905
44873
44834
44802
44765
44744
44701
44671
44632
44601
44556
44513
44469
44411
44372
44334
44288
44251
44209
44176
44138
44110
44082
44041
43984
43949
43915
43878
43828
43787
43747
43722
43677
43653
43616
43573
43532
43495
43461
43421
43388
43356
43322
43283
43244
43208
43180
43144
43100
43061
43023
43003
42957
42926
42888
42845
42804
42771
42740
42687
42661
42625
42584
42554
42517
42480
42454
42403
42361
42309
42256
42226
42180
42150
42104
42062
41999
41968
41939
41883
41832
41779
41736
41695
41655
41619
41562
41529
41491
41435
41385
41333
41313
41268
41232
41209
41188
41147
41108
41036
40989
40939
40889
40859
40818
40795
40769
40735
40692
40647
40620
40576
40539
40511
40454
40398
40339
40291
40243
40210
40153
40119
40076
40035
39991
39944
39906
39869
39832
39803
39774
39714
39683
39638
39591
39546
39505
39468
39436
39377
39327
39278
39234
39198
39162
39120
39076
39048
38989
38946
38910
38849
38780
38716
38666
38631
38586
38551
38504
38455
38405
38344
38309
38239
38178
38151
38109
38062
38022
37960
37924
37889
37863
37799
37755
37701
37663
37628
37588
37537
37499
37451
37410
37378
37315
37283
37207
37155
37114
37061
37022
36966
36930
36867
36819
36776
36737
36703
36675
36631
36570
36528
36480
36438
36396
36328
36285
36241
36195
36140
36085
36028
35972
35928
35864
35805
35763
35721
35655
35606
35559
35497
35466
35426
35380
35318
35273
35235
35196
35109
35070
35018
34954
34907
34875
34838
34795
34761
34685
34640
34591
34564
34512
34466
34426
34372
34317
34279
34246
34199
34166
34131
34054
34002
33968
33935
33870
33837
33769
33724
33674
33627
33604
33542
33484
33431
33382
33351
33285
33246
33201
33138
33090
33041
32996
32937
32880
32801
32729
32667
32622
32574
32524
32488
32435
32392
32327
32273
32226
32182
32146
32103
32067
32025
31979
31942
31903
31849
31778
31712
31638
31577
31541
31502
31450
31416
31375
31321
31247
31210
31140
31090
31041
30982
30911
30859
30806
30761
30716
30631
30553
30490
30427
30385
30330
30260
30224
30184
30141
30109
30056
30007
29954
29874
29790
29721
29668
29634
29576
29502
29441
29396
29306
29260
29176
29152
29128
29067
29022
28924
28876
28852
28806
28765
28703
28656
28566
28474
28424
28388
28312
28274
28248
28173
28126
28079
28049
27977
27908
27857
27814
27773
27702
27642
27594
27519
27427
27345
27249
27207
27152
27045
27014
26979
26920
26870
26794
26747
26681
26622
26548
26457
26389
26319
26224
26158
26073
25994
25962
25925
25835
25776
25731
25636
25554
25501
25450
25395
25356
25306
25245
25142
25070
25023
24966
24920
24873
24801
24771
24737
24597
24551
24499
24436
24366
24324
24265
24180
24124
24097
24009
23968
23897
23866
23790
23686
23612
23554
23498
23424
23368
23324
23294
23188
23113
23039
22994
22926
22874
22818
22743
22683
22607
22543
22497
22454
22382
22306
22242
22196
22161
22103
21959
21915
21868
21835
21781
21682
21619
21556
21511
21437
21341
21282
21247
21170
21125
21000
20969
20914
20827
20690
20606
20543
20508
20465
20367
20323
20250
20216
20141
20090
20021
19949
19872
19829
19711
19661
19616
19521
19456
19328
19285
19154
19003
18945
18881
18824
18794
18749
18697
18670
18598
18525
18461
18391
18328
18272
18231
18178
18137
17988
17931
17846
17784
17602
17418
17346
17262
17189
17146
17035
16986
16939
16818
16801
16709
16681
16645
16541
16490
16422
16339
16280
16251
16113
16075
16026
15986
15958
15879
15789
15721
15636
15595
15499
15410
15306
15229
15116
15056
15011
14942
14733
14675
14582
14480
14375
14340
14258
14164
14055
14006
13944
13887
13762
13737
13638
13585
13518
13460
13303
13249
13185
13096
13037
12981
12931
12875
12827
12770
12697
12580
12500
12423
12372
12273
12099
12029
11995
11863
11813
11793
11710
11588
11528
11498
11425
11322
11155
11087
11055
11010
10977
10943
10822
10670
10628
10573
10522
10478
10419
10396
10365
10322
10216
10170
10130
10114
9923
9881
9848
9721
9708
9640
9558
9462
9408
9267
9243
9200
9160
9009
8977
8934
8917
8873
8811
8742
8687
8591
8482
8393
8227
8188
8107
8065
7995
7764
7716
7602
7515
7448
7394
7380
6805
6121
6063
6005
5968
5910
5842
5825
5771
5764
5743
5698
5654
5472
5434
4936
4592
4565
4541
4525
4463
4454
4435
4388
4320
4259
4248
3623
3360
3164
3153
3136
3106
3081
2911
2814
2794
2747
2698
2691
2678
2671
2647
2604
2584
2554
2490
1737
1737
1711
1708
1636
1633
1625
1622
1615
1542
1518
1518
813
787
786
781
765
672
670
669
662
662
662
650
568
568
566
566
564
561
560
558
553
446
433
430
429
356
356
356
356
354
348
347
346
346
346
346
344
344
342
342
342
340
331
326
324
324
324
324
322
316
313
309
307
306
305
305
304
293
293
293
283
283
199
199
193
193
163
162
162
159
159
159
159
159
158
144
144
144
144
144
144
143
143
143
143
138
138
136
136
134
134
134
134
134
132
132
132
132
132
132
132
132
131
131
131
131
131
129
129
129
128
128
128
114
114
114
114
114
114
114
111
111
111
111
111
111
111
111
110
110
110
109
108
108
93
93
92
92
92
92
92
92
92
92
92
92
90
89
89
85
85
85
85
84
84
84
84
84
84
84
84
84
84
84
83
83
83
83
83
82
82
82
82
78
78
78
78
78
77
77
77
77
77
76
76
76
76
76
76
76
76
76
76
75
75
75
75
75
75
73
73
73
71
70
70
70
70
70
70
69
69
69
69
69
69
49
49
49
49
41
41
41
41
41
41
41
41
40
40
40
40
39
39
28
28
28
28
28
28
28
28
27
27
23
23
23
23
23
23
23
23
23
23
23
23
23
23
23
23
23
23
23
23
23
23
23
23
23
23
23
22
22
22
22
22
22
22
22
22
22
22
22
21
21
21
21
21
21
21
21
21
21
21
21
21
21
21
21
21
21
19
19
19
19
19
19
19
17
17
16
16
16
16
16
16
16
16
16
16
16
16
16
16
16
16
11
11
11
11
11
10
10
10
10
10
10
10
10
10
10
10
10
10
10
10
10
10
10
10
10
10
10
10
10
10
10
10
10
10
10
10
10
10
10
8
8
8
8
8
7
7
6
6
6
6
5
5
5
5
5
5
5
5
5
5
5
5
5
5
5
4
3
2
