52301
52280
52252
52225
52205
52173
52148
52119
52075
52051
52030
51994
51973
51952
51924
51890
51857
51835
51803
51778
51754
51722
51686
51656
51627
51591
51563
51527
51502
51476
51453
51419
51391
51362
51330
51302
51278
51232
51206
51180
51154
51125
51097
51040
51002
50978
50938
50906
50886
50838
50806
50777
50745
50703
50686
50650
50633
50612
50583
50554
50509
50470
50438
50415
50386
50358
50335
50305
50274
50248
50218
50186
50160
50134
50108
50074
50040
50014
49996
49961
49933
49905
49864
49826
49796
49769
49743
49706
49680
49656
49627
49591
49555
49525
49506
49475
49450
49423
49386
49360
49312
49275
49246
49215
49179
49153
49131
49103
49076
49041
49007
48976
48922
48883
48838
48802
48768
48736
48701
48669
48635
48597
48570
48542
48505
48481
48459
48425
48392
48356
48325
48287
48253
48220
48197
48158
48119
48085
48062
48027
48003
47975
47942
47894
47867
47832
47791
47764
47733
47706
47664
47633
47597
47574
47553
47513
47484
47444
47407
47375
47347
47321
47295
47243
47201
47151
47107
47075
47046
47007
46973
46955
46938
46904
46876
46842
46810
46775
46737
46702
46647
46602
46573
46539
46514
46472
46431
46402
46378
46348
46321
46289
46256
46223
46176
46151
46112
46073
46026
45995
45954
45913
45880
45843
45804
45771
45725
45696
45647
45623
45581
45554
45522
45489
45458
45420
45388
45354
45310
45279
45239
45208
45173
45118
45079
45050
45010
44978
44941
44897
44875
44837
44805
44766
44719
44682
44640
44604
44558
44533
44486
44439
44405
44352
44317
44261
44211
44177
44135
44109
44068
44029
44002
43969
43921
43891
43853
43827
43784
43742
43720
43667
43632
43595
43563
43518
43479
43444
43402
43352
43294
43257
43209
43175
43144
43112
43072
43048
43002
42954
42924
42887
42851
42809
42773
42731
42690
42662
42609
42555
42515
42472
42415
42374
42332
42294
42258
42211
42185
42145
42114
42084
42039
42006
41958
41920
41874
41825
41780
41741
41705
41662
41614
41565
41517
41476
41425
41380
41323
41285
41245
41198
41171
41131
41089
41026
40978
40948
40896
40842
40800
40754
40710
40662
40630
40586
40540
40480
40432
40389
40348
40301
40253
40199
40149
40112
40081
40056
40022
39965
39919
39866
39804
39769
39719
39681
39642
39604
39553
39499
39459
39420
39374
39319
39299
39258
39207
39181
39147
39110
39054
39015
38969
38919
38877
38832
38787
38757
38712
38676
38635
38572
38533
38506
38470
38417
38362
38316
38267
38225
38176
38113
38086
38005
37960
37904
37862
37829
37761
37716
37666
37635
37576
37521
37482
37432
37391
37343
37291
37223
37165
37125
37089
37066
37003
36945
36908
36863
36816
36778
36735
36689
36632
36578
36535
36485
36433
36396
36347
36296
36252
36215
36125
36061
36013
35961
35886
35831
35784
35745
35694
35644
35599
35547
35505
35432
35392
35346
35277
35232
35126
35076
35018
34982
34937
34898
34846
34795
34737
34677
34616
34581
34513
34478
34441
34408
34325
34279
34229
34147
34076
34030
33997
33959
33921
33853
33793
33745
33704
33647
33584
33526
33477
33429
33386
33325
33277
33229
33187
33143
33092
33034
32994
32907
32819
32739
32706
32665
32617
32565
32515
32472
32414
32352
32299
32231
32175
32126
32070
32032
31939
31881
31847
31803
31742
31690
31633
31585
31531
31490
31425
31339
31278
31198
31148
31075
31037
30972
30929
30887
30848
30817
30773
30722
30666
30622
30531
30474
30438
30395
30343
30296
30260
30215
30171
30063
29986
29942
29886
29842
29763
29729
29689
29643
29609
29551
29474
29439
29378
29288
29248
29210
29099
29065
28998
28945
28887
28826
28790
28745
28697
28607
28558
28482
28430
28383
28345
28293
28244
28198
28153
28121
28058
28003
27959
27883
27845
27801
27745
27713
27663
27606
27517
27479
27425
27371
27297
27228
27146
27076
27047
26936
26891
26829
26784
26732
26659
26603
26545
26457
26410
26332
26254
26208
26109
26035
25996
25941
25862
25794
25736
25618
25557
25448
25367
25329
25261
25221
25152
25111
25078
25014
24937
24863
24820
24778
24745
24690
24597
24543
24493
24399
24337
24262
24185
24144
24110
24052
23997
23941
23884
23802
23744
23665
23590
23522
23395
23315
23261
23188
23116
23069
23000
22937
22775
22709
22645
22560
22516
22425
22391
22332
22291
22251
22205
22153
22115
21960
21923
21881
21834
21789
21723
21694
21654
21589
21518
21469
21338
21257
21205
21163
21092
21036
20925
20895
20793
20721
20670
20542
20475
20398
20359
20304
20227
20162
20133
20045
20001
19922
19881
19811
19778
19717
19545
19505
19451
19395
19287
19233
19200
19159
19110
19059
19006
18867
18822
18766
18736
18568
18503
18438
18373
18248
18225
18154
18034
17884
17833
17783
17746
17593
17493
17356
17279
17173
17121
17069
16983
16907
16837
16783
16714
16428
16370
16323
16258
16231
16150
16100
16016
15973
15876
15770
15724
15660
15599
15542
15349
15312
15215
15174
14936
14848
14792
14743
14706
14653
14604
14318
14282
14227
14132
14028
13996
13889
13813
13767
13699
13604
13516
13348
12884
12793
12712
12634
12513
12439
12406
12375
12349
12311
12209
12114
12047
11956
11886
11831
11792
11718
11704
11458
11429
11395
11298
11256
11224
11168
10901
10820
10806
10718
10651
10490
10253
10187
10150
10000
9956
9941
9870
9607
9593
9557
9501
9488
9408
9361
9284
9259
9028
8919
8767
8633
8538
8495
8414
8329
8282
8238
8179
8150
8075
8004
7961
7955
7902
7756
7682
6696
6168
6139
6129
6092
5989
5930
5868
5402
5374
5329
5314
5262
5240
5234
5137
5097
5080
5042
5024
4647
4615
4291
4274
4229
4224
4105
4082
4031
3884
3875
3592
3527
3519
3482
3445
3431
3316
3207
3195
3185
3176
3172
3158
3118
3111
3051
2887
2812
2786
2775
2513
2504
2456
2402
2393
2389
2389
2307
2206
2109
2090
1665
1665
1661
1655
1649
1629
837
816
798
775
774
765
765
754
753
753
751
747
639
638
638
635
635
635
635
634
632
631
631
618
618
613
612
611
611
608
606
605
604
603
603
582
538
538
538
538
486
454
316
315
314
312
306
295
290
290
290
290
290
290
290
264
258
258
258
258
258
258
258
236
235
233
233
214
210
210
179
179
179
178
178
178
178
178
178
178
178
178
156
156
156
156
156
156
156
156
156
156
133
133
133
133
133
133
116
116
116
116
115
115
109
109
109
109
109
106
106
106
106
105
105
105
104
104
104
98
98
98
98
98
97
97
59
59
59
59
59
59
59
58
58
58
58
58
58
57
57
57
57
57
53
53
53
52
52
52
52
51
51
51
51
51
51
47
47
47
47
47
47
47
47
46
38
38
38
38
37
37
37
37
37
37
37
36
36
36
36
36
36
36
36
36
35
35
35
35
35
35
35
35
35
35
32
32
32
32
32
32
32
32
31
31
31
31
31
31
31
31
31
31
31
31
28
28
28
28
28
28
28
27
27
27
27
27
27
27
27
27
27
27
27
27
27
25
25
25
25
25
25
25
25
25
25
25
25
25
25
25
25
25
23
23
23
23
23
23
23
23
23
23
23
23
23
23
23
23
23
23
22
22
22
22
22
22
22
22
22
22
22
22
22
22
22
22
22
22
22
22
22
22
21
21
21
21
21
21
21
20
16
16
16
16
16
16
16
16
16
16
13
13
13
12
12
12
12
12
12
12
12
12
12
12
12
12
12
12
12
12
12
12
11
11
11
11
11
11
11
11
11
11
11
11
11
11
11
11
11
11
11
11
11
11
11
11
11
11
11
11
11
10
10
9
9
9
9
8
8
8
7
7
7
7
7
6
6
6
6
6
6
6
6
6
6
6
6
6
6
6
6
6
6
6
5
5
4
4
4
4
4
3
3
