2
2
3
3
3
3
3
3
3
3
3
3
3
4
4
4
4
4
4
4
4
4
4
4
4
4
4
4
4
4
5
5
5
5
5
5
5
5
5
5
5
5
5
5
5
5
5
5
5
5
5
5
5
5
5
5
5
5
5
5
5
5
5
5
5
5
5
5
5
5
5
5
5
5
5
5
5
6
6
6
6
6
6
6
6
6
6
6
6
6
6
6
6
6
6
6
7
7
7
7
7
7
7
7
7
7
7
7
7
7
7
7
7
8
8
8
8
8
8
8
8
8
8
8
8
8
8
8
8
8
8
8
8
8
8
8
8
8
8
8
8
8
8
8
8
8
10
10
10
10
10
10
10
10
10
10
10
10
10
10
10
10
10
10
10
10
10
10
10
10
10
10
10
11
11
11
11
11
11
11
11
11
11
11
11
11
11
11
11
11
11
11
11
11
11
11
11
11
11
11
11
11
11
11
12
12
12
12
12
12
12
12
12
12
12
12
13
13
13
13
13
13
13
13
13
13
13
13
14
14
14
14
14
14
14
14
14
14
14
14
14
14
14
14
14
14
14
14
14
14
14
14
15
15
18
18
18
18
18
18
18
18
18
18
18
18
18
18
18
18
18
18
18
18
20
20
20
20
20
20
20
20
20
20
20
20
20
20
20
20
20
20
20
20
20
20
21
21
21
21
21
21
21
21
21
21
21
21
21
21
21
22
22
22
22
22
22
22
22
22
22
22
22
22
22
22
22
22
22
22
22
22
22
22
22
22
24
24
24
24
24
24
24
24
24
24
24
24
24
25
25
25
25
27
27
27
27
27
27
27
30
30
30
30
30
30
30
30
30
30
30
30
30
30
30
30
30
31
34
34
34
34
34
34
34
34
34
34
34
34
34
34
34
34
34
34
34
34
34
34
35
35
35
35
35
35
35
35
35
35
35
35
35
35
35
35
35
40
40
40
40
40
40
40
40
40
40
40
40
40
40
42
42
42
42
42
47
57
57
57
57
57
57
57
57
57
57
57
57
66
66
66
66
67
67
67
67
67
67
67
67
67
67
67
67
72
72
72
72
72
72
72
72
72
72
72
72
72
72
72
72
72
72
72
75
75
113
113
122
122
122
122
122
127
127
127
127
127
129
129
129
129
129
129
129
129
129
129
129
129
129
129
129
129
130
130
130
130
130
134
134
134
134
134
134
134
134
139
141
141
142
142
153
153
153
154
154
154
154
155
155
155
155
155
155
155
168
168
168
168
168
168
201
201
201
201
201
201
207
207
207
207
207
207
207
209
214
222
222
222
241
243
254
254
270
278
278
278
278
278
279
300
341
341
341
342
345
345
345
348
349
349
349
349
349
350
369
369
369
370
370
370
370
378
378
384
384
384
406
408
408
409
417
499
502
511
511
511
747
748
768
775
789
1346
1348
1365
1365
1365
1377
1378
1688
1696
1723
1732
1740
1743
1747
1922
1975
2028
2126
2133
2133
2134
2203
2203
2219
2233
3871
3886
3914
3919
4037
4123
4292
4311
4350
4377
4578
4599
4631
5711
6467
6490
8013
8497
8507
8534
8605
8886
8924
8946
9076
9126
9142
9237
9281
9627
9826
10045
10093
10188
10378
10689
10782
10874
10898
11006
11104
11184
11816
12026
12162
12213
12315
12337
12540
12668
12923
13025
13063
13244
13518
13582
13625
13734
13967
14093
14164
14240
14298
14389
14497
14620
14692
14882
14944
14994
15123
15185
15264
15401
15444
15647
15718
15789
15873
15991
16114
16256
16409
16869
17007
17126
17154
17265
17634
17767
17832
17963
18149
18288
18345
18454
18557
18610
18717
18775
18826
19116
19214
19315
19363
19454
19574
19690
19763
19866
19990
20124
20275
20415
20508
20579
20597
20776
20870
20988
21142
21240
21266
21299
21433
21574
21686
21784
21875
21976
22042
22085
22145
22241
22308
22422
22585
22681
22829
22903
23007
23135
23199
23299
23421
23495
23564
23672
23808
23884
23947
23995
24113
24171
24322
24408
24490
24593
24639
24726
24867
24951
24996
25052
25114
25199
25384
25546
25626
25677
25716
25868
26046
26110
26157
26247
26367
26417
26495
26608
26660
26720
26805
26888
27002
27191
27292
27375
27432
27564
27674
27763
27826
27899
28025
28105
28290
28408
28471
28627
28733
28869
28981
29075
29199
29257
29300
29356
29468
29551
29601
29687
29784
29830
29892
29989
30080
30162
30256
30398
30498
30548
30641
30686
30775
30877
30984
31015
31129
31190
31322
31392
31460
31538
31648
31756
31816
31891
31963
32062
32140
32250
32331
32404
32501
32559
32669
32739
32829
32911
32973
33047
33085
33172
33260
33338
33464
33550
33600
33684
33762
33841
33916
34013
34102
34175
34238
34291
34413
34465
34510
34572
34657
34722
34783
34857
34934
35003
35071
35131
35211
35307
35369
35432
35482
35565
35682
35737
35799
35864
35949
36004
36055
36135
36200
36278
36326
36385
36451
36500
36573
36679
36734
36798
36854
36888
36927
37007
37065
37160
37206
37243
37285
37360
37402
37463
37498
37544
37644
37698
37748
37782
37873
37921
38003
38089
38179
38246
38351
38427
38477
38521
38594
38640
38689
38740
38822
38861
38962
39036
39107
39163
39206
39246
39306
39350
39403
39469
39536
39619
39667
39705
39785
39829
39878
39945
40001
40058
40123
40192
40238
40326
40391
40439
40494
40543
40590
40636
40672
40746
40816
40865
40898
40945
40984
41049
41114
41165
41209
41282
41319
41365
41432
41536
41604
41659
41704
41774
41842
41892
41949
42007
42052
42095
42166
42217
42299
42342
42388
42445
42478
42528
42569
42628
42671
42715
42775
42819
42866
42919
42969
43000
43036
43093
43173
43215
43250
43297
43323
43386
43454
43506
43536
43606
43630
43664
43693
43741
43772
43807
43873
43899
43938
43989
44050
44100
44143
44175
44210
44274
44330
44374
44407
44435
44463
44521
44576
44618
44648
44677
44716
44757
44796
44843
44899
44929
44976
45029
45063
45098
45137
45177
45214
45245
45280
45327
45373
45443
45478
45519
45555
45586
45640
45711
45750
45780
45816
45856
45916
45995
46022
46069
46115
46164
46211
46236
46284
46303
46329
46362
46399
46438
46462
46493
46536
46584
46608
46644
46676
46716
46761
46813
46852
46901
46952
46991
47023
47058
47084
47126
47158
47199
47235
47272
47303
47340
47392
47428
47453
47492
47518
47562
47613
47660
47689
47731
47789
47811
47850
47878
47910
47950
47972
48008
48034
48063
48101
48128
48167
48211
48244
48266
48298
48338
48365
48394
48451
48486
48516
48532
48563
48584
48616
48634
48658
48699
48731
48759
48790
48812
48836
48864
48909
48933
48963
48984
49001
49040
49070
49107
49139
49166
49198
49232
49288
49306
49345
49370
49394
49422
49467
49492
49531
49569
49598
49637
49659
49689
49711
49733
49761
49783
49809
49831
49852
49886
49917
49948
49991
50031
50065
50079
50109
50138
50167
50194
50223
50251
50285
50318
50340
50379
50415
50442
50484
50520
50548
50576
50609
50639
50666
50692
50733
50763
50778
50814
50831
50855
50874
50889
50914
50946
50972
50996
51039
51065
51078
51100
51124
51158
51179
51202
51236
51249
51277
51300
51334
51372
51391
51410
51436
51460
51481
51498
51528
51557
51571
51605
51631
51650
51680
51702
51731
51753
51781
51815
51841
51886
51905
51939
51969
51993
52016
52060
52103
52130
52147
52176
52200
52219
52251
52275
52291
52316
