2
2
3
3
3
3
3
3
3
3
3
3
3
4
4
4
4
4
4
4
4
4
4
5
5
5
5
5
5
5
5
5
5
5
5
5
5
5
5
5
5
5
5
5
5
5
5
5
5
5
5
5
5
5
5
5
5
5
5
5
5
5
5
6
6
6
6
6
6
6
6
6
6
6
6
6
6
6
6
6
6
6
6
6
6
6
6
6
6
6
6
6
6
6
6
6
6
6
6
6
6
6
7
7
7
7
7
7
7
7
7
7
7
7
7
7
7
7
7
8
8
8
8
8
8
8
8
8
8
8
8
8
8
8
8
8
8
8
8
8
8
8
8
8
8
8
8
8
8
8
8
8
8
8
8
8
8
8
8
8
8
8
8
8
8
8
8
8
8
8
8
9
9
9
9
9
9
9
9
9
9
9
9
9
9
9
9
9
9
9
9
9
9
9
9
9
9
9
9
9
9
9
9
9
9
9
10
10
10
10
10
10
10
10
10
10
10
10
10
10
11
11
11
11
11
11
11
11
11
11
11
11
11
11
13
13
13
13
13
13
13
13
13
13
13
13
13
14
14
14
14
14
14
14
14
14
14
14
14
14
14
14
14
14
14
14
14
14
14
14
14
14
14
14
14
14
14
14
14
14
14
14
14
14
14
14
14
14
14
14
14
14
14
15
15
15
19
19
19
19
19
19
19
19
19
19
19
19
19
19
19
19
19
19
19
19
19
19
19
19
19
19
22
22
22
22
22
22
22
22
22
22
22
22
22
22
22
22
22
22
22
22
22
22
22
22
22
24
24
24
24
24
24
24
24
24
27
27
27
27
27
28
29
29
29
30
30
30
30
30
30
30
30
30
30
30
30
30
30
30
30
30
31
31
31
31
31
31
31
31
31
31
33
33
33
33
33
33
33
33
33
33
33
33
33
33
33
33
33
37
37
37
37
37
37
37
38
38
38
38
38
38
38
38
38
38
38
38
38
38
38
38
38
38
38
40
42
42
42
42
42
42
55
56
56
56
56
56
56
56
56
56
56
56
56
56
56
56
56
56
56
56
56
56
56
56
56
56
56
56
56
56
56
56
56
56
56
56
58
58
58
61
65
65
65
65
65
65
80
80
80
80
80
80
80
84
91
91
91
91
91
91
91
91
91
91
91
91
91
92
93
93
93
93
93
93
93
93
93
94
94
94
94
94
94
94
94
94
94
94
102
102
102
104
105
105
105
105
105
105
105
105
122
122
122
122
122
122
122
122
122
122
122
122
122
122
122
133
133
133
133
133
137
137
137
143
143
143
143
143
143
144
144
144
146
147
147
147
147
147
148
151
151
151
153
175
175
175
175
213
213
213
213
213
213
229
230
231
231
231
231
326
330
336
339
340
515
515
602
603
603
608
608
608
611
706
706
713
728
728
728
736
736
736
817
823
1097
1100
1106
1106
1108
1288
1299
1304
1304
1311
1311
1356
1364
1384
1386
1387
1447
1447
1539
1884
2016
2223
2226
2268
2273
2293
2388
2452
2503
2524
2878
2898
2905
2973
2985
3068
3074
4028
4124
4197
4213
4222
4245
4439
4500
5063
5156
5191
5421
5433
5619
5622
5684
8050
8102
8371
8476
9339
9393
9450
9595
9747
9879
9918
10009
10049
10104
10161
10242
10345
10708
10931
11021
11328
11558
11697
11899
11988
12096
12226
12290
12654
12800
12905
12947
13182
13256
13300
13360
13460
13541
13603
13663
13864
13924
14023
14125
14174
14390
14581
14674
14704
14814
14889
14962
15122
15232
15502
15537
15623
15710
15759
15914
16036
16221
16322
16427
16737
16897
16995
17253
17315
17525
17632
17785
17844
18090
18227
18348
18454
18539
18670
18744
18826
18870
18989
19105
19360
19410
19450
19515
19811
20297
20443
20553
20634
20727
20868
20978
21092
21151
21223
21308
21469
21523
21562
21744
21862
21950
22058
22165
22281
22337
22569
22654
22771
22864
22962
23120
23213
23272
23411
23486
23563
23613
23638
23727
23850
23945
24061
24178
24268
24410
24517
24622
24697
24765
24850
24952
25019
25151
25242
25377
25490
25619
25649
25696
25737
25799
25891
26170
26301
26421
26582
26765
26922
26983
27089
27157
27211
27266
27418
27484
27548
27612
27806
27991
28089
28230
28366
28431
28553
28672
28813
28899
29004
29069
29172
29241
29311
29367
29493
29549
29650
29745
29799
29934
30023
30178
30309
30462
30517
30576
30729
30837
30913
31049
31116
31168
31259
31334
31395
31468
31558
31663
31822
31875
31987
32041
32091
32200
32247
32340
32450
32499
32585
32648
32734
32800
32900
32981
33026
33165
33231
33322
33395
33505
33551
33620
33686
33794
33845
33926
33971
34047
34100
34168
34268
34353
34422
34480
34527
34595
34689
34760
34803
34853
34932
34979
35051
35099
35172
35241
35332
35414
35502
35547
35646
35703
35778
35847
35943
36018
36087
36176
36220
36272
36304
36345
36420
36472
36509
36623
36714
36800
36891
36949
37001
37068
37112
37203
37270
37364
37405
37488
37545
37622
37699
37754
37806
37885
37943
38022
38073
38139
38179
38284
38325
38381
38448
38501
38568
38648
38679
38733
38796
38834
38880
38942
38999
39069
39164
39225
39274
39330
39390
39432
39489
39553
39603
39646
39751
39802
39878
39937
39999
40038
40092
40139
40186
40276
40340
40398
40490
40564
40615
40650
40700
40753
40804
40858
40880
40936
40980
41052
41097
41154
41208
41281
41323
41398
41445
41503
41585
41639
41664
41716
41791
41827
41851
41923
41977
42002
42056
42085
42147
42183
42214
42246
42277
42330
42399
42470
42530
42603
42628
42669
42700
42756
42825
42892
42950
42981
43034
43062
43107
43161
43220
43248
43291
43338
43394
43446
43493
43527
43595
43647
43701
43730
43775
43824
43866
43914
43958
44004
44057
44105
44133
44156
44205
44228
44281
44308
44351
44397
44446
44483
44537
44576
44610
44675
44702
44749
44801
44852
44903
44961
45003
45058
45094
45135
45189
45228
45266
45336
45380
45406
45459
45499
45534
45563
45618
45664
45695
45741
45777
45798
45831
45867
45911
45938
45989
46031
46091
46143
46183
46235
46266
46298
46335
46371
46404
46444
46483
46535
46567
46610
46625
46668
46733
46766
46791
46825
46886
46914
46943
46996
47028
47070
47089
47132
47165
47192
47244
47297
47340
47383
47415
47435
47493
47524
47580
47620
47644
47673
47713
47759
47802
47832
47876
47907
47931
47973
47991
48038
48066
48101
48144
48190
48228
48262
48296
48340
48370
48397
48432
48480
48508
48552
48591
48632
48669
48690
48714
48766
48798
48833
48861
48904
48927
48951
48978
49010
49043
49066
49105
49133
49156
49190
49221
49253
49287
49317
49346
49368
49389
49414
49434
49459
49482
49515
49561
49587
49617
49632
49673
49711
49738
49774
49801
49819
49856
49898
49931
49961
50007
50042
50075
50103
50140
50167
50189
50220
50242
50276
50306
50334
50359
50393
50421
50456
50491
50533
50578
50615
50633
50684
50706
50740
50764
50792
50816
50859
50891
50916
50938
50960
50981
51013
51029
51051
51084
51105
51132
51148
51172
51191
51211
51234
51257
51288
51325
51343
51385
51419
51444
51479
51511
51530
51554
51582
51613
51623
51651
51668
51682
51716
51751
51772
51789
51819
51845
51872
51899
51915
51955
51967
51980
52013
52039
52050
52081
52112
52130
52145
52184
52205
52228
52245
52265
52297
52312
52336
52363
52394
52414
