52382
52345
52311
52281
52257
52225
52187
52158
52111
52079
52057
52028
51989
51957
51929
51900
51873
51851
51801
51773
51753
51731
51711
51677
51660
51621
51598
51569
51538
51499
51465
51438
51412
51375
51342
51307
51281
51259
51230
51200
51169
51130
51096
51064
51040
51013
50975
50944
50912
50886
50858
50834
50795
50756
50727
50688
50658
50623
50593
50557
50535
50504
50481
50467
50434
50402
50377
50348
50316
50291
50245
50208
50169
50126
50094
50060
50019
49999
49962
49935
49903
49867
49831
49804
49773
49742
49710
49683
49656
49629
49588
49559
49521
49481
49454
49421
49391
49372
49330
49306
49269
49228
49203
49176
49144
49122
49077
49033
49002
48965
48926
48885
48854
48831
48791
48760
48727
48705
48674
48642
48615
48584
48545
48514
48487
48458
48423
48394
48363
48332
48294
48272
48247
48203
48162
48134
48075
48041
47984
47953
47927
47893
47855
47818
47781
47732
47707
47675
47636
47600
47571
47533
47493
47448
47412
47379
47347
47300
47275
47228
47181
47131
47106
47075
47030
47008
46971
46931
46901
46876
46840
46812
46775
46735
46688
46658
46630
46596
46569
46532
46506
46463
46431
46392
46356
46315
46287
46254
46218
46169
46143
46105
46073
46039
45994
45955
45922
45890
45858
45829
45779
45750
45691
45662
45637
45603
45573
45528
45490
45461
45419
45387
45363
45318
45281
45247
45226
45186
45103
45075
45038
45023
44992
44964
44917
44888
44853
44822
44781
44739
44703
44664
44637
44599
44551
44492
44459
44415
44389
44356
44320
44285
44267
44221
44193
44156
44139
44105
44075
44045
44003
43958
43902
43856
43823
43773
43745
43699
43666
43632
43608
43566
43533
43504
43431
43370
43336
43294
43264
43217
43165
43141
43102
43065
43033
43000
42958
42924
42888
42861
42830
42793
42751
42712
42672
42647
42615
42571
42535
42502
42461
42422
42379
42336
42298
42255
42221
42170
42140
42114
42077
42036
41982
41945
41913
41874
41842
41798
41757
41721
41675
41645
41608
41560
41520
41485
41446
41390
41363
41322
41292
41246
41208
41155
41118
41073
41035
40993
40965
40925
40881
40837
40807
40773
40739
40678
40640
40604
40554
40509
40473
40443
40371
40343
40281
40234
40198
40152
40114
40059
40008
39960
39922
39876
39834
39802
39772
39727
39665
39619
39591
39550
39518
39452
39404
39343
39295
39240
39197
39167
39127
39078
39048
39018
38981
38929
38891
38846
38805
38770
38728
38681
38617
38573
38537
38477
38436
38402
38352
38327
38278
38230
38176
38144
38099
38053
38016
37971
37929
37887
37852
37815
37766
37704
37634
37590
37548
37509
37428
37401
37365
37334
37287
37259
37207
37141
37098
37042
36996
36923
36887
36832
36791
36750
36709
36678
36628
36585
36527
36481
36452
36409
36325
36282
36240
36158
36087
36046
35988
35938
35909
35861
35809
35758
35707
35670
35637
35583
35536
35471
35427
35372
35334
35268
35203
35120
35078
35042
34967
34916
34871
34787
34749
34685
34639
34586
34546
34507
34475
34383
34327
34250
34202
34151
34090
34038
33987
33944
33898
33827
33776
33714
33660
33621
33556
33508
33480
33411
33369
33314
33274
33216
33178
33121
33081
33037
32942
32869
32816
32777
32708
32671
32616
32569
32528
32443
32372
32312
32248
32198
32154
32126
32052
31973
31932
31896
31827
31771
31713
31679
31649
31586
31534
31479
31410
31356
31323
31252
31199
31127
31084
31019
30941
30892
30864
30837
30786
30745
30701
30622
30540
30488
30419
30377
30318
30278
30235
30176
30112
30044
29994
29949
29902
29866
29822
29758
29677
29622
29573
29509
29471
29425
29352
29255
29203
29140
29102
29054
29022
28956
28903
28852
28785
28737
28690
28661
28599
28554
28516
28454
28415
28321
28267
28210
28158
28065
28037
27993
27928
27892
27853
27775
27739
27630
27583
27524
27482
27418
27349
27262
27197
27149
27111
27036
26950
26895
26839
26783
26724
26683
26657
26603
26533
26451
26375
26344
26275
26228
26162
26122
26023
25942
25882
25810
25763
25700
25590
25521
25483
25414
25303
25270
25207
25139
25078
25047
24987
24942
24890
24751
24671
24605
24562
24518
24390
24339
24258
24185
24119
24043
23987
23930
23859
23809
23731
23676
23600
23551
23506
23437
23404
23328
23249
23164
23117
23080
22910
22828
22761
22689
22578
22494
22380
22315
22254
22201
22163
22075
21918
21832
21764
21644
21585
21483
21443
21395
21307
21223
21192
21079
21022
20948
20890
20822
20792
20744
20701
20629
20567
20500
20405
20356
20290
20207
20165
20058
20011
19946
19875
19827
19747
19679
19539
19446
19397
19362
19257
19155
19113
19042
18993
18918
18846
18752
18703
18622
18564
18520
18411
18370
18318
18233
18176
18117
18061
17830
17716
17669
17581
17485
17392
17316
17203
17152
17090
17013
16934
16888
16834
16763
16675
16635
16595
16547
16454
16409
16302
16265
16207
16154
16055
16027
15834
15766
15713
15645
15563
15464
15384
15288
15196
15079
15049
14992
14938
14880
14795
14748
14594
14470
14353
14260
14107
14057
14007
13931
13846
13638
13580
13498
13461
13353
13287
13269
13157
13097
12972
12843
12813
12768
12718
12619
12542
12378
12339
12253
12197
12153
12077
11998
11951
11925
11887
11631
11575
11536
11432
11406
10941
10739
10707
10664
10579
10550
10397
10352
10238
9972
9829
9717
9565
9479
9311
9109
9072
9022
8988
8941
8808
8607
8582
8438
8372
8344
8320
8289
8136
8040
8021
7919
7468
7452
7405
7374
7149
7090
7076
6980
3543
3347
3315
3294
3050
3036
3032
3024
3011
2998
2965
2931
2788
2784
2766
2715
2705
2701
2695
2668
2661
2657
2608
2541
2533
2512
2505
2491
2486
2477
2408
2382
1536
1446
1435
1430
1060
1053
1041
1041
1041
1034
1033
1030
1028
1027
1027
1017
1015
1006
1006
1005
1002
1001
1000
1000
998
998
839
835
834
827
826
822
725
723
564
564
564
556
522
522
521
405
405
401
401
400
400
399
399
399
399
399
360
359
340
340
340
339
334
334
334
334
330
330
330
329
328
291
287
287
287
287
285
285
284
284
275
275
275
272
271
213
213
213
213
213
213
213
213
213
213
213
207
207
207
207
204
204
204
204
204
203
203
203
202
202
202
202
194
194
194
186
185
184
184
182
181
181
181
134
134
127
127
127
127
127
127
126
126
126
126
126
126
126
126
126
126
115
115
115
115
115
108
108
104
103
103
102
102
100
89
89
89
87
86
85
85
84
84
84
84
82
82
82
82
82
81
80
80
80
80
80
80
79
79
79
79
71
71
71
71
71
71
71
71
71
71
71
71
71
71
71
67
66
66
66
66
66
65
65
65
50
50
50
50
50
48
48
48
48
48
48
48
47
47
45
45
45
45
45
45
45
45
45
45
45
45
45
45
45
45
45
45
45
45
45
44
44
44
44
44
44
44
44
44
44
44
44
44
44
44
44
44
43
41
41
41
41
41
41
41
41
41
41
41
41
41
41
41
41
41
41
41
41
41
41
41
41
41
41
39
39
38
38
36
36
36
34
34
34
33
33
33
33
30
30
30
30
30
30
30
30
30
30
30
30
30
30
30
28
28
28
28
28
25
25
25
25
25
25
24
24
24
23
23
23
23
23
22
22
22
22
22
22
22
22
22
22
22
22
22
22
22
22
22
22
22
22
21
21
21
21
21
21
20
20
20
20
18
18
18
18
18
18
18
18
18
18
18
18
18
18
18
18
18
18
16
16
16
16
16
16
16
16
16
15
15
15
15
15
15
15
15
15
15
15
15
15
15
13
13
13
13
13
13
13
13
13
13
13
13
13
13
13
13
13
13
13
13
13
12
12
12
12
12
7
6
5
5
5
5
4
4
4
4
4
4
4
4
3
3
2
