52323
52292
52255
52232
52200
52174
52125
52091
52069
52029
51999
51982
51949
51928
51902
51865
51832
51800
51771
51742
51723
51699
51672
51646
51617
51595
51568
51542
51492
51467
51445
51425
51394
51372
51329
51295
51264
51232
51190
51165
51144
51117
51085
51047
51015
50988
50967
50936
50906
50878
50862
50827
50797
50762
50729
50701
50673
50631
50594
50566
50527
50512
50485
50449
50421
50387
50355
50331
50299
50263
50240
50220
50190
50165
50130
50084
50042
50025
49987
49956
49915
49872
49841
49812
49788
49759
49731
49713
49691
49665
49620
49581
49565
49530
49497
49457
49438
49408
49383
49355
49324
49299
49275
49254
49212
49166
49143
49101
49071
49039
49016
48985
48948
48924
48886
48856
48822
48791
48768
48724
48686
48658
48630
48603
48562
48515
48477
48443
48407
48373
48334
48289
48253
48224
48192
48134
48106
48080
48049
48028
47999
47971
47940
47912
47882
47831
47786
47737
47711
47686
47649
47610
47577
47545
47514
47479
47440
47392
47349
47305
47279
47260
47225
47194
47160
47128
47095
47069
47029
46987
46944
46908
46864
46826
46783
46758
46734
46704
46668
46649
46614
46582
46547
46505
46477
46453
46413
46373
46301
46264
46221
46195
46139
46107
46068
46028
45991
45962
45921
45878
45842
45810
45773
45742
45704
45661
45630
45595
45543
45503
45460
45423
45400
45354
45314
45280
45242
45211
45156
45114
45094
45042
44981
44953
44921
44877
44839
44806
44786
44752
44709
44662
44625
44592
44556
44519
44488
44452
44431
44384
44346
44319
44284
44231
44191
44161
44130
44092
44063
44042
44011
43968
43923
43879
43823
43769
43728
43695
43655
43602
43554
43510
43481
43430
43392
43357
43303
43270
43223
43171
43124
43082
43058
43021
42981
42945
42887
42842
42808
42771
42705
42668
42628
42587
42554
42523
42457
42405
42369
42302
42274
42250
42211
42155
42107
42048
42024
41984
41934
41891
41846
41792
41742
41708
41672
41633
41591
41530
41487
41450
41412
41373
41276
41220
41155
41114
41057
41030
40985
40954
40912
40853
40818
40795
40752
40711
40672
40632
40596
40562
40509
40474
40425
40370
40336
40301
40251
40189
40153
40114
40090
40035
39979
39914
39847
39797
39759
39721
39682
39645
39596
39564
39518
39461
39434
39390
39352
39300
39232
39170
39123
39096
39041
38988
38946
38898
38866
38816
38769
38738
38703
38678
38612
38561
38532
38482
38439
38365
38326
38282
38206
38171
38128
38093
38031
37998
37959
37879
37840
37784
37741
37705
37675
37613
37570
37523
37483
37454
37411
37359
37315
37275
37243
37208
37141
37094
37059
36981
36938
36899
36852
36799
36749
36710
36661
36618
36558
36476
36427
36393
36367
36330
36276
36243
36181
36141
36084
36053
36020
35997
35936
35876
35831
35805
35766
35729
35671
35636
35572
35542
35503
35468
35375
35330
35283
35238
35177
35109
35068
35000
34955
34920
34861
34798
34751
34710
34657
34595
34541
34506
34466
34397
34346
34287
34219
34147
34108
34077
34029
33988
33950
33916
33849
33783
33737
33692
33594
33549
33506
33474
33390
33327
33271
33233
33168
33107
33057
32964
32894
32860
32823
32751
32713
32666
32623
32592
32549
32481
32449
32403
32346
32281
32214
32114
32053
31996
31956
31878
31814
31754
31709
31665
31613
31572
31495
31454
31373
31244
31195
31143
31109
31036
30988
30941
30893
30840
30796
30711
30669
30614
30567
30504
30457
30414
30366
30283
30196
30152
30075
30045
29975
29925
29841
29796
29730
29677
29574
29530
29477
29380
29322
29262
29203
29136
29090
29023
28989
28943
28878
28837
28803
28736
28668
28606
28540
28488
28440
28392
28308
28253
28219
28168
28130
28042
27991
27942
27899
27847
27768
27687
27631
27574
27506
27412
27362
27282
27241
27193
27160
27129
27087
27026
26991
26936
26868
26796
26727
26656
26598
26540
26484
26425
26338
26261
26219
26172
26101
26033
25984
25938
25883
25817
25751
25691
25661
25605
25543
25460
25383
25317
25272
25227
25181
25085
25011
24965
24927
24848
24801
24752
24680
24616
24581
24507
24432
24400
24360
24318
24254
24218
24178
24124
24054
23998
23900
23766
23713
23658
23590
23535
23440
23395
23356
23313
23258
23210
23107
23058
23002
22942
22910
22861
22733
22696
22623
22582
22544
22495
22342
22273
22195
22119
22070
22018
21983
21925
21881
21760
21689
21639
21575
21527
21487
21429
21327
21271
21240
21154
21100
20997
20946
20848
20796
20742
20694
20599
20557
20498
20367
20338
20255
20149
20032
19996
19930
19856
19799
19738
19617
19481
19371
19314
19250
19149
19112
19064
19018
18944
18901
18870
18838
18730
18664
18595
18480
18436
18404
18350
18283
18221
18186
18135
18025
17865
17805
17747
17677
17600
17549
17470
17369
17328
17247
17142
17098
17037
16961
16898
16855
16791
16755
16595
16543
16492
16429
16332
16282
16226
16136
16105
16068
16026
15937
15868
15817
15782
15745
15655
15597
15551
15442
15333
15171
14996
14970
14929
14812
14744
14704
14580
14466
14391
14360
14303
14227
14142
14112
14071
13989
13927
13865
13775
13738
13673
13594
13394
13253
13164
13051
12985
12888
12800
12666
12631
12542
12491
12391
12351
12309
12261
12058
12006
11918
11820
11721
11705
11556
11529
11492
11437
11338
11200
11140
11011
10949
10882
10649
10524
10453
10206
10176
10035
9931
9910
9878
9821
9795
9594
9554
9480
9335
9305
9268
9162
9090
8921
8877
8660
8641
8596
8585
8504
8441
8158
8054
7987
7918
7833
7756
7617
7573
7557
7524
7457
7413
7399
7019
6964
6877
6847
6794
6743
6717
6708
6638
6607
6568
6411
6370
6249
6225
5380
5355
5338
5299
5037
4879
4858
4845
4745
4719
4704
4697
4534
4518
4502
4429
4358
4350
4340
4310
4258
4245
4224
4217
4189
4186
4045
3721
3695
3690
3582
3562
3530
3522
3437
3380
3364
3350
3337
3319
3300
2991
2927
2890
2790
2783
2763
2760
2749
2727
2723
2722
2702
2639
2630
2607
2594
2582
2539
2498
2492
1865
1861
1740
1728
1640
1636
1589
1589
1587
1587
1584
1560
1539
1531
1492
1482
1473
1455
1402
1400
1374
1365
1347
1345
1342
1337
1285
1207
1130
1100
1088
1087
1084
1075
1075
1064
1064
790
425
421
421
420
420
419
417
417
409
409
409
409
404
402
400
400
398
398
397
394
394
391
391
391
391
375
334
334
333
333
332
322
322
321
321
321
319
319
316
316
316
313
313
313
222
221
221
189
188
188
188
185
169
169
168
168
168
168
168
159
159
153
153
149
149
149
149
149
147
147
146
145
145
145
145
145
144
144
144
139
139
139
139
138
134
134
129
129
129
129
129
129
111
108
108
108
85
85
85
85
85
85
84
84
84
79
79
69
57
57
57
57
57
57
57
57
57
57
57
57
57
57
57
57
56
56
55
55
55
55
55
55
54
54
53
53
52
52
52
52
52
48
48
46
45
45
45
45
45
45
45
45
45
43
41
41
41
41
40
40
40
40
39
39
39
39
39
39
39
39
39
39
39
39
39
39
37
37
33
33
33
33
33
33
33
33
33
33
33
33
33
33
33
33
33
33
33
33
33
33
33
33
33
33
33
33
33
33
33
33
33
33
33
33
33
33
33
33
33
33
33
32
24
24
24
24
24
24
24
24
24
24
24
22
22
22
22
22
22
22
22
22
22
22
22
22
22
22
22
22
22
22
22
16
16
16
16
15
15
15
15
15
15
15
15
15
15
15
14
12
12
12
12
12
12
12
12
12
11
11
11
11
11
11
11
11
10
10
10
10
10
10
9
9
9
9
9
9
9
9
9
9
8
8
8
8
8
8
8
8
7
7
7
7
7
7
7
7
7
7
7
7
7
7
7
7
7
7
7
7
7
6
6
6
6
5
5
5
5
5
5
5
5
5
5
4
4
4
4
3
3
3
