52101
52065
52027
51997
51966
51943
51921
51899
51870
51832
51812
51792
51749
51725
51701
51673
51631
51607
51593
51567
51543
51509
51456
51436
51401
51371
51355
51324
51306
51281
51246
51213
51185
51151
51110
51083
51061
51028
50996
50964
50943
50909
50880
50856
50832
50789
50749
50728
50697
50670
50641
50606
50570
50548
50509
50482
50445
50410
50379
50347
50324
50298
50269
50243
50212
50164
50131
50098
50082
50054
50031
50001
49978
49939
49907
49871
49836
49783
49753
49721
49694
49670
49646
49618
49591
49562
49537
49494
49467
49441
49409
49373
49349
49331
49292
49258
49223
49196
49159
49120
49091
49062
49031
48984
48955
48930
48905
48884
48860
48825
48801
48772
48736
48707
48664
48620
48564
48529
48490
48467
48427
48391
48346
48315
48296
48259
48238
48207
48157
48120
48075
48042
48003
47967
47949
47911
47884
47852
47807
47775
47736
47710
47683
47647
47619
47595
47563
47530
47491
47443
47415
47384
47339
47300
47258
47212
47188
47156
47129
47096
47051
47014
46983
46934
46907
46876
46850
46827
46790
46754
46715
46684
46646
46606
46570
46532
46498
46457
46420
46383
46352
46307
46277
46243
46203
46175
46144
46107
46079
46043
46001
45938
45897
45857
45811
45779
45748
45716
45692
45659
45618
45580
45544
45519
45486
45456
45407
45383
45355
45322
45294
45250
45216
45176
45149
45115
45079
45059
45011
44971
44927
44894
44861
44813
44766
44725
44674
44645
44616
44568
44534
44507
44443
44399
44359
44330
44287
44254
44208
44167
44127
44094
44021
43973
43934
43909
43870
43831
43795
43756
43719
43661
43625
43586
43555
43526
43497
43452
43405
43344
43312
43259
43239
43200
43152
43107
43076
43039
42976
42945
42908
42864
42833
42788
42754
42721
42684
42645
42587
42557
42528
42489
42453
42406
42357
42327
42287
42249
42203
42168
42122
42085
42043
42002
41956
41916
41879
41856
41824
41789
41759
41725
41659
41623
41585
41538
41474
41425
41389
41349
41317
41289
41240
41199
41140
41077
41042
41012
40959
40929
40900
40872
40829
40771
40736
40698
40668
40628
40587
40545
40506
40474
40424
40394
40327
40281
40240
40200
40138
40077
40025
39984
39945
39915
39890
39857
39826
39790
39750
39708
39669
39632
39566
39539
39495
39434
39400
39356
39305
39259
39203
39150
39119
39081
39022
38978
38944
38909
38876
38825
38773
38728
38664
38634
38587
38549
38508
38452
38411
38365
38312
38274
38221
38181
38139
38104
38057
38030
37974
37929
37875
37833
37794
37736
37687
37651
37617
37566
37527
37497
37473
37433
37373
37340
37299
37245
37194
37153
37107
37067
37006
36963
36923
36880
36818
36761
36727
36683
36622
36586
36547
36519
36439
36395
36356
36299
36234
36158
36122
36084
36020
35982
35904
35859
35790
35741
35703
35656
35604
35512
35451
35408
35375
35336
35271
35236
35165
35126
35073
35035
34997
34962
34891
34854
34805
34754
34724
34677
34619
34547
34498
34451
34391
34332
34296
34228
34186
34136
34075
34022
33971
33935
33878
33829
33787
33747
33714
33635
33600
33535
33477
33438
33394
33348
33297
33263
33209
33162
33097
33054
33025
32951
32896
32846
32786
32735
32642
32589
32563
32472
32427
32385
32338
32256
32213
32164
32115
32059
31995
31897
31862
31815
31771
31728
31687
31649
31612
31549
31506
31458
31362
31302
31261
31206
31151
31120
31052
31006
30949
30918
30853
30822
30738
30681
30643
30624
30580
30536
30488
30450
30375
30314
30275
30233
30182
30121
30047
29990
29920
29861
29802
29760
29708
29635
29589
29508
29453
29353
29308
29237
29198
29160
29112
29027
28988
28925
28874
28807
28761
28716
28659
28593
28561
28516
28472
28415
28379
28339
28279
28201
28140
28035
27946
27861
27806
27756
27671
27612
27542
27482
27427
27374
27347
27292
27215
27161
27127
27072
27008
26948
26907
26843
26796
26752
26684
26621
26546
26490
26439
26381
26327
26272
26230
26184
26154
26064
25990
25900
25763
25711
25612
25553
25511
25479
25411
25343
25276
25235
25203
25156
25083
25013
24950
24909
24843
24806
24775
24748
24700
24647
24618
24526
24437
24382
24313
24189
24111
24048
23976
23917
23873
23811
23715
23641
23573
23492
23417
23359
23301
23259
23158
23128
22965
22903
22839
22761
22632
22591
22456
22407
22349
22318
22254
22119
22042
21982
21890
21834
21737
21694
21659
21596
21541
21513
21387
21339
21292
21234
21175
21128
21064
20988
20857
20823
20749
20680
20604
20548
20454
20397
20357
20286
20182
20097
20033
20003
19934
19831
19793
19751
19688
19626
19583
19511
19456
19400
19345
19264
19202
19153
19104
19057
19009
18984
18820
18759
18721
18670
18615
18514
18476
18361
18286
18190
18155
18113
18036
17988
17919
17873
17836
17722
17576
17478
17406
17249
17173
17012
16954
16884
16855
16803
16772
16727
16661
16544
16500
16438
16376
16312
16264
16211
16093
16029
15947
15889
15788
15711
15630
15552
15464
15429
15360
15243
15164
15120
15062
15004
14958
14818
14759
14717
14609
14565
14513
14469
14442
14388
14341
14048
13887
13787
13656
13602
13498
13470
13383
13321
13275
13192
13158
13091
12979
12924
12898
12866
12780
12686
12617
12377
12312
12286
12260
12181
12112
12066
12019
11762
11700
11652
11618
11562
11509
11456
11345
11307
11255
11209
11179
11119
11091
10956
10765
10599
10521
10480
10444
10390
10191
10113
10096
10081
10017
9947
9910
9859
9540
9487
9468
9377
9302
9273
9238
8805
8459
8438
8357
8326
8276
8219
8183
8142
8009
7994
7864
7784
7752
7732
7684
7626
7599
7363
7330
7248
7206
7178
7138
7066
7049
7017
6950
6918
6892
6884
6836
6230
6178
6145
6069
6011
5967
5839
5817
5780
5667
5605
5580
5428
5391
5273
5228
5065
5021
5007
4993
4956
4913
4861
4737
4125
4089
4063
4056
4034
4019
3940
3663
3607
3577
2936
2930
2919
2888
2875
2866
2863
2772
2739
2631
2566
2559
2542
2431
2424
2389
2380
2350
2347
2128
2112
2082
2079
2077
2066
1397
1391
1371
1367
769
762
762
637
636
636
622
616
615
614
613
604
602
597
597
595
593
593
593
589
589
588
574
449
447
447
444
416
413
367
367
363
363
363
346
346
346
343
343
340
326
325
325
325
325
322
322
322
294
294
290
290
290
290
290
289
286
286
212
210
210
210
210
210
208
208
201
201
201
201
201
201
200
140
140
140
140
140
140
119
119
118
106
106
106
104
104
104
104
104
103
103
103
103
103
103
103
103
100
100
100
99
99
94
94
94
87
87
87
87
87
87
67
67
67
67
67
66
66
66
66
66
66
66
66
66
66
66
66
66
66
66
66
63
63
63
63
63
62
62
62
62
62
43
43
43
43
43
43
43
43
43
41
40
40
40
39
37
37
37
37
37
37
37
37
37
37
37
37
37
37
37
37
37
37
37
37
37
37
37
37
37
37
37
37
37
37
37
37
37
37
37
37
37
37
37
37
37
37
37
37
37
37
37
37
37
37
36
36
36
36
36
36
36
36
36
36
36
36
36
36
36
32
32
32
30
30
30
30
30
30
30
30
30
30
30
30
30
30
30
30
30
30
30
30
30
30
30
30
30
30
30
30
30
30
30
30
30
28
28
28
28
28
28
28
28
28
28
28
28
28
28
28
16
16
16
16
16
16
16
15
15
15
15
15
15
15
15
15
15
15
15
15
15
15
15
15
15
15
15
15
15
15
15
15
15
15
15
15
15
13
12
11
11
11
11
11
11
11
11
11
11
11
11
11
11
11
11
11
11
11
11
11
11
11
11
11
11
11
11
11
10
10
10
10
10
10
10
10
10
9
8
8
7
7
7
7
7
7
6
6
6
6
6
6
6
6
6
6
6
6
5
5
5
5
5
5
5
5
5
4
4
4
3
