3
3
3
3
3
3
3
3
3
4
4
4
4
4
4
4
4
4
4
4
4
4
4
4
4
4
4
4
4
4
4
4
4
5
5
5
5
5
5
5
5
5
5
5
5
5
5
5
5
5
6
6
6
6
6
6
6
6
6
6
6
6
6
6
6
6
6
6
6
7
7
7
7
7
7
7
7
7
7
7
7
7
7
7
7
7
8
8
8
8
8
8
9
9
9
9
9
9
9
9
9
9
9
9
9
9
9
9
9
9
9
9
9
9
9
9
9
9
9
9
9
9
9
9
9
9
9
9
9
9
9
9
9
9
9
9
9
9
9
9
9
9
9
9
9
9
9
9
9
9
10
10
10
10
10
10
10
10
10
10
10
10
10
10
10
10
10
10
10
10
10
10
10
10
10
10
10
10
10
10
10
10
10
11
11
11
13
13
13
13
13
13
13
13
13
13
13
13
13
13
13
13
13
13
13
15
15
15
15
15
15
15
15
15
15
15
15
15
15
15
15
15
15
15
15
15
15
15
15
15
15
15
15
15
15
15
15
15
18
18
18
18
18
18
18
18
18
18
18
18
18
18
18
18
18
18
18
18
18
18
18
18
18
18
18
18
18
20
20
20
21
21
21
21
21
21
21
21
21
21
21
21
21
21
21
21
21
21
21
21
21
21
21
21
21
21
21
21
21
23
23
23
23
23
23
24
26
26
26
26
26
28
28
28
28
28
28
28
28
28
28
28
28
28
28
28
28
28
28
28
28
28
28
28
28
28
28
28
28
28
28
28
28
29
29
29
29
29
29
29
29
29
29
29
29
29
29
39
39
39
39
39
39
39
39
39
39
39
39
39
39
39
39
39
39
39
39
39
39
39
39
39
39
39
39
39
39
39
42
42
42
42
42
42
51
51
51
51
51
51
51
51
51
51
51
51
51
51
51
51
51
51
51
51
51
51
51
51
51
51
51
51
55
55
55
55
55
55
55
61
61
61
61
61
62
62
62
62
62
62
62
62
62
62
62
62
62
62
62
62
62
62
62
62
62
62
62
62
62
62
62
62
72
72
76
76
79
79
79
79
79
79
79
79
79
81
81
81
81
81
81
81
83
84
84
84
84
84
84
84
84
86
86
86
90
90
90
90
90
91
91
91
91
92
92
92
92
92
92
92
92
92
92
92
92
92
92
92
92
92
92
92
92
92
92
92
92
92
92
93
93
93
94
94
94
94
94
94
94
94
94
94
94
94
94
94
94
124
143
143
143
144
144
144
145
145
146
146
198
203
203
203
220
220
220
221
221
221
221
221
221
221
304
304
304
304
304
304
306
307
307
307
308
308
308
309
310
310
310
310
323
323
344
351
351
377
377
377
377
377
378
378
378
378
378
378
379
425
425
428
428
428
447
457
457
459
460
460
462
463
469
469
469
469
470
512
513
513
534
534
534
534
534
536
587
587
589
589
598
629
630
630
1046
1561
1563
1588
1603
1615
1616
1621
2058
2059
2100
3911
3959
3988
4001
4026
4046
4073
4091
4096
4097
4274
4285
4606
4648
4807
5351
5737
5745
5807
5994
6039
6339
6575
6646
6811
6871
6892
6923
6979
7067
7414
7478
7766
7867
7937
8184
8340
8593
8816
8902
8923
9560
9647
9864
9943
10041
10212
10450
10624
10783
10892
11405
11627
11825
12134
12214
12311
12392
12521
12625
13052
13128
13212
13582
13755
13851
13959
14363
14452
14602
14661
14694
14731
14777
14848
15064
15222
15398
15539
15705
15879
15999
16166
16466
16598
16692
16799
17008
17073
17201
17287
17384
17502
17558
17716
17801
17847
17897
17956
18024
18264
18398
18636
18706
18895
18977
19123
19295
19542
19648
19848
19942
20039
20133
20279
20390
20524
20614
20664
20856
21023
21074
21191
21294
21336
21384
21483
21758
21867
22004
22077
22182
22282
22375
22483
22556
22682
22799
23039
23161
23276
23417
23513
23620
23711
23834
23915
23999
24106
24160
24283
24350
24509
24589
24686
24755
24922
24998
25052
25210
25330
25428
25656
25758
25879
26061
26129
26211
26269
26360
26549
26692
26747
26792
26970
27058
27155
27250
27333
27473
27558
27608
27700
27789
27847
27929
28014
28108
28244
28353
28427
28510
28576
28637
28772
28874
28970
29016
29109
29210
29344
29411
29491
29617
29726
29803
29848
29924
29998
30074
30190
30288
30383
30478
30548
30673
30735
30826
30894
31000
31069
31154
31253
31329
31380
31478
31554
31620
31682
31754
31894
31948
32040
32110
32188
32247
32335
32445
32517
32601
32698
32794
32853
32939
32999
33085
33213
33294
33364
33424
33523
33622
33720
33812
33899
33977
34014
34100
34177
34234
34303
34385
34454
34514
34576
34662
34715
34795
34845
34918
34985
35099
35160
35261
35312
35378
35441
35500
35595
35665
35725
35773
35849
35906
35940
35977
36039
36090
36147
36181
36285
36336
36392
36466
36518
36589
36631
36699
36792
36888
36942
37015
37072
37142
37206
37249
37314
37359
37411
37509
37560
37591
37654
37704
37757
37824
37932
37987
38056
38127
38183
38243
38302
38358
38427
38489
38542
38584
38659
38724
38765
38867
38965
38995
39052
39097
39145
39199
39249
39337
39388
39422
39480
39548
39597
39649
39691
39746
39789
39852
39888
39914
39960
40056
40102
40159
40215
40257
40331
40378
40447
40489
40540
40605
40640
40697
40751
40794
40840
40896
40971
41025
41082
41115
41170
41239
41276
41315
41368
41404
41457
41505
41565
41613
41667
41733
41776
41810
41862
41902
41961
42026
42095
42136
42206
42246
42290
42343
42398
42430
42488
42530
42564
42610
42652
42698
42728
42770
42821
42897
42928
42971
43006
43090
43133
43181
43214
43255
43320
43379
43439
43476
43504
43525
43566
43616
43645
43688
43731
43793
43845
43879
43908
43931
43996
44041
44103
44139
44199
44234
44270
44326
44361
44417
44464
44525
44553
44603
44643
44681
44721
44758
44798
44833
44862
44907
44959
44996
45053
45093
45141
45187
45224
45261
45290
45345
45379
45412
45451
45475
45537
45596
45631
45674
45714
45744
45773
45814
45849
45872
45914
45945
45997
46023
46052
46088
46117
46149
46180
46244
46286
46324
46362
46405
46445
46480
46510
46545
46590
46624
46664
46698
46730
46756
46799
46843
46873
46899
46933
46989
47027
47059
47108
47158
47199
47234
47265
47296
47324
47355
47398
47452
47486
47516
47554
47576
47598
47631
47672
47707
47747
47780
47815
47842
47896
47928
47949
47976
48004
48025
48067
48094
48138
48165
48196
48229
48254
48303
48360
48412
48441
48496
48543
48569
48591
48626
48656
48681
48696
48723
48753
48788
48814
48842
48870
48909
48954
48979
49022
49056
49085
49101
49130
49156
49184
49214
49245
49294
49326
49360
49410
49439
49478
49494
49513
49534
49574
49592
49631
49663
49689
49725
49759
49795
49816
49847
49878
49898
49922
49946
49982
50018
50044
50061
50090
50128
50148
50175
50200
50223
50257
50283
50311
50345
50364
50400
50430
50472
50494
50524
50559
50581
50606
50630
50658
50679
50707
50735
50764
50782
50804
50856
50870
50895
50943
50963
50993
51015
51040
51067
51096
51124
51168
51197
51223
51258
51279
51318
51350
51387
51415
51440
51467
51494
51514
51545
51582
51601
51618
51644
51674
51702
51737
51746
51765
51783
51805
51830
51853
51876
51899
51932
51958
52004
52030
52051
52068
52089
52114
