2
2
2
2
3
3
3
3
3
3
3
3
3
3
4
4
4
4
4
4
4
4
4
4
4
4
4
4
4
5
5
5
5
5
5
5
5
5
5
5
5
5
5
5
5
5
5
5
5
6
6
6
6
6
6
6
6
6
6
6
6
6
6
6
6
6
6
6
6
6
6
6
6
6
6
6
6
6
6
6
7
7
7
7
7
7
7
7
7
7
7
7
7
7
7
7
7
7
7
7
8
8
8
8
8
8
8
8
8
8
8
8
8
8
8
8
8
8
8
8
8
8
8
8
8
8
8
8
8
8
8
8
8
8
8
10
10
10
10
10
10
10
10
10
10
10
10
10
10
10
10
10
10
10
10
10
10
10
10
10
10
10
10
10
10
10
10
10
10
10
10
10
10
10
10
10
10
10
10
10
10
10
10
10
10
10
11
11
11
11
11
11
11
11
11
11
11
11
11
11
11
11
11
11
11
11
11
11
11
11
12
12
12
12
12
12
12
12
12
13
13
13
13
16
16
16
16
16
16
16
16
16
16
16
16
16
16
16
16
16
16
16
16
16
17
17
22
22
22
22
22
22
22
22
22
22
22
22
22
22
22
22
22
22
22
22
22
22
22
22
22
22
22
22
22
22
22
22
22
22
35
35
35
35
35
35
35
35
35
35
35
35
35
35
35
35
35
38
38
38
38
39
39
39
39
39
39
39
39
39
39
39
39
39
39
39
39
39
39
39
39
39
39
39
39
39
40
40
40
40
40
40
40
40
40
40
40
40
40
40
40
40
40
40
40
40
40
40
40
40
40
40
42
42
42
42
42
42
42
42
42
42
43
43
43
43
43
43
43
43
43
43
43
43
43
43
43
43
43
43
43
43
43
43
43
43
43
43
43
43
43
44
44
44
44
44
44
44
44
44
44
44
44
44
44
44
44
44
44
44
44
44
44
44
48
48
48
48
48
48
48
48
48
48
48
48
48
48
48
48
48
48
50
50
50
50
50
50
50
50
50
50
50
51
51
51
53
53
53
53
53
53
53
53
53
53
53
53
53
53
53
57
57
57
57
57
57
57
57
57
57
57
57
57
57
57
79
79
79
79
79
80
84
84
84
84
84
84
84
84
84
84
84
89
89
89
89
89
94
94
94
94
94
94
94
94
94
94
94
94
94
94
94
94
102
102
102
108
108
108
108
108
108
115
115
115
118
122
122
122
123
123
123
126
126
126
126
126
126
126
126
126
126
136
136
158
158
178
178
178
178
178
178
178
178
178
178
178
178
242
242
242
245
245
245
245
246
246
247
247
247
247
247
247
248
250
250
250
250
251
251
251
251
251
251
251
251
251
265
265
265
265
265
287
292
294
306
326
327
328
328
328
329
330
330
331
331
332
334
348
348
348
348
348
350
352
352
353
363
363
367
393
397
474
475
511
511
511
512
579
580
581
582
582
584
584
585
734
735
790
793
1197
1204
1313
1318
1319
1896
1925
1938
2227
2229
2239
2247
2341
2343
2345
2363
2414
2419
2432
2435
2464
2550
2625
2810
2827
2840
2887
2889
2908
2963
3031
3038
3040
3144
3152
3222
3268
3338
3615
3617
3684
3689
3894
4439
4628
4641
7732
8658
9065
9289
9630
9994
10122
10423
10595
10713
10788
10878
11071
11095
11268
11667
11891
12052
12172
12263
12313
12511
12570
12690
12764
12938
13120
13203
13267
13378
13472
13627
13835
13916
13998
14070
14285
14429
14608
14720
14946
15117
15198
15520
15689
16041
16178
16331
16460
16620
16678
16845
17014
17138
17182
17274
17358
17460
17542
17660
17798
17970
18042
18203
18313
18511
18586
18737
18810
18984
19179
19262
19346
19444
19695
19864
19980
20076
20275
20503
20596
20686
20793
20884
20992
21101
21281
21356
21523
21601
21706
21856
21926
22025
22283
22388
22520
22621
22730
22829
23014
23086
23194
23354
23488
23565
23726
23785
23821
23895
24004
24072
24172
24283
24398
24451
24564
24676
24834
24893
24998
25098
25210
25254
25397
25498
25579
25673
25739
25828
25962
26081
26164
26243
26328
26426
26503
26559
26657
26745
26850
26958
27051
27130
27205
27278
27353
27484
27601
27690
27787
27888
28004
28157
28232
28327
28424
28518
28567
28713
28803
28882
28951
29050
29176
29235
29342
29424
29502
29579
29702
29812
29878
29903
30097
30251
30358
30474
30536
30605
30688
30785
30942
31059
31172
31242
31326
31374
31425
31521
31581
31743
31803
31887
31962
32037
32096
32154
32203
32251
32318
32415
32474
32554
32608
32703
32787
32861
32949
33000
33085
33162
33258
33319
33443
33544
33648
33727
33832
33921
33973
34091
34177
34268
34365
34425
34489
34606
34663
34801
34897
34965
35033
35114
35184
35255
35295
35387
35427
35499
35567
35610
35666
35733
35784
35862
35965
36041
36115
36177
36218
36252
36357
36415
36485
36543
36614
36651
36710
36766
36813
36893
36992
37086
37127
37178
37230
37313
37383
37426
37481
37541
37597
37646
37690
37770
37858
37950
38024
38087
38149
38245
38296
38339
38394
38473
38545
38596
38636
38692
38771
38825
38853
38911
38962
39015
39065
39115
39156
39219
39256
39316
39387
39436
39469
39523
39565
39607
39654
39688
39743
39799
39821
39872
39901
39948
39991
40031
40091
40155
40208
40272
40302
40363
40439
40499
40552
40609
40663
40719
40792
40856
40909
40986
41015
41054
41099
41154
41194
41252
41307
41374
41441
41467
41513
41579
41630
41696
41753
41815
41882
41921
41971
41995
42072
42106
42176
42222
42293
42338
42392
42434
42485
42533
42611
42665
42746
42795
42849
42913
42959
43008
43068
43104
43138
43184
43240
43285
43359
43403
43426
43468
43526
43566
43624
43688
43727
43772
43808
43861
43883
43919
43983
44022
44052
44095
44133
44179
44227
44273
44320
44358
44400
44439
44480
44519
44549
44586
44639
44665
44697
44735
44769
44805
44837
44887
44915
44955
44989
45017
45044
45086
45114
45151
45198
45215
45244
45278
45341
45371
45415
45459
45484
45503
45575
45605
45651
45677
45728
45772
45808
45857
45892
45949
45991
46028
46064
46107
46172
46201
46248
46286
46303
46328
46381
46419
46449
46472
46510
46537
46578
46606
46643
46689
46730
46756
46790
46823
46846
46899
46953
46990
47021
47053
47087
47131
47179
47217
47246
47283
47329
47367
47407
47449
47488
47520
47567
47598
47617
47642
47672
47701
47744
47781
47824
47862
47895
47929
47975
48015
48037
48082
48105
48143
48188
48227
48261
48285
48315
48336
48367
48382
48409
48450
48481
48514
48547
48576
48600
48626
48663
48692
48710
48735
48764
48796
48823
48857
48880
48918
48942
48982
49034
49064
49091
49128
49164
49200
49245
49283
49315
49344
49386
49407
49445
49479
49503
49549
49579
49620
49645
49672
49720
49741
49762
49792
49825
49848
49890
49934
49951
49983
50040
50073
50097
50146
50166
50190
50252
50283
50305
50328
50345
50366
50391
50420
50444
50474
50503
50525
50551
50571
50605
50636
50659
50681
50699
50720
50751
50776
50810
50840
50860
50890
50920
50945
50962
50982
51014
51040
51079
51100
51138
51169
51197
51228
51251
51279
51314
51333
51353
51384
51407
51434
51457
51481
51510
51535
51562
51586
51598
51620
51655
51676
51701
51728
51772
51788
51813
51845
51872
51886
51916
51943
51962
51992
52013
52039
52062
52081
52110
52130
52170
52191
52224
