52207
52174
52148
52108
52085
52046
52023
51988
51959
51941
51895
51867
51842
51818
51782
51761
51726
51707
51667
51639
51608
51587
51564
51538
51499
51472
51432
51399
51374
51343
51319
51287
51266
51248
51230
51208
51182
51162
51132
51094
51061
51026
50989
50963
50932
50904
50885
50862
50843
50816
50789
50774
50746
50716
50676
50652
50619
50586
50555
50531
50502
50473
50422
50393
50363
50336
50305
50266
50240
50200
50172
50137
50108
50078
50051
50017
49987
49963
49920
49895
49867
49835
49809
49786
49759
49729
49704
49670
49646
49613
49577
49549
49517
49492
49456
49420
49386
49366
49341
49304
49273
49247
49208
49171
49143
49106
49076
49044
49005
48967
48929
48893
48862
48819
48780
48749
48700
48653
48624
48592
48566
48531
48499
48468
48442
48408
48374
48344
48307
48263
48217
48186
48144
48113
48085
48053
48021
47994
47960
47924
47883
47857
47819
47782
47744
47718
47683
47649
47614
47586
47535
47490
47457
47425
47399
47361
47316
47288
47256
47218
47185
47150
47119
47102
47053
47003
46961
46928
46879
46840
46801
46752
46717
46680
46657
46618
46581
46544
46511
46477
46433
46388
46344
46311
46267
46227
46196
46176
46140
46109
46066
46033
45993
45956
45920
45893
45863
45831
45781
45742
45706
45666
45631
45586
45548
45513
45470
45434
45393
45342
45294
45252
45213
45181
45125
45090
45045
45005
44978
44944
44905
44860
44824
44791
44747
44706
44682
44655
44617
44577
44557
44518
44483
44447
44404
44389
44368
44330
44291
44256
44214
44166
44114
44074
44019
43976
43930
43890
43857
43831
43774
43736
43709
43675
43636
43604
43571
43541
43509
43471
43436
43404
43377
43339
43306
43256
43209
43174
43110
43064
43027
42994
42958
42928
42867
42837
42778
42746
42700
42667
42626
42599
42567
42534
42489
42448
42419
42382
42334
42302
42250
42224
42178
42127
42085
42044
41993
41939
41901
41860
41813
41786
41755
41697
41678
41647
41595
41526
41483
41415
41380
41349
41320
41284
41244
41207
41155
41115
41083
41049
41004
40973
40931
40903
40856
40815
40773
40710
40672
40632
40587
40543
40513
40462
40414
40364
40333
40303
40275
40216
40170
40137
40097
40060
40010
39976
39925
39840
39797
39745
39720
39687
39640
39600
39553
39500
39464
39416
39360
39318
39276
39227
39186
39146
39100
39073
39029
38983
38935
38885
38807
38761
38729
38681
38637
38601
38563
38525
38490
38431
38397
38363
38305
38258
38193
38128
38092
38057
37998
37959
37922
37860
37818
37765
37720
37660
37620
37575
37535
37490
37440
37379
37321
37268
37239
37186
37123
37054
37019
36970
36908
36855
36816
36778
36750
36692
36660
36603
36557
36531
36482
36436
36395
36354
36308
36271
36208
36175
36118
36069
36023
35933
35907
35845
35789
35746
35704
35647
35619
35566
35517
35481
35414
35383
35340
35291
35248
35204
35150
35136
35070
35024
34943
34850
34781
34719
34668
34636
34588
34534
34512
34475
34440
34395
34359
34308
34275
34222
34172
34121
34059
34007
33971
33916
33876
33837
33794
33732
33674
33638
33600
33553
33503
33470
33402
33322
33285
33225
33179
33131
33079
33016
32927
32864
32790
32743
32692
32648
32592
32525
32452
32393
32318
32272
32218
32176
32126
32084
32040
31939
31885
31797
31756
31687
31629
31583
31538
31461
31382
31304
31223
31175
31126
31072
31009
30973
30913
30841
30783
30727
30682
30632
30585
30545
30484
30410
30370
30313
30263
30219
30164
30096
30036
29985
29936
29892
29853
29802
29717
29671
29625
29596
29555
29523
29495
29399
29341
29293
29222
29147
29082
29037
28998
28945
28895
28844
28790
28750
28664
28611
28560
28523
28478
28433
28389
28318
28238
28187
28148
28074
27989
27939
27899
27861
27814
27739
27705
27674
27598
27564
27528
27473
27421
27384
27329
27293
27228
27167
27085
27048
26976
26919
26863
26820
26753
26653
26587
26544
26491
26407
26299
26226
26186
26142
26051
26013
25895
25812
25758
25628
25580
25496
25427
25376
25341
25284
25242
25123
25070
25012
24913
24874
24837
24798
24737
24684
24620
24573
24526
24473
24422
24319
24227
24159
24114
24056
23999
23945
23898
23845
23744
23673
23617
23533
23493
23439
23360
23304
23221
23172
23081
23027
22969
22899
22840
22793
22748
22669
22554
22517
22489
22394
22320
22271
22228
22196
22120
22037
21982
21931
21883
21817
21758
21691
21645
21598
21492
21456
21404
21364
21329
21242
21160
21003
20948
20858
20756
20640
20541
20449
20400
20347
20294
20194
20099
20020
19980
19851
19776
19704
19656
19635
19609
19578
19351
19306
19179
19108
19052
18937
18824
18793
18730
18590
18531
18435
18349
18304
18248
18188
18109
18048
17992
17935
17844
17724
17651
17569
17514
17456
17342
17223
17127
17019
16942
16825
16765
16695
16648
16552
16408
16340
16256
16131
16102
15921
15871
15762
15648
15589
15492
15445
15328
15238
15023
14994
14888
14775
14642
14612
14567
14512
14404
14321
14122
14070
14016
13982
13930
13873
13843
13787
13684
13571
13512
13267
13198
13140
13095
13024
12982
12952
12894
12808
12791
12766
12724
12642
12583
12490
12369
12332
12253
12191
11973
11870
11836
11809
11759
11683
11578
11529
11407
11377
11243
11202
11059
10951
10853
10795
10738
10692
10563
10508
10380
10285
10164
10118
10074
10011
9881
9721
9428
9385
9114
9050
8979
8949
8921
8872
8790
8751
8723
8534
8474
8412
8398
8348
8310
8066
8050
7978
7917
7769
7730
7629
7592
7418
7390
7250
7184
7152
7122
7071
7054
7012
6986
6887
6832
6809
6766
6698
6673
6619
6511
6488
6395
6381
6309
6275
6203
6189
6178
6110
6049
5898
5872
5824
5761
5736
5709
5667
5613
5527
5283
5273
5060
5043
5018
4925
4907
4751
4551
4543
4438
4262
4169
4167
4139
4114
4065
4063
4054
4039
3802
3787
3765
3680
3620
3593
3577
3552
3547
3449
3402
3300
3161
2963
2956
2797
2746
2660
2652
2649
2494
2337
2323
2246
2225
1645
1538
1517
1516
1501
1490
1487
1484
1463
1451
1451
1440
1434
1429
1419
1417
1199
1186
1143
1139
1138
1132
497
497
497
494
494
494
475
475
473
447
441
439
439
438
432
432
430
430
430
430
430
430
426
426
425
425
423
420
420
420
413
411
411
411
409
408
404
403
403
379
374
374
373
372
370
255
217
217
217
217
215
215
215
213
213
213
213
211
211
211
210
210
207
200
200
200
200
200
199
198
198
146
146
146
146
146
146
146
146
144
144
143
143
143
143
122
122
122
122
122
122
122
111
111
111
111
110
110
110
110
107
107
105
105
105
103
103
103
103
103
103
102
102
101
101
101
101
101
101
101
101
99
85
84
84
84
83
83
71
71
71
71
70
70
56
56
56
45
45
45
45
45
45
45
45
45
45
45
45
44
44
44
44
41
41
41
41
41
41
40
40
40
40
39
39
39
39
39
39
39
37
37
37
37
37
37
37
37
37
31
31
30
30
30
30
30
30
30
30
30
30
29
29
26
26
26
26
26
26
26
26
26
26
26
26
26
26
26
26
26
26
26
25
24
24
24
24
24
24
24
24
24
23
23
23
23
22
22
22
22
22
21
21
21
21
21
21
21
20
20
20
20
20
20
20
20
20
20
20
20
19
19
19
19
19
19
19
19
18
18
18
18
18
18
18
18
18
18
18
18
18
18
18
18
18
18
18
17
17
17
16
16
16
16
16
16
16
16
16
16
16
16
16
16
16
16
16
16
16
16
15
15
15
15
15
15
15
14
14
13
13
13
13
13
13
13
13
11
11
11
11
11
11
8
8
8
8
8
8
8
8
8
8
8
8
8
8
8
7
7
7
7
7
6
6
6
6
6
6
6
6
6
6
5
5
5
5
5
5
5
5
5
4
4
4
4
4
3
3
3
2
