2
2
2
2
3
3
4
4
4
4
4
4
4
4
4
4
4
4
4
4
4
4
4
4
4
4
4
4
4
4
5
5
5
5
5
5
5
5
5
5
5
5
5
5
5
5
5
5
5
5
5
5
5
5
5
5
5
5
5
5
5
5
5
5
5
5
5
5
5
5
6
6
6
6
6
6
6
6
6
6
6
6
6
6
7
7
7
7
7
7
7
7
7
7
7
7
7
7
7
7
7
7
7
7
7
7
7
7
7
7
7
7
7
7
7
7
7
7
7
7
7
7
7
7
7
7
7
7
7
7
7
8
8
8
8
8
8
8
8
8
8
8
8
8
8
8
8
8
8
8
8
8
8
8
8
8
8
8
8
8
8
8
8
8
8
8
8
10
10
10
11
11
11
11
11
11
11
11
12
12
12
12
12
12
12
12
12
14
14
14
14
14
14
14
14
14
14
14
14
14
14
14
14
14
14
14
14
14
14
14
14
14
14
14
14
14
16
16
16
16
18
18
18
18
18
18
18
18
18
18
18
18
18
18
18
18
18
18
18
18
18
18
18
18
18
18
18
18
18
18
18
18
18
18
18
18
18
18
19
19
19
19
19
19
19
19
19
19
19
19
19
19
19
19
19
19
19
19
19
19
19
19
19
19
19
19
19
19
20
20
20
20
20
20
20
20
20
20
20
20
20
20
20
20
20
20
20
20
20
20
20
20
20
20
20
20
20
20
21
21
25
25
25
25
25
25
25
25
25
25
25
25
25
25
25
25
25
25
25
25
25
25
25
25
25
25
25
26
26
26
26
26
26
26
26
26
26
26
26
26
26
26
26
26
26
26
26
26
26
26
26
26
26
26
26
26
26
26
26
26
26
26
27
35
35
35
35
35
35
35
35
35
35
35
35
35
35
35
35
35
35
35
35
35
35
36
36
36
36
36
36
36
36
36
36
36
36
36
36
36
36
36
36
36
36
36
36
36
36
36
36
36
36
36
40
40
40
40
40
40
40
40
49
50
50
50
50
50
50
50
50
50
50
50
50
56
56
56
56
56
56
56
56
56
56
57
57
57
58
58
58
58
58
59
59
59
60
60
60
60
62
65
66
66
66
68
68
68
69
69
69
79
79
79
79
85
85
85
85
120
120
121
121
121
121
121
121
121
121
121
121
121
121
121
121
121
121
121
121
121
124
124
124
124
124
124
124
124
124
124
124
124
126
126
126
126
126
126
126
126
126
126
126
126
126
126
266
266
266
266
272
272
272
272
272
274
274
275
275
275
276
276
280
280
280
281
281
281
281
281
281
281
281
281
281
281
281
281
281
282
284
302
302
302
302
302
305
305
314
316
334
334
334
334
334
334
334
334
334
336
337
337
343
356
356
356
356
362
363
363
363
363
363
380
382
390
390
390
390
390
391
503
503
503
503
503
504
820
986
999
1019
1023
1024
1437
1446
1458
1465
1474
1492
1528
1534
1535
1537
1539
1540
1546
1549
1551
1594
1606
1633
1655
1656
1793
1793
2015
2017
2057
2067
2082
2247
2645
2649
2859
2922
5114
5183
5436
5460
5541
5552
5609
5697
5924
5943
5986
6019
6092
6316
6584
7158
7221
7323
7835
8152
8214
8226
8375
8821
8996
9312
9355
9537
9743
9918
9980
10085
10361
10563
10579
10753
10903
10944
11129
11253
11736
11779
11854
12013
12148
12241
12305
12729
12866
12980
13048
13295
13510
13656
13861
13937
13978
14049
14121
14242
14375
14513
14645
15033
15066
15244
15292
15339
15487
15757
15993
16116
16186
16263
16431
16627
16877
17099
17173
17312
17447
17615
17985
18050
18235
18329
18394
18565
18615
18655
18754
18933
19019
19185
19268
19320
19500
19735
19821
20061
20173
20347
20458
20556
20629
20800
20897
21011
21102
21231
21301
21400
21457
21489
21795
21897
21962
22041
22278
22434
22492
22546
22767
22830
22933
23025
23130
23295
23381
23478
23570
23753
23884
23952
24035
24193
24292
24357
24436
24531
24597
24716
24852
25009
25105
25229
25404
25503
25560
25628
25787
25868
25918
25981
26091
26156
26273
26315
26372
26431
26549
26626
26680
26758
26825
26890
27004
27108
27216
27308
27472
27528
27650
27746
27835
27978
28138
28208
28241
28321
28480
28590
28686
28750
28811
28902
29132
29190
29364
29485
29539
29629
29677
29718
29806
29915
29993
30078
30148
30227
30323
30446
30511
30578
30673
30751
30807
30890
30939
31036
31155
31217
31266
31417
31495
31606
31690
31769
31899
32006
32070
32137
32211
32294
32350
32466
32529
32627
32697
32816
32925
33045
33158
33219
33292
33335
33391
33481
33543
33663
33781
33832
33880
33990
34051
34117
34160
34207
34249
34329
34405
34467
34515
34595
34655
34724
34766
34844
34917
34994
35087
35162
35216
35306
35393
35463
35549
35629
35695
35802
35871
35961
36004
36080
36244
36296
36406
36464
36505
36555
36622
36738
36851
36939
36991
37080
37131
37232
37308
37366
37425
37493
37542
37599
37674
37745
37803
37842
37901
37950
37981
38029
38072
38143
38206
38268
38343
38411
38456
38505
38565
38607
38687
38734
38778
38841
38925
39018
39067
39108
39143
39218
39270
39330
39380
39419
39488
39541
39608
39667
39745
39808
39886
39922
39972
40028
40089
40154
40250
40326
40373
40418
40468
40519
40567
40617
40671
40715
40779
40839
40897
40946
41001
41057
41124
41175
41222
41255
41328
41371
41414
41459
41508
41554
41612
41660
41709
41774
41820
41856
41911
41948
41979
42033
42092
42136
42170
42223
42267
42341
42398
42438
42495
42525
42579
42666
42714
42753
42798
42852
42902
42938
42977
43063
43100
43126
43156
43175
43203
43265
43318
43369
43411
43460
43496
43535
43575
43595
43653
43692
43739
43777
43840
43903
43944
43996
44034
44093
44115
44140
44173
44233
44277
44303
44348
44396
44463
44518
44552
44598
44652
44702
44751
44785
44820
44865
44902
44979
45025
45067
45113
45170
45219
45247
45308
45362
45412
45445
45477
45518
45543
45592
45629
45666
45693
45735
45766
45829
45864
45897
45946
45975
46034
46071
46120
46154
46200
46242
46289
46322
46394
46430
46465
46483
46519
46552
46587
46635
46704
46739
46767
46807
46831
46890
46927
46970
47036
47071
47110
47160
47182
47229
47276
47314
47334
47363
47402
47442
47479
47534
47566
47592
47634
47669
47701
47742
47781
47821
47872
47905
47925
47962
48015
48035
48077
48107
48122
48161
48196
48231
48253
48283
48311
48351
48394
48423
48459
48502
48523
48565
48597
48633
48651
48669
48706
48732
48794
48831
48868
48886
48942
48969
49002
49024
49056
49091
49131
49169
49194
49215
49258
49297
49327
49350
49379
49394
49435
49451
49492
49520
49536
49568
49606
49651
49683
49707
49733
49750
49789
49812
49854
49879
49893
49924
49958
49970
50004
50040
50068
50113
50145
50160
50199
50227
50255
50276
50321
50364
50391
50415
50432
50464
50484
50504
50531
50562
50597
50625
50640
50667
50690
50717
50743
50771
50805
50835
50859
50887
50916
50946
50966
50992
51014
51034
51061
51081
51124
51152
51180
51195
51217
51244
51268
51287
51300
51333
51366
51393
51407
51431
51456
51475
51509
51532
51554
51590
51610
51626
51655
51677
51701
51734
51765
51801
51819
51850
51877
51908
51936
51952
51967
51986
52020
52048
52066
52081
52104
52122
52135
52159
52187
52222
52239
52260
52286
52310
52343
