2
2
2
2
3
3
3
3
3
3
3
3
3
3
3
3
3
3
4
4
4
4
4
4
4
4
4
4
4
4
4
4
4
4
4
4
4
4
4
4
4
4
4
4
4
4
4
4
4
4
5
6
6
6
6
6
6
6
6
6
6
6
6
6
6
6
6
6
6
6
6
6
6
6
6
6
6
6
6
7
7
7
7
7
7
7
7
7
7
7
7
7
7
7
7
7
7
7
7
7
7
7
7
7
7
7
7
7
7
7
7
7
7
7
7
7
7
7
7
7
7
7
7
7
7
7
7
7
7
7
7
8
8
8
8
8
8
8
8
8
8
8
8
8
8
8
8
8
8
8
8
8
8
8
8
8
8
8
8
8
8
8
8
8
8
8
8
8
8
8
9
9
9
9
9
9
9
9
9
9
9
9
9
9
10
10
10
10
10
10
10
10
10
10
10
10
10
10
11
11
11
11
11
11
11
11
11
11
11
12
12
12
12
12
12
12
12
12
12
12
12
12
12
12
12
12
12
12
12
12
12
12
12
13
13
13
13
13
13
13
13
13
13
13
13
13
13
14
14
14
14
14
14
14
14
14
14
14
14
14
14
15
20
20
20
20
20
20
20
20
20
20
20
20
20
20
20
20
20
20
28
28
28
28
28
28
28
28
28
28
28
28
28
28
28
28
28
28
28
28
28
28
30
30
30
30
30
30
30
30
30
30
30
30
30
30
30
30
30
30
30
30
30
31
31
31
31
31
31
31
31
31
31
31
31
31
39
39
39
39
39
39
42
42
42
42
42
42
42
42
42
42
42
42
42
45
45
45
45
45
45
45
45
45
45
46
46
46
46
46
46
46
46
46
46
46
46
46
46
46
46
46
46
46
46
46
46
46
46
46
46
46
47
47
47
47
47
47
47
47
47
47
47
47
47
47
47
47
49
49
49
49
49
49
51
51
51
51
51
51
51
51
51
51
51
51
51
51
51
51
51
51
51
51
51
53
59
59
61
61
61
61
61
61
61
61
61
61
61
61
68
68
68
68
68
68
68
68
68
68
68
68
68
68
68
68
68
68
68
68
69
69
69
69
69
69
69
69
69
69
69
69
69
70
70
70
72
72
72
72
72
72
72
72
72
76
76
83
83
83
83
83
83
83
83
84
84
84
95
95
97
98
98
98
98
99
99
99
99
99
99
101
101
113
113
113
113
118
118
118
118
126
128
129
129
129
129
129
129
129
150
150
150
150
150
150
150
150
150
154
156
156
156
156
158
158
158
158
158
160
160
161
161
161
163
163
163
171
174
175
175
175
178
178
178
178
179
179
179
179
230
230
230
265
266
267
267
267
285
305
308
331
331
331
331
371
371
371
371
371
548
548
548
871
903
907
922
922
923
924
935
969
969
971
981
990
990
991
1020
1021
1024
1024
1025
1051
1051
1051
1089
1091
1091
1095
1097
1102
1104
1123
1129
1206
1233
1520
1525
1527
1685
1692
1702
1706
1736
1762
1929
1935
1935
1968
3637
3923
4091
4133
5465
5487
5539
5633
5734
5759
5771
5832
6022
6302
6513
6795
6838
6984
7110
7202
7398
7510
7564
7710
8004
8059
8108
8209
8270
8377
8605
9087
9355
9416
9694
9900
9928
10081
10140
10174
10218
10568
10616
10727
10808
10851
10990
11004
11115
11258
11381
11432
11713
11834
11916
11979
12049
12095
12285
12697
12819
12909
13149
13178
13263
13587
13791
13861
13942
14006
14079
14135
14212
14318
14468
14492
14689
14807
15021
15246
15386
15474
15615
15841
15921
16058
16329
16392
16469
16585
16701
16836
16902
17012
17105
17201
17621
17663
17775
17840
17915
18005
18076
18300
18692
18859
19022
19086
19269
19424
19482
19586
19672
19823
19954
20093
20218
20293
20352
20489
20592
20673
20773
20931
21097
21198
21303
21388
21513
21552
21749
21818
21959
22037
22151
22329
22386
22437
22508
22590
22680
22768
23000
23046
23226
23321
23462
23565
23694
23771
23842
23924
23985
24092
24211
24337
24429
24470
24576
24603
24667
24890
24985
25173
25260
25344
25386
25478
25590
25696
25771
25853
25958
26067
26174
26241
26364
26548
26645
26757
26867
26953
27016
27110
27206
27286
27380
27460
27536
27664
27733
27788
27851
27919
28014
28118
28178
28257
28436
28471
28515
28564
28662
28812
28879
28964
29100
29146
29191
29276
29321
29445
29559
29655
29770
29896
29984
30089
30181
30262
30329
30487
30537
30626
30713
30860
30934
31058
31103
31211
31301
31394
31447
31596
31657
31740
31798
31899
32018
32098
32164
32218
32277
32403
32445
32532
32644
32725
32770
32842
32925
32998
33096
33192
33280
33340
33380
33454
33587
33697
33760
33850
33908
34012
34096
34141
34241
34354
34492
34544
34640
34733
34792
34890
34954
35016
35065
35114
35219
35291
35324
35373
35448
35536
35595
35657
35729
35819
35890
35977
36077
36133
36194
36243
36346
36394
36479
36555
36610
36691
36750
36807
36875
36954
37065
37118
37174
37259
37325
37382
37453
37512
37618
37704
37755
37819
37895
37956
38023
38057
38112
38157
38222
38292
38349
38387
38446
38496
38577
38635
38725
38770
38848
39019
39080
39108
39183
39244
39285
39343
39379
39447
39537
39622
39675
39713
39814
39860
39922
39993
40048
40080
40125
40187
40265
40320
40366
40460
40524
40595
40636
40668
40709
40749
40793
40869
40922
40967
41014
41058
41099
41153
41197
41247
41328
41368
41410
41468
41506
41567
41644
41689
41719
41784
41849
41918
41958
42005
42066
42101
42189
42258
42296
42343
42382
42462
42546
42602
42654
42684
42724
42778
42849
42888
42932
42990
43036
43074
43111
43158
43205
43260
43296
43346
43390
43430
43472
43520
43578
43619
43669
43692
43765
43806
43862
43903
43935
43990
44020
44059
44100
44152
44184
44221
44253
44320
44351
44392
44433
44473
44522
44546
44594
44622
44663
44704
44747
44767
44806
44860
44903
44948
44973
45026
45070
45110
45131
45171
45211
45231
45261
45293
45332
45367
45401
45466
45501
45530
45574
45613
45661
45700
45749
45773
45809
45861
45904
45947
46002
46041
46074
46090
46120
46155
46181
46216
46253
46309
46345
46384
46428
46466
46487
46530
46575
46617
46641
46694
46748
46810
46857
46890
46939
46972
47016
47063
47088
47128
47173
47209
47240
47284
47321
47338
47379
47415
47453
47485
47518
47548
47574
47608
47624
47666
47705
47747
47777
47819
47856
47880
47914
47954
48007
48023
48053
48095
48162
48210
48241
48274
48315
48349
48378
48406
48455
48499
48533
48574
48622
48646
48681
48720
48740
48778
48813
48831
48862
48907
48944
48963
49001
49028
49068
49106
49134
49165
49206
49242
49268
49293
49333
49367
49393
49429
49468
49519
49549
49584
49614
49649
49678
49704
49721
49751
49769
49796
49817
49846
49874
49905
49925
49959
49984
50009
50038
50076
50100
50123
50162
50184
50198
50227
50242
50272
50293
50308
50335
50352
50374
50392
50409
50453
50476
50503
50530
50564
50589
50614
50643
50663
50700
50719
50740
50768
50813
50859
50897
50918
50947
50974
50998
51027
51061
51084
51100
51120
51145
51162
51187
51204
51242
51260
51286
51317
51355
51379
51405
51425
51442
51496
51522
51548
51570
51594
51624
51638
51663
51681
51708
51736
51754
51784
51805
51829
51856
51876
51895
51926
51955
51973
51995
52011
52038
52062
52087
52124
52144
52170
52201
52220
52242
52267
