52245
52223
52186
52162
52142
52110
52087
52058
52038
52008
51979
51954
51922
51891
51867
51827
51807
51779
51752
51730
51701
51670
51647
51624
51591
51559
51529
51489
51456
51425
51404
51351
51320
51296
51267
51242
51215
51199
51174
51140
51110
51079
51046
51019
50993
50968
50934
50887
50862
50837
50802
50780
50748
50723
50699
50676
50637
50618
50589
50556
50526
50479
50433
50398
50356
50321
50285
50254
50218
50186
50159
50132
50110
50083
50045
50022
49992
49966
49932
49893
49867
49838
49811
49777
49740
49715
49684
49657
49622
49571
49552
49521
49485
49454
49426
49386
49356
49319
49292
49257
49219
49197
49164
49130
49090
49055
49026
48996
48959
48924
48894
48861
48840
48812
48770
48726
48708
48675
48652
48618
48582
48550
48516
48492
48461
48440
48406
48368
48311
48283
48258
48230
48178
48152
48117
48068
48040
48006
47968
47930
47882
47844
47819
47786
47744
47720
47686
47657
47623
47594
47577
47524
47496
47463
47415
47375
47345
47318
47290
47246
47215
47191
47153
47127
47082
47047
47000
46943
46916
46878
46852
46820
46785
46763
46719
46691
46664
46626
46579
46541
46507
46473
46439
46400
46369
46337
46309
46277
46245
46216
46155
46108
46061
46024
45994
45961
45935
45912
45862
45829
45793
45756
45715
45685
45660
45620
45578
45546
45525
45484
45446
45386
45338
45294
45270
45213
45194
45153
45116
45074
45041
45011
44983
44938
44909
44875
44812
44768
44742
44711
44673
44630
44586
44555
44518
44497
44435
44385
44361
44322
44282
44258
44210
44178
44135
44109
44076
44035
43992
43954
43902
43871
43836
43802
43764
43734
43684
43645
43602
43541
43491
43447
43405
43341
43307
43254
43213
43175
43148
43108
43081
43050
43015
42983
42952
42917
42874
42838
42787
42755
42711
42655
42619
42567
42520
42496
42455
42401
42357
42308
42266
42228
42167
42122
42094
42051
42010
41986
41932
41880
41842
41814
41743
41713
41661
41622
41591
41545
41507
41474
41429
41373
41336
41296
41250
41223
41182
41118
41069
41027
40977
40946
40906
40862
40828
40775
40725
40676
40642
40589
40541
40501
40464
40432
40385
40354
40297
40259
40222
40183
40138
40082
40037
39995
39959
39923
39884
39825
39773
39745
39706
39642
39598
39549
39502
39471
39412
39373
39324
39273
39224
39184
39139
39097
39070
39017
38969
38931
38894
38864
38812
38785
38713
38660
38619
38561
38527
38485
38445
38380
38334
38304
38253
38208
38171
38129
38098
38030
37988
37944
37911
37870
37830
37789
37759
37728
37700
37618
37565
37519
37482
37443
37375
37330
37291
37253
37208
37157
37120
37087
37039
36989
36931
36881
36823
36780
36723
36670
36624
36557
36510
36449
36414
36368
36336
36289
36242
36207
36153
36119
36071
36035
35964
35914
35866
35834
35777
35746
35692
35650
35539
35483
35395
35339
35307
35254
35197
35155
35109
35053
35012
34980
34944
34908
34842
34799
34760
34704
34638
34596
34548
34509
34454
34401
34361
34312
34270
34214
34152
34109
34032
33988
33953
33907
33869
33834
33782
33740
33698
33656
33610
33553
33503
33463
33434
33397
33366
33336
33273
33231
33187
33124
33066
33023
32963
32912
32866
32823
32785
32738
32684
32631
32544
32498
32458
32392
32319
32290
32211
32127
32060
31990
31954
31923
31876
31795
31762
31698
31628
31592
31539
31498
31423
31296
31237
31155
31044
31002
30954
30915
30854
30807
30737
30697
30633
30580
30523
30471
30399
30343
30265
30196
30152
30116
30081
30031
29971
29915
29838
29780
29732
29686
29649
29580
29528
29466
29421
29361
29297
29209
29161
29111
29051
29015
28969
28920
28873
28833
28783
28736
28695
28628
28580
28515
28440
28353
28275
28229
28181
28116
28038
27999
27896
27841
27785
27733
27646
27571
27537
27500
27461
27398
27339
27256
27182
27132
27094
27025
26968
26918
26855
26796
26747
26709
26641
26605
26561
26486
26428
26396
26328
26291
26238
26198
26132
26086
26021
25951
25913
25846
25789
25710
25665
25593
25550
25463
25419
25364
25319
25272
25227
25181
25126
25075
24991
24923
24858
24826
24752
24712
24611
24506
24462
24387
24325
24272
24179
24110
24033
23957
23880
23836
23794
23677
23638
23580
23537
23481
23376
23275
23214
23139
23115
23040
23001
22935
22881
22832
22795
22736
22669
22618
22517
22427
22382
22329
22275
22206
22123
22077
22009
21940
21863
21803
21739
21685
21623
21560
21495
21409
21357
21297
21212
21131
21074
21036
20994
20908
20853
20746
20680
20550
20477
20389
20329
20245
20192
20135
20101
20050
20005
19944
19899
19807
19679
19608
19527
19486
19427
19375
19296
19251
19174
19126
19079
19025
18970
18905
18860
18775
18678
18638
18555
18459
18403
18344
18274
18203
18149
18101
18017
17955
17873
17826
17711
17646
17597
17518
17406
17267
17202
17162
17079
17050
16996
16936
16865
16764
16720
16661
16627
16544
16455
16411
16381
16344
16303
16236
16208
16097
16057
15977
15945
15870
15799
15667
15579
15528
15473
15418
15307
15222
15193
15109
14918
14769
14730
14679
14622
14527
14363
14313
14284
14230
13992
13921
13872
13833
13760
13603
13456
13378
13321
13296
13256
13124
13048
13001
12931
12840
12791
12668
12579
12532
12457
12204
12121
12059
11953
11890
11792
11731
11652
11616
11404
11249
11140
11070
10943
10862
10807
10710
10643
10625
10516
10265
9956
9900
9844
9776
9659
9317
9169
9126
9049
9028
8754
8604
8581
8260
8128
8025
7923
7702
7652
7643
7583
7369
7098
6732
6529
6521
6490
6080
6027
5981
5901
5884
5877
5814
5772
5638
5606
5566
5406
5372
5266
5225
5197
5180
5133
5025
4990
4980
4940
4876
4823
4771
3869
3755
3690
3640
3552
3233
3174
3165
3153
3093
3085
2596
2584
2581
2565
2547
2533
2516
1541
1524
968
968
966
956
956
949
929
912
910
907
907
904
898
897
889
887
884
714
713
621
598
598
594
587
584
402
401
400
400
400
400
392
353
353
352
352
352
334
329
284
282
282
277
250
249
249
247
208
208
208
207
207
204
204
204
204
204
204
179
161
160
160
160
160
160
159
159
159
158
158
157
157
154
151
151
151
150
149
149
149
149
148
146
145
145
145
145
145
143
143
143
143
143
143
143
143
143
142
142
137
137
136
136
136
136
132
130
130
130
130
130
130
129
129
129
128
128
128
128
128
128
128
128
128
111
108
108
108
108
108
108
108
107
107
107
107
107
107
107
107
107
105
105
105
103
103
103
103
100
100
100
100
100
88
88
88
88
88
87
87
87
87
73
73
73
73
73
72
72
72
72
72
72
71
71
61
61
61
61
61
61
61
61
61
61
61
61
61
61
61
61
61
61
61
61
61
61
60
60
60
60
60
60
60
60
60
60
60
58
58
56
56
56
56
56
56
56
56
56
47
47
47
47
47
46
46
45
45
45
45
44
44
44
44
44
44
35
35
35
35
34
29
29
29
29
29
29
28
28
28
27
27
27
27
27
27
27
27
27
27
27
27
27
27
27
27
26
26
26
26
26
26
26
26
26
26
26
26
26
26
26
25
25
25
25
25
25
25
25
25
25
25
25
25
25
25
25
25
25
25
25
25
25
24
24
23
23
23
23
23
23
23
23
23
23
23
23
23
23
23
23
23
23
23
23
23
23
23
23
23
23
23
23
22
22
21
21
21
21
20
20
20
20
20
20
19
19
19
19
17
17
17
17
15
15
15
15
15
15
15
15
15
15
15
12
12
12
12
12
12
12
12
12
12
12
12
12
12
12
12
12
12
12
12
12
10
8
8
8
8
8
8
8
8
8
8
8
8
8
8
8
7
7
7
6
6
6
6
6
6
6
6
6
6
6
6
4
4
4
4
4
4
4
3
