2
2
2
3
3
3
3
3
3
3
3
3
3
3
3
3
3
3
3
4
4
4
4
4
4
4
4
4
4
4
4
4
4
4
4
4
4
4
4
4
4
4
4
4
4
4
4
4
4
4
4
4
5
5
5
5
6
6
6
6
6
6
6
6
6
6
6
6
6
6
6
6
6
6
6
6
6
6
6
6
6
6
6
6
6
6
6
6
6
6
6
6
6
6
6
6
6
6
6
6
6
6
6
6
6
6
6
6
6
6
6
6
6
6
7
7
7
7
7
7
7
7
7
7
7
8
8
8
8
8
8
8
8
8
8
8
8
8
8
8
8
8
8
8
8
8
8
8
8
8
10
10
10
10
10
10
10
10
10
10
10
10
10
10
10
10
10
10
10
10
10
10
10
10
10
10
10
10
10
10
12
12
12
12
12
12
12
12
13
13
13
13
13
13
13
13
14
14
14
14
14
14
14
14
14
14
14
14
14
14
14
14
14
14
14
14
14
14
14
14
14
14
14
19
19
19
19
19
19
19
19
19
19
19
19
19
19
19
19
19
19
19
19
19
19
19
19
19
19
19
19
19
19
19
19
19
19
19
19
19
19
20
20
20
20
20
20
20
20
20
20
20
20
20
20
20
20
20
20
20
20
20
20
20
22
22
22
22
22
22
22
22
22
22
22
22
22
22
22
22
22
22
22
22
22
22
22
22
22
22
22
22
22
22
22
22
22
22
22
22
22
22
22
22
22
22
22
22
22
22
22
23
23
23
23
23
23
23
23
23
23
23
23
23
24
24
24
24
24
24
25
25
25
25
25
25
27
29
29
29
29
29
29
29
29
29
29
29
29
29
29
29
29
29
35
35
35
35
35
35
35
35
35
35
40
40
40
40
40
40
40
40
40
40
40
40
40
40
40
40
40
40
44
44
44
44
44
44
44
44
44
44
44
49
49
49
51
51
51
51
51
51
51
51
51
51
51
51
85
85
85
85
85
85
85
85
85
85
85
86
86
86
86
86
86
86
86
86
86
86
86
86
87
87
87
87
87
87
87
87
87
87
87
87
87
87
102
102
102
102
102
102
102
102
102
104
104
104
104
104
104
104
104
104
104
104
104
104
104
104
104
104
104
105
107
107
107
107
107
107
108
108
108
108
108
108
108
108
108
108
108
108
113
121
121
121
121
121
121
122
122
122
122
122
137
138
138
150
150
150
155
155
162
162
163
163
164
178
179
179
179
179
179
179
182
182
185
186
186
186
187
187
188
188
191
308
309
309
341
341
366
366
366
366
366
367
367
367
367
368
369
369
369
369
370
371
373
373
384
384
384
384
384
384
384
384
384
434
434
449
449
449
462
478
480
480
726
726
728
729
748
782
782
782
783
783
836
863
868
870
906
906
934
934
943
944
949
952
952
952
953
954
1000
1046
1058
1059
1064
1087
1088
1195
1329
1348
1351
1369
1369
1370
1371
1489
1489
1496
1614
2011
2072
2073
2294
2324
2375
2433
2441
2450
2480
2490
2495
2542
2576
2619
2619
2652
4475
4530
4557
4856
4873
4895
5018
5053
5184
5568
6126
6151
6213
6240
6340
6494
6505
6529
7564
7676
7788
7825
8431
8558
8895
8969
9072
9182
9221
9298
9319
9352
9401
9654
10037
10060
10171
10214
10558
10624
10665
10726
10787
10845
10996
11049
11178
11391
11480
11721
11789
11946
11995
12272
12649
12720
12805
12859
13315
13444
13567
13662
13756
13928
14082
14132
14279
14405
14478
14575
14681
14806
14878
14964
15108
15237
15311
15414
15655
15884
15944
16029
16134
16349
16772
16879
17008
17271
17342
17591
17811
17856
17916
18068
18212
18465
18528
18604
18739
18950
19123
19227
19378
19513
19570
19623
19840
19962
20019
20094
20240
20305
20480
20558
20677
20794
20899
21008
21163
21210
21324
21372
21431
21526
21585
21688
21854
21970
22143
22261
22391
22548
22652
22803
22977
23052
23115
23401
23567
23625
23789
23925
24064
24226
24389
24502
24586
24695
24779
24879
24942
25052
25093
25247
25358
25441
25529
25607
25728
25846
25940
26015
26089
26235
26344
26415
26540
26627
26765
26856
26952
27156
27231
27351
27420
27519
27606
27674
27704
27821
27890
27984
28075
28115
28229
28314
28462
28544
28673
28735
28864
28952
29050
29094
29170
29309
29425
29493
29581
29679
29818
29909
29989
30057
30111
30212
30285
30333
30378
30480
30540
30629
30678
30796
30871
30914
30958
31008
31100
31162
31244
31315
31401
31479
31544
31596
31679
31726
31779
31839
31912
31970
32090
32172
32244
32318
32445
32545
32612
32688
32730
32800
32876
32961
33044
33148
33216
33280
33375
33446
33553
33630
33694
33770
33828
33903
33973
34057
34129
34213
34252
34316
34387
34435
34597
34656
34714
34763
34816
34870
34949
35003
35044
35102
35155
35259
35356
35422
35497
35562
35652
35741
35797
35868
35950
35987
36043
36134
36223
36315
36365
36417
36455
36564
36645
36691
36775
36827
36891
36963
37033
37064
37121
37183
37258
37320
37390
37461
37502
37570
37620
37652
37722
37796
37846
37911
37949
38026
38083
38140
38188
38255
38307
38392
38462
38537
38579
38635
38682
38738
38833
38916
38961
39013
39077
39127
39160
39194
39255
39327
39396
39445
39497
39548
39602
39643
39684
39752
39805
39874
39944
40020
40050
40090
40159
40221
40290
40334
40389
40433
40465
40514
40560
40607
40641
40707
40771
40844
40922
40999
41034
41134
41194
41284
41311
41348
41409
41453
41480
41507
41575
41637
41662
41708
41772
41810
41843
41900
41945
41980
42022
42053
42086
42137
42180
42235
42275
42316
42408
42451
42501
42539
42597
42639
42667
42699
42753
42808
42864
42899
42951
43000
43043
43083
43130
43153
43193
43220
43289
43349
43423
43462
43493
43528
43583
43625
43662
43694
43730
43777
43854
43883
43935
43993
44037
44076
44136
44190
44258
44311
44350
44371
44412
44440
44471
44504
44547
44589
44642
44686
44709
44747
44792
44818
44853
44890
44938
44976
45020
45053
45112
45179
45214
45236
45287
45322
45354
45408
45452
45508
45542
45564
45593
45629
45677
45712
45756
45802
45853
45886
45923
45958
45982
46028
46057
46109
46147
46196
46223
46264
46290
46315
46348
46382
46397
46436
46464
46511
46539
46570
46604
46641
46679
46741
46777
46829
46856
46903
46923
46969
47005
47044
47081
47106
47152
47193
47224
47259
47309
47340
47368
47386
47409
47438
47458
47524
47568
47611
47654
47678
47709
47742
47789
47816
47859
47882
47923
47982
48029
48074
48109
48139
48172
48204
48243
48277
48302
48328
48350
48391
48423
48449
48484
48524
48550
48583
48619
48642
48681
48708
48733
48783
48817
48849
48870
48904
48929
48960
48981
49014
49053
49082
49129
49161
49187
49224
49288
49320
49343
49375
49397
49417
49447
49469
49517
49546
49581
49615
49653
49667
49695
49721
49765
49797
49826
49866
49887
49914
49928
49970
49996
50029
50054
50066
50094
50107
50139
50161
50202
50222
50266
50292
50329
50344
50360
50390
50416
50449
50483
50513
50538
50556
50571
50595
50626
50657
50675
50697
50716
50748
50778
50800
50827
50842
50864
50879
50919
50951
50970
51003
51034
51065
51101
51128
51142
51167
51191
51206
51230
51268
51280
51299
51321
51351
51377
51413
51426
51466
51499
51521
51558
51581
51613
51646
51664
51691
51722
51745
51765
51785
51815
51827
51848
51868
