51655
51625
51596
51571
51547
51522
51506
51482
51464
51450
51409
51380
51360
51339
51310
51274
51228
51196
51151
51126
51096
51064
51038
51008
50973
50932
50895
50868
50839
50805
50772
50736
50711
50688
50658
50633
50614
50589
50549
50492
50469
50433
50398
50371
50348
50332
50310
50280
50255
50223
50199
50182
50155
50126
50101
50065
50045
50010
49983
49937
49905
49879
49857
49824
49792
49755
49720
49703
49677
49639
49613
49575
49540
49503
49483
49450
49418
49395
49371
49338
49301
49265
49239
49215
49181
49145
49113
49088
49048
49022
48997
48964
48929
48894
48871
48841
48796
48754
48719
48690
48662
48627
48588
48554
48518
48486
48466
48438
48406
48376
48333
48301
48261
48218
48180
48152
48115
48079
48045
48021
47982
47952
47923
47903
47873
47849
47810
47771
47741
47697
47676
47650
47621
47597
47557
47520
47484
47454
47416
47388
47357
47323
47289
47248
47217
47190
47170
47146
47124
47086
47066
47032
47011
46968
46925
46894
46870
46849
46811
46779
46726
46691
46651
46633
46597
46553
46514
46472
46432
46392
46357
46329
46296
46261
46209
46177
46137
46110
46080
46037
46004
45976
45954
45933
45906
45852
45816
45774
45718
45686
45649
45614
45568
45530
45500
45474
45444
45415
45390
45360
45310
45275
45245
45204
45170
45133
45097
45067
45033
45005
44972
44928
44894
44853
44806
44762
44723
44684
44641
44611
44577
44545
44506
44472
44426
44379
44332
44305
44264
44202
44167
44114
44082
44043
44007
43968
43933
43893
43864
43827
43792
43774
43742
43698
43651
43621
43586
43524
43476
43426
43386
43344
43299
43250
43206
43178
43142
43104
43076
43036
42997
42946
42907
42886
42842
42799
42767
42729
42699
42672
42637
42602
42566
42525
42495
42459
42429
42396
42351
42314
42273
42236
42182
42147
42113
42080
42038
41984
41944
41895
41864
41828
41805
41774
41738
41706
41676
41634
41589
41544
41505
41457
41424
41393
41352
41316
41280
41257
41215
41181
41142
41102
41046
40969
40936
40904
40853
40817
40770
40715
40668
40633
40593
40553
40524
40477
40440
40402
40370
40336
40308
40271
40230
40177
40145
40077
40032
39996
39958
39921
39886
39853
39806
39770
39718
39687
39650
39586
39537
39487
39443
39407
39380
39340
39291
39252
39213
39155
39128
39088
39037
38984
38939
38903
38843
38811
38768
38742
38719
38675
38642
38591
38546
38489
38464
38425
38388
38362
38316
38257
38208
38143
38102
38056
38009
37950
37908
37872
37823
37787
37751
37708
37651
37599
37546
37511
37455
37411
37357
37317
37271
37234
37199
37138
37102
37063
36994
36942
36894
36841
36783
36738
36675
36634
36581
36518
36469
36432
36392
36353
36292
36262
36212
36169
36122
36048
36000
35950
35913
35878
35819
35776
35728
35694
35646
35620
35581
35518
35468
35437
35371
35339
35291
35219
35173
35130
35073
35039
34994
34932
34888
34839
34801
34750
34679
34650
34578
34537
34503
34446
34411
34361
34321
34265
34228
34189
34154
34101
34074
34019
33969
33919
33886
33831
33782
33741
33710
33663
33623
33582
33523
33488
33436
33388
33330
33296
33228
33186
33111
33053
33006
32958
32913
32847
32797
32762
32723
32689
32641
32597
32554
32510
32470
32422
32385
32321
32274
32207
32158
32097
32038
32004
31955
31914
31858
31801
31754
31701
31657
31615
31572
31517
31468
31402
31340
31284
31240
31191
31155
31098
31052
30973
30931
30864
30801
30755
30692
30620
30566
30479
30410
30311
30269
30210
30146
30075
30027
29953
29870
29800
29741
29671
29627
29532
29468
29412
29349
29302
29234
29178
29143
29093
29028
28986
28935
28883
28835
28792
28659
28612
28564
28527
28494
28427
28376
28341
28278
28245
28167
28119
28046
28001
27932
27900
27856
27794
27750
27670
27607
27540
27493
27455
27399
27340
27281
27163
27093
27043
26972
26906
26870
26815
26737
26674
26627
26590
26539
26502
26441
26327
26228
26174
26129
26060
26026
25940
25881
25829
25772
25736
25638
25596
25542
25501
25456
25418
25294
25251
25177
25150
25115
25057
24960
24911
24863
24787
24751
24651
24591
24506
24452
24363
24320
24254
24193
24137
24039
23957
23895
23865
23829
23790
23729
23683
23595
23516
23463
23391
23321
23208
23164
23085
22995
22940
22901
22864
22656
22610
22542
22483
22389
22350
22274
22218
22142
22067
21993
21936
21773
21674
21621
21575
21530
21431
21388
21340
21239
21182
21088
21056
20919
20851
20768
20680
20597
20513
20447
20354
20298
20228
20171
20130
20051
19967
19860
19758
19616
19530
19504
19408
19321
19221
19181
19116
19058
19020
18927
18888
18760
18694
18623
18503
18457
18360
18253
18105
18054
17989
17933
17796
17706
17590
17458
17416
17381
17293
17221
17173
17130
17004
16911
16818
16699
16480
16430
16315
16278
16218
16057
15895
15800
15736
15662
15542
15383
15321
15271
15215
15115
15029
14948
14880
14836
14759
14675
14623
14580
14493
14425
14370
14267
14230
14129
14110
14068
13951
13800
13691
13491
13436
13399
13318
13175
12983
12870
12828
12749
12713
12397
12267
12166
12122
12082
11946
11893
11864
11718
11598
11406
11247
11217
11148
10985
10937
10871
10779
10687
10623
10549
10503
10465
10443
10236
10213
10077
10047
10024
9944
9870
9827
9664
9519
9472
9447
9341
9313
9236
9151
9050
9006
8961
8864
8762
8738
8605
8573
8421
8307
8226
8141
8098
7656
7619
7567
7555
7502
7444
7386
7360
7288
7265
7230
7039
6935
6892
6808
6790
6738
6661
6643
6588
6536
6462
6185
6146
6135
5844
5814
5804
5724
5675
5649
5630
5562
5495
5460
5455
5328
5282
5263
5205
4701
4679
4532
4518
4477
4149
3458
3379
3258
3252
3242
3106
3077
3018
3005
2992
2977
2950
2942
2937
2879
2873
2818
2815
2796
2789
2779
2776
2762
2759
2478
2447
2382
2382
2349
2338
2333
2329
2271
2260
2196
1978
1031
1028
1022
1022
1019
1001
1001
1000
994
990
989
984
982
981
981
966
854
764
751
751
745
744
743
732
732
727
721
717
699
699
686
639
597
597
573
573
569
554
552
550
540
539
539
533
533
533
532
531
529
528
527
524
518
517
517
517
517
511
511
497
426
426
425
420
419
418
342
322
321
315
315
315
312
311
310
310
286
286
286
286
172
172
171
171
171
171
171
171
163
163
162
157
157
157
156
153
153
153
153
153
152
152
151
151
151
150
150
150
149
149
149
149
149
146
146
146
146
146
146
146
146
146
146
146
145
118
118
118
118
118
101
100
100
100
98
98
98
95
91
91
90
90
90
90
89
89
89
89
89
89
87
86
86
75
75
75
75
75
75
73
73
73
73
73
73
73
73
73
73
72
71
71
71
71
71
71
71
70
70
70
70
69
69
69
69
68
67
67
66
66
66
66
66
66
66
62
62
62
62
62
62
61
61
61
59
59
59
59
59
58
58
58
58
58
58
58
58
58
58
58
58
58
35
35
35
35
35
35
35
35
35
35
35
35
35
35
35
35
35
32
32
32
32
32
32
32
28
28
28
28
28
28
28
28
28
28
28
28
28
28
28
27
27
27
27
27
27
27
27
27
27
27
27
27
27
27
27
27
27
27
27
27
27
27
27
27
27
27
27
27
27
27
27
27
27
27
27
27
23
23
23
23
23
23
23
23
23
23
23
23
23
23
23
23
23
23
23
23
23
23
21
21
21
19
19
19
19
19
13
13
13
13
13
13
13
13
13
12
12
12
12
12
12
12
12
11
11
11
11
11
11
11
10
10
10
10
10
10
10
10
10
10
10
10
10
10
10
10
10
10
10
10
10
10
10
10
10
9
9
9
9
9
9
9
9
9
8
8
8
7
7
7
7
7
7
7
7
7
7
7
5
4
4
4
4
4
4
4
3
