51803
51772
51747
51716
51693
51665
51640
51619
51589
51561
51535
51506
51474
51432
51408
51378
51347
51319
51284
51258
51233
51209
51166
51139
51111
51076
51054
51029
50997
50970
50935
50914
50890
50865
50845
50817
50783
50754
50724
50698
50669
50648
50617
50583
50554
50526
50504
50478
50438
50406
50369
50339
50294
50267
50237
50218
50197
50170
50144
50114
50088
50054
50026
49997
49970
49941
49917
49886
49860
49833
49800
49757
49723
49678
49650
49624
49591
49559
49532
49512
49479
49442
49409
49379
49347
49311
49280
49242
49209
49187
49149
49119
49089
49062
49039
49006
48967
48936
48898
48850
48816
48790
48753
48708
48655
48625
48587
48547
48513
48477
48448
48423
48394
48357
48322
48289
48264
48226
48189
48150
48112
48078
48051
48022
47994
47968
47934
47892
47858
47827
47802
47760
47727
47690
47654
47630
47599
47560
47516
47491
47453
47416
47383
47347
47308
47255
47221
47192
47162
47132
47092
47058
47027
46980
46938
46912
46886
46835
46791
46772
46745
46706
46664
46636
46612
46570
46531
46492
46463
46421
46377
46337
46304
46271
46217
46179
46141
46105
46075
46029
45988
45956
45922
45880
45839
45808
45783
45742
45703
45656
45623
45590
45567
45534
45498
45457
45412
45379
45342
45298
45264
45226
45180
45155
45124
45095
45050
45001
44957
44931
44895
44863
44829
44807
44769
44742
44694
44646
44610
44573
44533
44512
44479
44455
44397
44370
44332
44296
44257
44230
44206
44171
44137
44109
44078
44035
44010
43977
43919
43892
43840
43800
43736
43697
43652
43620
43575
43508
43485
43440
43398
43367
43324
43290
43239
43197
43148
43109
43072
43044
43012
42975
42947
42903
42865
42822
42785
42742
42709
42680
42638
42598
42568
42542
42516
42460
42430
42395
42357
42316
42271
42249
42209
42179
42149
42119
42086
42035
41961
41917
41852
41809
41749
41696
41663
41628
41595
41566
41529
41468
41428
41381
41353
41304
41244
41192
41153
41115
41071
41018
40971
40933
40889
40802
40774
40737
40678
40626
40584
40531
40482
40445
40398
40337
40278
40233
40190
40135
40095
40053
40001
39947
39916
39869
39842
39806
39782
39746
39713
39666
39621
39590
39556
39500
39468
39415
39360
39316
39272
39230
39198
39167
39133
39086
39034
38983
38908
38850
38780
38743
38686
38647
38612
38582
38530
38489
38438
38395
38343
38306
38241
38182
38131
38074
38041
38004
37962
37922
37868
37829
37792
37740
37691
37636
37556
37502
37447
37410
37372
37336
37295
37212
37157
37117
37077
37023
36983
36942
36892
36842
36802
36754
36717
36662
36621
36567
36518
36462
36439
36396
36358
36315
36281
36221
36182
36142
36098
36041
36003
35955
35909
35858
35824
35762
35722
35672
35634
35585
35540
35498
35446
35395
35337
35288
35232
35186
35158
35123
35074
35022
34968
34926
34879
34841
34795
34752
34728
34682
34637
34585
34544
34491
34422
34355
34302
34246
34216
34158
34119
34060
34035
33980
33914
33870
33833
33771
33726
33682
33634
33577
33531
33499
33436
33372
33329
33278
33238
33174
33119
33089
33029
32995
32932
32892
32846
32791
32737
32689
32623
32537
32431
32361
32303
32275
32217
32168
32126
32045
31996
31951
31915
31880
31841
31793
31725
31681
31620
31563
31499
31441
31405
31328
31283
31216
31134
31097
31041
30984
30919
30874
30839
30790
30726
30682
30641
30608
30560
30516
30466
30395
30322
30269
30219
30189
30115
30047
29966
29904
29844
29792
29736
29669
29613
29560
29517
29463
29399
29368
29290
29220
29179
29145
29082
29038
28957
28882
28829
28769
28696
28627
28584
28540
28487
28446
28389
28351
28296
28258
28210
28172
28105
28025
27875
27848
27802
27737
27695
27627
27557
27481
27345
27281
27238
27169
27126
27079
27033
26989
26943
26866
26824
26785
26753
26695
26635
26568
26513
26469
26413
26332
26260
26174
26107
26052
25992
25939
25893
25848
25811
25763
25733
25696
25662
25548
25512
25444
25404
25301
25247
25195
25133
25044
24956
24904
24819
24742
24708
24657
24591
24539
24487
24426
24347
24302
24253
24202
24161
24056
24009
23963
23880
23801
23768
23710
23671
23592
23509
23451
23368
23325
23268
23223
23154
23096
23024
22977
22923
22882
22798
22722
22660
22591
22552
22514
22436
22391
22300
22261
22205
22111
22072
21999
21952
21896
21810
21744
21698
21623
21583
21518
21460
21365
21310
21253
21201
21158
21071
20992
20965
20899
20872
20813
20755
20637
20613
20583
20546
20494
20405
20315
20265
20179
20128
20088
20047
19950
19897
19857
19816
19748
19692
19654
19578
19544
19460
19392
19327
19245
19154
19120
19038
18968
18830
18779
18650
18584
18533
18502
18428
18372
18286
18230
18147
18106
18007
17981
17920
17851
17802
17758
17709
17656
17422
17364
17255
17159
17085
16993
16933
16839
16767
16737
16686
16653
16593
16553
16454
16401
16348
16294
16230
16133
16056
15999
15914
15850
15801
15746
15695
15591
15482
15443
15389
15280
15207
15139
15036
14950
14893
14865
14808
14648
14624
14588
14525
14459
14345
14283
14250
14185
14144
14026
13903
13779
13708
13685
13522
13476
13370
13311
13274
13250
13223
13132
13085
13015
12942
12699
12571
12460
12262
12229
12070
12038
11952
11765
11702
11509
11355
11185
11114
11086
10996
10938
10788
10654
10572
10514
10482
10446
10423
10342
10298
10263
10220
10150
10125
9997
9918
9891
9833
9745
9654
9591
9515
9464
9429
9421
9389
9264
9205
9020
8974
8948
8867
8816
8756
8576
8560
8425
8329
8304
8251
8144
8100
8031
7915
7875
7696
7445
7349
7339
7298
7270
7246
7182
7146
7120
7079
6840
6657
6601
6595
6506
6278
6271
6011
5829
5809
5778
5674
5619
5226
4949
4922
4893
4862
4812
4790
4711
4616
4588
4561
4554
4538
4464
4244
4147
4053
4014
3828
3826
3795
3770
3612
3607
3487
3472
3464
3434
3428
3421
2929
2820
2733
1628
1625
1616
1584
1191
1190
1190
1183
1183
1182
1181
1148
1145
1139
1129
1129
1125
1112
1109
1092
1092
1089
1087
1086
1075
1072
1057
1055
1055
1052
1049
948
948
941
941
923
922
917
915
903
862
861
860
849
849
849
849
845
845
728
720
707
706
565
565
497
497
435
433
379
379
378
378
252
252
252
252
252
252
252
250
242
240
240
240
240
240
239
239
238
228
228
227
227
227
227
227
227
226
225
225
179
179
179
179
179
179
179
179
179
179
179
168
168
168
168
168
168
167
167
165
164
164
164
164
163
163
163
163
163
160
144
144
142
142
129
129
129
129
125
123
123
123
123
122
122
122
122
122
122
122
122
122
122
122
119
119
119
119
114
114
114
114
112
112
112
112
112
112
112
110
110
110
110
108
108
108
108
108
108
108
108
108
107
107
106
106
106
106
106
106
105
105
105
105
105
105
105
105
105
87
87
87
87
87
87
86
86
86
86
85
85
84
84
83
83
82
82
82
82
82
82
82
82
82
80
79
79
77
77
77
76
75
75
66
66
66
65
64
34
34
34
34
34
34
34
34
34
34
34
34
34
34
32
32
31
31
30
30
30
30
30
30
29
29
29
29
29
29
28
28
28
27
27
27
27
27
27
27
27
27
24
24
24
24
24
24
24
24
24
24
24
24
24
24
24
24
24
24
24
24
24
24
24
24
23
23
23
22
22
22
22
22
22
22
22
22
22
22
22
22
22
22
22
22
20
20
20
20
20
20
20
20
20
20
20
20
20
20
20
20
20
20
20
20
20
20
19
19
19
17
17
17
17
17
17
17
17
17
17
17
17
17
17
17
17
12
12
12
12
12
12
12
12
12
12
12
12
11
11
11
11
11
11
11
11
11
10
10
10
10
10
10
10
10
10
10
9
9
9
9
9
8
8
8
7
7
5
4
4
4
4
4
3
3
3
2
