2
2
2
3
3
3
3
3
3
3
3
3
3
3
3
3
3
4
4
4
4
4
4
4
4
4
4
4
4
4
4
4
4
4
4
4
4
4
5
5
5
5
5
5
5
5
5
5
5
5
5
5
5
5
5
5
5
5
5
5
5
6
6
6
6
6
6
6
6
6
6
6
6
6
6
6
6
6
6
7
7
7
7
7
7
7
7
7
7
7
7
7
7
7
7
7
7
7
7
8
8
8
8
8
8
8
8
8
8
8
8
8
8
8
8
8
8
8
8
8
8
8
8
8
8
8
8
8
10
10
10
10
10
10
10
10
10
10
10
10
10
10
10
10
10
10
10
10
10
10
10
10
10
10
10
10
10
11
11
11
11
11
11
11
11
11
11
11
11
11
11
11
11
11
11
11
11
11
11
11
11
11
11
11
11
11
11
11
11
11
11
11
11
11
11
11
11
11
11
13
13
13
13
13
13
13
13
13
13
13
13
13
13
13
13
13
13
13
13
13
13
13
13
13
13
13
13
13
13
13
13
13
13
13
13
13
13
13
14
14
14
15
15
15
15
15
15
15
15
15
15
15
15
15
15
15
15
16
16
16
16
16
16
16
16
16
16
16
16
16
16
16
16
16
16
16
16
16
16
16
16
16
16
16
16
16
16
16
16
16
16
16
16
16
16
19
19
21
22
22
22
22
22
22
22
22
22
22
22
22
22
22
22
22
22
22
22
22
22
22
22
22
22
22
22
23
23
24
24
24
24
25
25
25
25
25
27
28
36
37
37
37
37
37
37
37
43
43
43
43
43
43
43
43
43
43
43
43
43
43
43
43
43
43
43
43
43
43
43
43
43
45
45
45
45
45
45
45
45
45
45
45
45
45
45
45
45
45
45
45
45
45
45
45
45
45
46
46
46
46
46
46
46
46
46
46
46
46
48
48
48
48
48
48
48
48
48
48
48
48
48
48
48
48
48
48
48
48
48
48
48
48
48
56
56
57
57
57
57
57
57
57
57
57
57
57
57
57
68
68
68
68
68
68
68
68
68
72
72
72
72
72
72
72
73
73
76
76
76
76
76
76
76
76
76
82
95
95
95
95
95
95
95
95
95
95
95
95
95
95
95
96
96
96
96
96
96
96
96
96
96
100
100
100
105
105
105
105
105
105
105
105
105
105
105
105
106
106
108
108
108
108
112
112
112
112
112
119
119
119
128
134
134
137
137
137
137
137
137
139
139
139
139
139
139
139
141
141
141
143
153
153
153
153
153
153
153
153
153
153
154
154
170
170
170
170
170
170
171
174
174
174
174
194
194
194
195
195
195
195
195
195
195
195
195
195
195
195
195
198
198
198
198
200
200
200
204
209
319
320
322
331
331
337
338
338
338
338
338
341
341
341
341
341
349
355
355
357
359
359
361
361
376
376
377
402
490
490
490
490
730
730
730
730
731
900
903
904
910
1021
1021
1106
1111
1154
1955
1957
2315
2324
2455
2486
2493
2510
2652
2666
2672
4204
4326
4395
4409
4542
4708
5146
5214
5234
5377
5392
5406
5552
5638
6203
6697
7025
7153
7344
8127
8160
8407
8522
8555
8681
8727
8785
8970
9678
10009
10511
10596
10810
10862
11324
11402
11486
11779
11819
11945
12131
12222
12346
12420
12552
12690
12865
12990
13135
13293
13350
13428
13496
13553
13837
13917
14021
14095
14164
14230
14277
14352
14469
14648
14753
14838
14936
15218
15357
15573
15654
15747
15856
15965
16013
16101
16219
16283
16353
16485
16645
16766
16842
16899
16945
17109
17231
17375
17455
17512
17565
17699
17794
17934
17980
18083
18230
18347
18412
18572
18733
18800
19048
19155
19260
19303
19481
19562
19625
19829
19895
19978
20078
20479
20554
20577
20651
20723
20805
20896
21058
21155
21252
21305
21412
21774
21858
21930
22001
22109
22237
22302
22359
22475
22515
22648
22729
22860
22920
23005
23094
23222
23341
23491
23573
23768
23888
24091
24147
24239
24381
24532
24588
24641
24803
24984
25035
25121
25160
25327
25576
25662
25711
25770
25830
26007
26072
26154
26293
26384
26515
26601
26692
26743
26888
27009
27111
27189
27265
27339
27408
27530
27589
27627
27670
27779
27891
27960
28006
28069
28253
28289
28357
28419
28500
28595
28623
28676
28729
28851
28901
28979
29075
29141
29262
29373
29453
29546
29675
29748
29811
29908
29973
30067
30135
30213
30288
30331
30415
30482
30553
30624
30690
30728
30807
30893
30930
31023
31118
31172
31208
31334
31409
31509
31575
31630
31720
31835
31916
31959
31999
32096
32147
32197
32280
32349
32448
32533
32573
32646
32722
32768
32848
32915
32986
33028
33104
33134
33180
33235
33288
33414
33459
33535
33600
33664
33725
33835
33901
33958
34009
34112
34215
34292
34389
34461
34524
34590
34661
34780
34820
34986
35059
35109
35204
35261
35348
35406
35450
35509
35570
35675
35764
35825
35903
35965
36057
36173
36220
36255
36282
36368
36464
36568
36638
36730
36808
36885
36941
37029
37087
37141
37199
37241
37274
37349
37414
37524
37566
37614
37691
37770
37835
37896
37951
38015
38090
38158
38214
38259
38314
38352
38403
38445
38502
38575
38641
38672
38724
38786
38829
38902
38959
38994
39056
39089
39162
39218
39264
39323
39374
39434
39472
39533
39601
39649
39703
39751
39844
39903
39962
40015
40058
40103
40163
40235
40277
40354
40384
40442
40495
40533
40589
40636
40691
40741
40785
40839
40897
40958
41007
41070
41126
41184
41223
41296
41340
41436
41480
41535
41594
41632
41692
41726
41798
41835
41878
41949
42004
42063
42159
42202
42247
42299
42352
42433
42487
42517
42564
42609
42633
42675
42708
42735
42795
42852
42937
43021
43055
43115
43167
43200
43267
43326
43372
43428
43456
43481
43526
43567
43606
43646
43690
43737
43785
43840
43871
43914
43964
44007
44045
44096
44163
44222
44251
44275
44309
44377
44431
44484
44521
44588
44638
44689
44719
44762
44789
44824
44854
44892
44926
44966
44999
45040
45079
45108
45139
45169
45198
45236
45272
45308
45344
45379
45421
45460
45510
45532
45565
45598
45618
45668
45714
45762
45835
45863
45903
45939
45969
46014
46031
46072
46096
46122
46174
46207
46243
46278
46315
46357
46395
46447
46490
46529
46572
46622
46663
46702
46730
46766
46812
46844
46876
46918
46944
46987
47021
47057
47092
47131
47182
47204
47262
47307
47340
47370
47411
47444
47477
47519
47569
47618
47652
47679
47705
47736
47758
47809
47842
47880
47924
47953
47968
48011
48050
48078
48111
48143
48169
48200
48221
48259
48284
48312
48349
48368
48405
48425
48456
48482
48506
48542
48567
48609
48637
48654
48709
48746
48780
48818
48840
48889
48906
48950
48971
48988
49016
49056
49097
49118
49141
49175
49222
49253
49279
49310
49339
49356
49388
49417
49441
49469
49500
49535
49563
49600
49613
49639
49655
49683
49706
49732
49766
49792
49821
49840
49866
49899
49940
49961
49984
50013
50036
50068
50091
50124
50140
50177
50203
50232
50257
50293
50315
50352
50386
50417
50455
50486
50510
50536
50564
50593
50616
50655
50681
50699
50720
50749
50783
50797
50835
50862
50882
50913
50946
50966
51007
51029
51059
51098
51113
51132
51166
51201
51219
51242
51263
51286
51304
51335
51358
51386
51411
51437
51454
51481
51495
51522
51563
51589
51612
51648
51667
51705
51720
51737
51761
