2
2
2
2
2
3
3
3
3
3
3
3
3
3
3
3
3
4
4
4
4
4
4
6
6
6
6
6
6
6
6
6
6
6
6
7
7
7
7
7
7
7
7
7
7
7
7
7
7
7
9
9
9
9
9
10
10
10
10
10
10
10
10
10
10
10
10
10
10
10
10
10
10
10
10
10
10
10
10
10
10
10
10
10
10
10
10
10
10
10
10
10
10
10
10
10
10
10
10
10
10
10
10
10
10
10
10
10
10
10
10
10
10
10
10
10
10
10
10
10
10
10
10
10
10
10
10
10
10
10
10
10
10
10
13
13
13
13
13
13
13
13
13
13
13
13
13
13
13
13
13
13
13
13
13
13
13
13
13
13
13
13
13
13
13
13
13
14
14
14
14
14
14
14
14
14
14
14
14
14
14
14
14
14
14
14
14
14
14
14
14
14
14
14
14
14
14
14
14
14
14
14
14
14
14
14
14
14
14
14
15
15
15
15
15
15
15
15
15
15
15
15
15
15
15
15
15
15
15
15
15
15
15
15
15
15
15
15
15
15
15
15
15
15
15
15
15
16
16
16
16
16
16
16
16
16
16
16
16
16
16
16
16
16
16
16
16
16
16
16
16
16
16
16
16
16
16
16
22
22
22
22
22
22
22
22
22
22
22
22
22
22
22
22
22
22
22
22
22
22
22
22
22
22
22
22
22
22
22
22
22
22
22
22
22
22
22
22
22
22
22
22
22
23
23
23
23
23
23
23
23
23
23
37
37
37
37
37
37
37
37
37
37
37
37
37
37
37
37
37
37
37
37
37
37
37
37
37
37
37
37
37
37
37
37
37
37
37
37
37
37
37
37
37
37
38
38
38
38
38
38
38
38
38
38
38
38
38
38
38
40
40
40
40
40
40
40
40
40
40
40
40
40
48
49
49
49
49
49
49
49
49
49
49
50
50
50
50
50
51
51
51
51
51
51
51
53
53
53
53
53
53
53
53
53
53
53
53
53
54
54
54
54
54
54
54
54
54
54
70
70
70
70
70
70
70
70
70
70
70
70
70
70
70
70
70
70
70
70
70
73
73
73
73
73
73
74
74
74
74
74
74
75
76
76
76
76
76
76
77
77
77
77
77
77
77
77
86
86
86
86
86
86
86
87
87
98
98
98
98
98
98
98
112
113
113
113
113
157
159
159
159
159
159
159
159
159
159
159
159
159
169
169
170
181
186
186
190
190
190
190
197
197
197
199
201
201
201
201
201
201
202
230
230
232
232
232
232
232
232
232
239
240
240
240
241
243
243
243
243
243
244
245
245
245
245
251
251
259
273
277
277
277
277
277
278
278
280
295
295
357
360
361
362
362
362
364
366
370
381
619
623
624
628
628
695
695
710
710
710
750
750
751
751
756
757
759
759
800
1081
1082
1082
1085
1097
1110
1139
1141
1141
1166
1167
1167
1174
1286
1291
1315
1347
1369
1369
1379
1415
1419
2862
2898
4271
4330
4608
4651
4698
4907
4972
5541
5606
5653
5707
5814
5871
5885
5895
6000
6378
6394
6503
6720
6736
6809
6877
6957
7004
7099
7124
7212
7407
7544
7712
7825
7957
8092
8173
8229
8261
8420
9067
9270
9815
9972
10235
10333
10632
10770
10797
10946
11264
11340
11410
11606
11638
12038
12113
12446
12544
12613
12675
12776
12904
13039
13158
13217
13286
13345
13404
13524
13591
13654
13818
13909
13962
14058
14197
14401
14526
14624
14649
14709
14822
14899
15044
15130
15280
15619
15661
15868
16246
16363
16583
16908
16951
17028
17174
17342
17448
17519
17606
17777
17837
18036
18134
18389
18731
18901
19177
19238
19358
19491
19562
19638
19747
19823
19909
19977
20053
20129
20241
20356
20626
20779
20919
21021
21234
21367
21551
21635
21709
21790
21996
22071
22116
22182
22314
22431
22487
22569
22631
22729
22832
22864
22932
22996
23093
23165
23292
23377
23542
23608
23679
23755
23813
23970
24043
24116
24223
24328
24458
24580
24714
24795
24892
24988
25047
25142
25271
25351
25416
25522
25616
25720
25847
25903
25977
26049
26102
26175
26243
26415
26473
26631
26742
26849
26884
26945
26989
27142
27203
27299
27347
27547
27595
27701
27795
27903
27975
28026
28179
28251
28410
28476
28591
28667
28735
28808
28892
28962
29038
29076
29210
29305
29355
29422
29508
29568
29647
29740
29834
29913
29951
30098
30171
30255
30310
30381
30453
30524
30599
30680
30837
30914
31027
31109
31197
31252
31392
31448
31514
31635
31712
31748
31845
31895
31977
32063
32147
32243
32290
32363
32527
32635
32674
32723
32778
32879
33003
33067
33143
33229
33310
33406
33453
33548
33647
33691
33734
33798
33895
33980
34041
34112
34153
34197
34258
34315
34399
34480
34527
34569
34609
34668
34717
34766
34836
34919
34964
35081
35136
35211
35254
35329
35383
35450
35490
35581
35662
35718
35823
35886
35944
36019
36076
36121
36172
36237
36298
36348
36405
36457
36513
36604
36660
36715
36802
36845
36927
36976
37067
37160
37199
37270
37337
37388
37425
37496
37539
37630
37705
37755
37787
37841
37885
37994
38028
38075
38134
38201
38274
38334
38400
38443
38512
38601
38653
38702
38753
38809
38851
38935
39029
39091
39146
39199
39245
39302
39345
39406
39471
39521
39547
39617
39655
39714
39755
39828
39867
39910
39940
39982
40019
40110
40159
40192
40235
40281
40327
40367
40443
40489
40544
40581
40629
40695
40731
40768
40819
40888
40933
40998
41055
41099
41170
41226
41295
41339
41377
41437
41480
41510
41586
41649
41689
41742
41766
41804
41847
41891
41937
41985
42025
42069
42124
42160
42222
42256
42299
42354
42416
42456
42503
42550
42632
42666
42710
42760
42807
42848
42908
42939
42977
43033
43091
43140
43175
43213
43252
43300
43359
43389
43438
43481
43512
43546
43577
43635
43701
43751
43825
43846
43879
43901
43962
43998
44023
44070
44123
44155
44187
44230
44263
44328
44370
44416
44449
44497
44551
44604
44648
44705
44739
44784
44810
44858
44886
44927
44976
44999
45048
45111
45165
45193
45221
45269
45320
45345
45393
45420
45455
45478
45537
45577
45633
45665
45693
45718
45753
45782
45817
45859
45899
45938
45966
46001
46034
46070
46118
46155
46191
46237
46267
46294
46319
46352
46369
46402
46434
46478
46534
46571
46606
46633
46652
46680
46710
46736
46776
46813
46842
46872
46914
46936
46981
47020
47038
47068
47114
47132
47155
47223
47246
47289
47323
47353
47381
47430
47465
47501
47530
47578
47610
47642
47712
47742
47792
47831
47876
47905
47935
47994
48030
48055
48096
48130
48163
48193
48228
48250
48296
48329
48367
48401
48443
48476
48506
48534
48581
48626
48654
48682
48714
48741
48774
48810
48833
48863
48886
48920
48941
48985
49019
49039
49066
49097
49136
49165
49193
49217
49245
49272
49313
49337
49363
49402
49422
49473
49491
49517
49540
49573
49617
49646
49676
49698
49727
49738
49766
49815
49850
49886
49904
49938
49955
49991
50012
50053
50076
50102
50124
50145
50167
50211
50256
50287
50318
50343
50367
50375
50393
50414
50437
50470
50489
50516
50543
50571
50593
50636
50668
50698
50724
50751
50793
50812
50824
50867
50904
50927
50950
50974
51004
51032
51053
51091
51121
51151
51183
51210
51230
51255
51278
51307
51331
51345
51360
51383
51407
51426
51458
51493
51513
51525
51549
51571
51583
51615
51650
51671
51693
