51694
51673
51650
51617
51590
51558
51536
51504
51466
51443
51419
51392
51351
51324
51299
51274
51245
51220
51194
51173
51132
51099
51073
51048
51012
50992
50963
50924
50899
50867
50847
50822
50777
50758
50725
50701
50659
50627
50591
50557
50527
50492
50455
50429
50403
50380
50354
50325
50303
50251
50224
50193
50156
50124
50091
50057
50025
49987
49964
49942
49919
49899
49861
49833
49803
49771
49740
49712
49685
49661
49627
49596
49570
49539
49495
49464
49440
49416
49391
49359
49322
49300
49267
49237
49212
49189
49163
49129
49106
49070
49030
49008
48980
48948
48911
48886
48858
48828
48777
48748
48714
48675
48646
48621
48574
48549
48511
48481
48440
48396
48369
48324
48300
48270
48242
48199
48149
48117
48099
48055
48024
47994
47949
47912
47875
47834
47814
47753
47718
47683
47648
47622
47573
47543
47521
47480
47450
47393
47355
47320
47264
47235
47195
47160
47131
47107
47085
47054
47030
46990
46958
46927
46886
46853
46831
46786
46754
46720
46687
46660
46633
46607
46581
46548
46519
46500
46468
46434
46401
46361
46320
46282
46241
46218
46182
46162
46129
46101
46076
46040
45998
45967
45931
45885
45860
45826
45781
45743
45704
45682
45652
45619
45590
45562
45519
45473
45423
45399
45363
45327
45298
45272
45236
45209
45175
45135
45097
45056
45017
44977
44938
44892
44858
44830
44797
44754
44724
44691
44653
44613
44589
44574
44528
44490
44460
44417
44386
44344
44291
44255
44212
44179
44149
44117
44089
44020
43987
43947
43918
43875
43854
43816
43779
43743
43707
43663
43626
43593
43553
43507
43485
43461
43418
43377
43343
43303
43263
43224
43195
43151
43113
43069
43037
43013
42945
42906
42878
42851
42829
42792
42762
42715
42693
42652
42614
42578
42540
42486
42448
42424
42385
42353
42306
42253
42214
42169
42139
42106
42070
42023
41993
41961
41917
41859
41820
41767
41722
41668
41635
41584
41537
41500
41464
41423
41375
41318
41291
41268
41242
41193
41157
41119
41062
41022
40982
40903
40866
40832
40796
40750
40715
40664
40640
40606
40567
40523
40485
40454
40403
40376
40340
40305
40270
40238
40208
40173
40140
40113
40040
40009
39969
39934
39887
39857
39819
39772
39738
39713
39691
39658
39631
39585
39543
39496
39449
39413
39366
39323
39284
39229
39180
39125
39079
39041
39008
38966
38931
38883
38824
38778
38715
38677
38627
38603
38573
38521
38485
38416
38369
38334
38301
38242
38211
38173
38134
38094
38061
38001
37932
37874
37827
37790
37709
37643
37577
37521
37463
37418
37387
37338
37288
37242
37192
37135
37098
37021
36980
36940
36889
36852
36799
36759
36723
36677
36607
36522
36484
36421
36379
36350
36293
36255
36205
36161
36125
36086
36031
35986
35956
35916
35885
35835
35771
35713
35676
35635
35595
35565
35515
35447
35395
35357
35303
35268
35229
35182
35140
35089
34999
34948
34893
34839
34761
34715
34652
34606
34570
34528
34478
34395
34342
34297
34258
34188
34148
34106
34075
34028
33978
33933
33895
33835
33765
33710
33651
33608
33556
33486
33436
33377
33315
33242
33215
33159
33088
33058
33023
32943
32899
32826
32764
32712
32674
32631
32574
32519
32478
32440
32385
32340
32293
32244
32145
32100
32039
31966
31896
31820
31775
31730
31697
31657
31610
31548
31496
31447
31401
31360
31310
31250
31206
31116
31027
30992
30947
30876
30821
30764
30707
30679
30628
30588
30545
30501
30429
30396
30368
30319
30253
30202
30140
30100
30044
30015
29976
29916
29885
29844
29794
29733
29662
29619
29527
29406
29385
29328
29270
29166
29068
29032
29002
28925
28885
28846
28808
28717
28676
28576
28485
28403
28359
28312
28271
28199
28157
28098
28041
28003
27953
27899
27861
27821
27758
27711
27657
27600
27548
27507
27460
27388
27343
27257
27191
27136
27083
27019
26976
26912
26842
26778
26738
26658
26597
26568
26521
26466
26387
26324
26271
26180
26107
26017
25989
25958
25903
25821
25734
25677
25610
25528
25469
25387
25336
25253
25172
25124
25014
24966
24893
24851
24787
24719
24670
24593
24461
24361
24328
24269
24225
24130
24021
23955
23865
23818
23770
23733
23706
23634
23553
23472
23394
23358
23289
23214
23183
23113
23065
23015
22955
22875
22820
22758
22700
22659
22608
22574
22551
22492
22414
22351
22293
22213
22186
22093
22037
21988
21879
21844
21794
21747
21720
21687
21610
21513
21454
21384
21328
21250
21099
21074
20987
20913
20881
20773
20730
20679
20616
20584
20465
20400
20363
20251
20144
20078
20028
19934
19847
19783
19688
19594
19444
19351
19281
19196
19140
19066
18997
18919
18851
18777
18688
18643
18531
18427
18378
18322
18250
18216
18155
18118
18039
17960
17883
17820
17746
17700
17616
17524
17471
17401
17225
17166
17120
17013
16908
16857
16784
16678
16554
16392
16238
16200
16119
15878
15831
15781
15722
15592
15518
15482
15427
15309
15245
15079
15035
14962
14838
14724
14637
14597
14470
14408
14333
14266
14162
14036
13702
13629
13540
13519
13446
13317
13256
13192
13140
13106
12922
12874
12811
12744
12681
12660
12574
12480
12360
12304
12116
12049
12025
11957
11932
11806
11693
11595
11531
11470
11413
11244
11227
11154
11057
11030
10974
10918
10764
10672
10526
10497
10440
10376
10336
10239
10188
10153
10112
10065
10026
9854
9738
9620
9530
9388
9255
9152
9063
8792
8564
8485
8315
8291
8270
8192
8104
8061
8031
7953
7921
7892
7861
7826
7804
7763
7692
7682
7650
7519
7389
7371
7046
6979
6849
6645
6619
6608
6566
6449
6326
6180
6169
6122
6076
6013
5977
5906
5888
5847
5636
5507
5479
5448
5368
5320
5127
5093
4914
4885
4874
4871
4849
4774
4631
4405
4361
4103
3952
3881
3862
3695
3620
3510
3374
3255
3203
3185
3175
3170
2590
2587
2565
2530
2514
2474
2360
2082
2080
1135
1133
1131
1127
1031
1031
1031
1005
989
989
988
987
983
971
970
968
925
907
898
897
892
891
890
890
889
825
819
819
819
790
790
789
644
643
643
642
642
640
555
478
449
446
446
446
445
445
445
445
445
445
444
442
251
250
246
242
238
238
238
205
205
200
198
189
188
188
188
188
188
188
188
188
187
187
177
174
174
174
174
174
170
169
169
167
146
146
146
146
146
146
146
146
146
144
144
144
144
143
143
143
143
143
143
143
143
137
137
137
137
137
137
137
137
137
137
137
137
137
131
131
131
130
130
130
130
130
130
130
130
130
99
99
99
99
70
69
69
69
69
69
69
69
69
69
69
69
69
69
69
69
65
65
65
64
64
64
63
63
62
62
62
62
62
62
62
62
62
62
62
62
62
62
62
62
61
61
59
59
59
59
39
39
39
39
39
39
39
39
39
39
39
39
39
39
39
39
39
39
39
39
39
39
31
31
31
31
31
31
31
29
27
27
27
27
27
27
26
26
26
26
26
26
26
26
26
26
26
26
26
26
26
26
26
26
26
26
26
26
26
26
26
26
26
26
26
26
26
26
26
26
26
26
26
26
25
25
24
24
24
24
24
24
24
24
23
23
23
23
23
23
23
23
23
23
23
23
23
23
22
22
22
22
22
22
22
17
17
17
17
17
17
17
17
17
17
17
17
17
17
17
17
17
17
17
16
16
16
16
16
16
16
16
16
16
16
16
16
16
16
16
16
14
14
14
14
14
14
14
14
14
14
14
14
14
14
14
14
14
14
14
14
14
14
14
14
14
14
14
14
12
12
12
12
12
11
11
11
11
11
11
11
11
11
11
11
11
11
11
11
11
11
11
10
10
10
10
10
10
10
10
10
10
10
10
10
10
10
9
9
9
9
9
9
9
9
8
8
8
8
7
7
7
7
7
7
7
7
6
6
6
6
6
6
6
6
6
6
