2
2
2
3
3
3
3
3
3
3
3
3
3
3
3
3
3
3
3
3
4
4
4
4
5
5
5
5
5
5
5
5
5
5
5
5
5
5
5
5
5
5
5
5
5
5
5
5
5
5
5
5
5
5
5
5
5
5
5
5
5
6
6
6
6
6
6
6
6
6
6
6
6
6
6
6
6
6
6
6
6
6
6
6
6
6
6
6
6
6
6
7
7
7
7
7
7
7
7
7
7
7
7
7
7
7
7
7
7
7
7
7
7
7
7
7
7
7
7
7
9
9
9
9
9
9
9
9
9
9
9
9
9
9
9
9
9
9
9
9
9
9
9
9
9
9
9
9
9
9
9
9
9
9
9
9
9
9
9
9
9
9
9
9
9
9
9
9
9
9
10
10
10
10
10
10
10
10
10
10
10
10
10
10
10
10
11
11
11
11
11
11
11
11
11
11
11
11
11
11
11
11
11
11
11
11
12
12
12
12
12
12
12
12
12
13
13
14
14
14
14
14
14
14
14
14
14
14
14
14
14
16
16
16
16
16
16
16
16
16
16
16
16
16
16
16
16
16
16
16
17
17
17
17
17
17
17
17
17
17
17
17
17
17
18
18
18
18
18
18
18
18
18
18
18
18
18
18
18
18
18
18
18
18
18
18
18
18
18
19
19
19
19
19
19
19
19
19
19
19
19
19
19
19
19
19
19
20
20
20
20
21
21
21
21
21
21
21
21
21
21
21
21
21
21
21
21
21
21
21
21
21
30
30
30
30
30
30
30
30
30
30
34
34
34
34
34
34
34
34
38
38
38
38
38
38
38
38
38
38
38
38
38
38
38
38
38
38
39
39
40
40
40
40
40
40
40
40
40
40
40
40
40
40
40
40
40
40
40
41
41
41
41
42
42
42
42
42
42
42
43
43
43
43
44
44
44
44
44
44
44
44
44
44
44
44
44
44
44
52
52
52
52
52
52
52
52
52
52
52
52
52
52
52
52
59
59
60
60
60
60
60
60
68
68
68
68
70
71
71
71
71
71
73
73
74
74
74
76
76
76
76
76
76
76
76
76
76
76
76
76
76
76
77
77
77
77
77
77
77
77
77
77
77
77
77
77
77
77
84
84
84
84
84
85
85
132
132
132
132
132
132
132
132
132
132
137
137
137
137
137
137
139
139
139
139
139
139
139
139
139
139
139
139
139
139
139
139
148
148
148
148
148
148
148
148
148
148
149
149
149
149
149
149
150
150
150
150
150
157
157
157
158
158
158
181
181
192
193
193
193
193
193
193
193
195
195
195
195
195
195
195
196
200
200
200
201
258
258
258
258
258
262
346
347
348
352
353
353
354
354
358
358
359
382
388
442
459
529
529
539
549
549
550
559
561
564
575
602
604
605
616
618
618
799
823
865
865
868
871
873
896
987
988
1001
1007
1021
1024
1025
1028
1029
1039
1227
1227
1464
1465
1466
1475
1532
1533
2249
2324
2325
2327
2332
2544
3310
3344
5034
5058
5153
5184
5268
5297
5414
5446
5499
5544
5559
5578
5923
6439
6498
6583
6595
6764
6964
7032
7925
7969
8219
8307
8507
8690
8983
9006
9203
9230
9653
9734
9773
9894
9963
9975
10036
10090
10180
10251
10582
10628
10700
10792
10981
11136
11164
11268
11395
11530
11589
11950
11997
12117
12362
12393
12833
13078
13136
13254
13594
13699
14013
14118
14247
14319
14364
14516
14614
14759
15062
15161
15307
15408
15481
15617
15741
16179
16237
16384
16468
16568
16642
16689
16756
16855
16999
17147
17227
17294
17389
17542
17697
17881
17983
18037
18145
18371
18437
18580
18723
18971
19086
19260
19382
19512
19589
19729
19880
19947
20024
20078
20194
20341
20479
20550
20653
20778
20981
21131
21183
21275
21415
21563
21610
21659
21771
21917
21988
22057
22161
22234
22325
22405
22509
22594
22737
22814
22967
23029
23097
23185
23285
23390
23454
23700
23781
23874
23928
23994
24081
24130
24263
24412
24534
24627
24688
24820
25007
25045
25121
25187
25266
25427
25498
25613
25833
25980
26059
26155
26192
26286
26397
26519
26597
26774
26864
26926
26991
27049
27097
27161
27249
27361
27431
27489
27549
27639
27757
27814
27878
28058
28156
28291
28362
28456
28508
28628
28700
28851
28900
28990
29098
29163
29226
29260
29336
29465
29553
29593
29642
29733
29860
29955
30067
30205
30271
30364
30437
30554
30600
30687
30741
30828
30888
30989
31036
31100
31214
31290
31366
31513
31590
31660
31754
31814
31915
31952
32029
32064
32175
32246
32311
32381
32441
32520
32582
32624
32689
32762
32876
32937
33020
33114
33161
33217
33260
33305
33353
33416
33499
33564
33641
33722
33860
33923
33999
34108
34167
34278
34347
34402
34499
34564
34631
34684
34761
34889
34949
35042
35100
35165
35255
35320
35397
35455
35494
35547
35581
35700
35770
35849
35896
35946
35992
36030
36085
36124
36171
36232
36283
36361
36443
36502
36536
36615
36668
36749
36821
36887
36967
37041
37078
37120
37174
37246
37304
37391
37427
37527
37573
37622
37678
37739
37782
37826
37888
37918
37955
38008
38064
38097
38181
38226
38305
38360
38397
38444
38504
38551
38610
38680
38727
38789
38843
38872
38939
38986
39038
39092
39152
39188
39247
39306
39360
39406
39493
39551
39622
39656
39696
39732
39801
39841
39883
39995
40045
40096
40154
40220
40264
40345
40398
40478
40539
40587
40618
40662
40718
40757
40794
40823
40871
40907
40959
40995
41035
41082
41139
41222
41253
41334
41410
41455
41517
41580
41609
41678
41708
41761
41818
41848
41912
41949
42012
42059
42087
42115
42145
42184
42222
42257
42307
42348
42384
42442
42475
42526
42583
42631
42668
42732
42776
42833
42877
42925
42953
43034
43076
43110
43147
43236
43290
43367
43422
43455
43519
43572
43611
43645
43710
43764
43839
43902
43946
43971
44006
44061
44103
44132
44177
44219
44245
44281
44334
44374
44418
44450
44492
44537
44577
44621
44672
44708
44756
44787
44819
44855
44909
44969
45014
45069
45101
45135
45176
45225
45288
45319
45365
45411
45438
45492
45520
45572
45602
45635
45670
45708
45733
45768
45808
45843
45893
45937
45966
46003
46036
46080
46127
46152
46183
46217
46279
46303
46343
46385
46416
46447
46480
46517
46540
46569
46608
46660
46709
46724
46765
46814
46848
46870
46904
46925
46963
46999
47047
47074
47120
47142
47176
47214
47260
47306
47347
47405
47436
47473
47515
47571
47614
47645
47692
47733
47759
47791
47834
47858
47897
47943
47984
48011
48061
48075
48100
48129
48166
48186
48231
48263
48287
48317
48356
48388
48436
48462
48489
48513
48561
48586
48612
48637
48662
48700
48718
48753
48790
48817
48847
48896
48916
48950
48981
49003
49042
49083
49115
49139
49175
49208
49244
49289
49322
49348
49374
49401
49439
49485
49517
49534
49569
49619
49651
49680
49724
49754
49775
49806
49845
49878
49899
49939
49974
50002
50023
50047
50063
50088
50109
50151
50172
50201
50223
50247
50272
50300
50327
50369
50414
50458
50500
50538
50556
50590
50612
50641
50668
50685
50720
50749
50775
50789
50818
50848
50869
50903
50942
50967
50991
51016
51033
51045
51072
51091
51117
51140
51162
51186
51214
51235
51261
51284
51315
51333
51362
51387
51415
51444
51483
51502
51516
51535
51553
51577
51598
51617
51642
51661
51677
51703
51718
51733
51754
51777
51814
51831
