2
2
2
2
2
2
2
2
2
2
2
2
2
2
2
2
2
2
2
2
2
2
2
2
2
2
2
2
2
2
2
2
2
2
2
2
2
2
2
2
2
2
2
2
2
2
2
2
2
2
2
2
2
2
2
2
2
2
2
2
2
2
2
2
2
2
2
2
2
2
2
2
2
2
2
2
2
2
2
2
2
2
2
2
2
2
2
2
2
2
2
2
2
2
2
2
2
2
2
2
2
2
2
2
2
2
2
2
2
2
2
2
2
2
2
2
2
2
2
2
2
2
2
2
2
2
2
2
2
2
2
2
2
2
2
2
2
2
2
2
2
2
2
2
2
2
2
2
2
2
2
2
2
2
2
2
2
2
2
2
2
2
2
2
2
2
2
2
2
2
2
2
2
2
2
2
2
2
2
2
2
2
2
2
2
2
2
2
2
2
2
2
2
2
2
2
2
2
2
2
2
2
2
2
2
2
2
2
2
2
2
2
2
2
2
2
2
2
2
2
2
2
2
2
2
2
2
2
5
5
5
5
5
5
5
5
5
5
5
5
5
5
5
5
5
5
5
5
5
5
5
5
5
5
5
5
5
5
5
5
5
5
5
5
5
5
5
5
5
5
5
5
5
5
5
6
6
6
6
6
6
6
6
6
6
7
7
7
7
7
7
7
7
7
7
7
7
7
7
7
7
7
7
7
7
7
7
7
7
7
7
7
7
7
7
7
7
7
7
7
7
7
7
7
7
7
7
7
7
7
7
7
7
7
7
7
7
7
7
7
7
7
7
7
7
7
7
7
7
7
7
7
7
7
7
7
7
7
7
7
7
7
7
7
7
7
7
7
7
7
7
7
7
7
7
7
7
7
7
7
7
7
7
7
7
7
7
7
7
7
7
7
7
7
7
7
7
7
7
7
7
7
7
7
7
7
7
7
7
7
7
7
7
7
7
7
7
7
7
7
7
7
7
7
7
7
7
7
7
7
7
7
7
7
7
7
7
7
7
7
7
7
7
7
7
7
7
7
7
7
7
7
7
7
7
7
7
7
7
7
7
7
7
7
7
7
7
7
7
7
7
7
7
7
7
7
7
7
7
7
7
7
7
7
7
7
7
7
7
7
7
7
7
7
7
7
7
7
7
7
7
7
7
7
7
7
7
7
7
7
7
7
7
7
7
7
7
7
7
7
7
7
7
7
7
7
7
7
7
7
7
7
7
7
7
7
7
7
7
7
7
7
7
7
7
7
7
7
7
7
7
7
7
7
7
7
7
7
7
7
7
7
7
7
7
7
7
7
7
7
7
7
7
7
7
7
7
7
7
7
7
7
7
7
7
7
7
7
7
7
7
7
7
7
7
7
7
7
7
7
7
7
7
7
7
7
7
7
7
7
7
7
7
7
7
7
7
7
7
7
7
7
7
7
7
7
7
7
7
7
7
7
7
7
7
7
7
7
7
7
7
7
7
7
7
7
7
7
7
7
7
7
7
7
7
7
7
7
7
7
7
7
7
7
7
7
7
7
7
7
7
7
7
7
7
32
32
32
32
32
32
32
32
32
32
32
32
32
32
32
32
32
32
32
32
32
32
32
32
32
32
32
32
32
32
32
33
33
33
33
33
33
33
33
33
33
33
33
33
33
33
33
33
33
33
33
33
33
33
33
33
33
33
33
33
33
33
33
33
33
33
33
33
33
33
33
33
33
33
33
33
33
33
33
33
33
33
33
33
33
33
33
33
33
33
33
33
33
33
33
33
33
19241
19355
19427
19542
19665
19765
19811
19991
20144
20225
20306
20375
20530
20605
20778
20846
20974
21034
21072
21156
21381
21573
21631
21757
21825
21912
22031
22078
22107
22229
22314
22537
22591
22776
22832
22981
23051
23102
23190
23259
23435
23577
23660
23804
23912
24032
24102
24189
24279
24414
24472
24553
24613
24690
24767
24821
24898
24949
25047
25096
25148
25191
25338
25403
25500
25592
25666
25737
25823
25878
25948
26007
26151
26189
26256
26347
26425
26459
26496
26563
26643
26740
26769
26816
26870
26958
27020
27102
27148
27186
27251
27303
27385
27453
27533
27591
27666
27731
27814
27894
28029
28056
28140
28209
28288
28379
28452
28549
28618
28681
28749
28812
28883
28951
29007
29120
29173
29237
29287
29351
29420
29468
29515
29598
29634
29691
29727
29772
29881
29925
29968
30043
30108
30190
30242
30319
30387
30438
30469
30598
30677
30781
30835
30926
30987
31043
31110
31168
31286
31328
31408
31446
31509
31589
31636
31709
31751
31815
31867
31933
32007
32094
32153
32203
32280
32325
32399
32454
32530
32559
32631
32664
32692
32758
32795
32860
32939
33045
33085
33149
33199
33279
33336
33398
33467
33553
33605
33671
33693
33736
33780
33870
33918
33981
34039
34086
34153
34194
34237
34290
34358
34443
34510
34586
34645
34704
34754
34811
34871
34915
34951
35017
35070
35106
35175
35227
35279
35334
35381
35440
35472
35582
35621
35661
35695
35737
35790
35854
35902
35949
36011
36070
36111
36182
36216
36275
36322
36365
36409
36464
36568
36626
36656
36730
36783
36813
36866
36923
37006
37060
37098
37137
37211
37250
37285
37342
37405
37434
37478
37544
37578
37618
37669
37712
37748
37806
37861
37895
37920
37947
38012
38049
38095
38146
38181
38213
38242
38278
38318
38361
38394
38444
38487
38556
38594
38679
38711
38761
38802
38836
38875
38919
38951
39019
39056
39092
39131
39159
39190
39237
39284
39332
39381
39413
39467
39523
39563
39595
39626
39642
39679
39739
39793
39849
39890
39922
39965
39998
40043
40083
40110
40161
40207
40242
40267
40310
40355
40393
40461
40498
40528
40581
40628
40670
40697
40749
40795
40835
40881
40934
40978
41021
41048
41083
41136
41172
41216
41246
41276
41326
41383
41420
41458
41497
41552
41579
41609
41638
41682
41722
41757
41796
41821
41884
41913
41942
41979
42024
42055
42075
42120
42144
42161
42196
42222
42250
42286
42327
42352
42379
42426
42457
42483
42500
42547
42590
42628
42660
42736
42770
42790
42823
42862
42896
42959
42995
43047
43093
43136
43185
43225
43266
43323
43371
43395
43427
43459
43489
43520
43569
43608
43642
43680
43728
43753
43776
43797
43819
43853
43883
43945
43976
44013
44054
44080
44117
44141
44179
44209
44222
44262
44286
44313
44335
44380
44427
44459
44485
44521
44552
44593
44621
44640
44672
44705
44777
44824
44859
44879
44930
44960
44993
45024
45044
45068
45105
45134
45169
45187
45208
45249
45279
45313
45328
45366
45396
45426
45461
45499
45534
45554
45574
45610
45641
45667
45715
45734
45753
45788
45821
45851
45879
45912
45941
45969
45994
46038
46072
46104
46149
46180
46215
46262
46294
46325
46344
46384
46428
46457
46482
46517
46541
46580
46598
46630
46656
46694
46724
46745
46767
46800
46824
46852
46882
46916
46958
46996
47030
47048
47071
47116
47131
47149
47179
47239
47265
47292
47317
47345
47370
47384
47392
47407
47426
47452
47474
47492
47525
47567
47599
47624
47642
47683
47714
47743
47771
47784
47812
47835
47858
47882
47907
47933
47968
47985
48014
48051
48076
48102
48132
