48121
48088
48060
48025
48004
47972
47944
47925
47881
47852
47826
47800
47760
47733
47706
47684
47650
47626
47587
47557
47534
47507
47485
47459
47426
47395
47365
47334
47296
47265
47247
47213
47182
47145
47114
47081
47063
47040
47005
46973
46942
46910
46878
46852
46816
46775
46715
46686
46657
46638
46584
46547
46518
46491
46452
46426
46402
46368
46337
46312
46278
46252
46210
46155
46132
46103
46055
46019
45993
45954
45922
45884
45838
45812
45780
45754
45723
45682
45643
45595
45558
45527
45489
45451
45421
45394
45368
45337
45315
45270
45235
45208
45159
45123
45096
45057
45022
44993
44954
44901
44874
44844
44784
44755
44695
44671
44640
44611
44582
44548
44514
44480
44425
44393
44372
44349
44310
44272
44248
44212
44179
44139
44107
44068
44031
43978
43948
43909
43866
43848
43824
43772
43740
43704
43666
43639
43588
43546
43509
43480
43432
43396
43366
43332
43289
43252
43213
43180
43138
43111
43081
43033
42996
42951
42918
42877
42845
42810
42776
42743
42708
42688
42641
42612
42571
42545
42507
42467
42437
42402
42382
42336
42312
42283
42249
42209
42178
42137
42103
42063
42030
42004
41964
41896
41838
41805
41775
41723
41683
41643
41613
41571
41545
41491
41453
41404
41374
41359
41334
41288
41241
41200
41151
41125
41085
41043
41018
40973
40943
40901
40865
40812
40785
40749
40716
40689
40637
40594
40524
40479
40431
40394
40365
40316
40294
40243
40206
40167
40117
40084
40026
39998
39957
39931
39889
39859
39826
39788
39746
39702
39659
39616
39564
39526
39494
39461
39410
39372
39333
39301
39276
39243
39202
39167
39127
39082
39053
39001
38958
38912
38883
38835
38794
38751
38729
38679
38646
38596
38545
38502
38473
38406
38384
38337
38286
38240
38198
38156
38105
38059
38026
37978
37920
37869
37833
37796
37762
37728
37709
37668
37636
37612
37574
37547
37495
37415
37380
37357
37304
37282
37237
37186
37160
37126
37081
37041
36976
36943
36893
36859
36815
36793
36753
36729
36686
36639
36607
36563
36501
36461
36416
36383
36364
36333
36287
36235
36200
36162
36121
36079
36029
35971
35923
35843
35807
35752
35714
35661
35615
35578
35540
35484
35460
35420
35357
35304
35262
35206
35130
35101
35004
34965
34926
34884
34821
34774
34730
34678
34615
34584
34556
34515
34466
34399
34376
34344
34323
34282
34242
34208
34172
34133
34096
34067
34032
33981
33932
33901
33875
33823
33790
33758
33692
33657
33614
33556
33511
33478
33398
33345
33308
33271
33210
33126
33067
33036
33001
32959
32913
32887
32852
32820
32776
32739
32687
32655
32620
32569
32480
32449
32372
32315
32268
32226
32196
32169
32130
32099
32041
31994
31920
31836
31785
31750
31714
31670
31622
31596
31531
31501
31466
31409
31373
31314
31283
31241
31173
31124
31095
31028
30992
30895
30838
30799
30765
30733
30685
30651
30597
30577
30530
30470
30421
30363
30323
30267
30205
30142
30102
30062
30024
29983
29944
29899
29833
29762
29691
29647
29595
29553
29505
29445
29363
29321
29286
29229
29169
29142
29111
29053
29000
28960
28891
28858
28834
28796
28750
28713
28677
28619
28550
28511
28485
28442
28397
28362
28334
28273
28235
28178
28137
28079
28037
27979
27935
27874
27798
27761
27739
27697
27655
27613
27551
27513
27472
27434
27385
27332
27277
27238
27176
27113
27068
27004
26938
26912
26874
26836
26796
26763
26727
26675
26621
26564
26517
26473
26443
26408
26370
26332
26291
26252
26211
26144
26097
26061
26024
25981
25896
25832
25784
25747
25699
25651
25582
25534
25503
25437
25398
25349
25278
25205
25160
25120
25069
25030
25004
24949
24918
24857
24817
24737
24672
24630
24581
24553
24520
24457
24405
24352
24306
24222
24159
24082
24009
23951
23887
23837
23808
23749
23688
23650
23600
23516
23467
23416
23359
23323
23300
23208
23152
23117
23050
23005
22969
22919
22800
22708
22652
22563
22541
22483
22440
22365
22328
22275
22252
22215
22155
22104
22056
22020
21973
21918
21790
21762
21710
21677
21628
21556
21536
21466
21403
21357
21320
21278
21219
21165
21124
21069
21035
20996
20904
20841
20727
20640
20613
20576
20534
20510
20484
20430
20365
20312
20268
20221
20159
20106
20066
19977
19858
19810
19721
19660
19594
19579
19548
19512
19451
19395
19356
19305
19209
19155
19087
19060
19007
18917
18858
18796
18688
18652
18575
18505
18482
18416
18334
18275
18207
18172
18097
18006
17956
17887
17847
17807
17709
17667
17612
17539
17481
17445
17411
17377
17309
17269
17239
17183
17149
17075
17041
16960
16908
16846
16799
16704
16599
16559
16496
16455
16410
16364
16295
16238
16198
16134
16019
15968
15916
15879
15771
15743
15654
15592
15528
15455
15430
15370
15339
15300
15262
15223
15186
15090
15018
14944
14806
14773
14743
14718
14655
14604
14513
14437
14391
14327
14279
14236
14189
14145
14042
13985
13959
13910
13872
13844
13760
13713
13694
13634
13559
13536
13423
13385
13354
13258
13058
13014
12954
12905
12866
12772
12703
12654
12617
12591
12428
12395
12266
12214
12172
12131
12111
12084
12060
12034
11967
11949
11919
11889
11800
11777
11716
11666
11636
11577
11560
11487
11465
11347
11276
11250
11215
11181
11117
11052
11021
10922
10855
10813
10747
10714
10635
10593
10548
10483
10447
10332
10250
10215
10165
10072
9970
9890
9869
9798
9764
9665
9612
9586
9471
9345
9229
9189
9120
9056
9010
8803
8782
8711
8623
8590
8453
8428
8313
8302
8269
8209
8177
8103
8050
8018
7992
7937
7798
7775
7590
7566
7555
7521
7503
7454
7408
7398
7278
7259
7129
7082
7073
7041
6945
6911
6875
6838
6805
6502
6421
6356
6268
6260
6239
6209
6192
6168
6060
6047
6032
5995
5975
5940
5916
5901
5871
5833
5807
5783
5766
5722
5643
5619
5542
5486
5471
5404
5316
5305
5268
5255
5245
5128
5090
5073
5049
5022
4924
4149
4140
4129
4125
4114
4086
4071
4026
3997
3964
3948
3944
3918
3896
3833
3817
3752
3719
3693
3636
3622
3559
3526
3443
3434
3385
3370
3331
3272
3148
3132
3103
3088
3027
2988
2945
2929
2917
2903
2898
2893
2886
2849
2836
2826
2784
2763
2757
2748
2572
2562
2211
2159
2148
2142
2135
2130
2073
2071
2068
1631
1628
1626
1517
1515
1515
1427
1427
1426
1426
1365
1361
1361
1346
1328
1301
1297
1285
1279
1276
1255
695
695
695
685
685
678
678
676
673
549
544
543
537
534
533
533
532
493
492
492
490
485
484
482
482
481
478
473
466
466
464
464
463
463
463
462
461
460
460
459
457
457
450
441
436
436
436
433
427
425
424
409
408
408
405
253
245
243
242
232
231
231
231
231
229
228
228
228
228
220
204
204
204
204
204
204
204
204
203
203
203
202
199
199
199
199
199
198
197
197
197
197
197
197
195
195
195
195
195
195
125
125
124
124
124
114
114
113
113
113
113
113
113
113
111
110
109
106
106
106
106
105
105
105
105
105
62
62
62
62
62
62
58
57
57
57
57
57
57
47
47
47
46
46
46
46
45
45
45
45
45
45
45
45
45
45
43
43
43
42
41
41
40
40
39
39
38
38
38
38
38
38
38
37
36
34
33
33
33
33
33
33
33
33
33
33
33
33
33
33
33
32
32
32
32
30
30
30
30
30
30
30
30
30
30
30
30
30
30
30
30
30
30
30
30
30
27
27
27
26
25
25
25
25
25
25
25
25
25
25
25
25
25
25
24
24
24
24
24
24
24
24
24
24
24
23
23
23
23
23
23
23
23
23
23
15
15
15
15
15
14
14
13
13
13
13
13
13
13
13
13
13
12
9
9
9
9
9
9
9
9
8
8
8
8
8
8
8
8
8
8
7
7
7
7
7
7
7
7
7
7
7
7
7
7
7
7
7
7
7
6
6
5
5
5
5
5
5
5
5
5
5
4
4
4
2
