47976
47942
47907
47879
47825
47800
47754
47729
47688
47674
47656
47626
47599
47574
47538
47516
47484
47454
47421
47399
47350
47310
47278
47248
47210
47176
47141
47089
47058
47021
46994
46932
46906
46877
46835
46801
46771
46746
46713
46670
46649
46615
46584
46553
46513
46469
46446
46413
46385
46349
46322
46292
46262
46206
46160
46135
46096
46050
46010
45988
45949
45922
45896
45853
45831
45804
45748
45713
45673
45634
45600
45561
45514
45474
45439
45428
45396
45363
45319
45291
45257
45216
45185
45147
45113
45080
45033
45002
44970
44946
44917
44883
44836
44814
44787
44759
44721
44688
44662
44633
44591
44564
44502
44470
44441
44399
44356
44304
44270
44236
44192
44166
44137
44103
44073
44032
43983
43932
43890
43859
43819
43788
43774
43736
43699
43675
43628
43598
43553
43506
43460
43432
43390
43351
43320
43290
43248
43227
43188
43152
43107
43081
43050
43015
42989
42965
42935
42896
42860
42835
42803
42764
42738
42692
42632
42601
42569
42535
42507
42471
42434
42392
42357
42327
42295
42253
42227
42182
42147
42108
42080
42046
42000
41960
41925
41892
41840
41801
41759
41723
41693
41657
41618
41596
41557
41535
41494
41440
41401
41371
41325
41288
41223
41190
41147
41112
41082
41026
40996
40966
40935
40892
40856
40806
40775
40756
40712
40681
40646
40597
40556
40526
40488
40454
40415
40384
40348
40299
40271
40222
40177
40130
40098
40031
40006
39957
39928
39893
39840
39805
39777
39732
39705
39675
39646
39573
39547
39496
39457
39424
39394
39336
39304
39268
39208
39166
39120
39067
39037
39007
38970
38938
38898
38859
38836
38797
38756
38709
38679
38643
38598
38569
38538
38489
38459
38416
38385
38330
38294
38255
38220
38178
38145
38105
38076
38030
37998
37951
37898
37872
37804
37769
37730
37691
37635
37600
37567
37519
37469
37408
37373
37335
37275
37230
37200
37158
37122
37065
37041
37008
36964
36914
36874
36840
36779
36733
36705
36673
36637
36598
36564
36515
36459
36429
36395
36364
36331
36282
36248
36204
36168
36123
36100
36059
36019
35981
35949
35907
35867
35821
35760
35725
35704
35682
35663
35637
35588
35557
35523
35472
35429
35393
35354
35297
35250
35216
35188
35135
35103
35063
35033
34989
34948
34899
34848
34815
34771
34744
34717
34674
34617
34574
34528
34497
34464
34409
34346
34305
34265
34234
34185
34125
34059
33982
33901
33862
33830
33787
33740
33683
33632
33585
33550
33505
33464
33426
33386
33357
33306
33266
33224
33186
33137
33097
33065
33016
32977
32954
32896
32862
32799
32761
32725
32679
32613
32579
32495
32452
32394
32352
32314
32267
32236
32150
32112
32064
32012
31939
31901
31868
31838
31787
31710
31681
31640
31596
31536
31480
31436
31401
31345
31289
31254
31225
31149
31122
31077
31035
30980
30932
30898
30817
30765
30732
30693
30628
30584
30518
30449
30422
30382
30348
30322
30280
30246
30211
30171
30134
30101
30027
29988
29948
29916
29861
29811
29782
29728
29689
29637
29588
29553
29510
29473
29441
29405
29371
29328
29292
29235
29207
29153
29097
29060
29016
28972
28912
28873
28807
28767
28696
28642
28593
28532
28474
28435
28395
28333
28285
28235
28181
28130
28073
28007
27975
27943
27900
27865
27827
27777
27734
27698
27659
27600
27560
27504
27481
27446
27395
27355
27238
27182
27128
27095
27034
26978
26937
26887
26860
26828
26786
26730
26659
26606
26562
26474
26431
26396
26350
26290
26247
26187
26140
26090
26028
25989
25954
25899
25861
25834
25808
25724
25664
25619
25570
25531
25481
25423
25360
25324
25271
25221
25175
25102
25077
25042
25002
24937
24863
24771
24700
24593
24516
24460
24391
24353
24315
24260
24228
24173
24129
24030
23948
23905
23869
23835
23805
23770
23727
23689
23606
23537
23451
23419
23339
23292
23243
23198
23141
23059
23033
22964
22940
22899
22846
22800
22737
22692
22628
22606
22555
22480
22452
22392
22336
22302
22276
22234
22197
22153
22071
22051
21973
21909
21851
21808
21781
21715
21673
21589
21514
21473
21421
21380
21331
21264
21202
21150
21094
21046
21027
20974
20920
20884
20842
20807
20754
20716
20688
20639
20566
20492
20424
20365
20300
20259
20210
20129
20075
20030
19960
19900
19811
19767
19718
19682
19630
19588
19509
19463
19427
19377
19304
19284
19205
19154
19101
19062
19022
18960
18882
18810
18763
18720
18642
18579
18520
18468
18423
18359
18323
18270
18229
18156
18084
18013
17988
17937
17900
17849
17778
17735
17688
17625
17569
17526
17484
17443
17406
17333
17287
17214
17132
17103
17045
16969
16893
16827
16771
16729
16704
16670
16631
16568
16480
16437
16332
16277
16187
16152
16059
15945
15834
15767
15741
15698
15664
15633
15564
15525
15444
15414
15381
15289
15262
15175
15134
15063
15030
14995
14954
14906
14822
14762
14710
14650
14623
14577
14547
14502
14414
14378
14285
14197
14133
14100
14047
14027
13984
13941
13893
13861
13817
13761
13723
13664
13639
13570
13489
13462
13401
13356
13330
13226
13169
13104
13058
12946
12906
12826
12776
12732
12689
12661
12565
12495
12452
12416
12347
12321
12278
12214
12143
12104
12047
12010
11978
11939
11857
11824
11781
11724
11690
11628
11568
11434
11409
11379
11239
11189
11135
11115
11026
10986
10946
10840
10823
10789
10765
10731
10714
10640
10509
10461
10399
10257
10223
10182
10049
10023
10002
9882
9855
9812
9786
9756
9659
9604
9571
9365
9294
9205
9177
9073
8995
8952
8862
8827
8791
8747
8712
8687
8650
8620
8473
8404
8356
8329
8228
8125
8037
7996
7955
7812
7768
7724
7670
7606
7537
7517
7500
7481
7411
7378
7355
7264
7204
7169
7133
7115
7057
6894
6877
6864
6817
6719
6660
6634
6319
5832
5745
5714
5605
5587
5557
5520
5515
5389
5337
5311
5287
5190
5084
5062
4983
4972
4925
4913
4865
4726
4680
4664
4650
4623
4461
4434
4411
4231
4203
4190
4138
4115
4104
4099
4072
3562
3560
3267
3252
3235
3200
3045
3028
3007
2993
2979
2940
2855
2797
2371
2361
2316
2305
2196
2189
2184
2171
2165
1885
1875
1868
1847
1841
1828
1822
1814
1780
1766
1757
1746
1733
1704
1565
1558
1556
1555
1540
1537
1481
1476
1275
1262
1259
1255
1250
1238
1236
1221
1146
1145
1141
1136
1133
1130
1101
1098
1096
976
925
922
905
889
888
879
679
679
674
667
664
663
641
637
634
634
634
620
620
613
613
599
557
556
556
548
546
543
540
489
489
481
478
475
468
468
467
467
463
457
423
423
423
423
421
420
420
404
404
403
402
402
400
397
394
393
393
389
388
378
378
375
375
374
372
371
351
350
345
338
336
336
335
330
329
328
328
255
255
255
254
254
254
252
252
246
246
246
246
245
245
244
244
232
231
231
230
229
229
229
229
229
218
218
218
217
217
217
200
198
198
182
182
165
165
165
164
164
163
163
163
161
161
161
155
153
153
153
153
149
149
147
147
118
117
116
113
112
112
108
106
106
105
105
105
105
105
105
105
105
104
104
104
104
104
103
103
99
97
97
97
97
97
97
97
96
96
95
95
95
95
95
95
95
95
92
85
84
84
84
83
83
83
80
79
78
78
78
78
78
77
77
77
77
77
76
76
76
66
66
55
55
55
55
55
55
55
55
48
48
48
47
46
45
45
45
44
44
44
44
44
44
39
39
38
38
37
37
37
37
37
37
37
37
37
35
35
35
35
35
35
35
35
35
34
34
34
34
34
34
34
34
33
33
33
26
26
25
25
25
25
23
23
22
22
22
22
22
20
20
20
20
15
15
15
15
15
15
15
15
15
15
15
15
12
12
12
12
11
11
11
10
10
10
10
10
10
10
10
8
8
8
8
8
8
8
8
8
8
8
8
7
7
7
7
6
6
6
6
6
6
6
6
6
4
4
4
4
4
4
3
3
3
3
2
