2
2
2
3
3
3
3
3
3
3
3
3
3
3
3
4
4
4
4
4
4
4
4
4
4
4
4
4
4
4
4
4
4
4
4
4
4
4
4
4
4
5
5
5
5
5
5
5
5
5
5
5
5
5
5
5
5
5
5
5
5
5
5
5
5
5
5
6
6
6
6
6
7
7
7
7
7
8
8
8
8
8
8
8
8
8
8
8
8
8
8
8
8
8
8
8
8
8
8
8
8
8
8
8
8
8
8
8
8
8
8
8
8
8
8
8
8
8
8
8
8
8
8
8
8
8
8
8
8
8
9
9
9
9
9
9
9
9
9
9
9
9
9
10
10
10
12
12
12
12
12
12
12
12
12
12
12
15
15
15
15
15
15
16
16
17
17
17
17
17
17
17
17
17
19
19
19
19
19
19
19
19
19
19
19
19
19
19
19
19
19
19
19
19
19
19
19
19
19
19
19
19
19
19
19
19
19
19
19
19
19
19
19
19
19
19
19
19
19
19
19
19
19
19
22
22
22
22
23
23
23
23
23
23
23
23
23
23
25
25
25
25
25
25
25
25
25
25
25
25
25
25
25
25
25
25
25
25
25
25
25
25
25
25
25
25
25
25
25
25
26
26
26
26
26
26
26
26
26
26
26
26
26
26
26
26
26
26
26
26
28
28
28
28
28
28
28
28
28
28
28
28
28
28
28
28
28
29
29
29
29
29
29
29
29
29
29
29
29
29
29
29
29
29
29
29
29
29
29
29
29
29
30
30
30
30
30
30
30
30
30
30
32
32
32
33
33
33
33
33
33
34
35
35
35
35
35
35
36
36
36
36
37
37
37
37
37
37
37
37
37
37
37
37
37
37
40
40
40
45
45
45
46
46
46
47
47
47
47
47
47
47
47
47
47
47
47
47
47
47
47
48
48
48
48
48
48
48
48
50
50
50
50
50
50
50
50
50
74
74
75
78
78
78
78
78
78
78
78
78
78
78
78
78
78
78
78
80
80
80
80
80
80
80
80
80
80
80
80
80
80
80
80
80
80
81
81
81
82
82
98
98
98
98
98
98
98
98
98
98
98
98
98
98
105
117
118
118
118
119
119
119
119
119
121
121
121
121
121
121
121
121
121
121
137
137
137
137
137
137
140
141
162
162
162
162
162
162
162
162
162
190
201
201
201
202
202
205
205
205
212
212
212
215
218
218
218
218
218
219
219
220
220
220
221
222
222
222
222
223
223
223
223
225
228
228
228
230
230
430
431
431
432
434
434
434
436
436
436
436
436
437
441
441
442
448
451
451
473
490
490
490
502
502
514
584
634
635
637
654
654
656
656
657
659
666
669
670
678
682
682
782
782
784
786
806
808
833
839
886
897
897
912
993
994
994
998
999
1000
1007
1014
1015
1023
1023
1024
1041
1072
1074
1082
1083
1084
1099
1104
1153
1793
2754
2778
2780
2793
2814
2828
2885
2923
2938
2944
2953
3033
3085
3182
3183
3189
3201
3388
3501
3603
3739
3764
3828
4612
4683
5813
5868
5929
5947
6144
6322
6850
6871
7245
7318
7389
7401
7430
7488
7530
7831
7887
8034
8099
8380
8410
8490
8587
8810
8851
8903
8968
9055
9404
9543
9614
9651
9774
9964
10017
10122
10307
10435
10457
10497
10531
10716
10759
10942
10982
11066
11222
11436
11549
11586
11788
11920
12014
12101
12226
12263
12480
12535
12609
12710
12848
13040
13246
13356
13369
13436
13668
13849
13860
13893
13945
14055
14182
14208
14384
14463
14523
14563
14609
14727
14829
14854
14922
15080
15183
15346
15408
15563
15605
15719
15808
15912
15999
16087
16167
16363
16502
16706
16778
16822
16900
17026
17151
17216
17256
17310
17374
17469
17573
17845
17987
18053
18085
18229
18349
18456
18522
18584
18684
18739
18803
18893
19089
19123
19214
19263
19323
19422
19540
19644
19678
19747
19945
20079
20159
20265
20326
20377
20473
20540
20595
20758
20805
20844
20886
20966
21084
21164
21269
21372
21434
21536
21630
21684
21730
21952
22052
22090
22155
22207
22259
22336
22421
22500
22577
22690
22726
22804
22981
23023
23082
23164
23239
23429
23598
23720
23772
23918
23975
24048
24107
24176
24274
24471
24577
24692
24773
24896
24974
25013
25076
25138
25186
25242
25310
25437
25497
25574
25616
25696
25807
25873
25926
26044
26071
26132
26211
26274
26327
26461
26548
26623
26715
26761
26837
26893
26937
26992
27058
27153
27252
27341
27412
27462
27549
27594
27623
27730
27821
27873
27953
28024
28073
28121
28231
28273
28320
28374
28451
28494
28539
28572
28604
28685
28754
28811
28911
28977
29132
29213
29331
29373
29405
29482
29602
29683
29732
29816
29893
29965
30016
30067
30115
30170
30231
30297
30348
30439
30510
30564
30659
30689
30750
30822
30926
31004
31073
31219
31292
31359
31392
31455
31515
31603
31660
31694
31762
31810
31848
31918
31954
32064
32114
32207
32279
32345
32388
32488
32548
32584
32643
32715
32756
32846
32898
32950
33021
33062
33104
33181
33217
33264
33307
33342
33378
33443
33493
33567
33632
33672
33748
33789
33851
33892
33977
34031
34077
34118
34205
34255
34335
34428
34486
34532
34613
34675
34745
34797
34845
34910
34957
34989
35051
35129
35179
35244
35281
35325
35382
35427
35477
35570
35617
35718
35774
35863
35912
35956
36009
36030
36092
36146
36179
36233
36275
36328
36366
36447
36490
36524
36578
36647
36698
36762
36825
36882
36928
36975
37042
37097
37127
37169
37204
37256
37286
37331
37378
37419
37462
37513
37561
37601
37657
37689
37773
37858
37899
37963
37999
38049
38091
38147
38212
38259
38331
38364
38418
38489
38535
38573
38642
38708
38745
38815
38847
38894
38929
38983
39023
39064
39090
39149
39215
39255
39289
39347
39382
39431
39475
39500
39530
39587
39634
39678
39768
39812
39876
39924
39956
39991
40022
40107
40150
40182
40201
40246
40314
40349
40386
40419
40465
40497
40546
40590
40629
40659
40711
40754
40784
40831
40877
40899
40940
40977
41036
41071
41123
41172
41207
41240
41277
41304
41339
41365
41400
41425
41450
41476
41513
41554
41587
41608
41673
41705
41758
41796
41857
41880
41939
41976
42033
42075
42117
42156
42192
42232
42266
42293
42323
42375
42397
42420
42459
42484
42520
42561
42580
42612
42659
42679
42731
42775
42819
42855
42900
42934
42976
43017
43049
43094
43138
43160
43219
43268
43327
43362
43397
43443
43466
43490
43522
43567
43593
43632
43666
43703
43736
43769
43811
43865
43906
43935
43978
44010
44052
44090
44133
44165
44211
44248
44289
44325
44353
44402
44436
44498
44560
44590
44627
44644
44662
44696
44738
44782
44806
44831
44870
44904
44943
44983
45005
45041
45069
45087
45115
45145
45186
45216
45235
45275
45300
45333
45361
45398
45433
45463
45512
45532
45583
45607
45658
45690
45714
45746
45784
45808
45834
45874
45899
45930
45961
45986
46019
46049
46073
46109
46136
46158
46179
46205
46235
46275
46316
46360
46390
46418
46428
46465
46499
46528
46561
46592
46617
46639
46665
46681
46700
46734
46787
46808
46835
46853
46892
46923
46959
47003
47040
47067
47087
47117
47165
47184
47207
47239
47278
47311
47339
47383
47427
47475
47492
47509
47523
47554
47575
47594
47624
47652
47683
47736
47755
47782
47801
47824
47846
47880
47900
47926
47947
47972
48000
48015
48033
48056
48075
48089
48115
48137
48160
48183
48203
48231
