2
3
3
3
3
3
3
3
3
3
3
3
4
4
4
4
4
4
4
4
4
4
4
4
4
4
4
4
4
4
4
4
5
5
5
5
5
5
5
5
5
5
5
5
5
5
5
5
5
5
5
5
5
5
5
5
5
5
5
5
5
5
5
6
6
6
6
6
6
6
6
6
6
6
6
6
6
6
6
6
6
6
6
6
6
6
6
6
6
6
6
6
6
6
6
6
6
6
6
6
6
10
10
10
10
10
10
10
10
11
11
11
11
11
11
11
11
11
11
11
11
11
11
11
11
11
11
13
13
13
13
13
13
13
13
13
13
13
13
13
13
13
13
13
13
13
13
13
14
14
14
14
16
16
16
17
17
17
17
17
17
17
17
17
17
17
17
17
17
17
17
17
17
17
17
17
17
17
17
17
17
17
17
17
17
17
17
17
17
17
17
17
20
20
20
20
20
20
20
20
20
20
20
20
20
20
20
20
20
20
20
20
20
20
20
20
20
20
20
20
20
20
20
20
20
20
20
20
20
20
20
20
20
20
20
20
20
20
20
20
20
20
20
20
20
20
20
20
20
20
24
24
24
24
24
24
24
24
24
24
24
24
24
24
28
28
28
28
28
28
28
28
28
28
28
28
29
29
29
29
29
29
30
33
33
33
33
33
33
33
33
33
33
33
33
33
33
33
33
33
33
33
33
33
33
33
33
33
33
33
33
33
35
36
36
36
36
36
37
37
37
37
37
37
37
37
37
38
38
38
38
38
39
39
39
39
39
39
39
39
39
44
44
44
44
44
44
44
44
44
44
44
44
44
44
44
44
44
45
45
45
45
45
45
45
51
51
51
51
59
59
59
59
59
59
60
60
61
61
61
61
61
61
61
61
61
61
61
61
61
61
61
61
61
61
61
61
78
78
78
78
82
82
82
83
83
83
83
83
83
83
83
83
84
84
92
92
92
92
95
113
113
113
113
113
114
114
114
114
114
114
114
114
114
114
114
114
115
115
116
116
116
116
116
116
116
116
117
117
117
117
117
117
117
117
117
117
118
118
119
119
120
120
127
127
128
129
129
130
130
130
130
130
131
131
131
131
131
132
132
132
132
132
132
132
132
132
132
132
132
132
132
132
132
132
132
133
133
133
135
135
135
135
135
135
138
138
138
138
138
138
144
144
144
144
144
152
152
152
152
157
157
157
159
159
159
159
159
161
161
161
161
162
163
163
163
164
164
164
165
165
165
167
167
169
169
203
221
221
221
221
223
223
223
223
223
223
224
224
225
265
265
266
269
269
269
273
273
274
274
279
279
284
285
288
288
289
290
290
290
294
294
294
294
296
296
296
301
301
301
301
301
304
304
305
305
320
321
321
321
321
321
340
340
566
567
568
572
573
661
661
664
664
713
713
713
717
720
720
720
720
742
752
786
787
787
878
911
922
923
925
927
933
935
936
1060
1677
1716
2663
2865
2870
2893
2899
3133
3747
3789
4521
4538
4681
5156
5194
5200
5226
5342
6011
6047
6074
6127
6302
6705
6747
6873
6892
6973
6985
7037
7084
7149
7186
7897
7973
8030
8066
8203
8222
8245
8399
8651
8706
8778
8845
8929
9346
9391
9484
9549
9659
9827
9945
10134
10327
10412
10568
10715
10859
10883
10972
11042
11081
11203
11337
11356
11670
11899
12051
12117
12546
12661
12833
12981
13040
13070
13145
13379
13417
13461
13515
13647
13743
13888
13927
14040
14086
14153
14182
14240
14347
14482
14541
14625
14660
14778
14932
14994
15041
15155
15303
15379
15511
15658
15820
16013
16203
16372
16424
16457
16612
16738
16832
16920
16962
17002
17048
17122
17262
17323
17433
17533
17586
17683
17782
17855
17952
18139
18200
18271
18385
18472
18662
18705
18783
18815
18855
18899
19016
19069
19209
19298
19361
19643
19674
19750
19832
19881
19935
20083
20116
20182
20230
20315
20418
20497
20583
20629
20646
20695
20750
20806
20895
20936
20999
21055
21106
21201
21386
21463
21486
21660
21744
21846
21935
22023
22096
22187
22257
22290
22336
22384
22503
22581
22680
22781
22943
23052
23182
23259
23346
23405
23526
23680
23806
23862
24029
24134
24185
24235
24276
24354
24422
24497
24621
24666
24726
24793
24850
24935
24996
25087
25162
25308
25395
25463
25540
25609
25690
25752
25783
25893
25995
26056
26143
26228
26308
26381
26444
26539
26618
26678
26748
26829
26920
27016
27078
27164
27276
27372
27406
27475
27595
27663
27729
27782
27877
27926
28026
28123
28254
28370
28435
28589
28672
28726
28792
28848
28935
28988
29108
29197
29250
29316
29419
29469
29541
29575
29632
29687
29756
29829
29905
29982
30099
30188
30268
30351
30423
30496
30593
30686
30733
30796
30847
30912
30967
31014
31098
31172
31249
31309
31379
31438
31496
31557
31606
31681
31734
31814
31886
31990
32063
32135
32179
32226
32287
32349
32402
32449
32529
32587
32672
32754
32795
32852
32907
32947
33016
33071
33139
33197
33224
33288
33331
33396
33455
33532
33585
33626
33667
33745
33810
33846
33883
33918
33976
34009
34043
34081
34108
34152
34198
34276
34322
34372
34462
34492
34528
34594
34634
34694
34736
34784
34829
34890
34936
34966
35055
35117
35158
35236
35281
35334
35367
35416
35492
35547
35596
35679
35723
35779
35828
35863
35892
35946
36000
36031
36091
36133
36158
36189
36246
36292
36342
36397
36443
36496
36546
36592
36627
36688
36746
36816
36863
36920
36948
36995
37043
37086
37142
37188
37258
37295
37350
37399
37457
37521
37545
37613
37661
37689
37776
37809
37870
37912
38006
38125
38162
38197
38235
38277
38309
38340
38387
38432
38469
38528
38596
38652
38697
38738
38785
38834
38913
38950
39020
39067
39110
39170
39233
39283
39337
39401
39447
39475
39533
39592
39653
39711
39760
39816
39865
39900
39930
39960
39973
40023
40071
40120
40189
40255
40324
40381
40413
40453
40499
40573
40619
40717
40791
40860
40903
40946
40982
41022
41063
41095
41154
41182
41231
41281
41314
41341
41367
41400
41461
41522
41576
41630
41673
41705
41728
41767
41818
41867
41896
41926
41953
41982
42000
42028
42072
42111
42135
42169
42205
42252
42290
42317
42387
42409
42446
42498
42528
42560
42622
42673
42722
42758
42797
42829
42859
42882
42923
42957
43005
43029
43056
43086
43108
43165
43193
43234
43289
43326
43371
43393
43425
43466
43496
43543
43563
43622
43648
43670
43719
43753
43774
43798
43855
43883
43929
43963
44004
44051
44103
44145
44170
44220
44252
44306
44351
44387
44418
44455
44481
44532
44569
44614
44646
44661
44690
44726
44761
44786
44832
44851
44869
44893
44934
44954
44972
44997
45032
45062
45085
45097
45134
45173
45212
45246
45279
45313
45359
45393
45425
45471
45516
45533
45574
45600
45631
45652
45705
45730
45773
45818
45853
45878
45904
45924
45941
45971
46003
46034
46067
46103
46132
46162
46189
46227
46270
46292
46310
46331
46347
46374
46401
46424
46450
46464
46495
46517
46551
46576
46600
46622
46646
46677
46703
46749
46802
46823
46858
46888
46924
46946
46972
46995
47021
47049
47074
47103
47128
47164
47199
47218
47246
47299
47331
47361
47370
47388
47416
47446
47470
47484
47508
47537
47566
47586
47613
47640
47660
47677
47711
47735
47771
47800
47833
47859
47891
47924
47946
47966
47996
48029
48047
48076
48097
48115
48154
48177
48202
48263
