48238
48217
48193
48154
48123
48091
48050
48019
47995
47954
47912
47880
47850
47822
47794
47765
47728
47702
47666
47600
47568
47541
47510
47480
47457
47417
47393
47363
47341
47308
47273
47238
47216
47182
47149
47115
47090
47060
47041
46999
46982
46945
46911
46893
46858
46832
46798
46769
46739
46712
46692
46664
46632
46599
46567
46529
46502
46457
46428
46395
46355
46312
46282
46251
46223
46196
46164
46124
46089
46032
45987
45944
45923
45891
45846
45800
45782
45749
45729
45699
45675
45655
45624
45589
45562
45543
45497
45459
45398
45362
45322
45289
45246
45214
45165
45144
45109
45076
45043
44992
44950
44916
44881
44851
44798
44737
44688
44664
44622
44594
44564
44519
44494
44465
44437
44396
44355
44317
44276
44241
44215
44182
44133
44100
44059
44015
43986
43967
43936
43913
43872
43850
43819
43763
43727
43709
43687
43657
43631
43591
43542
43515
43471
43414
43382
43350
43325
43289
43243
43208
43152
43112
43083
43043
42992
42955
42924
42879
42853
42819
42777
42731
42695
42644
42624
42596
42560
42527
42504
42467
42434
42391
42340
42309
42267
42228
42200
42163
42133
42091
42039
42002
41968
41929
41890
41842
41796
41749
41720
41676
41645
41614
41582
41552
41500
41470
41427
41390
41317
41282
41237
41189
41162
41118
41078
41051
41014
40955
40892
40865
40816
40779
40751
40706
40684
40636
40595
40549
40514
40492
40454
40419
40383
40339
40297
40261
40227
40191
40154
40101
40053
40014
39980
39936
39901
39860
39821
39786
39735
39700
39628
39583
39555
39516
39487
39453
39420
39371
39330
39293
39245
39195
39150
39114
39045
39019
38975
38917
38882
38833
38801
38764
38706
38667
38636
38589
38562
38522
38482
38446
38421
38385
38352
38324
38292
38256
38206
38136
38097
38050
37993
37942
37877
37846
37820
37749
37711
37673
37640
37604
37563
37541
37513
37453
37405
37367
37325
37300
37272
37226
37201
37158
37107
37077
37044
36978
36928
36909
36876
36836
36796
36751
36708
36671
36624
36596
36564
36523
36464
36434
36386
36335
36305
36210
36183
36111
36068
36035
35987
35953
35901
35855
35829
35798
35757
35728
35687
35658
35617
35582
35547
35494
35440
35413
35380
35347
35311
35281
35252
35227
35184
35152
35099
35045
35006
34974
34944
34914
34878
34849
34808
34741
34707
34644
34599
34543
34509
34467
34425
34396
34369
34332
34289
34243
34206
34171
34104
34059
34003
33969
33941
33883
33828
33798
33772
33748
33708
33657
33592
33552
33494
33451
33406
33353
33292
33253
33208
33171
33107
33066
33034
32995
32958
32911
32871
32809
32750
32691
32645
32572
32539
32453
32429
32391
32340
32290
32250
32225
32175
32117
32096
32024
31981
31935
31872
31820
31740
31705
31665
31620
31556
31534
31506
31464
31399
31348
31299
31264
31219
31158
31123
31089
31040
30998
30973
30932
30838
30795
30754
30720
30675
30628
30574
30545
30496
30440
30400
30360
30325
30284
30219
30179
30140
30096
30049
29990
29959
29914
29867
29822
29745
29715
29670
29621
29586
29542
29463
29400
29344
29288
29253
29229
29197
29153
29043
28982
28931
28840
28804
28768
28707
28638
28566
28521
28488
28421
28377
28326
28294
28262
28203
28170
28132
28087
28060
28019
27946
27865
27830
27774
27711
27660
27599
27533
27454
27397
27342
27310
27275
27218
27169
27101
27055
27028
26945
26914
26852
26774
26729
26677
26596
26525
26466
26407
26332
26295
26226
26184
26132
26094
26052
26016
25960
25898
25832
25781
25743
25686
25662
25612
25533
25401
25328
25278
25240
25202
25132
25084
25037
25002
24964
24910
24857
24752
24696
24671
24637
24593
24525
24458
24399
24356
24314
24254
24170
24113
24069
24015
23957
23915
23874
23812
23752
23715
23663
23605
23539
23507
23459
23406
23374
23318
23271
23223
23177
23093
23039
22974
22876
22847
22792
22741
22651
22544
22488
22438
22377
22343
22272
22205
22147
22077
21993
21943
21907
21873
21846
21804
21729
21693
21667
21569
21521
21411
21360
21308
21242
21193
21147
21083
21044
21020
20899
20867
20801
20754
20695
20646
20601
20552
20524
20439
20390
20354
20297
20266
20199
20168
20082
20048
20014
19983
19918
19878
19833
19785
19747
19688
19634
19598
19547
19512
19462
19415
19365
19297
19256
19221
19124
19105
19054
19015
18942
18900
18839
18792
18762
18679
18636
18592
18543
18507
18463
18361
18325
18253
18190
18131
18076
18043
18011
17980
17938
17904
17841
17787
17723
17678
17649
17600
17568
17535
17496
17436
17362
17317
17233
17159
17103
17049
16995
16968
16927
16891
16846
16775
16745
16689
16613
16553
16497
16440
16334
16303
16262
16208
16167
16096
16012
15972
15902
15772
15688
15608
15552
15505
15447
15374
15313
15275
15199
15150
15108
15069
15039
14936
14900
14695
14627
14551
14494
14403
14367
14309
14268
14190
14134
14087
14033
13820
13779
13737
13683
13628
13531
13512
13365
13309
13282
13252
13196
13160
13123
13084
13029
12975
12911
12850
12819
12780
12735
12661
12636
12553
12512
12438
12309
12283
12258
12181
12133
12073
12011
11983
11931
11911
11782
11732
11692
11651
11549
11523
11474
11454
11396
11349
11305
11134
11071
11035
10991
10955
10914
10842
10785
10681
10641
10565
10535
10458
10435
10382
10356
10296
10215
10183
10136
10117
10101
10007
9924
9863
9826
9809
9755
9731
9690
9636
9522
9469
9440
9407
9369
9343
9212
9187
9154
9041
9027
9006
8878
8840
8798
8765
8735
8696
8652
8592
8576
8551
8493
8448
8423
8407
8342
8170
8105
7892
7873
7828
7768
7602
7560
7520
7369
7311
7264
7232
7202
7137
7037
7024
6990
6954
6926
6840
6795
6780
6729
6689
6627
6480
6412
6311
6217
6160
6142
6094
6060
6013
5983
5923
5682
5652
5635
5618
5613
5599
5565
5515
5453
5448
5312
5228
5175
5130
4933
4921
4854
4838
4730
4704
4690
4662
4627
4597
4434
4374
4365
4337
4170
4162
4153
3461
3446
3437
3398
3361
3356
3349
3335
3212
3204
3186
3180
3164
3156
3014
2939
2924
2730
2686
2557
2548
2538
2315
1469
1462
1460
1374
1239
1238
1204
1202
1193
1192
1186
1147
1009
1003
1002
999
923
861
851
841
841
834
832
825
819
817
796
602
601
600
600
599
599
599
599
599
582
581
580
580
579
575
574
348
344
344
340
330
305
297
294
273
272
272
270
270
269
269
269
269
268
268
268
267
267
263
263
263
261
260
253
251
250
249
249
249
247
247
234
232
232
228
224
224
223
223
223
222
222
221
221
221
221
221
220
220
219
216
216
215
215
215
214
205
205
205
198
158
156
156
155
154
154
153
152
152
152
152
152
151
151
150
150
149
143
143
143
143
136
136
136
136
136
131
122
116
116
116
116
116
116
116
116
116
116
115
114
112
109
106
106
96
95
88
86
85
85
85
84
84
84
84
84
84
84
84
84
73
62
62
62
62
62
62
62
60
60
60
58
58
58
58
58
58
58
58
58
58
58
58
58
57
57
57
57
47
47
47
47
47
47
47
47
47
47
47
45
45
45
45
45
45
41
40
40
40
40
40
40
40
40
40
40
40
40
40
39
39
39
39
39
38
38
38
38
38
38
38
38
37
37
37
37
37
35
35
35
35
35
35
35
35
35
35
35
35
35
35
35
35
34
34
33
33
33
32
32
32
32
32
31
31
31
31
31
31
31
31
31
31
31
30
29
29
29
29
27
27
27
27
27
26
24
23
23
23
23
23
23
23
23
23
23
23
23
23
23
23
23
23
23
23
17
17
17
17
16
16
16
15
15
15
15
15
15
15
15
15
15
15
15
15
14
10
10
10
10
9
9
9
9
9
9
9
9
8
8
8
8
8
8
8
8
8
8
8
8
8
8
8
8
7
7
7
7
7
7
7
7
7
7
5
4
4
3
2
