2
2
2
2
3
3
3
3
3
3
3
3
3
3
3
3
3
3
3
4
4
4
4
4
4
4
4
4
4
4
4
4
4
4
4
4
4
4
4
4
5
5
5
5
5
5
5
5
5
5
5
5
5
5
5
5
5
5
5
5
5
5
5
5
5
5
5
5
5
5
5
5
5
5
5
5
5
5
5
5
5
5
6
6
6
6
6
6
6
6
7
7
7
7
7
7
7
7
7
7
7
7
7
7
7
7
7
7
7
7
7
7
7
7
7
7
7
7
7
8
8
8
8
8
8
8
8
8
8
8
9
9
9
9
9
9
9
9
9
9
9
9
9
9
9
9
9
9
9
9
10
10
10
10
10
10
10
10
10
10
10
10
10
10
10
10
10
10
10
10
10
10
10
10
10
10
10
10
10
10
10
10
10
10
10
10
10
10
10
10
10
10
10
10
10
10
11
11
11
11
11
11
12
12
12
12
12
12
12
12
12
12
12
12
12
12
12
12
12
12
12
12
12
12
12
12
12
12
12
12
12
12
13
13
14
14
14
14
14
14
14
14
14
14
14
14
14
14
14
14
14
14
14
14
14
14
14
14
14
14
14
14
14
16
16
16
16
16
16
16
16
16
16
16
16
16
16
16
19
19
19
19
19
19
19
19
19
19
19
19
19
19
19
19
19
19
19
19
19
22
22
22
22
22
22
22
22
24
24
24
24
24
25
25
25
31
31
31
31
31
31
31
31
31
31
31
31
31
31
31
31
31
31
31
31
31
31
31
31
31
31
31
31
31
31
31
32
32
32
32
32
32
32
35
35
35
35
35
35
35
35
35
35
35
35
35
35
35
35
35
35
35
35
35
35
39
39
39
39
39
39
39
39
39
39
39
39
39
39
39
39
39
40
40
40
40
40
40
40
44
44
46
46
49
49
49
49
49
49
49
49
49
49
49
62
62
63
63
63
63
63
63
63
63
63
63
63
63
63
63
63
83
83
83
83
83
83
83
83
83
85
85
85
86
86
86
86
86
86
87
87
87
87
87
87
96
96
98
105
105
105
136
136
136
136
136
136
136
139
141
141
141
141
141
141
141
143
143
143
143
143
143
143
143
143
143
145
147
147
147
148
148
148
149
152
171
171
171
171
171
173
173
173
173
176
199
201
229
230
230
230
230
237
272
272
272
274
274
310
311
311
311
311
311
316
317
317
318
318
318
318
318
321
322
322
322
322
322
323
323
323
323
323
323
323
330
330
331
331
332
332
337
370
371
381
381
399
404
409
409
409
412
451
463
680
681
681
795
805
828
831
832
832
838
973
998
1002
1024
1028
1030
1045
1075
1422
1440
1454
1471
1494
1497
1499
1505
1505
1511
1511
1511
1517
1517
1526
1532
1555
1556
1557
1683
1688
2444
2472
2475
2524
2574
2671
2690
2690
2711
2767
3275
3287
3748
3774
3822
3970
3979
4041
4092
4107
4109
4196
4278
4302
4344
4594
4606
4633
4654
4673
4697
4726
4783
4912
5600
5627
5759
5811
5827
5886
5933
6116
6398
6447
6519
6611
6673
7063
7090
7193
7245
7331
7435
7489
8143
8187
8245
8381
8430
9028
9137
9281
9344
9454
9785
9942
10043
10082
10291
10315
10345
10436
10480
10557
10585
10792
11062
11194
11226
11263
11337
11417
11666
11786
11852
11895
11953
12014
12105
12188
12296
12379
12432
12526
12595
12676
12815
12872
12919
13036
13091
13159
13207
13248
13443
13503
13566
13669
13745
13933
14063
14184
14276
14402
14459
14537
14615
14686
14721
14801
14921
14959
15044
15184
15250
15400
15494
15562
15681
15823
16043
16241
16301
16411
16460
16554
16624
16670
16857
16937
17128
17157
17272
17406
17522
17588
17716
17838
17863
17891
18121
18198
18305
18378
18488
18553
18596
18679
18794
18848
18882
19016
19072
19133
19178
19238
19292
19410
19498
19571
19646
19840
19908
20097
20181
20225
20327
20383
20459
20563
20628
20678
20765
20827
20926
20964
21004
21050
21158
21224
21243
21320
21369
21413
21471
21608
21717
21784
21834
21922
21998
22075
22115
22227
22287
22378
22429
22542
22645
22683
22797
22959
23057
23173
23234
23298
23370
23423
23580
23643
23710
23777
23922
23985
24019
24135
24181
24303
24419
24491
24597
24657
24699
24771
24823
24842
24934
24994
25086
25245
25306
25377
25413
25498
25546
25608
25676
25788
25843
25924
26020
26067
26134
26221
26290
26352
26427
26510
26645
26702
26826
26864
26998
27032
27100
27170
27224
27257
27300
27366
27444
27536
27608
27679
27746
27830
27951
28017
28095
28141
28306
28350
28457
28543
28592
28658
28705
28767
28835
28899
29007
29066
29120
29155
29194
29290
29380
29463
29583
29644
29714
29799
29873
29918
30011
30085
30138
30182
30221
30320
30355
30421
30492
30559
30643
30749
30803
30887
30956
30987
31050
31152
31201
31265
31323
31426
31464
31530
31559
31605
31721
31837
31905
31992
32065
32126
32193
32262
32304
32359
32391
32454
32506
32550
32686
32734
32808
32859
32905
32955
33002
33029
33088
33159
33236
33312
33403
33440
33476
33556
33592
33636
33709
33816
33872
33908
33999
34085
34150
34209
34345
34404
34462
34551
34590
34646
34683
34747
34786
34860
34923
34965
35023
35068
35123
35167
35220
35278
35329
35381
35433
35477
35538
35608
35652
35719
35773
35848
35904
35934
35962
35987
36034
36086
36142
36176
36240
36313
36359
36425
36474
36534
36574
36621
36675
36766
36838
36896
36941
36982
37026
37087
37116
37148
37215
37267
37353
37385
37426
37469
37493
37549
37589
37645
37676
37730
37758
37810
37842
37893
37944
37985
38022
38073
38138
38190
38221
38274
38318
38368
38422
38448
38479
38521
38579
38616
38668
38706
38757
38843
38897
38929
38952
38986
39026
39051
39094
39138
39167
39193
39229
39270
39311
39337
39357
39407
39471
39521
39580
39631
39659
39723
39757
39801
39835
39871
39912
39944
40014
40051
40075
40144
40182
40235
40299
40331
40356
40393
40433
40499
40535
40581
40613
40644
40680
40728
40772
40825
40859
40902
40938
40978
41024
41065
41100
41151
41197
41245
41296
41339
41381
41410
41480
41507
41543
41584
41621
41650
41696
41747
41798
41841
41875
41941
41970
42004
42029
42088
42124
42181
42224
42245
42262
42284
42318
42348
42379
42425
42462
42487
42522
42566
42610
42627
42683
42731
42761
42805
42851
42894
42924
42955
42990
43022
43039
43077
43119
43151
43218
43253
43290
43310
43362
43393
43432
43481
43519
43553
43580
43604
43646
43678
43726
43754
43783
43821
43854
43894
43935
43957
43992
44017
44049
44082
44111
44141
44173
44192
44226
44255
44304
44333
44390
44427
44473
44510
44540
44561
44598
44617
44662
44703
44730
44753
44784
44813
44851
44879
44914
44964
44993
45021
45048
45075
45117
45141
45182
45231
45272
45304
45329
45361
45390
45426
45455
45494
45516
45537
45566
45597
45627
45666
45693
45718
45739
45787
45818
45848
45872
45898
45935
45955
45993
46024
46045
46068
46120
46169
46196
46227
46261
46277
46295
46330
46345
46375
46400
46415
46438
46457
46496
46529
46561
46587
46605
46629
46661
46702
46757
46786
46833
46873
46894
46925
46948
46970
47000
47030
47068
47108
47134
47172
47200
47232
47259
47286
47314
47342
47370
47396
47423
47447
47475
47506
47525
47550
47581
47608
47661
47694
47713
47733
47757
47776
47805
47841
47869
47884
47919
47934
47955
47988
48014
48027
48055
48064
48087
48111
48131
