2
2
2
2
3
3
3
3
3
3
3
3
3
3
3
3
4
4
4
4
4
4
4
4
4
4
4
4
4
4
4
5
5
5
5
5
5
5
5
5
5
5
5
5
5
5
5
5
5
5
5
5
6
6
6
6
6
6
6
6
6
6
6
6
6
6
6
6
6
6
6
6
6
6
6
6
6
7
7
7
7
7
7
7
7
7
7
7
7
7
7
7
7
7
7
7
7
7
7
7
7
7
7
7
8
8
8
8
8
8
8
8
8
8
8
8
8
9
9
9
9
9
9
9
9
9
9
9
9
9
9
9
9
9
9
9
9
9
9
11
11
11
11
11
11
11
11
11
11
12
13
13
13
13
13
13
13
13
13
13
13
13
13
13
15
15
15
15
15
15
15
15
15
15
15
15
15
15
15
15
15
15
15
15
15
15
15
15
15
15
15
15
15
15
15
15
15
15
15
15
15
15
15
15
15
15
15
15
15
15
15
15
15
21
21
21
21
21
21
22
22
22
22
22
22
22
22
22
22
22
22
22
22
22
22
22
22
22
22
22
22
22
23
24
24
24
24
24
24
24
24
24
24
24
24
24
24
24
24
25
25
26
26
26
26
26
26
26
26
26
31
31
31
31
31
31
31
31
31
31
31
31
31
31
33
33
35
35
35
35
35
35
35
35
35
35
35
38
38
38
38
38
38
38
38
38
38
38
38
38
38
38
38
38
38
38
38
38
38
38
39
39
41
41
41
41
41
41
41
41
41
41
41
41
41
41
41
41
41
41
41
41
41
41
41
41
41
41
41
41
41
41
41
41
41
47
48
48
48
48
67
67
67
67
68
68
68
68
69
69
69
69
69
69
69
69
72
72
72
72
72
93
93
93
95
95
95
100
100
100
100
103
103
103
103
103
103
103
103
103
104
104
104
116
116
116
116
118
118
120
120
120
120
120
120
120
120
120
120
120
120
120
120
120
120
120
120
120
120
121
121
121
121
121
122
122
122
122
124
124
124
125
125
125
125
127
127
128
128
128
235
235
236
236
236
236
236
236
236
236
236
236
238
246
246
246
246
246
246
246
246
282
282
282
282
283
283
283
293
293
295
295
295
295
295
295
295
295
298
298
298
305
313
313
313
314
329
331
331
337
337
337
337
337
337
341
341
341
342
348
349
440
442
442
555
556
561
561
677
677
685
687
688
689
689
689
714
714
715
736
740
755
756
778
778
778
779
819
821
828
828
837
841
847
880
886
971
986
987
990
990
1003
1007
1007
1009
1009
1009
1042
1044
1075
1076
1090
1099
1101
1101
1107
1116
1163
1164
1170
1171
1171
1189
1192
1217
1227
1257
1261
1303
1303
1313
1322
1456
1507
1509
1530
1532
1539
1543
1544
2232
2236
2239
2247
2333
2351
2442
2466
2519
2544
2620
2627
2630
2695
2729
2745
2955
3018
3021
3271
4739
4774
4911
5050
5056
5074
5119
5172
5313
5335
5342
5346
5362
5526
5535
5546
5745
5836
5853
5985
6032
6053
6087
6141
6296
6342
6359
6392
6542
6569
6626
6818
6912
6962
7111
7146
7224
7265
7432
7622
7778
7837
7915
8035
8101
8185
8221
8651
8725
8755
8796
8891
8951
9030
9073
9120
9286
9389
9488
9585
9661
9758
9881
9994
10036
10090
10136
10164
10198
10299
10368
10433
10500
10595
10808
10956
11138
11221
11382
11420
11477
11520
11615
11797
11834
11978
12045
12170
12189
12278
12331
12373
12452
12531
12674
12782
12951
13076
13260
13458
13534
13658
13699
13827
13907
14009
14139
14251
14300
14382
14425
14487
14519
14556
14660
14714
14837
14897
14992
15040
15148
15230
15345
15389
15438
15495
15597
15816
15886
16052
16086
16130
16230
16292
16400
16570
16660
16777
16844
16910
16952
17016
17164
17244
17358
17533
17582
17757
17976
18070
18108
18179
18270
18363
18471
18552
18680
18910
19052
19094
19335
19405
19458
19511
19572
19757
19828
19939
20049
20186
20282
20545
20627
20686
20710
20759
20829
20881
20915
20974
21051
21211
21297
21377
21461
21572
21731
21839
21909
21984
22142
22326
22382
22475
22608
22705
22780
22832
22968
23100
23226
23295
23326
23389
23414
23496
23545
23663
23727
23787
23860
23908
23994
24107
24170
24226
24326
24400
24443
24503
24549
24610
24672
24807
24902
24962
25021
25157
25215
25310
25386
25467
25559
25611
25663
25714
25759
25828
25872
25905
26008
26081
26144
26185
26239
26305
26383
26462
26508
26587
26650
26737
26812
26891
26968
27088
27189
27262
27328
27381
27471
27540
27633
27686
27767
27856
27894
27944
28002
28063
28136
28219
28263
28316
28388
28442
28493
28555
28655
28717
28762
28812
28867
28922
29020
29073
29138
29210
29247
29344
29474
29560
29642
29709
29794
29873
29915
29976
30046
30109
30168
30239
30340
30387
30440
30582
30679
30729
30783
30831
30885
30941
31006
31070
31115
31153
31198
31238
31270
31335
31425
31461
31513
31587
31671
31745
31773
31813
31865
31939
31999
32056
32128
32171
32238
32289
32375
32448
32492
32568
32655
32758
32812
32877
32960
33029
33092
33146
33221
33272
33338
33425
33485
33600
33652
33683
33719
33753
33834
33884
33983
34052
34086
34150
34192
34232
34285
34325
34371
34437
34480
34545
34586
34636
34684
34742
34822
34867
34913
34981
35023
35053
35128
35173
35223
35268
35307
35356
35394
35447
35496
35555
35585
35639
35706
35747
35800
35859
35902
35954
36014
36078
36114
36162
36248
36293
36343
36400
36442
36480
36530
36623
36664
36723
36795
36867
36920
36986
37046
37082
37152
37209
37248
37324
37358
37411
37455
37511
37540
37585
37633
37695
37749
37795
37847
37896
37954
37976
38021
38060
38099
38169
38204
38236
38287
38336
38355
38419
38470
38522
38581
38628
38674
38710
38771
38809
38850
38881
38915
38962
39022
39063
39101
39134
39180
39222
39278
39334
39388
39427
39457
39532
39568
39638
39675
39709
39763
39787
39841
39900
39937
39972
40018
40069
40112
40172
40233
40271
40305
40329
40368
40383
40415
40435
40490
40541
40564
40596
40657
40701
40744
40773
40841
40861
40884
40917
40943
40974
41005
41028
41053
41093
41118
41161
41202
41228
41259
41290
41345
41394
41445
41482
41526
41557
41582
41608
41662
41687
41736
41781
41823
41906
41950
41986
42012
42055
42079
42119
42155
42203
42225
42263
42294
42324
42372
42397
42448
42488
42519
42560
42598
42638
42690
42714
42752
42794
42831
42886
42906
42931
42971
43011
43069
43116
43138
43184
43198
43246
43284
43329
43363
43390
43448
43478
43523
43557
43608
43645
43670
43701
43732
43767
43804
43824
43857
43920
43947
43981
44009
44045
44074
44111
44146
44190
44223
44253
44273
44309
44336
44389
44411
44453
44476
44514
44548
44607
44628
44645
44663
44714
44735
44789
44828
44848
44873
44918
44936
44962
45007
45035
45071
45111
45135
45165
45182
45210
45231
45248
45275
45301
45327
45367
45408
45444
45471
45517
45539
45581
45608
45631
45655
45707
45756
45792
45823
45842
45878
45924
45958
45985
46018
46054
46103
46129
46161
46193
46216
46234
46263
46287
46319
46357
46387
46423
46470
46494
46514
46551
46600
46616
46634
46661
46698
46738
46762
46786
46814
46839
46876
46908
46916
46935
46951
46991
47042
47073
47098
47126
47156
47191
47207
47246
47276
47298
47317
47356
47386
47418
47443
47496
47529
47538
47559
47590
47632
47664
47687
47709
47731
47764
47780
47801
47832
47859
47885
47925
47934
47956
47974
47991
48025
48052
