48044
48018
47988
47959
47929
47904
47868
47839
47806
47767
47732
47708
47677
47638
47613
47570
47543
47511
47490
47459
47434
47400
47378
47347
47308
47280
47240
47191
47175
47141
47103
47062
47044
47010
46982
46944
46918
46870
46839
46813
46770
46728
46702
46662
46621
46592
46556
46512
46480
46439
46396
46364
46336
46282
46257
46218
46199
46164
46131
46105
46067
46025
45982
45946
45918
45867
45836
45796
45752
45719
45681
45636
45615
45588
45535
45506
45468
45444
45419
45392
45355
45328
45298
45264
45233
45216
45161
45129
45094
45065
45019
44982
44944
44916
44867
44834
44796
44772
44732
44705
44675
44655
44627
44594
44566
44537
44509
44453
44427
44384
44345
44308
44268
44235
44196
44164
44127
44102
44065
44028
43972
43946
43911
43878
43851
43825
43787
43766
43731
43708
43667
43643
43612
43542
43488
43439
43389
43354
43324
43296
43259
43231
43212
43170
43138
43113
43084
43039
43004
42955
42918
42875
42844
42809
42773
42744
42713
42682
42653
42628
42604
42576
42536
42504
42470
42426
42366
42328
42281
42260
42239
42209
42165
42127
42079
42049
42022
41988
41937
41900
41865
41801
41767
41729
41660
41625
41557
41538
41495
41438
41399
41365
41334
41296
41246
41198
41138
41092
41044
40994
40964
40918
40880
40843
40793
40742
40702
40677
40623
40582
40551
40512
40481
40432
40394
40352
40302
40260
40226
40191
40172
40130
40094
40053
40018
39991
39958
39919
39875
39853
39831
39795
39749
39716
39667
39628
39588
39548
39497
39470
39431
39394
39335
39286
39250
39217
39183
39115
39086
39046
39003
38955
38913
38874
38852
38796
38756
38715
38675
38625
38587
38544
38503
38463
38427
38377
38313
38273
38244
38204
38173
38125
38072
38019
37955
37920
37877
37831
37772
37732
37703
37628
37584
37541
37494
37473
37435
37406
37372
37327
37292
37260
37218
37176
37152
37122
37086
37023
36972
36947
36916
36847
36813
36775
36746
36704
36660
36630
36595
36555
36517
36483
36435
36381
36345
36311
36266
36227
36185
36145
36106
36066
36021
35988
35956
35893
35832
35801
35772
35743
35716
35680
35630
35594
35540
35460
35414
35389
35352
35293
35259
35212
35188
35158
35120
35094
35057
35009
34954
34922
34880
34846
34813
34790
34748
34703
34637
34570
34532
34482
34438
34386
34359
34312
34273
34229
34173
34135
34103
34059
34012
33950
33903
33867
33832
33786
33737
33699
33659
33601
33526
33472
33443
33408
33335
33298
33259
33197
33152
33103
33012
32989
32902
32853
32810
32776
32700
32655
32620
32565
32509
32465
32416
32378
32343
32282
32242
32181
32137
32094
32047
32022
31976
31914
31854
31809
31767
31710
31668
31619
31582
31535
31497
31452
31413
31367
31249
31203
31142
31100
31068
31029
30984
30952
30929
30850
30793
30755
30703
30626
30600
30538
30495
30463
30428
30392
30355
30323
30282
30245
30196
30110
30075
30041
30014
29945
29886
29842
29816
29787
29759
29712
29672
29639
29604
29565
29538
29488
29442
29386
29316
29247
29195
29124
29053
29003
28920
28844
28796
28737
28692
28640
28585
28543
28457
28389
28353
28315
28282
28234
28158
28113
28038
27969
27927
27885
27857
27811
27786
27749
27705
27656
27589
27551
27511
27460
27430
27386
27335
27288
27265
27225
27180
27156
27104
27074
27006
26925
26893
26855
26803
26766
26731
26699
26641
26612
26558
26517
26466
26407
26383
26330
26293
26245
26202
26160
26108
26040
26001
25960
25928
25848
25789
25755
25715
25662
25622
25568
25529
25498
25428
25399
25363
25304
25244
25197
25176
25128
25084
25043
25003
24952
24886
24833
24804
24749
24672
24620
24539
24515
24469
24423
24396
24363
24310
24281
24250
24175
24143
24090
24002
23960
23911
23867
23820
23776
23734
23685
23639
23594
23549
23497
23436
23406
23356
23297
23254
23196
23130
23093
23015
22977
22923
22868
22822
22781
22757
22727
22660
22628
22589
22559
22523
22475
22444
22379
22319
22266
22192
22132
22073
22046
22003
21954
21907
21875
21842
21781
21717
21622
21539
21498
21437
21395
21362
21294
21258
21179
21023
20971
20906
20792
20744
20688
20598
20559
20503
20468
20442
20420
20370
20333
20285
20201
20166
20108
20021
19987
19927
19896
19865
19805
19751
19699
19633
19563
19484
19440
19382
19217
19141
19102
19067
18986
18960
18910
18839
18795
18716
18669
18592
18549
18517
18502
18436
18396
18382
18343
18306
18262
18214
18117
18053
18007
17967
17887
17810
17760
17734
17639
17595
17543
17497
17459
17426
17379
17336
17290
17266
17223
17145
17093
17048
16970
16858
16812
16771
16723
16642
16597
16567
16536
16508
16468
16387
16333
16239
16166
16140
16089
16067
16028
15971
15844
15816
15778
15755
15691
15653
15597
15489
15430
15395
15209
15165
15111
15084
15035
15004
14970
14938
14911
14892
14848
14809
14766
14666
14604
14536
14482
14437
14349
14270
14226
14208
14139
14099
14071
13913
13864
13814
13727
13693
13622
13519
13482
13426
13403
13362
13311
13277
13208
13171
13138
13091
13007
12960
12932
12836
12784
12717
12673
12653
12555
12519
12470
12362
12329
12205
12117
12015
11986
11969
11924
11877
11855
11790
11771
11727
11710
11678
11641
11629
11586
11528
11476
11416
11312
11259
11246
11193
11130
11083
11048
10948
10869
10711
10659
10552
10265
10196
10178
10118
10065
9896
9865
9803
9539
9513
9373
9319
9293
9282
9259
9199
9129
8949
8921
8869
8696
8676
8604
8529
8493
8432
8364
8299
8266
8253
8202
8172
8157
8107
7912
7841
7571
7499
7445
7397
7253
7199
7130
7080
6967
6866
6811
6789
6736
6561
6467
6189
6081
6050
6020
5973
5921
5836
5804
5781
5633
5612
5586
5550
5524
5510
5484
5319
5285
5248
5210
5198
5140
5028
5013
4975
4913
4893
4873
4857
4845
4834
4817
4763
4716
4698
4521
4387
4129
4117
3898
3712
3694
3664
3657
3652
3622
3599
3587
3551
3540
3422
3336
3329
3037
3033
2987
2981
2942
2928
2917
2876
2867
2850
2830
2428
2418
2322
2199
2160
2155
2126
2118
2104
2102
2101
2096
1961
1960
1713
1713
1638
1634
1603
1584
1583
1571
1565
1557
1554
1520
1520
1514
1512
1492
1487
1455
1416
1414
845
717
716
716
549
532
530
521
521
518
513
471
470
465
461
459
459
458
457
457
456
416
416
415
415
385
385
384
384
384
376
375
374
363
362
362
362
360
353
353
353
352
349
346
345
344
344
343
339
319
309
309
309
298
296
295
295
293
293
291
291
291
291
291
291
291
291
291
290
284
284
283
282
276
273
272
272
272
272
269
269
269
268
268
265
265
265
261
261
260
259
230
230
230
230
230
230
230
230
228
228
228
228
228
228
225
224
222
222
222
222
222
220
216
210
206
204
202
193
192
190
189
188
188
188
187
186
98
98
98
98
97
88
87
86
86
86
85
84
84
84
82
82
80
73
73
73
73
73
73
72
72
72
72
72
72
72
72
72
72
70
65
65
65
65
64
64
64
64
64
64
64
63
63
51
51
51
51
51
51
51
51
51
51
51
51
51
51
51
51
51
51
51
51
51
51
51
51
51
51
51
51
36
36
36
36
36
36
35
34
34
34
34
34
34
34
34
34
34
32
32
31
31
31
31
31
30
30
30
29
29
29
29
29
29
28
28
28
26
26
26
26
26
26
24
24
24
24
24
24
24
21
20
20
20
20
20
20
20
20
20
20
20
20
20
20
20
20
20
20
18
18
18
18
18
18
18
18
18
18
17
17
17
16
16
16
15
15
15
15
15
15
15
11
11
11
11
11
11
11
11
10
10
10
10
10
10
10
10
10
10
10
10
9
8
8
8
8
8
8
8
8
8
8
8
8
7
7
7
7
7
7
7
7
7
7
7
7
7
7
7
6
6
6
6
6
6
6
6
4
4
4
4
2
