2
2
3
3
3
3
3
3
3
3
3
3
3
3
3
4
4
4
4
4
4
4
4
4
4
4
4
4
4
4
4
4
4
4
4
4
4
4
4
4
4
4
4
4
4
4
5
5
5
5
5
5
5
5
5
5
5
5
5
5
5
5
5
5
5
5
5
5
5
5
5
5
6
6
6
6
6
6
6
6
6
6
7
7
7
7
7
8
8
8
8
8
8
8
8
8
8
8
8
8
8
8
8
8
8
10
10
10
10
10
10
11
11
11
11
11
11
11
11
11
11
11
11
11
11
11
11
11
11
11
15
15
15
15
16
16
16
16
16
16
16
16
16
16
16
16
16
16
16
16
16
16
16
16
16
17
17
18
18
18
18
18
18
18
18
18
18
18
18
18
18
18
18
18
18
18
18
18
18
18
18
18
18
18
18
18
18
18
18
18
18
18
19
19
19
19
19
19
19
19
19
19
19
19
19
19
19
19
19
19
19
20
21
21
21
21
21
21
22
24
24
24
24
24
24
24
24
24
24
24
24
25
25
25
25
25
26
26
26
26
26
26
26
26
26
26
30
30
30
30
33
33
33
33
33
33
33
33
33
33
33
33
33
33
33
33
33
33
33
33
33
33
33
33
33
36
36
36
36
36
36
36
36
36
36
36
36
36
36
36
36
36
36
36
36
36
36
36
37
37
37
37
37
37
37
37
37
37
37
37
37
37
37
37
37
37
37
37
37
37
37
37
37
37
37
37
40
40
40
40
40
40
40
40
40
40
40
40
40
40
40
40
40
40
40
40
41
41
41
41
41
41
42
44
44
44
44
44
44
53
53
53
53
53
53
53
53
53
53
53
54
54
54
54
54
54
54
54
54
54
54
54
54
54
54
54
54
54
54
68
68
68
69
69
69
69
69
69
69
69
69
77
77
77
77
77
77
77
77
77
77
77
77
77
77
77
77
77
89
89
89
89
91
91
91
91
96
96
96
96
96
96
96
96
96
96
96
96
96
96
97
98
98
98
98
98
98
98
98
98
116
116
116
116
116
116
116
118
118
118
118
118
118
132
133
133
208
208
208
209
209
209
209
211
211
211
211
215
217
218
218
218
218
218
219
219
219
219
219
222
222
222
224
224
224
225
225
225
227
228
228
228
229
229
253
253
253
253
253
253
256
256
256
257
259
259
259
260
261
261
263
263
263
263
263
263
323
323
323
323
323
323
323
324
324
324
529
535
540
544
557
557
565
565
568
570
570
573
573
579
606
629
629
634
642
642
642
649
649
690
692
699
723
723
723
724
1340
1381
1396
1399
1408
1409
1427
1432
1461
1468
1468
1521
1577
1579
1586
1594
1594
1598
1601
1604
1622
1631
1641
1728
1737
1748
1750
1900
1937
2353
2353
2385
2562
2568
2577
2627
2629
2634
2650
2773
3076
3102
3112
3115
3136
3745
3763
3839
3899
3901
3943
3980
3984
3987
3993
4141
4142
4143
4483
4492
4531
4531
4565
4725
4856
4878
5126
5207
5302
5321
5345
5375
5775
5829
6099
6135
6220
6287
6368
6445
6474
6549
6616
6736
6756
6802
6940
7124
7152
7227
7300
7640
7728
7932
7971
8003
8090
8145
8240
8300
8354
8511
8564
8622
8715
8750
8785
8844
8877
8915
9083
9181
9237
9428
9451
9629
9876
10011
10064
10096
10156
10295
10423
10549
10619
10734
10782
10901
10974
11136
11207
11267
11337
11384
11442
11569
11597
11663
11792
11903
11944
11989
12118
12184
12293
12336
12473
12593
12688
12806
12873
12998
13113
13189
13275
13395
13437
13514
13600
13776
13807
14013
14113
14211
14258
14338
14384
14454
14538
14602
14671
14778
14912
15015
15043
15094
15366
15491
15622
15720
15782
15899
16001
16313
16383
16448
16604
16643
16751
16858
16923
16990
17078
17179
17268
17359
17459
17616
17653
17726
17805
18000
18116
18254
18309
18427
18492
18572
18651
18765
18911
18989
19075
19177
19245
19303
19395
19440
19498
19555
19620
19736
19874
19999
20082
20109
20149
20218
20316
20410
20533
20641
20717
20782
20859
20943
21015
21089
21286
21324
21384
21427
21549
21601
21679
21879
21967
22221
22280
22366
22484
22585
22646
22737
22794
22843
22892
22928
23001
23144
23270
23369
23491
23592
23631
23727
23789
23898
24022
24218
24312
24387
24433
24498
24547
24609
24668
24725
24929
25017
25132
25243
25364
25419
25490
25565
25743
25856
25905
25985
26121
26205
26236
26338
26403
26461
26541
26589
26672
26753
26902
27013
27090
27195
27291
27380
27499
27545
27629
27687
27733
27786
27892
27953
28012
28079
28171
28222
28320
28403
28472
28538
28598
28698
28739
28804
28862
28970
29055
29094
29150
29200
29267
29326
29428
29479
29552
29615
29703
29782
29834
29908
29991
30060
30191
30235
30290
30345
30413
30466
30506
30556
30626
30710
30740
30798
30864
30920
30961
31005
31053
31134
31180
31263
31294
31365
31451
31571
31625
31670
31712
31752
31833
31887
31959
32016
32064
32094
32132
32201
32264
32302
32361
32420
32502
32582
32636
32667
32742
32787
32824
32874
32929
33006
33063
33157
33223
33294
33365
33418
33495
33570
33626
33684
33754
33782
33831
33882
33937
33987
34107
34214
34257
34372
34403
34454
34501
34571
34637
34701
34769
34846
34909
34970
35038
35087
35134
35215
35268
35355
35397
35443
35487
35541
35610
35649
35693
35746
35791
35862
35885
35935
35984
36010
36068
36149
36226
36302
36342
36434
36496
36546
36607
36686
36731
36755
36788
36826
36866
36917
36967
37020
37038
37069
37121
37163
37205
37275
37313
37377
37428
37473
37509
37553
37624
37665
37699
37749
37780
37843
37872
37895
37941
38010
38034
38080
38135
38172
38231
38281
38322
38376
38418
38483
38539
38577
38640
38697
38755
38815
38861
38932
38972
39035
39075
39147
39187
39231
39270
39324
39364
39416
39453
39502
39531
39584
39645
39689
39724
39766
39812
39848
39903
39956
40003
40055
40100
40168
40213
40256
40285
40326
40363
40388
40434
40478
40529
40560
40588
40632
40667
40719
40772
40796
40845
40874
40917
40968
41000
41033
41062
41095
41151
41189
41227
41271
41334
41368
41401
41433
41466
41513
41559
41613
41649
41702
41732
41759
41835
41883
41933
41984
42038
42093
42143
42190
42227
42279
42322
42359
42392
42432
42487
42514
42543
42584
42610
42661
42705
42747
42786
42836
42901
42925
42967
43011
43057
43116
43162
43209
43250
43306
43333
43375
43401
43432
43478
43523
43563
43610
43652
43675
43702
43736
43766
43810
43839
43891
43928
43955
43991
44036
44065
44093
44121
44144
44166
44195
44219
44247
44278
44312
44339
44382
44427
44449
44482
44505
44546
44585
44624
44652
44674
44713
44768
44800
44826
44862
44878
44908
44950
44993
45018
45052
45084
45114
45134
45159
45184
45227
45266
45300
45341
45362
45399
45422
45459
45484
45526
45550
45577
45601
45627
45666
45694
45733
45746
45757
45771
45804
45833
45865
45892
45933
45962
45986
46016
46063
46099
46135
46160
46187
46228
46256
46288
46322
46349
46372
46391
46411
46448
46484
46501
46517
46542
46564
46609
46648
46658
46683
46701
46723
46736
46759
46785
46843
46870
46889
46909
46937
46957
46985
47028
47052
47077
47093
47130
47172
47202
47227
47261
47299
47335
47377
47393
47421
47441
47468
47495
47522
47558
47590
47615
47646
47670
47687
47720
47741
47783
47809
47843
47850
47885
47932
47959
47986
48020
48036
48053
48073
48097
48120
48145
48166
48179
48207
