48204
48180
48148
48109
48076
48039
48013
47960
47932
47887
47842
47811
47787
47761
47731
47698
47661
47608
47572
47533
47507
47478
47454
47411
47389
47359
47333
47292
47260
47237
47217
47178
47140
47112
47074
47036
47000
46971
46945
46905
46880
46840
46814
46779
46753
46721
46681
46638
46609
46581
46520
46481
46445
46416
46375
46340
46306
46271
46244
46203
46181
46142
46112
46084
46048
46010
45969
45933
45897
45861
45833
45782
45744
45699
45670
45651
45627
45582
45541
45507
45464
45433
45401
45373
45327
45292
45262
45241
45198
45162
45122
45082
45055
45024
44998
44958
44930
44899
44855
44820
44779
44738
44705
44676
44649
44621
44587
44554
44510
44470
44434
44372
44333
44309
44249
44210
44175
44138
44097
44065
44009
43982
43947
43908
43891
43834
43799
43778
43747
43670
43628
43600
43567
43521
43468
43418
43392
43365
43317
43296
43270
43242
43213
43189
43156
43125
43094
43064
43034
43002
42975
42931
42901
42864
42827
42781
42760
42717
42674
42631
42589
42558
42530
42493
42457
42428
42379
42340
42301
42262
42228
42191
42133
42085
42037
41961
41923
41896
41875
41837
41819
41777
41738
41701
41665
41616
41581
41526
41464
41429
41387
41351
41304
41263
41225
41190
41153
41113
41065
41020
40989
40953
40914
40888
40858
40812
40767
40732
40696
40617
40582
40542
40489
40450
40422
40364
40325
40284
40232
40167
40138
40080
40038
40007
39962
39922
39860
39815
39775
39743
39711
39670
39610
39552
39527
39493
39460
39413
39375
39344
39310
39270
39227
39177
39126
39095
39066
39025
39010
38965
38923
38862
38822
38795
38760
38724
38684
38639
38591
38552
38529
38490
38461
38439
38377
38330
38304
38266
38233
38194
38159
38114
38068
38023
37993
37956
37932
37892
37841
37762
37721
37687
37648
37612
37584
37536
37470
37432
37388
37354
37312
37268
37235
37194
37160
37116
37056
37020
36968
36933
36878
36855
36817
36779
36743
36710
36670
36644
36616
36563
36527
36481
36439
36393
36365
36309
36267
36198
36164
36130
36066
36022
35995
35962
35896
35848
35807
35756
35721
35675
35640
35594
35561
35515
35481
35431
35407
35362
35328
35290
35260
35220
35173
35134
35104
35065
35018
34955
34917
34864
34837
34756
34696
34651
34610
34577
34544
34504
34465
34425
34369
34333
34247
34205
34165
34142
34106
34058
34024
33963
33913
33863
33801
33764
33733
33700
33659
33565
33520
33494
33424
33370
33328
33299
33261
33237
33192
33164
33123
33064
33008
32948
32914
32870
32806
32736
32694
32640
32605
32572
32544
32511
32457
32419
32373
32329
32284
32227
32145
32119
32090
32045
32007
31964
31901
31851
31819
31774
31735
31701
31656
31626
31597
31543
31479
31435
31328
31263
31215
31188
31132
31092
31044
30998
30954
30902
30874
30831
30786
30756
30727
30665
30626
30590
30548
30510
30467
30397
30371
30320
30265
30209
30169
30143
30099
30064
30022
29969
29917
29881
29855
29816
29770
29698
29631
29594
29556
29506
29489
29446
29398
29365
29328
29276
29230
29196
29146
29094
29059
29024
28996
28929
28895
28842
28810
28771
28728
28660
28617
28584
28541
28483
28425
28378
28337
28301
28261
28233
28191
28145
28089
28058
28024
27957
27900
27865
27796
27778
27732
27678
27637
27598
27543
27498
27454
27373
27321
27285
27216
27172
27081
27030
26999
26963
26932
26908
26884
26835
7
7
7
7
7
7
7
7
7
7
7
7
7
7
7
7
7
7
7
7
7
7
7
7
7
7
7
7
7
7
7
7
7
7
7
7
7
7
7
7
4
4
4
4
4
4
4
4
4
4
4
4
4
4
4
4
4
4
4
4
4
4
4
4
4
4
4
4
4
4
4
4
4
4
4
4
4
4
4
4
4
4
4
4
4
4
4
4
4
4
4
4
4
4
4
4
4
4
4
4
4
4
4
4
4
4
4
4
4
4
4
4
4
4
4
4
4
4
4
4
4
4
4
4
4
4
4
4
4
4
4
4
4
4
4
4
4
4
4
4
4
4
4
4
4
4
4
4
4
4
4
3
3
3
3
3
3
3
3
3
3
3
3
3
3
3
3
3
3
3
3
3
3
3
3
3
3
3
3
3
3
3
3
3
3
3
3
3
3
3
3
3
3
3
3
3
3
3
3
3
3
3
3
3
3
3
3
3
3
3
3
3
3
3
3
3
3
3
3
3
3
3
3
3
3
3
3
3
3
3
3
3
3
3
3
3
3
3
3
3
3
3
3
3
3
3
3
3
3
3
3
3
3
3
3
3
3
3
3
3
3
3
3
3
3
3
3
3
3
3
3
3
3
3
3
3
3
3
3
3
3
3
3
3
3
3
3
3
3
3
3
3
3
3
3
3
3
3
3
3
3
3
3
3
3
3
3
3
3
3
3
3
3
3
3
3
3
3
3
3
3
3
3
3
3
3
3
3
3
3
3
3
3
3
3
3
3
3
3
3
3
3
3
3
3
3
3
3
3
3
3
3
3
3
3
3
3
3
3
3
3
3
3
3
3
3
3
3
3
3
3
3
3
3
3
3
3
3
3
3
3
3
3
3
3
3
3
3
3
3
3
3
3
3
3
3
3
3
3
3
3
3
3
3
3
3
3
3
3
3
3
3
3
3
3
3
3
3
3
3
3
3
3
3
3
3
3
3
3
3
3
3
3
3
3
3
3
3
3
3
3
3
3
3
3
3
3
3
3
2
2
2
2
2
2
2
2
2
2
2
2
2
2
2
2
2
2
2
2
2
2
2
2
2
2
2
2
2
2
2
2
2
2
2
2
2
2
2
2
2
2
2
2
2
2
2
2
2
2
2
2
2
2
2
2
2
2
2
2
2
2
2
2
2
2
2
2
2
2
2
2
2
2
2
2
2
2
2
2
2
2
2
2
2
2
2
2
2
2
2
2
2
2
2
2
2
2
2
2
2
2
2
2
2
2
2
2
2
2
2
2
2
2
2
2
2
2
2
2
2
2
2
2
2
2
2
2
2
2
2
2
2
2
2
2
2
2
2
2
2
2
2
2
2
2
2
2
2
2
2
2
2
2
2
2
2
2
2
2
2
2
2
2
2
2
2
2
2
2
2
2
2
2
2
2
2
2
2
2
2
2
2
2
2
2
2
2
2
2
2
2
2
1
1
1
1
1
1
1
1
1
1
1
1
1
1
1
1
1
1
1
1
1
1
1
1
1
1
1
1
1
1
1
1
1
1
1
1
1
1
1
1
1
1
1
1
1
1
1
1
1
1
1
1
1
1
1
1
1
1
1
1
1
1
1
1
1
1
1
1
1
1
1
1
1
1
1
1
1
1
1
1
1
1
1
1
2
2
2
2
2
2
2
2
2
2
2
2
2
2
2
2
2
2
2
2
2
2
2
2
2
2
2
2
2
2
2
2
2
2
2
2
2
2
2
2
2
2
2
2
2
2
2
2
2
2
2
2
2
2
2
2
2
2
2
2
1
1
1
1
1
1
1
1
1
1
1
1
1
1
1
1
1
1
