2
2
2
2
2
2
2
2
2
2
2
2
2
2
2
2
2
2
2
2
2
2
2
2
2
2
2
2
2
2
2
2
2
2
2
2
2
2
2
2
2
2
2
2
2
2
2
2
2
2
2
2
2
2
2
2
2
2
2
2
2
2
2
2
2
2
2
2
2
2
2
2
2
2
2
2
2
2
2
2
2
2
2
2
2
2
2
2
2
2
2
2
2
2
2
2
2
2
2
2
2
2
2
2
2
2
2
2
2
2
2
2
2
2
2
2
2
2
2
2
2
2
2
2
2
2
2
2
2
2
2
2
2
2
2
2
2
2
2
2
2
2
2
2
2
2
2
2
2
2
2
2
2
2
2
2
2
2
2
2
2
2
2
2
2
2
2
2
2
2
2
2
2
2
2
2
2
2
2
2
2
2
2
2
2
2
2
2
2
2
2
2
2
2
2
2
2
2
2
2
2
2
2
2
2
2
2
2
2
2
2
2
2
2
2
2
2
2
2
2
2
2
2
2
2
2
2
2
2
2
2
2
2
2
2
2
2
2
2
2
2
2
2
2
2
2
2
2
2
2
2
2
2
2
2
2
2
2
2
2
2
2
2
2
2
2
2
2
2
2
2
2
2
2
2
2
2
2
2
2
2
2
2
2
2
2
2
2
2
2
2
2
2
2
2
2
2
2
2
2
2
2
2
2
2
2
2
2
2
2
2
2
2
2
2
2
2
2
2
2
2
2
2
2
2
2
2
2
2
2
2
2
2
2
2
2
2
2
2
2
2
2
2
2
2
2
2
2
2
2
2
2
2
2
2
3
3
3
3
3
3
3
3
4
4
4
4
4
4
4
4
4
4
4
4
4
4
4
4
4
4
4
4
4
4
4
4
4
4
4
4
4
4
4
4
4
4
4
4
4
4
4
4
4
4
4
4
4
4
4
4
4
4
4
4
4
4
4
4
4
4
4
4
4
4
4
4
4
4
4
4
4
4
4
4
4
4
4
4
4
4
4
4
4
4
4
4
4
4
4
4
4
4
4
4
4
4
4
4
4
4
4
4
4
4
4
4
4
4
4
4
4
4
4
4
4
4
4
4
4
4
5
5
5
5
5
5
5
5
5
5
5
5
5
5
5
5
5
5
5
5
5
5
5
5
5
5
5
5
5
5
5
5
5
5
5
5
5
5
5
5
5
5
5
5
5
5
5
5
5
5
5
5
5
5
5
5
5
5
5
5
5
5
5
5
5
5
5
5
5
5
5
5
5
5
5
5
5
5
5
5
5
5
5
5
5
5
5
5
5
5
5
5
5
5
5
5
5
5
5
5
5
5
5
5
5
5
5
5
5
5
5
5
5
5
5
5
5
5
5
5
5
5
5
5
5
5
5
5
5
5
5
5
5
5
5
5
5
5
5
5
5
5
5
5
5
5
5
5
5
5
5
5
5
5
5
5
5
5
5
5
5
5
5
5
5
5
5
5
5
5
5
5
5
5
5
5
5
5
5
5
5
5
5
5
5
5
5
5
5
5
5
5
5
5
5
5
5
5
5
5
5
5
5
5
5
5
5
5
5
5
5
5
5
5
5
5
5
5
5
5
5
5
5
5
5
5
5
5
5
5
5
5
5
5
5
5
5
5
5
5
5
5
5
5
5
5
5
5
5
5
5
5
5
5
5
5
5
5
5
5
5
5
5
5
5
5
5
5
5
5
5
5
5
5
5
5
5
5
5
5
5
5
5
5
5
5
5
5
5
5
5
5
5
5
5
5
5
5
5
5
5
5
5
20387
20440
20518
20666
20708
20775
20886
21081
21164
21179
21289
21401
21517
21551
21674
21783
21838
21891
21929
21996
22051
22268
22338
22370
22462
22506
22658
22778
22862
22903
22980
23021
23094
23143
23220
23353
23394
23513
23582
23652
23700
23782
23818
23950
24091
24160
24264
24348
24494
24633
24676
24768
24840
24893
25111
25239
25313
25394
25451
25538
25619
25700
25753
25847
25960
26079
26162
26293
26354
26464
26512
26569
26633
26670
26726
26777
26871
26990
27108
27162
27207
27304
27374
27471
27538
27646
27709
27815
27883
27934
27982
28036
28071
28170
28267
28308
28358
28499
28559
28620
28672
28714
28747
28800
28875
28959
29004
29054
29101
29181
29221
29299
29345
29408
29488
29541
29598
29659
29686
29750
29823
29929
29984
30084
30120
30217
30269
30341
30372
30440
30479
30533
30592
30653
30718
30768
30857
30992
31050
31108
31180
31215
31284
31365
31415
31461
31523
31600
31648
31747
31797
31856
31938
31974
32063
32106
32200
32243
32314
32371
32436
32468
32542
32615
32655
32697
32741
32821
32928
33013
33062
33105
33168
33210
33243
33307
33355
33387
33453
33525
33572
33621
33689
33729
33778
33838
33904
33963
34015
34082
34114
34163
34193
34243
34313
34372
34414
34437
34483
34544
34598
34654
34746
34822
34877
34948
34988
35048
35087
35130
35185
35226
35281
35332
35389
35461
35506
35560
35651
35684
35721
35780
35819
35902
35960
36010
36065
36106
36149
36218
36277
36324
36371
36411
36448
36507
36536
36575
36626
36697
36742
36791
36840
36893
36926
37001
37042
37102
37145
37186
37233
37295
37356
37406
37467
37497
37549
37605
37670
37757
37796
37837
37868
37949
37994
38037
38097
38154
38192
38242
38285
38349
38383
38419
38476
38513
38565
38598
38620
38702
38741
38781
38838
38887
38935
38985
39025
39049
39082
39153
39191
39223
39264
39299
39354
39406
39438
39508
39545
39583
39625
39681
39731
39785
39855
39901
39951
39987
40032
40076
40122
40151
40185
40229
40275
40304
40356
40409
40445
40489
40531
40569
40603
40627
40691
40726
40776
40812
40862
40904
40958
40988
41031
41079
41118
41172
41216
41263
41297
41338
41372
41419
41503
41552
41612
41638
41676
41720
41742
41769
41811
41861
41899
41959
41997
42043
42087
42129
42180
42203
42234
42274
42294
42316
42349
42377
42440
42487
42533
42565
42623
42660
42695
42747
42785
42848
42879
42915
42955
43022
43040
43062
43114
43157
43188
43238
43285
43330
43362
43385
43426
43453
43512
43548
43577
43626
43689
43739
43760
43795
43826
43871
43909
43944
43977
44015
44053
44083
44129
44160
44183
44207
44223
44256
44287
44332
44354
44398
44420
44462
44489
44508
44542
44585
44623
44658
44680
44712
44759
44786
44814
44850
44872
44917
44934
44969
45004
45029
45045
45078
45099
45119
45162
45184
45205
45237
45261
45299
45328
45365
45395
45438
45483
45510
45542
45582
45619
45642
45670
45700
45739
45793
45823
45855
45896
45915
45955
45976
46009
46050
46068
46108
46125
46163
46208
46248
46270
46309
46331
46350
46375
46394
46415
46447
46471
46488
46507
46539
46570
46600
46623
46649
46685
46714
46761
46789
46803
46828
46862
46875
46900
46926
46951
46996
47025
47061
47084
47115
47153
47182
47202
47243
47265
47289
47323
47341
47376
47397
47427
47456
47473
47504
47536
47558
47585
47612
47627
47653
47685
47710
47745
47767
47797
47836
47847
47864
47894
47916
47937
47970
47986
48012
48045
48111
48131
48165
48203
48235
