51969
51949
51917
51888
51864
51831
51798
51772
51734
51709
51684
51657
51638
51594
51573
51544
51513
51494
51454
51434
51412
51384
51353
51325
51287
51261
51223
51191
51165
51128
51105
51078
51041
51005
50986
50964
50938
50912
50888
50860
50828
50793
50748
50722
50689
50653
50628
50588
50554
50535
50501
50472
50443
50419
50379
50358
50329
50283
50233
50198
50173
50137
50106
50067
50036
50009
49986
49954
49925
49885
49857
49832
49806
49768
49733
49704
49666
49625
49586
49550
49520
49500
49477
49454
49421
49398
49360
49338
49306
49285
49242
49211
49188
49151
49117
49089
49065
49039
49021
48980
48947
48916
48894
48870
48834
48804
48781
48752
48725
48679
48636
48596
48553
48515
48480
48454
48416
48385
48357
48313
48267
48226
48197
48174
48123
48102
48073
48034
48010
47979
47943
47915
47880
47842
47812
47767
47733
47701
47667
47627
47595
47560
47514
47484
47444
47395
47367
47330
47310
47270
47215
47171
47121
47095
47051
47022
46985
46937
46911
46877
46835
46811
46767
46734
46695
46652
46619
46589
46550
46524
46480
46439
46400
46372
46330
46289
46254
46211
46185
46141
46109
46074
46042
46017
45986
45949
45913
45883
45841
45817
45772
45747
45706
45673
45637
45606
45585
45557
45528
45499
45442
45415
45370
45339
45307
45274
45242
45211
45155
45124
45071
45026
44967
44927
44901
44862
44823
44795
44769
44749
44716
44694
44669
44626
44565
44521
44456
44416
44372
44301
44256
44234
44209
44170
44135
44097
44064
44030
44000
43959
43917
43885
43817
43776
43730
43692
43661
43628
43598
43566
43529
43458
43421
43392
43351
43306
43257
43224
43188
43149
43122
43100
43067
43042
43012
42976
42929
42883
42841
42815
42771
42741
42716
42687
42615
42569
42540
42507
42474
42421
42383
42339
42297
42256
42215
42188
42151
42096
42044
42017
41986
41946
41904
41863
41824
41778
41753
41707
41641
41593
41561
41508
41476
41435
41395
41342
41302
41250
41204
41144
41101
41075
41048
41015
40986
40954
40911
40870
40820
40793
40750
40702
40659
40605
40567
40529
40500
40470
40448
40420
40382
40323
40285
40253
40207
40163
40134
40089
40062
40015
39978
39944
39906
39849
39801
39755
39668
39642
39611
39568
39528
39488
39444
39416
39373
39322
39257
39225
39188
39148
39114
39092
39061
39027
38980
38954
38914
38839
38803
38763
38712
38671
38639
38582
38537
38493
38424
38385
38352
38307
38265
38222
38179
38133
38066
38016
37982
37957
37925
37886
37847
37813
37775
37711
37680
37648
37589
37554
37516
37456
37426
37354
37323
37271
37225
37174
37122
37031
36970
36928
36878
36845
36810
36764
36681
36640
36572
36520
36485
36431
36379
36326
36278
36235
36189
36133
36055
36002
35964
35923
35896
35862
35830
35795
35743
35714
35656
35624
35582
35547
35511
35475
35424
35358
35305
35275
35239
35197
35166
35122
35085
35043
34979
34934
34879
34805
34756
34715
34653
34586
34537
34490
34457
34411
34347
34314
34263
34213
34166
34128
34079
34009
33962
33925
33879
33827
33757
33707
33653
33608
33557
33511
33478
33450
33389
33361
33308
33267
33209
33171
33134
33115
33076
33004
32953
32905
32862
32817
32760
32680
32646
32613
32584
32498
32448
32415
32357
32327
32287
32244
32212
32151
32099
32042
31958
31910
31846
31773
31741
31689
31646
31585
31536
31470
31355
31250
31198
31155
31079
31038
30998
30934
30886
30845
30805
30773
30708
30676
30620
30551
30505
30476
30424
30384
30341
30259
30216
30120
30048
29948
29850
29770
29691
29618
29562
29531
29477
29418
29377
29331
29265
29204
29161
29103
29060
29019
28982
28945
28883
28835
28761
28693
28642
28578
28515
28450
28407
28355
28323
28272
28216
28152
28101
28014
27981
27926
27883
27821
27737
27655
27594
27563
27504
27443
27398
27355
27308
27204
27152
27100
27051
27006
26971
26863
26794
26740
26679
26637
26600
26557
26486
26455
26422
26369
26310
26251
26204
26143
26098
26018
25945
25895
25824
25790
25727
25671
25547
25434
25379
25330
25252
25200
25151
25093
25029
24980
24923
24871
24799
24766
24702
24629
24563
24533
24467
24411
24364
24291
24209
24175
24137
24065
23985
23916
23880
23778
23726
23651
23548
23500
23454
23414
23348
23307
23254
23154
23063
22963
22906
22847
22783
22689
22633
22591
22539
22510
22431
22356
22325
22245
22080
21995
21947
21860
21780
21746
21699
21643
21571
21523
21472
21438
21339
21275
21189
21145
21062
20999
20782
20722
20651
20594
20470
20373
20301
20234
20121
20073
20020
19943
19869
19770
19735
19511
19472
19424
19368
19309
19152
19121
19028
18938
18829
18738
18652
18604
18443
18355
18294
18256
18065
17955
17879
17856
17799
17699
17644
17585
17506
17457
17417
17278
17117
17045
16960
16917
16777
16546
16483
16411
16352
16268
16232
16184
16124
16086
16009
15920
15840
15794
15689
15563
15491
15463
15424
15343
15310
15178
15048
14967
14923
14791
14710
14642
14589
14388
14288
14253
14184
14129
14084
14040
13925
13859
13822
13766
13699
13662
13524
13420
13374
13347
13266
13238
13186
13128
12982
12871
12765
12631
12560
12482
12427
12405
12342
12307
12200
12174
12126
12034
11972
11680
11632
11607
11437
11364
11162
11081
11044
11013
10957
10915
10885
10812
10587
10547
10462
10300
10234
10152
10120
10086
9951
9872
9788
9755
9710
9649
9480
9441
9334
9232
9129
9026
8969
8895
8773
8721
8613
8336
8298
8254
8222
8204
8039
7989
7933
7844
7761
7540
7469
7406
7254
7116
7076
7058
6605
6540
6522
6501
6475
6433
6382
6334
6289
6102
6055
6021
5884
5765
5512
5482
5466
5412
5392
4862
4761
4721
4687
4569
4552
4513
4259
4239
4105
3779
2988
2876
2872
2670
2557
2483
2473
2402
2382
1814
1705
1673
1673
1668
1638
1626
1623
1621
1575
1573
1554
1549
995
994
993
958
958
957
889
857
830
830
825
807
542
541
540
521
515
515
515
515
514
510
505
505
464
395
394
391
390
390
390
389
389
388
388
388
219
219
219
213
213
211
210
210
210
174
174
174
174
174
171
171
171
168
168
163
162
162
162
157
157
157
143
142
140
140
140
140
140
140
140
140
139
139
138
138
136
133
133
133
133
133
133
132
132
123
123
123
123
123
123
123
122
122
122
122
122
121
121
121
121
120
120
120
120
119
94
94
94
94
94
94
94
94
94
94
85
85
85
85
85
85
85
84
84
84
79
79
79
79
78
78
78
78
78
78
77
77
77
77
77
76
76
76
74
74
74
74
73
73
73
73
73
73
73
73
73
73
73
73
73
73
73
73
73
72
72
72
72
72
71
71
71
71
71
71
71
71
71
71
71
71
71
71
71
71
71
71
71
71
71
67
67
67
67
66
66
66
46
46
46
46
46
46
46
46
46
46
46
46
45
45
45
45
44
44
43
43
43
43
43
43
43
43
43
43
43
43
43
43
42
37
37
37
37
37
37
37
37
37
37
37
37
37
37
37
37
37
29
29
29
29
29
25
23
23
23
23
23
23
23
23
23
23
23
23
23
23
21
21
21
21
21
21
21
21
21
21
21
21
21
21
21
21
21
19
19
19
19
19
19
19
19
19
19
19
19
19
19
19
19
19
19
19
19
19
19
18
14
14
14
14
14
14
14
14
14
14
14
14
14
14
14
14
14
14
14
14
14
14
14
14
14
14
14
14
14
14
14
14
14
14
14
14
14
14
12
12
12
12
12
12
12
12
12
11
11
11
11
11
11
11
11
11
11
11
11
11
8
8
8
8
8
8
8
8
8
8
8
8
8
8
8
8
8
8
8
8
8
8
8
8
8
8
8
8
5
5
5
5
5
4
4
4
4
4
4
4
3
3
3
3
3
2
