51700
51668
51637
51604
51582
51557
51509
51476
51451
51422
51394
51363
51343
51314
51278
51249
51222
51201
51171
51154
51118
51100
51071
51017
50979
50946
50910
50884
50849
50822
50803
50791
50773
50740
50715
50689
50651
50623
50599
50574
50543
50517
50493
50461
50436
50402
50365
50345
50319
50290
50256
50228
50197
50162
50137
50099
50074
50051
50019
49999
49966
49947
49915
49881
49841
49813
49778
49734
49711
49683
49653
49620
49589
49551
49523
49509
49487
49452
49417
49386
49357
49317
49279
49242
49211
49181
49137
49118
49081
49053
49031
49005
48973
48946
48905
48873
48833
48792
48762
48735
48698
48665
48634
48595
48551
48527
48497
48462
48408
48363
48332
48294
48246
48211
48187
48146
48110
48085
48052
48027
47997
47970
47935
47881
47854
47823
47790
47755
47719
47692
47664
47645
47618
47594
47553
47524
47482
47445
47412
47384
47323
47303
47260
47220
47198
47168
47148
47105
47061
47022
46986
46956
46918
46880
46850
46807
46777
46734
46702
46664
46636
46581
46540
46514
46476
46434
46398
46359
46324
46300
46270
46247
46206
46178
46149
46118
46083
46037
46001
45970
45921
45886
45841
45817
45786
45760
45710
45667
45621
45573
45526
45498
45462
45441
45411
45377
45337
45298
45264
45223
45188
45157
45125
45091
45061
45016
44990
44949
44921
44892
44851
44808
44776
44734
44702
44668
44621
44580
44545
44506
44463
44431
44408
44361
44335
44306
44265
44235
44188
44152
44115
44086
44049
44022
43995
43949
43918
43892
43847
43800
43756
43720
43681
43638
43595
43559
43525
43487
43451
43410
43373
43342
43301
43263
43229
43196
43152
43114
43088
43040
43003
42964
42930
42893
42848
42823
42782
42731
42687
42644
42602
42558
42504
42469
42411
42362
42314
42264
42207
42170
42135
42095
42070
42042
41993
41969
41929
41892
41851
41818
41780
41735
41703
41682
41635
41596
41564
41530
41500
41463
41432
41400
41355
41313
41280
41218
41186
41157
41115
41080
41048
40994
40958
40918
40884
40845
40809
40770
40730
40678
40640
40604
40575
40520
40468
40438
40398
40360
40305
40268
40241
40205
40156
40130
40060
40003
39961
39926
39899
39838
39803
39744
39707
39666
39609
39539
39486
39444
39380
39337
39298
39250
39208
39167
39114
39069
39026
38976
38942
38887
38859
38812
38762
38723
38676
38641
38591
38544
38500
38468
38417
38369
38337
38296
38249
38210
38155
38095
38055
38008
37961
37904
37862
37821
37756
37702
37668
37636
37590
37552
37504
37444
37409
37358
37335
37290
37249
37198
37153
37116
37066
37018
36965
36894
36861
36819
36784
36757
36707
36680
36649
36598
36550
36516
36488
36452
36377
36329
36282
36233
36187
36141
36104
36046
35982
35936
35898
35857
35807
35752
35701
35647
35596
35551
35491
35449
35388
35341
35291
35241
35190
35132
35054
35022
34950
34900
34867
34831
34789
34751
34712
34665
34623
34585
34540
34504
34472
34409
34367
34318
34271
34242
34194
34162
34113
34023
33972
33913
33844
33784
33739
33688
33639
33587
33540
33497
33447
33399
33348
33299
33265
33211
33151
33097
33054
32978
32925
32873
32837
32784
32740
32690
32625
32575
32482
32400
32324
32281
32229
32166
32128
32093
32040
32001
31946
31911
31860
31809
31764
31709
31666
31582
31516
31473
31422
31384
31328
31275
31217
31152
31114
31056
31001
30961
30924
30866
30785
30708
30654
30593
30555
30495
30457
30380
30342
30295
30266
30197
30129
30058
30019
29952
29920
29885
29853
29826
29773
29693
29637
29577
29501
29416
29354
29267
29189
29131
29097
29064
29018
28945
28909
28856
28732
28671
28640
28606
28552
28503
28480
28424
28371
28341
28287
28238
28181
28133
28070
28007
27973
27907
27861
27778
27679
27623
27560
27458
27435
27368
27306
27248
27197
27154
27091
27027
26938
26866
26797
26756
26711
26678
26633
26579
26504
26432
26367
26294
26236
26196
26142
26041
26011
25987
25928
25890
25800
25724
25660
25609
25565
25500
25464
25423
25365
25313
25243
25148
25063
25008
24913
24840
24784
24731
24661
24621
24568
24525
24464
24415
24349
24276
24201
24160
24082
24039
23957
23927
23895
23806
23708
23667
23570
23515
23468
23335
23261
23234
23167
23141
23054
22987
22933
22885
22831
22791
22741
22661
22585
22512
22442
22393
22344
22297
22256
22194
22158
22059
22002
21934
21893
21811
21771
21733
21645
21579
21536
21493
21416
21324
21251
21209
21130
21070
21001
20923
20839
20788
20724
20668
20624
20583
20516
20456
20386
20343
20291
20166
20108
20062
20024
19933
19897
19769
19706
19642
19565
19445
19376
19298
19176
19125
19072
18988
18895
18854
18765
18709
18640
18594
18512
18443
18377
18342
18278
18213
18154
18081
18019
17887
17823
17733
17687
17649
17625
17584
17495
17432
17395
17344
17288
17247
17184
17079
16953
16928
16887
16824
16759
16711
16654
16590
16489
16362
16323
16219
16200
16152
16019
15955
15864
15755
15664
15573
15530
15467
15400
15357
15281
15110
15059
14995
14924
14861
14805
14707
14661
14517
14460
14335
14259
14217
14100
13963
13904
13855
13797
13741
13670
13598
13525
13507
13475
13419
13379
13260
13202
13126
13105
12918
12853
12554
12461
12407
12340
12295
12178
12103
12058
11944
11895
11817
11772
11711
11638
11593
11558
11520
11490
11394
11365
11230
11198
11067
10975
10918
10860
10796
10732
10552
10504
10477
10416
10355
10267
10184
10094
10059
9949
9886
9822
9808
9778
9611
9579
9525
9482
9422
9334
9129
8924
8882
8801
8684
8628
8555
8281
8061
8044
7964
7706
7669
7651
7560
7521
7507
7475
7299
7286
7194
7037
6975
6865
6822
6779
6589
6439
6428
6212
6184
6151
6112
6085
6083
5064
5034
4961
4803
4576
4528
4469
4451
4327
3777
3700
3673
3640
3630
3615
3553
3525
3342
3217
2715
2688
2549
2545
2221
2130
2113
2112
2069
1522
1512
1493
1421
1410
1396
1331
1305
1293
1268
1260
1251
1249
1205
1196
1192
1191
1190
1190
1173
1168
1164
928
916
913
908
908
906
905
905
884
850
847
846
838
838
830
826
826
825
767
766
760
751
739
738
737
452
364
363
362
362
282
282
281
281
228
228
228
228
228
228
228
228
228
228
228
227
226
226
226
226
225
225
225
225
224
224
224
224
224
224
224
216
216
216
216
213
212
212
211
211
209
198
198
197
197
197
197
196
196
191
191
191
190
190
190
190
144
143
143
143
136
136
134
121
121
121
120
120
120
119
119
119
109
109
109
109
109
109
109
109
109
108
90
90
90
90
90
90
89
89
89
89
89
89
87
87
87
84
84
83
83
83
83
83
83
83
82
82
82
82
82
82
82
82
56
56
54
53
53
53
53
53
53
53
53
53
53
53
52
52
52
52
52
52
52
52
52
52
52
52
52
52
52
38
37
37
37
37
37
37
37
37
37
37
37
37
37
37
37
37
37
37
37
37
37
37
37
36
36
36
36
36
36
36
36
36
36
36
36
36
33
33
33
33
33
33
33
33
33
33
33
33
33
33
33
33
33
33
33
33
33
33
33
33
33
33
33
33
31
31
31
31
31
31
31
31
31
30
30
30
30
30
30
30
28
28
28
28
28
28
28
21
21
21
20
20
20
20
20
20
20
20
20
20
20
19
19
19
19
19
19
19
19
19
19
19
19
19
19
19
19
19
19
19
19
19
19
19
17
17
17
17
17
17
17
17
17
17
17
17
17
17
17
17
17
16
16
16
15
15
14
14
14
14
14
14
14
14
14
14
14
14
14
14
14
14
14
14
14
14
14
13
13
13
13
13
13
13
13
12
12
10
10
10
10
10
10
10
10
10
8
8
7
7
7
6
6
6
6
6
6
5
5
5
5
5
5
5
5
5
4
4
4
4
4
4
3
3
3
2
