2
2
2
2
2
2
3
3
3
3
3
3
3
3
4
5
5
5
5
5
5
5
5
5
5
5
5
5
5
5
5
5
5
5
5
5
5
5
5
5
5
5
5
5
5
5
5
5
5
5
5
5
5
5
5
5
5
5
5
5
5
5
5
5
5
5
5
5
5
5
5
5
5
5
5
5
5
5
5
5
5
5
5
5
5
5
5
5
6
6
6
7
7
7
7
7
7
7
7
7
7
7
7
7
7
7
7
7
7
8
8
8
8
8
8
8
8
8
8
8
8
8
8
8
8
8
8
8
8
8
8
8
8
8
8
8
8
8
8
8
8
8
8
8
8
8
8
8
8
8
9
9
9
9
9
9
9
9
9
9
9
9
9
9
9
9
9
9
9
9
9
9
9
9
9
9
9
9
9
9
9
9
10
10
10
10
10
10
10
10
10
10
10
10
10
10
10
10
10
10
10
10
10
10
10
10
10
10
10
10
11
11
11
11
11
11
11
11
11
11
11
11
11
11
11
11
11
11
11
11
11
12
12
12
15
15
15
15
15
15
15
15
15
15
15
15
15
15
15
16
16
17
17
17
17
17
17
17
18
18
18
18
18
18
18
18
18
18
18
18
18
18
18
18
18
18
18
18
18
18
18
18
18
18
18
18
18
18
18
18
18
18
18
18
18
18
19
19
19
19
19
19
19
19
19
20
20
20
20
20
20
20
20
20
20
20
20
20
20
20
20
26
26
26
26
30
30
30
30
30
30
30
30
30
30
30
30
30
30
30
30
30
30
30
30
30
30
30
30
30
30
30
31
31
31
31
31
31
31
31
31
32
32
32
32
32
32
32
32
32
32
32
32
32
32
32
32
32
32
32
32
32
43
43
43
43
43
43
43
43
43
43
43
43
43
43
43
43
43
43
43
43
43
43
43
43
43
44
44
44
44
44
44
44
44
44
44
44
45
45
45
46
46
46
46
46
60
60
60
60
60
60
60
60
60
60
60
60
60
60
60
60
60
60
60
60
60
60
60
60
60
60
70
70
70
70
70
70
70
70
70
70
70
70
70
70
70
70
70
70
70
70
70
70
70
70
70
70
70
70
70
70
70
70
70
70
70
70
70
70
71
72
85
85
85
85
85
88
88
88
88
88
88
88
88
88
88
88
88
88
88
88
88
88
88
88
116
117
117
117
117
118
118
119
119
119
119
119
119
119
119
120
120
120
120
120
120
120
120
120
120
120
120
120
120
120
120
120
120
121
121
121
121
121
124
124
124
124
124
124
124
124
124
124
195
195
195
195
195
195
195
195
195
195
195
195
195
195
195
197
214
270
270
270
283
283
283
335
338
345
345
348
349
349
349
352
353
368
458
458
464
479
512
512
512
513
513
513
525
571
571
572
574
574
581
583
583
925
936
938
939
939
940
1016
1018
1038
1042
1066
1072
1081
1081
1084
1387
1390
1959
1963
1968
1978
2030
2080
2084
2110
2113
2117
2117
2125
2129
2738
2797
2824
2832
2967
2980
2991
3008
3014
3040
3172
3204
3271
3772
3989
3994
4240
4392
4491
6263
6350
7202
7481
7881
8186
8229
8444
8632
8695
8761
8794
8903
8948
9142
9444
9718
9845
9935
10127
10276
10787
10908
10982
11472
11562
11607
11752
11777
11862
11924
12011
12178
12219
12267
12412
12569
12768
12885
12994
13112
13272
13388
13737
13799
13933
14087
14178
14299
14448
14510
14601
14794
15062
15181
15232
15329
15546
15632
15773
15854
16420
16611
16708
16842
16941
17175
17305
17488
17607
17647
17756
17854
18019
18153
18298
18376
18492
18546
18588
18703
18850
18914
19080
19216
19253
19372
19446
19557
19697
19731
19885
19953
20059
20136
20271
20347
20409
20468
20539
20584
20644
20721
20835
20959
21105
21165
21270
21360
21456
21538
21645
21743
21825
21962
22059
22126
22241
22389
22528
22684
22734
22792
22946
23063
23283
23409
23477
23616
23714
23809
23901
24074
24171
24260
24367
24461
24540
24631
24759
24857
24926
25014
25100
25219
25307
25389
25432
25616
25702
25851
25936
26024
26125
26336
26488
26628
26746
26819
26894
26995
27073
27133
27203
27266
27361
27445
27539
27632
27686
27804
27856
28052
28227
28285
28421
28493
28562
28659
28723
28813
28929
29029
29073
29161
29262
29317
29381
29511
29573
29611
29726
29805
29901
30068
30113
30204
30308
30368
30488
30535
30593
30688
30776
30865
30966
31070
31199
31264
31332
31403
31512
31572
31623
31700
31770
31879
31954
32042
32111
32173
32227
32314
32372
32457
32558
32616
32661
32715
32807
32883
32958
33060
33115
33182
33247
33309
33362
33428
33526
33590
33664
33777
33862
33934
33992
34037
34097
34182
34230
34257
34357
34413
34488
34545
34623
34719
34818
34901
34998
35057
35097
35132
35186
35225
35292
35352
35382
35451
35500
35538
35615
35694
35747
35800
35866
35911
35961
36007
36093
36163
36203
36273
36368
36415
36469
36561
36617
36670
36733
36803
36888
36968
37008
37106
37143
37190
37214
37264
37316
37376
37464
37552
37626
37675
37726
37783
37850
37907
37961
38039
38149
38197
38245
38277
38344
38380
38446
38495
38568
38613
38680
38713
38771
38822
38874
38915
38963
39010
39056
39088
39150
39187
39223
39268
39327
39401
39435
39490
39548
39575
39624
39674
39730
39762
39815
39863
39894
39945
39978
40023
40074
40126
40176
40234
40294
40339
40377
40435
40481
40536
40580
40624
40684
40729
40787
40831
40866
40894
40952
41012
41051
41096
41134
41183
41206
41253
41295
41332
41377
41435
41485
41534
41598
41666
41710
41750
41795
41835
41892
41928
41957
42007
42074
42115
42165
42224
42274
42354
42395
42435
42496
42555
42633
42681
42721
42753
42792
42844
42873
42911
42955
43010
43041
43067
43097
43151
43213
43258
43375
43412
43438
43472
43508
43575
43613
43661
43688
43712
43754
43806
43856
43879
43913
43944
43991
44063
44133
44163
44196
44239
44275
44308
44380
44439
44476
44509
44567
44604
44645
44703
44735
44776
44813
44853
44896
44938
44986
45034
45078
45110
45165
45195
45222
45286
45315
45364
45395
45441
45484
45519
45553
45597
45657
45706
45742
45791
45842
45920
45944
45988
46025
46043
46072
46112
46141
46178
46207
46248
46280
46323
46358
46392
46436
46466
46495
46527
46560
46592
46635
46659
46687
46719
46755
46786
46815
46838
46873
46908
46930
46971
47004
47048
47085
47107
47140
47172
47215
47252
47285
47315
47351
47387
47434
47465
47528
47556
47594
47643
47688
47723
47765
47792
47824
47846
47876
47924
47959
47998
48046
48089
48119
48154
48194
48225
48265
48293
48324
48341
48366
48406
48433
48448
48484
48506
48536
48588
48617
48652
48684
48724
48768
48793
48818
48839
48891
48930
48946
48995
49033
49062
49093
49117
49153
49191
49215
49255
49277
49303
49336
49364
49414
49437
49462
49477
49505
49526
49554
49576
49603
49634
49649
49688
49709
49733
49755
49793
49818
49828
49870
49908
49932
49960
49996
50024
50047
50077
50106
50133
50153
50177
50217
50253
50280
50329
50359
50410
50446
50477
50490
50527
50560
50596
50620
50645
50665
50688
50728
50746
50772
50809
50832
50864
50889
50917
50929
50941
50976
51002
51029
51054
51090
51107
51134
51165
51185
51202
51231
51268
51299
51326
51359
51380
51405
51434
51460
51485
51508
51538
51560
51594
51615
51655
51665
51694
51724
