51861
51833
51805
51783
51761
51725
51688
51657
51639
51613
51586
51557
51536
51509
51482
51448
51426
51401
51377
51355
51324
51292
51266
51246
51222
51196
51166
51130
51095
51072
51039
51008
50990
50947
50920
50890
50861
50830
50782
50755
50726
50707
50680
50650
50609
50566
50538
50508
50483
50457
50421
50392
50352
50325
50295
50267
50230
50205
50185
50162
50125
50097
50051
50024
49997
49962
49940
49907
49857
49824
49792
49753
49733
49702
49665
49638
49605
49586
49544
49506
49474
49434
49395
49371
49335
49304
49279
49249
49220
49183
49138
49105
49076
49050
49021
48992
48965
48931
48901
48870
48830
48801
48772
48737
48710
48673
48646
48607
48569
48537
48494
48459
48427
48391
48363
48338
48296
48249
48216
48189
48171
48137
48111
48091
48049
48011
47992
47965
47937
47901
47871
47840
47820
47785
47752
47721
47688
47658
47634
47607
47578
47522
47492
47469
47434
47404
47363
47320
47289
47259
47238
47202
47175
47114
47061
47026
46972
46942
46902
46861
46821
46766
46739
46701
46655
46602
46554
46511
46466
46442
46411
46381
46346
46316
46275
46248
46228
46206
46182
46145
46116
46078
46022
45997
45942
45882
45841
45808
45774
45739
45710
45686
45655
45609
45568
45527
45476
45432
45406
45383
45357
45323
45287
45249
45220
45181
45146
45105
45073
45037
44997
44947
44906
44872
44842
44798
44765
44725
44684
44663
44638
44604
44575
44528
44503
44461
44427
44397
44375
44337
44304
44282
44244
44208
44163
44123
44087
44051
44017
43992
43959
43934
43914
43866
43831
43788
43745
43712
43682
43637
43599
43564
43529
43507
43461
43409
43371
43329
43291
43265
43222
43165
43139
43097
43061
43029
42988
42927
42886
42846
42807
42775
42716
42689
42634
42589
42555
42521
42471
42431
42389
42339
42293
42260
42226
42186
42156
42099
42053
42018
41964
41912
41871
41806
41768
41729
41709
41658
41614
41584
41542
41497
41461
41416
41366
41338
41294
41235
41199
41176
41139
41099
41074
41033
40986
40961
40934
40899
40860
40820
40766
40728
40692
40652
40604
40562
40538
40499
40461
40428
40365
40313
40229
40178
40128
40077
40020
39985
39942
39896
39863
39811
39775
39744
39698
39620
39574
39538
39493
39447
39395
39375
39346
39314
39259
39226
39194
39152
39114
39072
39044
39007
38960
38918
38875
38835
38778
38751
38714
38657
38607
38555
38510
38451
38398
38356
38313
38285
38235
38200
38162
38107
38058
38025
37977
37923
37884
37857
37818
37791
37743
37702
37657
37616
37554
37518
37481
37430
37382
37349
37296
37258
37226
37177
37124
37079
37035
37004
36945
36879
36825
36780
36735
36679
36620
36560
36511
36461
36418
36377
36327
36273
36228
36181
36129
36054
36005
35961
35930
35886
35820
35772
35717
35675
35636
35588
35536
35496
35438
35408
35353
35308
35235
35197
35147
35103
35041
34989
34930
34890
34854
34817
34764
34723
34641
34598
34565
34524
34491
34447
34381
34323
34271
34221
34160
34105
34050
33994
33925
33864
33808
33753
33715
33667
33628
33578
33512
33446
33364
33322
33276
33210
33170
33088
33066
33028
32956
32921
32857
32812
32766
32702
32632
32571
32507
32397
32312
32263
32212
32191
32124
32057
31997
31950
31874
31816
31782
31727
31672
31580
31515
31414
31355
31292
31208
31142
31103
31053
30990
30960
30906
30838
30777
30724
30671
30611
30575
30526
30501
30450
30409
30337
30279
30210
30147
30080
29983
29944
29855
29781
29743
29688
29617
29542
29502
29445
29393
29350
29309
29231
29198
29157
29112
29075
29033
28963
28913
28839
28762
28645
28581
28526
28477
28430
28386
28307
28248
28110
28063
27931
27885
27843
27795
27765
27702
27636
27569
27517
27482
27402
27360
27315
27250
27174
27126
27074
27002
26938
26873
26822
26755
26690
26642
26570
26502
26455
26373
26329
26273
26218
26169
26114
26065
25997
25928
25846
25700
25644
25565
25503
25448
25347
25314
25273
25166
25132
25089
25027
24955
24905
24845
24804
24741
24675
24629
24586
24516
24409
24364
24293
24245
24212
24146
24064
23996
23946
23899
23813
23761
23706
23658
23588
23552
23464
23414
23338
23270
23204
23127
23041
22991
22913
22857
22742
22577
22501
22461
22404
22343
22290
22123
22089
22052
21992
21947
21909
21837
21752
21678
21620
21542
21490
21393
21303
21245
21179
21115
21059
20928
20830
20781
20707
20667
20604
20575
20535
20497
20442
20353
20267
20223
20191
20132
20082
20052
19972
19905
19866
19815
19711
19666
19612
19562
19499
19397
19330
19271
19151
19075
18979
18889
18825
18780
18687
18552
18495
18441
18328
18274
18246
18203
18156
18096
17967
17902
17736
17615
17573
17516
17485
17427
17359
17316
17184
17032
16910
16850
16759
16731
16612
16509
16412
16317
16204
16146
16102
16026
15934
15827
15797
15745
15705
15622
15593
15537
15439
15309
15233
15175
15128
15104
15077
15017
14922
14833
14730
14670
14590
14516
14444
14410
14284
14205
14120
14071
13998
13961
13816
13789
13732
13702
13663
13608
13468
13444
13412
13318
13226
13132
13079
13040
12994
12809
12699
12426
12362
12215
12152
12109
12054
12012
11919
11888
11808
11720
11683
11664
11588
11503
11438
11390
11229
11202
11160
11124
11097
11029
10948
10878
10799
10703
10673
10541
10472
10400
10317
10250
10173
10073
9984
9938
9909
9845
9688
9523
9347
9321
9252
9048
9002
8919
8852
8779
8744
8712
8598
8550
8475
8402
8378
8347
8206
8193
8056
7970
7723
7679
7596
7562
7504
7459
7318
7208
7177
7116
7020
6704
6635
6601
6315
6276
6267
5162
4977
4880
4834
4813
4746
4737
4682
4458
4443
4433
4247
3917
3712
3645
3562
3558
3533
3362
3355
3336
3309
3296
3251
3231
3186
3104
3092
2974
2958
2954
2821
2792
2780
2218
1179
1179
1175
1173
1171
1168
1165
1165
1162
1160
1151
1120
1114
1107
1105
1104
1101
1101
1082
1063
1062
1047
1046
790
734
728
715
715
706
706
698
698
659
652
651
651
651
650
647
647
647
644
640
640
630
624
618
579
574
539
539
539
512
411
411
404
404
403
401
399
397
397
397
397
377
376
374
373
373
373
336
336
333
332
331
329
328
328
328
319
319
313
309
308
308
308
308
307
270
266
266
266
266
266
266
266
265
265
249
249
246
246
246
243
240
240
240
239
238
238
238
238
237
236
235
235
231
231
231
231
231
231
231
231
230
230
230
229
229
229
229
229
229
229
229
229
229
229
229
229
227
227
227
227
227
144
143
143
124
119
119
119
119
118
118
118
118
117
117
117
117
116
116
116
116
111
111
111
111
111
111
111
111
111
110
110
107
104
79
79
79
79
78
78
77
76
76
76
76
76
76
76
76
76
76
76
76
76
76
76
76
76
76
76
76
73
73
73
73
73
73
73
73
73
73
72
72
72
72
72
72
72
72
72
72
72
72
72
72
72
71
71
71
71
71
71
71
71
71
71
71
71
71
71
71
71
71
71
71
71
71
71
70
70
70
70
70
70
70
48
48
43
43
43
39
38
38
38
38
38
38
38
38
36
36
36
36
36
36
36
36
36
36
36
36
36
36
36
35
35
35
34
34
34
34
34
34
34
34
34
33
33
33
32
32
28
28
28
28
28
28
26
26
26
26
26
26
25
25
25
22
21
21
21
20
20
20
20
20
20
20
19
19
19
19
19
17
17
17
17
16
16
16
16
16
16
16
16
16
16
16
16
16
16
16
16
16
12
12
12
11
11
10
10
10
10
10
10
10
10
10
10
10
9
9
9
9
9
9
9
8
8
8
8
8
8
8
8
8
8
8
8
8
8
8
8
8
8
8
8
8
8
8
8
7
7
7
7
6
6
6
6
5
5
4
4
4
4
4
4
4
4
3
3
2
