51839
51808
51780
51748
51734
51706
51678
51649
51620
51582
51553
51535
51500
51480
51443
51398
51369
51346
51320
51293
51261
51235
51208
51171
51138
51113
51090
51051
51028
50969
50928
50888
50859
50824
50804
50782
50752
50725
50693
50669
50638
50608
50579
50550
50529
50499
50469
50452
50414
50390
50361
50332
50297
50263
50238
50199
50171
50144
50113
50079
50042
50004
49968
49944
49911
49873
49845
49807
49775
49746
49712
49694
49676
49637
49583
49565
49528
49493
49469
49451
49397
49361
49321
49285
49255
49218
49182
49159
49131
49104
49072
49040
49002
48985
48944
48917
48881
48833
48798
48759
48733
48698
48664
48651
48637
48602
48561
48506
48474
48446
48416
48380
48352
48324
48295
48264
48240
48214
48166
48141
48102
48061
48018
47994
47967
47939
47902
47867
47844
47806
47779
47747
47714
47680
47635
47599
47569
47534
47517
47483
47442
47405
47358
47329
47309
47278
47237
47186
47152
47112
47079
47045
47002
46955
46921
46883
46856
46818
46779
46744
46701
46670
46628
46601
46566
46526
46488
46458
46421
46378
46350
46326
46294
46269
46249
46224
46183
46161
46131
46085
46045
46017
45978
45946
45908
45880
45851
45788
45761
45724
45687
45647
45616
45579
45534
45511
45469
45436
45412
45357
45322
45298
45265
45230
45199
45170
45129
45079
45044
44999
44977
44941
44880
44845
44815
44773
44735
44704
44671
44650
44605
44577
44532
44478
44439
44401
44344
44317
44275
44248
44207
44172
44130
44084
44052
44016
43978
43951
43915
43886
43852
43823
43779
43746
43694
43666
43637
43614
43571
43542
43496
43450
43418
43376
43334
43291
43252
43210
43172
43144
43120
43090
43059
43020
42987
42964
42921
42898
42862
42824
42769
42723
42677
42649
42605
42566
42528
42480
42457
42406
42366
42346
42305
42266
42231
42174
42128
42071
42042
41990
41939
41913
41880
41840
41792
41761
41703
41665
41593
41541
41501
41442
41410
41359
41327
41293
41260
41225
41167
41122
41064
41008
40954
40926
40866
40830
40802
40776
40720
40664
40618
40592
40544
40507
40467
40426
40372
40333
40280
40250
40211
40129
40062
40035
39977
39933
39883
39847
39791
39746
39716
39677
39645
39600
39571
39535
39491
39463
39424
39381
39345
39278
39221
39193
39149
39101
39065
39030
38983
38943
38904
38855
38829
38794
38739
38699
38673
38640
38614
38570
38538
38492
38454
38402
38356
38316
38284
38253
38217
38178
38107
38082
38043
38000
37959
37917
37848
37801
37749
37706
37662
37613
37539
37492
37445
37403
37358
37287
37254
37214
37165
37125
37066
37012
36968
36940
36914
36873
36799
36754
36685
36638
36593
36556
36489
36456
36420
36384
36317
36281
36224
36188
36141
36099
36045
35997
35954
35901
35858
35811
35771
35729
35658
35631
35584
35535
35467
35416
35357
35293
35237
35180
35138
35089
35023
34972
34925
34882
34830
34766
34733
34692
34632
34587
34537
34504
34471
34435
34394
34336
34288
34228
34161
34107
34055
34024
33975
33926
33887
33840
33784
33747
33715
33666
33614
33546
33497
33456
33402
33343
33283
33243
33203
33144
33063
33017
32949
32904
32877
32835
32783
32753
32686
32604
32561
32535
32439
32382
32336
32243
32195
32134
32089
31987
31907
31881
31807
31749
31692
31639
31605
31562
31527
31484
31451
31382
31313
31254
31188
31133
31092
31013
30906
30861
30811
30758
30677
30647
30604
30554
30502
30467
30400
30356
30292
30181
30119
30076
30022
29967
29934
29879
29818
29747
29664
29623
29564
29503
29424
29347
29315
29255
29168
29098
29012
28950
28879
28828
28764
28712
28672
28615
28566
28534
28504
28444
28388
28279
28242
28201
28125
28076
28027
27986
27919
27886
27802
27758
27719
27662
27618
27552
27482
27434
27370
27323
27260
27216
27156
27124
27078
27025
26987
26903
26861
26821
26785
26720
26636
26585
26538
26475
26422
26347
26273
26254
26194
26138
26038
25993
25948
25900
25844
25769
25719
25667
25628
25576
25507
25447
25370
25291
25230
25164
25121
25067
24995
24882
24802
24765
24707
24658
24561
24528
24463
24409
24359
24314
24264
24228
24192
24145
24096
24027
23900
23856
23805
23767
23715
23677
23592
23549
23495
23438
23343
23292
23258
23190
23096
23055
23016
22940
22834
22776
22733
22654
22616
22536
22499
22439
22353
22298
22251
22191
22081
22031
21959
21897
21827
21755
21709
21659
21588
21491
21375
21303
21250
21178
21086
21030
20937
20877
20806
20718
20689
20590
20551
20466
20422
20350
20233
20116
20077
20044
19992
19949
19851
19728
19662
19538
19452
19379
19305
19228
19154
19031
18956
18906
18856
18729
18656
18588
18539
18484
18431
18352
18256
18196
18111
18063
17959
17889
17796
17710
17651
17614
17567
17438
17387
17290
17176
17097
17037
16984
16860
16800
16741
16653
16604
16559
16464
16398
16370
16317
16246
16176
16102
16017
15932
15896
15795
15764
15664
15636
15565
15518
15445
15391
15344
15209
15162
15066
14987
14931
14893
14832
14747
14639
14586
14526
14460
14418
14360
14292
14271
14222
14157
14098
13945
13884
13824
13750
13648
13529
13491
13440
13365
13230
13074
13008
12980
12901
12870
12791
12739
12666
12580
12517
12397
12336
12245
12197
12085
11888
11847
11765
11743
11661
11619
11540
11393
11332
11268
11024
10988
10914
10653
10590
10467
10357
10252
10192
10149
10086
9988
9944
9827
9800
9302
9248
9222
9154
9103
9032
9015
8865
8826
8802
8742
8610
8561
8517
8497
8447
7913
7737
7641
7595
7482
7465
7345
7318
7263
7152
7132
6843
6777
6745
6703
6629
6568
6525
6494
6421
6384
6358
6348
6323
6283
5993
5963
5927
5721
5233
5225
5186
4830
4817
4568
4548
4517
4509
4479
4475
4357
4345
4299
4121
4107
3724
3011
3004
2879
2860
2831
2806
2751
2747
2737
2687
2668
1965
1947
1934
1933
1807
1802
1796
1796
1764
1760
1741
1740
1726
1725
1715
1712
1710
1632
1069
1067
1065
1064
1047
1044
1032
1026
1022
1020
1020
1016
1016
1012
1012
1010
1008
1004
995
698
673
671
670
670
642
641
613
612
611
553
551
546
546
545
545
545
544
543
543
542
542
506
505
505
505
503
503
503
503
501
498
498
488
457
456
456
455
455
455
454
454
453
453
452
452
452
452
452
450
449
448
448
447
447
447
447
447
446
393
387
386
386
384
384
256
254
254
254
254
254
223
223
223
222
221
219
219
219
218
218
214
214
214
214
214
214
209
208
208
208
208
207
207
207
206
206
206
206
206
205
205
205
186
186
185
185
185
185
181
181
180
178
177
175
175
175
175
175
173
172
172
172
172
172
171
171
171
170
168
167
157
156
156
156
154
154
153
152
152
148
148
147
147
117
116
116
116
89
88
88
88
88
88
55
55
54
53
53
53
53
53
53
53
53
52
52
52
52
52
52
52
51
51
51
51
51
51
51
51
50
50
45
44
44
44
41
41
41
41
41
41
41
41
41
41
41
41
40
40
40
40
40
40
40
40
40
40
40
40
40
40
40
40
39
39
39
39
38
38
38
38
38
38
38
38
38
38
38
38
38
38
38
38
38
38
38
38
38
38
38
38
38
38
38
37
37
37
37
37
36
36
36
36
28
28
28
28
28
26
26
26
24
24
24
24
24
24
24
24
24
22
22
22
21
21
21
21
21
20
20
20
20
20
19
19
15
15
13
13
13
13
13
13
13
13
13
13
13
13
13
13
13
13
13
13
13
13
13
13
13
13
12
12
12
12
12
12
12
12
11
11
11
11
11
11
11
11
11
11
11
11
11
11
11
11
11
11
11
11
10
10
10
10
10
9
8
8
8
8
8
8
8
8
8
8
8
8
8
8
8
8
8
8
8
8
7
7
7
7
7
7
6
6
6
6
6
5
5
5
5
4
3
3
