2
2
3
3
3
3
3
3
3
3
4
4
4
4
4
4
4
4
4
4
4
4
4
4
4
4
4
4
4
4
4
4
4
4
4
4
4
4
4
4
4
4
4
4
4
4
4
4
4
4
4
5
5
5
5
5
5
5
5
5
5
5
5
5
5
5
6
6
6
6
6
6
6
6
6
6
6
6
6
6
6
6
6
6
6
6
6
6
6
6
6
6
6
7
7
7
7
7
7
7
8
8
8
8
8
8
8
8
8
8
8
8
8
8
8
8
8
8
8
8
8
8
8
8
8
8
8
8
8
8
8
8
8
8
8
8
8
8
8
8
8
8
8
8
8
8
9
9
9
9
9
9
9
9
9
9
9
9
9
9
9
9
9
9
9
11
11
11
11
11
11
11
11
11
11
11
11
11
13
13
13
13
13
13
13
13
13
16
16
16
16
16
16
16
16
16
16
16
16
16
16
16
16
16
16
16
16
16
16
16
16
16
16
16
16
16
16
16
16
16
16
16
16
16
16
16
16
16
16
16
16
16
16
16
16
16
16
16
16
16
16
16
16
16
16
17
17
17
17
17
17
17
17
17
17
17
18
18
18
18
18
18
18
18
18
18
18
18
18
27
27
27
27
27
27
27
27
27
27
27
27
27
27
27
27
27
27
27
28
28
28
28
28
28
28
28
28
28
28
28
28
28
28
28
28
28
28
28
29
29
29
29
29
29
29
29
29
29
29
29
29
29
29
29
30
30
30
30
30
30
30
30
30
30
30
30
30
30
30
30
30
31
31
31
31
31
31
31
31
31
32
32
32
32
32
32
32
34
34
34
34
34
34
34
34
34
34
34
34
34
34
34
34
34
34
34
34
34
34
34
35
35
35
35
36
36
36
36
36
36
36
38
38
38
38
38
38
40
40
40
40
40
40
40
40
40
40
40
40
40
40
40
40
46
46
46
46
46
46
46
46
46
46
46
46
46
46
46
47
47
47
52
52
52
53
53
53
53
53
54
54
54
54
54
54
54
54
54
54
54
54
60
60
63
63
63
63
63
63
63
63
63
71
71
71
71
71
71
74
74
74
74
74
74
74
74
74
74
74
74
76
76
76
76
76
76
76
76
76
78
83
83
83
83
83
83
83
85
85
85
85
85
85
85
85
85
85
85
85
85
85
85
85
85
85
110
110
110
110
110
112
112
112
112
112
112
112
112
112
112
112
112
112
113
119
119
119
119
119
119
119
119
119
124
125
125
125
125
128
128
129
129
129
129
129
131
132
137
137
138
138
138
143
169
169
169
169
169
169
169
169
169
170
171
171
171
171
171
171
172
190
192
193
193
193
199
200
200
200
200
200
200
200
201
205
205
205
205
205
205
206
209
209
209
215
285
285
285
391
434
434
475
475
475
486
486
576
688
688
690
692
692
840
1135
1148
1148
1149
1158
1243
1254
1273
1277
1294
1297
1322
1346
1357
1357
1357
1357
1585
1602
1623
1630
1647
1670
1672
1693
1911
3350
3365
3375
3407
3408
3491
3782
4005
4540
4555
5115
5463
5486
5618
5712
5741
5933
6240
6259
6365
6390
6728
6771
6877
6939
7028
7083
7188
7272
7460
7969
8429
8615
8630
8654
8725
9061
9111
9221
9355
9427
9472
10003
10118
10300
10389
10426
10600
10717
10836
11022
11219
11338
11358
11413
11657
11798
11867
12000
12132
12448
12586
12724
12783
12889
12943
13021
13425
13464
13526
13572
13709
13850
14149
14236
14325
14466
14717
14894
15078
15246
15390
15476
15640
15711
15861
15942
16242
16476
16692
16930
17122
17247
17378
17519
17627
17747
17854
17931
18138
18236
18447
18547
18768
19012
19155
19283
19345
19499
19572
19630
19773
19845
19904
19991
20036
20090
20155
20369
20521
20588
20700
20780
20946
21022
21101
21173
21329
21430
21518
21704
21820
21876
21926
21994
22094
22238
22330
22512
22588
22627
22854
22919
22989
23036
23071
23267
23299
23430
23560
23710
23890
24077
24155
24286
24348
24670
24895
24959
25082
25179
25251
25342
25446
25574
25661
25709
25766
25908
25969
26041
26204
26389
26480
26599
26702
26776
26856
26920
26978
27148
27276
27380
27441
27562
27640
27734
27833
27905
28038
28095
28158
28293
28371
28446
28508
28576
28695
28766
28858
28924
29027
29091
29192
29257
29331
29465
29560
29739
29834
29916
29986
30103
30162
30258
30339
30418
30487
30589
30640
30685
30806
30876
30955
31028
31112
31165
31240
31320
31361
31460
31604
31685
31791
31896
31937
31988
32063
32102
32162
32245
32305
32364
32441
32527
32654
32703
32819
32889
32948
33010
33090
33222
33273
33331
33417
33508
33552
33612
33686
33755
33852
33916
33968
34027
34074
34148
34199
34244
34337
34426
34513
34635
34678
34747
34792
34845
34907
34996
35054
35129
35197
35263
35316
35391
35435
35480
35531
35578
35661
35720
35830
35901
35954
36004
36098
36146
36232
36302
36366
36426
36476
36543
36596
36661
36703
36760
36797
36864
36949
36989
37048
37111
37149
37242
37318
37424
37486
37542
37601
37692
37739
37809
37864
37939
38003
38048
38108
38144
38212
38282
38344
38404
38457
38534
38615
38658
38733
38777
38831
38890
38964
39034
39085
39140
39230
39295
39386
39445
39493
39608
39651
39696
39746
39804
39850
39881
39946
39997
40048
40114
40158
40222
40245
40299
40341
40392
40443
40480
40517
40580
40605
40650
40686
40723
40789
40828
40882
40903
40958
40996
41044
41128
41202
41234
41270
41306
41353
41413
41469
41515
41573
41602
41653
41722
41790
41869
41897
41938
41970
42003
42050
42091
42135
42176
42213
42241
42274
42304
42355
42408
42472
42569
42608
42665
42720
42762
42823
42886
42951
42997
43040
43096
43117
43164
43203
43246
43296
43350
43401
43455
43494
43538
43571
43603
43657
43708
43809
43847
43876
43903
43945
43983
44014
44078
44127
44157
44184
44219
44247
44294
44346
44396
44461
44519
44572
44597
44635
44694
44734
44786
44816
44861
44908
44933
44971
44994
45057
45096
45152
45183
45217
45261
45307
45357
45411
45445
45480
45532
45567
45611
45648
45693
45754
45784
45838
45871
45903
45943
45976
45998
46038
46066
46077
46138
46177
46250
46312
46347
46387
46416
46448
46466
46504
46534
46572
46600
46652
46687
46724
46752
46772
46808
46829
46850
46931
46969
47004
47029
47056
47084
47123
47160
47189
47225
47264
47282
47322
47346
47386
47415
47444
47471
47502
47539
47592
47645
47696
47718
47753
47796
47831
47867
47902
47925
47950
47985
48021
48055
48074
48108
48138
48161
48187
48240
48267
48301
48332
48369
48396
48432
48457
48486
48510
48538
48575
48623
48659
48691
48713
48741
48777
48810
48841
48859
48877
48905
48939
48977
49023
49052
49076
49123
49156
49185
49239
49265
49296
49331
49348
49381
49424
49457
49481
49510
49544
49567
49581
49616
49644
49675
49713
49740
49765
49799
49833
49876
49898
49919
49951
49979
49998
50022
50049
50060
50112
50147
50162
50191
50206
50225
50248
50294
50328
50348
50365
50393
50424
50457
50473
50506
50522
50581
50626
50644
50663
50699
50719
50746
50768
50797
50823
50849
50879
50895
50911
50934
50952
50991
51023
51058
51081
51111
51147
51177
51214
51234
51260
51287
51322
51350
51363
51403
51427
51455
51475
51496
51545
51577
51597
51621
51648
51681
51706
51734
51747
51761
51798
51815
51851
51874
51900
51916
