51705
51678
51648
51621
51598
51565
51536
51501
51468
51428
51411
51382
51351
51333
51302
51268
51236
51202
51184
51152
51128
51077
51039
51003
50959
50932
50898
50877
50857
50830
50799
50774
50744
50713
50688
50646
50612
50584
50547
50513
50483
50454
50419
50389
50359
50323
50288
50253
50217
50192
50159
50129
50100
50068
50043
50006
49978
49953
49929
49912
49891
49847
49807
49788
49750
49720
49696
49666
49642
49602
49566
49535
49505
49473
49455
49436
49399
49377
49343
49321
49291
49266
49244
49209
49182
49154
49131
49097
49079
49053
49012
48977
48945
48918
48886
48856
48823
48801
48776
48745
48700
48651
48622
48591
48557
48524
48500
48448
48418
48370
48332
48299
48265
48232
48205
48164
48122
48092
48064
48042
48016
47979
47943
47921
47888
47851
47823
47790
47740
47704
47677
47641
47610
47578
47529
47498
47466
47434
47403
47375
47347
47306
47277
47245
47212
47177
47139
47115
47074
47034
46995
46964
46935
46905
46870
46836
46809
46776
46741
46702
46670
46638
46608
46584
46553
46519
46490
46458
46416
46385
46336
46308
46268
46239
46205
46176
46139
46099
46070
46022
45999
45965
45926
45896
45863
45823
45782
45749
45719
45685
45651
45610
45588
45557
45534
45498
45468
45419
45384
45352
45309
45276
45239
45212
45188
45154
45113
45086
45047
45021
44977
44927
44888
44863
44835
44793
44764
44697
44660
44607
44577
44526
44494
44454
44413
44381
44348
44314
44281
44236
44189
44161
44120
44074
44018
43979
43937
43891
43844
43806
43768
43713
43676
43644
43612
43585
43549
43510
43471
43439
43403
43370
43326
43279
43237
43209
43170
43127
43068
43038
43011
42973
42914
42880
42831
42796
42753
42717
42675
42621
42575
42549
42500
42426
42382
42345
42293
42257
42216
42185
42144
42113
42073
42035
41991
41954
41918
41886
41841
41799
41770
41706
41683
41649
41603
41563
41520
41467
41424
41388
41333
41290
41249
41196
41170
41148
41103
41062
40999
40951
40909
40873
40846
40809
40779
40732
40705
40647
40607
40576
40546
40487
40444
40408
40352
40284
40227
40180
40147
40116
40065
40024
39985
39940
39914
39880
39830
39798
39752
39705
39649
39607
39564
39505
39468
39439
39400
39363
39326
39291
39258
39218
39176
39139
39086
39053
38994
38942
38909
38872
38793
38755
38706
38661
38617
38568
38506
38475
38445
38415
38369
38344
38293
38251
38195
38144
38100
38065
38023
37978
37950
37906
37840
37803
37767
37742
37680
37617
37572
37537
37512
37471
37435
37394
37358
37315
37248
37205
37144
37087
37045
36985
36944
36890
36856
36817
36773
36721
36676
36641
36598
36548
36502
36471
36415
36370
36341
36277
36221
36165
36131
36079
36044
35994
35947
35888
35846
35795
35725
35693
35637
35573
35517
35456
35403
35353
35293
35253
35170
35120
35070
35018
34963
34927
34878
34834
34751
34702
34657
34617
34563
34523
34475
34438
34382
34329
34289
34248
34208
34166
34125
34066
34010
33964
33894
33849
33793
33723
33690
33650
33616
33557
33505
33443
33400
33365
33301
33272
33240
33154
33095
33059
33005
32955
32925
32878
32843
32803
32768
32684
32643
32596
32537
32492
32430
32358
32312
32271
32225
32172
32082
32031
31999
31941
31890
31831
31786
31751
31722
31666
31617
31574
31542
31467
31419
31338
31287
31228
31181
31140
31090
31020
30988
30946
30918
30848
30800
30763
30706
30622
30560
30496
30441
30391
30301
30255
30205
30159
30107
30031
29948
29892
29848
29785
29734
29662
29619
29550
29476
29414
29358
29322
29264
29213
29171
29126
29079
28982
28923
28841
28792
28734
28617
28571
28521
28483
28460
28412
28372
28293
28220
28141
28086
28026
27981
27900
27851
27807
27754
27709
27667
27594
27550
27506
27471
27397
27327
27286
27246
27202
27163
27099
27035
26994
26934
26860
26776
26722
26676
26595
26550
26506
26457
26403
26352
26299
26271
26211
26140
26085
26036
25979
25890
25827
25743
25701
25663
25608
25537
25498
25431
25394
25364
25302
25266
25231
25189
25161
25078
25008
24925
24897
24838
24795
24749
24701
24612
24562
24497
24385
24346
24294
24262
24183
24123
24070
24006
23927
23817
23776
23704
23637
23577
23533
23485
23399
23356
23315
23226
23177
23110
23058
22962
22900
22857
22775
22749
22704
22637
22573
22496
22437
22351
22319
22251
22167
22105
22071
22027
21969
21864
21820
21784
21738
21687
21569
21484
21437
21363
21301
21238
21168
21068
21030
20995
20921
20854
20820
20790
20725
20678
20636
20575
20538
20463
20317
20266
20175
20107
20056
19924
19841
19805
19684
19599
19531
19471
19406
19346
19288
19241
19185
19142
19094
19009
18963
18915
18858
18805
18733
18659
18452
18369
18326
18259
18210
18158
18098
18014
17781
17751
17677
17622
17584
17460
17410
17334
17266
17138
17074
17019
16956
16814
16758
16654
16571
16452
16332
16262
16164
16051
15986
15874
15823
15770
15711
15649
15599
15476
15424
15331
15184
15123
15069
15016
14920
14840
14740
14682
14646
14493
14336
14288
14222
14191
14132
14069
14000
13941
13921
13841
13719
13632
13527
13477
13240
13155
13097
12974
12928
12864
12799
12557
12501
12446
12392
12310
12260
12231
12184
12140
12089
11961
11924
11895
11853
11824
11739
11708
11639
11567
11519
11474
11367
11287
11175
11124
11058
10990
10947
10902
10806
10746
10669
10619
10562
10509
10421
10395
10310
10291
10214
10185
10123
9835
9754
9570
9454
9344
9308
9257
9190
8939
8911
8849
8582
8475
8353
8245
8216
8195
8104
8068
7928
7892
7849
7753
7718
7663
7643
7596
7583
7234
7145
7119
7096
7022
6915
6573
6511
6403
6310
6123
6057
6014
5991
5917
5833
5546
5536
5293
5266
5179
4876
4852
4691
4271
3684
2798
2780
2774
2754
2745
2741
2692
2496
2430
2335
2320
2281
2277
1860
1855
1854
1853
1720
1713
1705
1653
1646
1641
1640
1631
1619
1125
610
608
605
605
605
604
511
511
511
511
511
511
511
509
508
504
501
501
464
463
461
458
458
456
454
452
451
298
298
297
293
283
283
282
276
276
276
276
220
220
220
220
220
220
220
220
219
219
219
219
219
219
219
218
217
215
215
215
215
215
215
215
213
213
212
212
211
209
209
209
209
209
209
209
209
209
209
209
208
206
199
199
199
199
199
199
198
197
194
194
192
192
192
192
191
191
190
190
187
187
187
187
184
183
183
182
182
182
182
182
182
182
182
181
180
94
88
88
88
86
86
86
86
85
85
85
85
85
85
85
85
85
85
85
84
84
84
84
84
84
84
84
84
83
83
83
83
83
83
83
67
67
67
67
67
67
53
53
53
53
53
53
52
52
52
52
52
52
52
52
52
52
52
48
48
48
48
48
48
48
48
47
47
47
47
47
47
47
47
47
47
47
47
47
47
47
47
47
47
47
47
47
46
46
46
46
46
46
46
46
46
46
38
38
38
38
38
38
38
38
38
38
38
38
38
38
29
29
29
29
29
29
29
29
29
29
29
29
29
29
29
29
29
29
29
29
29
29
29
29
29
29
29
29
29
23
23
23
23
22
21
21
21
21
21
21
21
21
21
21
21
21
21
21
21
21
21
21
21
21
21
21
19
19
19
19
19
19
19
19
19
19
19
19
19
19
19
16
16
16
15
15
15
15
15
15
13
13
13
13
13
13
13
13
13
13
13
13
13
13
13
13
12
12
12
12
12
12
12
12
12
12
12
12
12
12
12
12
12
11
11
11
11
11
11
11
11
11
11
11
11
11
11
11
11
11
11
11
11
11
11
11
11
11
11
10
10
10
10
10
10
10
10
10
10
10
10
10
10
10
7
7
7
6
6
6
6
6
6
6
6
6
6
6
6
5
5
5
5
4
4
4
4
4
4
3
3
