2
2
2
3
3
3
3
3
3
3
3
3
3
3
4
4
4
4
4
4
4
4
4
4
4
4
4
4
4
5
5
5
5
5
5
5
5
5
5
5
5
5
5
5
5
5
5
5
5
5
5
5
5
5
5
5
5
5
5
5
5
5
5
5
5
5
5
5
5
5
5
5
5
5
5
5
5
5
5
5
6
6
6
6
6
6
6
6
6
6
6
6
6
6
6
6
6
6
6
6
6
7
7
7
7
7
7
7
7
7
7
7
7
7
7
7
7
7
7
7
7
7
7
7
7
7
7
7
7
7
7
7
7
7
7
7
8
8
8
8
8
8
8
8
8
8
8
8
9
9
9
9
9
9
9
9
9
9
9
9
9
9
9
9
9
9
9
9
9
9
9
9
9
9
10
10
10
10
10
10
10
10
10
10
10
10
10
10
10
10
10
10
10
10
10
10
10
11
11
11
11
11
11
11
11
11
11
11
11
11
11
11
11
11
11
11
11
11
11
11
11
11
11
12
12
12
12
12
12
12
12
12
15
15
15
15
15
15
15
15
15
15
15
15
15
15
15
15
15
15
15
15
15
15
15
15
15
15
15
15
15
15
15
16
16
16
17
17
17
17
17
17
17
18
18
18
18
18
18
18
18
18
18
18
18
18
18
18
18
18
18
19
19
19
19
19
19
21
21
21
22
22
22
22
22
22
22
22
22
22
22
25
25
25
30
30
30
30
30
30
30
32
32
32
32
32
32
32
32
32
32
32
32
32
32
32
32
32
32
32
32
32
33
33
33
33
33
33
33
33
33
33
33
33
33
33
33
33
33
33
33
33
33
33
33
33
33
33
33
33
33
33
33
33
33
33
33
33
33
33
33
33
33
33
35
35
35
35
35
35
35
35
35
35
35
35
35
35
35
41
41
41
41
41
41
41
41
41
41
41
41
41
41
41
41
41
41
46
46
46
46
46
46
56
56
56
56
56
56
56
56
56
58
58
70
70
70
70
70
70
70
70
70
70
70
70
70
70
70
70
78
78
84
84
84
84
84
84
84
84
84
84
84
84
84
84
84
84
84
84
84
84
84
85
85
85
85
85
85
86
86
86
86
86
86
86
86
86
86
86
86
86
86
86
86
86
86
86
86
88
88
88
88
88
88
88
98
98
119
119
119
119
119
120
122
130
130
143
143
144
144
144
144
145
145
145
146
146
146
146
146
146
146
147
147
196
197
197
197
197
197
197
197
198
198
199
199
199
199
199
199
203
207
207
207
207
217
218
218
219
219
219
219
219
219
219
219
222
246
247
260
260
262
263
263
263
273
274
274
274
274
321
323
323
324
324
324
329
329
330
398
398
398
398
398
398
424
508
508
516
516
516
525
526
554
561
563
563
564
565
566
566
573
573
573
573
573
594
594
604
632
632
637
638
638
639
640
1104
1104
1138
1139
1140
1147
1195
1439
1442
1489
1504
1505
1513
1513
1521
1832
1962
1965
1981
2160
2177
2181
2186
2501
2582
4843
4896
5498
5613
5639
6260
6525
7103
7205
7403
7455
7477
7516
7550
7673
7836
7904
7949
8012
8176
8234
8315
8379
8665
8727
8751
8789
8846
8944
9012
9087
9635
9714
9903
9973
10036
10149
10308
10472
10564
10728
10804
11056
11167
11226
11323
11537
11580
11649
11699
11752
11808
11960
12082
12235
12579
12668
12935
13159
13304
13642
13722
13873
14060
14178
14338
14408
14482
14560
14600
14639
14858
15055
15186
15250
15393
15502
15594
15743
15819
15875
15924
16040
16272
16457
16704
16796
16967
17185
17329
17507
17681
17937
18081
18188
18439
18542
18647
18778
18830
18999
19135
19287
19399
19518
19698
19817
19996
20056
20126
20261
20383
20470
20551
20668
20749
20841
20935
21009
21113
21269
21366
21452
21615
21793
21853
21971
22029
22111
22215
22246
22385
22486
22602
22690
22810
22950
23057
23154
23246
23345
23457
23549
23682
23731
23939
24048
24151
24208
24301
24451
24634
24758
24923
24984
25047
25130
25312
25404
25461
25516
25674
25776
25917
26000
26090
26204
26297
26377
26420
26519
26542
26652
26809
26939
27022
27177
27314
27383
27420
27543
27666
27718
27785
27869
27940
27982
28127
28231
28328
28419
28475
28520
28650
28726
28789
28844
28945
29010
29063
29111
29154
29270
29393
29469
29526
29654
29787
29857
29943
30016
30196
30263
30366
30462
30589
30668
30778
30870
30978
31062
31126
31203
31253
31313
31378
31453
31545
31625
31700
31760
31829
31903
31968
32034
32092
32145
32263
32330
32398
32478
32543
32641
32685
32725
32798
32902
32964
33040
33121
33180
33272
33310
33378
33437
33512
33612
33703
33763
33888
33951
34009
34036
34120
34164
34273
34357
34402
34464
34513
34580
34641
34702
34748
34820
34872
34911
34985
35098
35166
35230
35331
35411
35474
35532
35562
35620
35693
35757
35811
35898
35958
36021
36116
36203
36248
36315
36375
36406
36454
36505
36563
36622
36716
36780
36847
36918
36995
37078
37132
37192
37234
37316
37362
37439
37490
37550
37637
37681
37755
37836
37882
37929
37961
38006
38054
38127
38211
38259
38351
38391
38437
38464
38552
38610
38703
38783
38836
38883
38964
39013
39044
39088
39139
39207
39256
39294
39359
39403
39461
39517
39593
39648
39694
39762
39803
39855
39903
39962
40003
40037
40097
40161
40247
40316
40377
40420
40448
40506
40602
40617
40670
40715
40775
40803
40884
40944
41018
41085
41126
41177
41226
41280
41329
41399
41434
41476
41507
41553
41621
41659
41693
41731
41791
41884
41909
41941
42020
42072
42113
42150
42203
42261
42298
42326
42362
42403
42439
42496
42522
42563
42621
42662
42722
42782
42832
42892
42938
42974
43004
43045
43085
43139
43189
43226
43255
43288
43323
43354
43383
43415
43468
43527
43605
43644
43710
43745
43775
43808
43844
43885
43911
43964
43995
44091
44136
44184
44238
44283
44313
44344
44383
44412
44441
44502
44535
44557
44580
44635
44666
44702
44741
44770
44810
44864
44919
44959
45014
45044
45087
45124
45165
45185
45240
45282
45323
45365
45409
45454
45493
45533
45564
45599
45639
45665
45693
45732
45804
45836
45871
45915
45949
45986
46018
46060
46101
46133
46166
46233
46261
46299
46336
46369
46406
46454
46483
46532
46572
46614
46639
46685
46735
46766
46796
46826
46875
46942
46957
46983
47021
47050
47086
47109
47172
47214
47245
47281
47314
47341
47367
47403
47450
47483
47508
47524
47561
47607
47642
47673
47724
47750
47775
47835
47862
47884
47912
47938
47981
48011
48034
48067
48105
48130
48168
48206
48248
48273
48313
48348
48379
48407
48432
48464
48513
48530
48564
48592
48616
48640
48662
48690
48713
48746
48778
48810
48843
48867
48905
48934
48964
48998
49025
49053
49091
49120
49153
49183
49208
49252
49281
49302
49326
49346
49376
49405
49454
49495
49521
49547
49582
49615
49660
49672
49696
49735
49760
49781
49822
49868
49913
49943
49966
49987
50005
50057
50089
50123
50143
50166
50187
50200
50230
50252
50280
50297
50332
50364
50390
50413
50446
50479
50497
50515
50534
50553
50578
50593
50617
50650
50687
50710
50737
50757
50772
50797
50830
50860
50882
50902
50920
50946
50993
51025
51051
51071
51101
51134
51168
51184
51205
51238
51263
51278
51300
51313
51349
51366
51400
51429
51467
51490
51518
51564
51579
51604
51636
51651
51673
51697
51717
