51839
51821
51790
51767
51726
51696
51666
51637
51600
51557
51529
51501
51468
51441
51415
51378
51351
51320
51287
51242
51209
51181
51142
51109
51073
51056
51021
50994
50962
50933
50894
50864
50831
50803
50780
50746
50720
50695
50679
50640
50612
50577
50541
50521
50501
50481
50448
50416
50385
50356
50327
50295
50270
50242
50217
50188
50154
50130
50101
50081
50062
50004
49979
49951
49908
49874
49848
49813
49782
49748
49714
49690
49660
49627
49599
49574
49525
49485
49450
49410
49385
49346
49308
49259
49239
49209
49188
49172
49145
49114
49087
49062
49029
49002
48978
48945
48902
48869
48839
48810
48790
48759
48711
48673
48647
48618
48595
48572
48515
48484
48444
48404
48355
48319
48288
48249
48214
48181
48158
48109
48071
48042
48001
47965
47937
47909
47857
47821
47798
47755
47732
47698
47657
47640
47608
47577
47536
47513
47488
47445
47425
47367
47319
47281
47261
47222
47196
47152
47109
47074
47040
47008
46973
46943
46907
46877
46845
46816
46780
46737
46695
46668
46642
46619
46563
46527
46495
46446
46410
46374
46343
46309
46277
46251
46218
46172
46137
46104
46060
46042
46001
45959
45927
45884
45855
45810
45787
45746
45712
45682
45653
45622
45582
45554
45503
45474
45442
45404
45369
45342
45302
45256
45219
45180
45145
45111
45073
45038
44991
44954
44913
44880
44848
44813
44768
44730
44705
44673
44638
44600
44575
44543
44497
44473
44433
44376
44311
44271
44236
44201
44167
44122
44088
44043
44014
43965
43934
43879
43854
43822
43789
43757
43707
43678
43632
43594
43567
43521
43474
43433
43402
43367
43335
43309
43278
43243
43213
43173
43129
43083
43053
43017
42980
42935
42875
42841
42814
42768
42726
42669
42628
42576
42540
42509
42471
42429
42403
42352
42328
42294
42241
42213
42181
42154
42123
42084
42046
42001
41944
41898
41856
41818
41777
41736
41711
41680
41634
41567
41526
41497
41459
41420
41360
41329
41290
41251
41213
41177
41156
41113
41058
41013
40983
40941
40911
40887
40842
40800
40775
40737
40688
40665
40633
40593
40558
40506
40468
40424
40374
40332
40285
40253
40221
40186
40137
40046
40009
39960
39918
39879
39840
39805
39769
39722
39650
39607
39552
39520
39472
39430
39397
39339
39278
39245
39183
39136
39095
39047
38999
38948
38905
38866
38811
38779
38739
38683
38656
38601
38560
38515
38459
38421
38361
38300
38256
38222
38177
38129
38097
38049
38014
37965
37908
37860
37815
37771
37710
37694
37628
37589
37556
37520
37494
37432
37380
37341
37289
37249
37208
37176
37143
37094
37054
37022
36979
36939
36915
36884
36843
36791
36729
36693
36653
36625
36563
36527
36479
36441
36403
36362
36329
36280
36241
36191
36132
36065
36026
35997
35948
35915
35885
35827
35773
35722
35669
35649
35603
35561
35529
35488
35437
35374
35336
35278
35215
35160
35122
35052
34978
34929
34877
34838
34770
34716
34654
34611
34555
34507
34451
34396
34336
34298
34258
34209
34185
34125
34074
34041
33994
33932
33878
33831
33768
33724
33672
33629
33578
33528
33455
33413
33329
33285
33246
33176
33132
33066
33001
32947
32874
32826
32785
32736
32684
32635
32582
32528
32490
32435
32387
32298
32249
32202
32117
32079
32028
31965
31912
31853
31806
31772
31737
31702
31652
31616
31535
31489
31449
31384
31336
31273
31214
31172
31138
31084
31041
30964
30922
30882
30839
30791
30713
30655
30610
30511
30463
30421
30383
30278
30214
30187
30143
30090
30031
29969
29915
29853
29796
29759
29710
29629
29587
29538
29497
29448
29396
29368
29324
29243
29174
29131
29072
29005
28956
28899
28823
28789
28728
28659
28596
28544
28487
28426
28321
28273
28215
28115
28071
28025
27971
27937
27861
27796
27744
27701
27638
27569
27519
27467
27428
27342
27301
27198
27142
27090
26948
26916
26876
26830
26781
26700
26654
26622
26595
26510
26468
26418
26352
26276
26207
26132
26087
26022
25984
25919
25865
25804
25748
25721
25582
25537
25475
25346
25285
25238
25196
25121
25052
24987
24929
24878
24747
24697
24638
24601
24536
24471
24433
24372
24258
24163
24102
24033
23977
23939
23859
23812
23755
23701
23659
23541
23422
23359
23309
23277
23236
23190
23134
23052
22994
22964
22901
22810
22748
22695
22606
22549
22498
22447
22383
22344
22310
22237
22185
22122
22072
22024
21985
21931
21885
21858
21676
21520
21418
21361
21325
21240
21178
21104
21040
20955
20905
20851
20801
20716
20669
20602
20553
20516
20459
20389
20344
20268
20216
20142
20011
19973
19927
19877
19718
19606
19532
19471
19400
19328
19237
19123
19088
18982
18914
18872
18666
18613
18569
18534
18454
18400
18298
18121
18051
17980
17803
17755
17700
17596
17533
17484
17426
17356
17303
17279
17183
17148
17099
17028
16989
16938
16869
16825
16737
16572
16473
16342
16231
16128
16047
15941
15845
15759
15697
15625
15583
15542
15468
15404
15350
15158
15088
15020
14962
14888
14815
14776
14704
14619
14573
14521
14417
14367
14223
14165
14144
14041
14018
13960
13828
13754
13729
13680
13568
13529
13410
13385
13285
13178
12977
12885
12797
12699
12609
12431
12392
12301
12175
12044
11910
11854
11662
11565
11478
11429
11071
11002
10946
10860
10828
10747
10570
10468
10434
10408
10353
10229
10196
10086
9976
9885
9687
9627
9602
9516
9447
9378
9334
9099
9041
8972
8937
8818
8653
8612
8503
8371
8155
8121
7967
7802
7787
7742
7613
7591
7418
7311
7277
7257
7152
7120
7066
7006
6892
6867
6790
6731
6673
6664
6580
6436
6395
6339
6330
6121
6055
5933
5827
5643
5637
5599
5524
5509
5494
4794
4778
3776
3336
3324
3293
3288
3267
3263
3245
2728
2721
2707
2699
2659
2636
2607
2585
2437
2424
2408
2405
2366
1876
1871
1853
1361
1342
1338
1331
1330
1325
1299
1242
1238
1219
1216
1173
1172
1146
1142
1121
1121
1107
1097
1082
1082
678
677
677
674
672
378
377
375
375
341
338
335
334
334
334
334
334
334
333
332
331
326
326
326
326
324
323
289
289
288
288
288
288
239
239
236
236
236
218
218
218
218
218
218
218
216
216
216
215
214
214
214
179
179
179
165
163
163
163
163
163
163
163
163
162
162
162
162
162
162
162
161
161
159
159
159
159
159
159
158
158
158
158
140
139
135
135
135
135
135
135
135
135
123
122
122
120
120
120
120
119
119
119
118
118
115
115
115
115
113
112
112
111
111
111
111
97
97
97
97
96
84
84
84
84
84
84
84
84
84
79
79
79
79
79
79
74
73
73
73
73
72
72
72
72
72
72
72
72
72
72
72
72
72
72
72
72
72
72
72
72
72
72
72
71
71
70
70
70
70
70
70
70
69
69
69
69
69
65
65
65
63
62
62
60
59
59
59
58
58
58
57
57
57
57
57
57
57
57
57
57
57
55
55
55
55
55
55
55
54
54
54
54
54
54
54
52
52
52
52
52
52
52
52
52
52
51
51
51
51
51
51
51
48
48
48
48
48
48
48
48
48
48
48
47
47
47
45
42
42
42
42
40
40
40
39
39
39
39
39
39
39
39
39
39
39
39
39
39
37
37
37
37
37
37
37
37
37
31
30
30
30
30
30
28
28
28
28
28
28
28
28
24
23
23
23
23
23
23
23
23
23
23
23
23
23
16
16
16
16
16
16
16
16
16
16
16
16
16
16
16
16
16
16
16
16
16
16
16
16
16
16
16
16
14
14
14
11
11
11
11
10
10
10
10
10
10
10
10
10
10
10
10
8
8
8
8
8
8
7
7
7
7
7
7
7
7
7
7
7
7
7
7
7
7
7
7
7
7
7
7
7
7
7
7
7
7
7
6
5
5
5
5
4
4
4
4
4
4
4
4
4
4
3
3
2
