51832
51801
51781
51759
51744
51725
51696
51663
51639
51614
51564
51540
51513
51480
51439
51416
51391
51375
51347
51327
51292
51248
51216
51184
51154
51123
51097
51057
51035
50995
50970
50941
50909
50868
50838
50817
50792
50762
50735
50710
50689
50652
50610
50581
50561
50534
50513
50484
50455
50423
50389
50367
50346
50315
50281
50238
50206
50173
50148
50116
50070
50051
50026
50001
49972
49941
49923
49887
49857
49833
49808
49773
49730
49701
49656
49634
49607
49573
49548
49511
49478
49445
49418
49372
49347
49311
49279
49258
49227
49187
49151
49113
49078
49055
49023
48972
48936
48914
48888
48851
48826
48805
48775
48736
48707
48672
48647
48614
48590
48566
48537
48497
48461
48439
48412
48379
48346
48304
48267
48219
48190
48154
48111
48069
48027
47997
47950
47921
47898
47863
47827
47799
47774
47754
47711
47680
47645
47613
47583
47559
47528
47495
47462
47425
47391
47370
47344
47313
47280
47232
47207
47169
47137
47103
47076
47045
47019
46966
46934
46903
46871
46838
46801
46769
46731
46695
46656
46618
46581
46547
46526
46507
46484
46439
46409
46367
46334
46289
46273
46244
46203
46164
46122
46090
46065
46029
45997
45957
45916
45888
45850
45810
45761
45723
45688
45645
45618
45582
45538
45496
45467
45434
45386
45342
45287
45255
45211
45185
45156
45130
45091
45051
45014
44965
44940
44910
44881
44844
44811
44780
44732
44693
44636
44608
44572
44526
44495
44452
44418
44378
44346
44314
44263
44225
44191
44162
44133
44091
44034
43990
43944
43904
43869
43843
43791
43754
43714
43661
43633
43589
43551
43512
43473
43440
43401
43371
43334
43291
43235
43186
43155
43132
43109
43077
43047
42997
42952
42913
42875
42831
42782
42746
42693
42654
42615
42588
42542
42521
42479
42449
42415
42360
42299
42271
42213
42174
42141
42099
42055
42022
41989
41955
41912
41869
41824
41796
41755
41719
41683
41643
41601
41567
41514
41470
41421
41370
41331
41282
41236
41200
41146
41112
41070
41029
40992
40943
40907
40849
40800
40751
40691
40661
40614
40557
40518
40476
40422
40385
40345
40315
40279
40238
40216
40179
40152
40107
40069
40045
39991
39955
39922
39882
39833
39792
39741
39702
39634
39607
39558
39537
39500
39462
39390
39330
39285
39221
39178
39129
39090
39050
38988
38946
38911
38876
38833
38773
38705
38648
38600
38568
38531
38480
38435
38395
38344
38298
38261
38218
38174
38117
38088
38045
37987
37942
37883
37844
37801
37769
37725
37677
37625
37590
37554
37490
37458
37412
37354
37315
37275
37228
37188
37134
37077
37022
36962
36934
36897
36860
36820
36792
36773
36724
36661
36625
36590
36533
36496
36440
36394
36341
36313
36273
36229
36192
36127
36093
36052
35983
35928
35883
35825
35779
35723
35694
35649
35604
35554
35527
35470
35448
35404
35352
35294
35233
35191
35144
35094
35064
34990
34951
34869
34832
34774
34727
34699
34639
34595
34541
34501
34444
34381
34312
34291
34195
34151
34101
34039
33982
33916
33842
33804
33757
33720
33684
33629
33575
33525
33463
33402
33368
33300
33248
33185
33149
33102
33071
32995
32929
32887
32839
32749
32681
32580
32534
32489
32449
32400
32343
32282
32252
32219
32175
32145
32075
32030
31960
31911
31835
31781
31753
31700
31628
31594
31528
31474
31409
31356
31288
31246
31186
31147
31108
31066
31032
30984
30936
30857
30805
30765
30719
30666
30603
30558
30520
30467
30429
30361
30306
30266
30221
30193
30149
30112
30054
30011
29936
29892
29837
29786
29748
29652
29601
29546
29478
29426
29384
29339
29278
29227
29152
29080
28984
28919
28875
28843
28795
28720
28679
28628
28569
28462
28423
28388
28331
28258
28225
28194
28133
28082
28038
27907
27848
27777
27717
27666
27629
27528
27487
27426
27370
27290
27218
27162
27086
27041
26995
26944
26886
26809
26762
26721
26655
26607
26515
26426
26342
26302
26212
26169
26114
26063
25972
25897
25840
25767
25734
25685
25636
25572
25518
25462
25423
25390
25329
25275
25223
25144
25106
25049
24992
24892
24813
24744
24646
24594
24533
24481
24394
24342
24296
24239
24152
24100
24066
23986
23939
23883
23810
23677
23569
23510
23414
23351
23274
23187
23127
23097
23049
22972
22894
22775
22725
22636
22590
22531
22467
22364
22294
22205
22166
22109
22047
21929
21864
21739
21664
21595
21545
21500
21449
21424
21379
21329
21229
21173
21124
21051
21009
20920
20871
20811
20780
20701
20669
20547
20490
20439
20397
20328
20273
20226
20182
20115
20091
19990
19920
19857
19814
19760
19721
19639
19601
19523
19471
19395
19309
19257
19210
19155
19099
19022
18976
18878
18852
18742
18606
18444
18375
18307
18260
18125
18071
18023
17973
17891
17865
17822
17768
17716
17664
17621
17567
17462
17367
17288
17229
17161
17007
16928
16793
16729
16641
16528
16463
16394
16323
16244
16179
16135
16081
16038
15938
15868
15761
15729
15689
15646
15625
15481
15334
15294
15183
15153
15029
14922
14855
14794
14723
14635
14460
14389
14346
14211
14131
14019
13944
13886
13783
13745
13731
13501
13460
13422
13333
13275
13248
13218
13195
13048
13009
12978
12930
12826
12614
12388
12298
12251
11958
11900
11813
11761
11712
11445
11408
11295
11252
11183
11031
10834
10730
10679
10536
10509
10484
10436
10353
10015
9941
9849
9752
9662
9621
9523
9472
9420
9361
9162
9119
9068
9052
9012
8972
8898
8742
8696
8634
8541
8492
8472
8460
8397
8368
8353
7992
7970
7936
7899
7720
7695
7646
7628
7557
7504
7290
6937
6904
6897
6889
6649
6607
6494
6448
6299
6278
6246
6154
6138
6053
5909
5899
5642
5631
5110
5088
5057
4649
4626
4461
4400
3078
2903
2839
2822
2806
2798
2726
2573
1991
1980
1969
1934
1766
1729
1726
1714
1658
1639
1637
1618
1531
1530
1504
1498
1495
1474
1436
1435
1428
1416
912
909
907
896
895
890
890
523
522
521
521
519
518
518
518
518
518
516
483
483
476
440
439
439
439
421
368
368
367
367
367
367
367
367
365
365
356
355
355
354
354
347
337
332
332
332
332
332
332
332
332
331
331
331
331
331
330
330
330
330
329
329
326
326
326
326
326
325
325
324
318
317
315
166
166
166
166
166
166
166
165
165
165
164
164
164
163
158
158
158
157
157
156
156
155
154
154
148
147
146
146
144
143
143
143
142
142
141
141
135
135
135
134
134
134
134
134
133
133
131
131
115
114
114
114
113
113
106
106
106
104
103
103
103
103
103
103
98
98
97
97
96
96
92
92
92
92
92
92
91
91
91
91
91
91
91
91
91
91
91
91
91
91
91
91
88
88
80
80
80
80
80
80
80
80
80
79
79
79
79
79
79
79
79
79
79
78
77
76
76
76
76
76
74
74
74
74
74
73
72
72
72
72
71
71
71
70
70
70
70
70
70
70
70
69
69
69
59
58
58
58
58
55
55
54
54
54
54
53
53
53
53
53
53
53
52
52
52
50
50
49
49
49
49
49
49
49
49
49
49
49
49
48
48
48
48
48
48
48
48
48
48
48
48
48
47
46
46
46
46
46
46
46
46
46
45
45
45
45
45
45
44
43
43
43
43
43
43
43
42
42
42
42
42
42
42
42
29
29
19
19
19
19
19
19
19
19
19
19
19
19
19
19
19
19
19
19
19
19
19
19
19
19
19
18
18
18
18
18
18
18
18
18
18
18
18
18
16
16
16
16
16
16
16
16
16
16
16
15
15
15
15
15
15
15
15
14
11
11
11
11
11
11
11
11
11
10
10
10
10
10
9
9
9
9
9
9
9
7
7
7
7
7
7
7
7
7
7
7
7
6
6
6
6
6
5
5
5
5
5
5
5
5
5
5
5
4
4
4
4
3
3
2
